
[Simulation Info]
simulation_id = sim_0004337
timestamp     = 20250428_090618
seed          = 295843
output_folder = /home/lejeunet/Bureau/simulations/Ref_table/sim_0004337

[Model Parameters]
pop_size           = 1191
num_loci           = 20
sample1_generation = 30
sample2_generation = 10
low_repeats        = 1
high_repeats       = 200
mutation_rate      = 0.001
recap_Ne           = 1191

[Sampling Design]
sample1_size_Ne  = 50
sample2_size_Ne  = 50
sample1_size_CMR = 50
sample2_size_CMR = 50

[Capture-Marquage-Recapture]
census_N   =  867
MatchCount =  3

[Ne Estimates - One Sample - Decreasing critical values [0.050, 0.020, 0.010, 0+]]

[Linkage Desequilibrium]
LD_Ne_Pop1 = [325.0, 287.6, 264.4, 264.4]
LD_r2_Pop1 = [0.022295, 0.022427, 0.022527, 0.022527]
LD_Ne_Pop2 = [None, None, None, None]
LD_r2_Pop2 = [0.021203, 0.020744, 0.020946, 0.020946]

[Heterozygote excess]
HE_Neb_mean_Pop1        = [22.4, 23.3, 24.3, 24.3]
HE_weighted_D_mean_Pop1 = [0.02281, 0.02197, 0.02102, 0.02102]
HE_Neb_mean_Pop2        = [119.3, 84.0, 84.8, 84.8]
HE_weighted_D_mean_Pop2 = [0.00421, 0.00599, 0.00593, 0.00593]

[Molecular Coancestry]
Coan_Neb_n_Pop1 = None
Coan_f1_Pop1    = -0.00072
Coan_Neb_n_Pop2 = 165.4
Coan_f1_Pop2    = 0.00302

[Ne Estimates - Temporal - Decreasing critical values (0.050, 0.020, 0.010, 0+)]

[Pollak]
P_Ne     = [3549.9, 1707.6, 1978.5, 1978.5]
P_Fk     = [0.02141, 0.02293, 0.02253, 0.02253]
P_Fprime = [0.00141, 0.00293, 0.00253, 0.00253]

[Nei/Tajima]
N_Ne     = [3919.8, 1922.9, 2211.0, 2211.0]
N_Fc     = [0.02128, 0.0226, 0.02226, 0.02226]
N_Fprime = [0.00128, 0.0026, 0.00226, 0.00226]

[Jorde/Ryman]
J_Ne     = [1810.3, 1463.7, 1464.6, 1464.6]
J_Fs     = [0.02286, 0.02352, 0.02352, 0.02352]
J_Fprime = [0.00276, 0.00342, 0.00341, 0.00341]

[Genetic Diversity - Heterozygosity]
mean_exp_het_pop1 = 0.762
mean_obs_het_pop1 = 0.7829
mean_exp_het_pop2 = 0.7646
mean_obs_het_pop2 = 0.7752

[Genetic Diversity - Allele Counts]
mean_alleles_pop1 = 6.9
var_alleles_pop1  = 2.69
sum_alleles_pop1  = 145
mean_alleles_pop2 = 7.12
var_alleles_pop2  = 2.84
sum_alleles_pop2  = 299

[Genetic Diversity - Allelic Size Variance]
var_allele_size_pop1 = 3.9288
var_allele_size_pop2 = 4.1299

[Per-locus summary - Population 1]
Locus | Num_Alleles | Alleles                                           | Frequencies                                                                              | Variance | Obs_Het | Exp_Het
------+-------------+---------------------------------------------------+------------------------------------------------------------------------------------------+----------+---------+--------
1     | 6           | [99, 100, 101, 102, 103, 104]                     | [0.0600, 0.2600, 0.2000, 0.2900, 0.1300, 0.0600]                                         | 1.7275   | 0.8600  | 0.7921 
2     | 8           | [96, 97, 98, 99, 101, 102, 103, 104]              | [0.2400, 0.3000, 0.0200, 0.0600, 0.0900, 0.2300, 0.0500, 0.0100]                         | 6.8116   | 0.7400  | 0.7927 
3     | 7           | [99, 100, 101, 102, 103, 104, 106]                | [0.3700, 0.0300, 0.0600, 0.1300, 0.3000, 0.0900, 0.0200]                                 | 4.0411   | 0.8200  | 0.7507 
4     | 6           | [97, 98, 99, 100, 101, 102]                       | [0.0600, 0.0500, 0.1900, 0.3100, 0.3600, 0.0300]                                         | 1.4075   | 0.7400  | 0.7386 
5     | 7           | [94, 95, 96, 97, 99, 100, 101]                    | [0.1500, 0.3000, 0.1100, 0.1100, 0.0900, 0.1900, 0.0500]                                 | 5.4859   | 0.8200  | 0.8248 
6     | 7           | [96, 97, 98, 99, 100, 101, 102]                   | [0.1500, 0.2400, 0.1200, 0.0900, 0.1300, 0.1500, 0.1200]                                 | 4.1724   | 0.9400  | 0.8521 
7     | 7           | [99, 100, 101, 102, 103, 104, 105]                | [0.1200, 0.0500, 0.2200, 0.1300, 0.2600, 0.1700, 0.0500]                                 | 2.8851   | 0.7800  | 0.8271 
8     | 11          | [94, 95, 96, 97, 98, 99, 100, 101, 102, 103, 104] | [0.1100, 0.1300, 0.3400, 0.0200, 0.0200, 0.1100, 0.0900, 0.0800, 0.0500, 0.0200, 0.0300] | 7.6096   | 0.9000  | 0.8325 
9     | 5           | [97, 98, 99, 100, 101]                            | [0.0100, 0.0700, 0.4600, 0.1900, 0.2700]                                                 | 0.9704   | 0.6800  | 0.6812 
10    | 9           | [96, 97, 98, 99, 100, 101, 102, 103, 104]         | [0.1300, 0.3500, 0.0500, 0.0900, 0.0100, 0.0100, 0.2100, 0.1000, 0.0500]                 | 7.3811   | 0.8400  | 0.8012 
11    | 8           | [99, 100, 101, 102, 103, 104, 105, 106]           | [0.1200, 0.1900, 0.2300, 0.0700, 0.2600, 0.0800, 0.0300, 0.0200]                         | 3.0956   | 0.8600  | 0.8246 
12    | 7           | [92, 93, 94, 95, 96, 97, 98]                      | [0.0500, 0.0200, 0.2800, 0.4200, 0.1500, 0.0600, 0.0200]                                 | 1.3604   | 0.7400  | 0.7230 
13    | 7           | [96, 97, 98, 99, 100, 101, 102]                   | [0.0100, 0.0600, 0.4000, 0.1200, 0.2100, 0.1400, 0.0600]                                 | 2.0256   | 0.8200  | 0.7622 
14    | 5           | [98, 99, 100, 101, 102]                           | [0.0500, 0.4500, 0.3500, 0.1100, 0.0400]                                                 | 0.7904   | 0.7200  | 0.6654 
15    | 8           | [93, 94, 95, 96, 98, 100, 101, 102]               | [0.0200, 0.0900, 0.2100, 0.1400, 0.0800, 0.1800, 0.1800, 0.1000]                         | 8.3251   | 0.8200  | 0.8551 
16    | 8           | [96, 97, 98, 99, 105, 106, 107, 108]              | [0.0700, 0.1200, 0.3700, 0.0100, 0.3500, 0.0100, 0.0100, 0.0600]                         | 16.1891  | 0.6200  | 0.7247 
17    | 6           | [95, 96, 97, 98, 99, 100]                         | [0.0400, 0.1700, 0.3700, 0.0300, 0.2200, 0.1700]                                         | 2.2371   | 0.7600  | 0.7620 
18    | 4           | [100, 101, 102, 103]                              | [0.0300, 0.3000, 0.5200, 0.1500]                                                         | 0.5259   | 0.6200  | 0.6224 
19    | 8           | [97, 98, 99, 100, 101, 102, 103, 104]             | [0.0300, 0.0100, 0.2200, 0.0600, 0.3000, 0.2300, 0.1300, 0.0200]                         | 2.4300   | 0.9600  | 0.7947 
20    | 7           | [94, 95, 96, 97, 98, 99, 100]                     | [0.0900, 0.1800, 0.0100, 0.2200, 0.4300, 0.0400, 0.0300]                                 | 2.3984   | 0.7800  | 0.7309 
21    | 4           | [98, 99, 100, 101]                                | [0.1900, 0.5200, 0.2300, 0.0600]                                                         | 0.6344   | 0.6200  | 0.6434 

[Per-locus summary - Population 2]
Locus | Num_Alleles | Alleles                                           | Frequencies                                                                              | Variance | Obs_Het | Exp_Het
------+-------------+---------------------------------------------------+------------------------------------------------------------------------------------------+----------+---------+--------
1     | 6           | [99, 100, 101, 102, 103, 104]                     | [0.0800, 0.2600, 0.2300, 0.3700, 0.0500, 0.0100]                                         | 1.2336   | 0.6400  | 0.7410 
2     | 8           | [96, 97, 98, 99, 101, 102, 103, 104]              | [0.1600, 0.2300, 0.0200, 0.0400, 0.0900, 0.3800, 0.0700, 0.0100]                         | 7.0539   | 0.8200  | 0.7697 
3     | 8           | [98, 99, 100, 101, 102, 103, 104, 106]            | [0.0500, 0.2700, 0.0200, 0.0400, 0.1800, 0.3500, 0.0800, 0.0100]                         | 3.8884   | 0.6800  | 0.7689 
4     | 6           | [97, 98, 99, 100, 101, 102]                       | [0.0800, 0.0700, 0.2200, 0.2200, 0.3700, 0.0400]                                         | 1.7275   | 0.6600  | 0.7610 
5     | 8           | [94, 95, 96, 97, 98, 99, 100, 101]                | [0.1100, 0.2800, 0.1100, 0.1500, 0.0200, 0.0600, 0.1700, 0.1000]                         | 5.6075   | 0.8000  | 0.8404 
6     | 8           | [95, 96, 97, 98, 99, 100, 101, 102]               | [0.0200, 0.1600, 0.3100, 0.1600, 0.0700, 0.0800, 0.1300, 0.0700]                         | 3.7659   | 0.7600  | 0.8275 
7     | 7           | [99, 100, 101, 102, 103, 104, 105]                | [0.1100, 0.0700, 0.2200, 0.1700, 0.1700, 0.2100, 0.0500]                                 | 2.9475   | 0.9200  | 0.8386 
8     | 11          | [94, 95, 96, 97, 98, 99, 100, 101, 102, 103, 104] | [0.1300, 0.1000, 0.3400, 0.0400, 0.0200, 0.0600, 0.0300, 0.1800, 0.0700, 0.0200, 0.0100] | 7.9664   | 0.9000  | 0.8214 
9     | 5           | [97, 99, 100, 101, 103]                           | [0.0500, 0.4800, 0.1800, 0.2800, 0.0100]                                                 | 1.1976   | 0.7200  | 0.6628 
10    | 9           | [96, 97, 98, 99, 100, 101, 102, 103, 104]         | [0.1800, 0.2600, 0.1300, 0.0800, 0.0100, 0.0300, 0.1500, 0.1000, 0.0600]                 | 7.3691   | 0.8200  | 0.8481 
11    | 8           | [99, 100, 101, 102, 103, 104, 105, 106]           | [0.1000, 0.1200, 0.1500, 0.0600, 0.3900, 0.1300, 0.0100, 0.0400]                         | 3.1475   | 0.9000  | 0.7867 
12    | 6           | [92, 93, 94, 95, 96, 97]                          | [0.0600, 0.0400, 0.2400, 0.4600, 0.0900, 0.1100]                                         | 1.4339   | 0.7400  | 0.7125 
13    | 6           | [97, 98, 99, 100, 101, 102]                       | [0.0900, 0.3900, 0.1200, 0.2200, 0.1300, 0.0500]                                         | 1.9364   | 0.7800  | 0.7652 
14    | 5           | [98, 99, 100, 101, 102]                           | [0.0300, 0.4700, 0.3700, 0.0900, 0.0400]                                                 | 0.7104   | 0.6600  | 0.6380 
15    | 9           | [93, 94, 95, 96, 97, 98, 100, 101, 102]           | [0.0600, 0.0800, 0.2600, 0.1100, 0.0100, 0.1200, 0.1100, 0.1900, 0.0600]                 | 8.3200   | 0.9000  | 0.8525 
16    | 8           | [96, 97, 98, 99, 105, 106, 107, 108]              | [0.2000, 0.1000, 0.3500, 0.0100, 0.1700, 0.0200, 0.0200, 0.1300]                         | 19.6644  | 0.8200  | 0.7887 
17    | 7           | [95, 96, 97, 98, 99, 100, 101]                    | [0.0100, 0.1000, 0.2700, 0.0300, 0.2100, 0.3500, 0.0300]                                 | 2.3900   | 0.8200  | 0.7562 
18    | 4           | [100, 101, 102, 103]                              | [0.0100, 0.3800, 0.4800, 0.1300]                                                         | 0.4771   | 0.5400  | 0.6143 
19    | 8           | [97, 98, 99, 100, 101, 102, 103, 104]             | [0.0100, 0.0200, 0.2800, 0.1000, 0.3200, 0.2100, 0.0500, 0.0100]                         | 1.8836   | 0.8400  | 0.7697 
20    | 7           | [94, 95, 96, 97, 98, 99, 100]                     | [0.1600, 0.1200, 0.0300, 0.2100, 0.3600, 0.0500, 0.0700]                                 | 3.1336   | 0.7600  | 0.7859 
21    | 4           | [98, 99, 100, 101]                                | [0.2500, 0.4200, 0.2200, 0.1100]                                                         | 0.8739   | 0.8000  | 0.7077 
