
[Simulation Info]
simulation_id = sim_0005024
timestamp     = 20250428_092215
seed          = 224408
output_folder = /home/lejeunet/Bureau/simulations/Ref_table/sim_0005024

[Model Parameters]
pop_size           = 1458
num_loci           = 20
sample1_generation = 30
sample2_generation = 10
low_repeats        = 1
high_repeats       = 200
mutation_rate      = 0.001
recap_Ne           = 1458

[Sampling Design]
sample1_size_Ne  = 50
sample2_size_Ne  = 50
sample1_size_CMR = 50
sample2_size_CMR = 50

[Capture-Marquage-Recapture]
census_N   =  867
MatchCount =  3

[Ne Estimates - One Sample - Decreasing critical values [0.050, 0.020, 0.010, 0+]]

[Linkage Desequilibrium]
LD_Ne_Pop1 = [734.3, 1225.5, 576.6, 576.6]
LD_r2_Pop1 = [0.021729, 0.021548, 0.021852, 0.021852]
LD_Ne_Pop2 = [597.6, 384.3, 538.8, 538.8]
LD_r2_Pop2 = [0.021832, 0.022139, 0.021892, 0.021892]

[Heterozygote excess]
HE_Neb_mean_Pop1        = [None, 403.3, 496.4, 496.4]
HE_weighted_D_mean_Pop1 = [-0.00094, 0.00124, 0.00101, 0.00101]
HE_Neb_mean_Pop2        = [None, None, None, None]
HE_weighted_D_mean_Pop2 = [-0.00973, -0.00972, -0.00972, -0.00972]

[Molecular Coancestry]
Coan_Neb_n_Pop1 = 413.6
Coan_f1_Pop1    = 0.00121
Coan_Neb_n_Pop2 = None
Coan_f1_Pop2    = -0.00284

[Ne Estimates - Temporal - Decreasing critical values (0.050, 0.020, 0.010, 0+)]

[Pollak]
P_Ne     = [2278.6, 2755.7, 3103.7, 2490.2]
P_Fk     = [0.02219, 0.02181, 0.02161, 0.02201]
P_Fprime = [0.00219, 0.00181, 0.00161, 0.00201]

[Nei/Tajima]
N_Ne     = [2250.6, 2765.8, 3080.1, 2540.8]
N_Fc     = [0.02222, 0.02181, 0.02162, 0.02197]
N_Fprime = [0.00222, 0.00181, 0.00162, 0.00197]

[Jorde/Ryman]
J_Ne     = [1305.2, 1464.3, 1439.2, 1423.6]
J_Fs     = [0.02393, 0.02352, 0.02358, 0.02362]
J_Fprime = [0.00383, 0.00341, 0.00347, 0.00351]

[Genetic Diversity - Heterozygosity]
mean_exp_het_pop1 = 0.756
mean_obs_het_pop1 = 0.759
mean_exp_het_pop2 = 0.7423
mean_obs_het_pop2 = 0.7324

[Genetic Diversity - Allele Counts]
mean_alleles_pop1 = 7.14
var_alleles_pop1  = 1.53
sum_alleles_pop1  = 150
mean_alleles_pop2 = 7.36
var_alleles_pop2  = 1.99
sum_alleles_pop2  = 309

[Genetic Diversity - Allelic Size Variance]
var_allele_size_pop1 = 3.4429
var_allele_size_pop2 = 3.4688

[Per-locus summary - Population 1]
Locus | Num_Alleles | Alleles                                     | Frequencies                                                              | Variance | Obs_Het | Exp_Het
------+-------------+---------------------------------------------+--------------------------------------------------------------------------+----------+---------+--------
1     | 6           | [98, 99, 100, 101, 102, 103]                | [0.2400, 0.1100, 0.3300, 0.2500, 0.0600, 0.0100]                         | 1.6139   | 0.7600  | 0.7628 
2     | 6           | [96, 97, 98, 99, 100, 101]                  | [0.1600, 0.1800, 0.2700, 0.2900, 0.0800, 0.0200]                         | 1.6099   | 0.7600  | 0.7861 
3     | 9           | [98, 99, 100, 101, 102, 103, 104, 105, 106] | [0.1600, 0.2800, 0.2300, 0.1000, 0.0300, 0.0900, 0.0900, 0.0100, 0.0100] | 3.9100   | 0.7400  | 0.8240 
4     | 9           | [94, 95, 96, 97, 98, 99, 102, 103, 104]     | [0.0700, 0.2100, 0.2300, 0.0500, 0.1800, 0.0200, 0.2000, 0.0200, 0.0200] | 8.2756   | 0.9000  | 0.8303 
5     | 6           | [96, 99, 100, 101, 102, 103]                | [0.0600, 0.0400, 0.2300, 0.3400, 0.2900, 0.0400]                         | 2.2824   | 0.7600  | 0.7481 
6     | 5           | [97, 98, 99, 100, 101]                      | [0.0900, 0.2700, 0.2300, 0.3200, 0.0900]                                 | 1.3075   | 0.7800  | 0.7632 
7     | 6           | [97, 98, 99, 100, 101, 102]                 | [0.0600, 0.4800, 0.2600, 0.0800, 0.0900, 0.0300]                         | 1.3675   | 0.7200  | 0.6899 
8     | 7           | [98, 99, 100, 101, 102, 103, 104]           | [0.0300, 0.2400, 0.1500, 0.2800, 0.1700, 0.1200, 0.0100]                 | 2.0416   | 0.7800  | 0.8053 
9     | 7           | [98, 99, 100, 101, 102, 103, 104]           | [0.1000, 0.0700, 0.2000, 0.3200, 0.2900, 0.0100, 0.0100]                 | 1.7100   | 0.8200  | 0.7661 
10    | 9           | [96, 97, 98, 99, 100, 101, 102, 103, 104]   | [0.0300, 0.3800, 0.0900, 0.0900, 0.0600, 0.0100, 0.0700, 0.1500, 0.1200] | 7.7075   | 0.7400  | 0.8010 
11    | 7           | [96, 97, 98, 99, 100, 101, 102]             | [0.4100, 0.1500, 0.0500, 0.0100, 0.0600, 0.1700, 0.1500]                 | 5.8971   | 0.7000  | 0.7594 
12    | 6           | [98, 99, 100, 101, 102, 103]                | [0.1400, 0.4000, 0.1800, 0.1800, 0.0700, 0.0300]                         | 1.6171   | 0.7600  | 0.7574 
13    | 5           | [100, 101, 102, 103, 104]                   | [0.1900, 0.3200, 0.1600, 0.2100, 0.1200]                                 | 1.7075   | 0.8600  | 0.7853 
14    | 8           | [91, 92, 93, 94, 96, 97, 99, 100]           | [0.0100, 0.0900, 0.3700, 0.0600, 0.0300, 0.0600, 0.3200, 0.0600]         | 9.0156   | 0.7800  | 0.7483 
15    | 7           | [95, 96, 97, 98, 99, 100, 101]              | [0.0400, 0.0700, 0.1300, 0.6000, 0.1200, 0.0300, 0.0100]                 | 1.0676   | 0.6200  | 0.6073 
16    | 8           | [95, 96, 97, 98, 99, 101, 102, 103]         | [0.0300, 0.1300, 0.0200, 0.0600, 0.0800, 0.0900, 0.5500, 0.0400]         | 5.8356   | 0.6800  | 0.6663 
17    | 8           | [98, 99, 100, 101, 102, 103, 104, 105]      | [0.0300, 0.0900, 0.0500, 0.3400, 0.1700, 0.0700, 0.2400, 0.0100]         | 2.8875   | 0.8600  | 0.7893 
18    | 8           | [94, 95, 96, 97, 98, 99, 100, 101]          | [0.0600, 0.0100, 0.2500, 0.0600, 0.3600, 0.1400, 0.0900, 0.0300]         | 2.7036   | 0.7400  | 0.7798 
19    | 7           | [93, 94, 95, 96, 97, 98, 99]                | [0.0800, 0.0800, 0.0700, 0.2000, 0.3400, 0.1900, 0.0400]                 | 2.4331   | 0.8000  | 0.7970 
20    | 8           | [95, 96, 97, 100, 101, 102, 103, 105]       | [0.0400, 0.0800, 0.0100, 0.2900, 0.0500, 0.4600, 0.0400, 0.0300]         | 4.8939   | 0.6400  | 0.6982 
21    | 8           | [93, 94, 95, 97, 98, 99, 100, 101]          | [0.0100, 0.0900, 0.0300, 0.4400, 0.1400, 0.2700, 0.0100, 0.0100]         | 2.4156   | 0.7400  | 0.7117 

[Per-locus summary - Population 2]
Locus | Num_Alleles | Alleles                                         | Frequencies                                                                      | Variance | Obs_Het | Exp_Het
------+-------------+-------------------------------------------------+----------------------------------------------------------------------------------+----------+---------+--------
1     | 7           | [97, 98, 99, 100, 101, 102, 103]                | [0.0200, 0.2300, 0.0800, 0.2400, 0.3800, 0.0400, 0.0100]                         | 1.7979   | 0.6600  | 0.7440 
2     | 6           | [96, 97, 98, 99, 100, 101]                      | [0.1200, 0.1100, 0.2600, 0.3200, 0.1700, 0.0200]                                 | 1.6331   | 0.7000  | 0.7820 
3     | 10          | [96, 98, 99, 100, 101, 102, 103, 104, 105, 106] | [0.0100, 0.1600, 0.2200, 0.2000, 0.0800, 0.0300, 0.2100, 0.0600, 0.0200, 0.0100] | 4.5819   | 0.8800  | 0.8388 
4     | 9           | [94, 95, 96, 97, 98, 99, 102, 103, 104]         | [0.0600, 0.2600, 0.2500, 0.1000, 0.1300, 0.0100, 0.1500, 0.0100, 0.0300]         | 7.5316   | 0.7800  | 0.8240 
5     | 6           | [96, 99, 100, 101, 102, 103]                    | [0.0800, 0.0600, 0.1200, 0.3000, 0.4000, 0.0400]                                 | 2.8944   | 0.7600  | 0.7313 
6     | 5           | [97, 98, 99, 100, 101]                          | [0.0500, 0.2900, 0.3300, 0.2100, 0.1200]                                         | 1.1764   | 0.7600  | 0.7535 
7     | 6           | [97, 98, 99, 100, 101, 102]                     | [0.0800, 0.3900, 0.1900, 0.0800, 0.1000, 0.1600]                                 | 2.5859   | 0.7800  | 0.7711 
8     | 7           | [98, 99, 100, 101, 102, 103, 104]               | [0.0500, 0.2200, 0.1700, 0.2800, 0.1500, 0.1200, 0.0100]                         | 2.1044   | 0.8600  | 0.8129 
9     | 6           | [98, 99, 100, 101, 102, 103]                    | [0.0900, 0.0900, 0.2900, 0.1900, 0.3200, 0.0200]                                 | 1.7156   | 0.7200  | 0.7685 
10    | 8           | [96, 97, 98, 99, 100, 102, 103, 104]            | [0.0500, 0.4800, 0.1000, 0.0500, 0.0400, 0.0700, 0.1200, 0.0900]                 | 7.3091   | 0.7600  | 0.7329 
11    | 7           | [95, 96, 97, 98, 100, 101, 102]                 | [0.0100, 0.4000, 0.1300, 0.0300, 0.0400, 0.2100, 0.1800]                         | 6.5291   | 0.7200  | 0.7515 
12    | 6           | [98, 99, 100, 101, 102, 103]                    | [0.0900, 0.4500, 0.1000, 0.2000, 0.1200, 0.0400]                                 | 1.8451   | 0.7000  | 0.7307 
13    | 6           | [99, 100, 101, 102, 103, 104]                   | [0.0100, 0.2200, 0.3800, 0.1800, 0.1600, 0.0500]                                 | 1.3619   | 0.7800  | 0.7541 
14    | 9           | [91, 92, 93, 94, 97, 98, 99, 100, 101]          | [0.0100, 0.1100, 0.3400, 0.0600, 0.0700, 0.0400, 0.3200, 0.0400, 0.0100]         | 9.2139   | 0.7600  | 0.7657 
15    | 5           | [96, 97, 98, 99, 100]                           | [0.0400, 0.0900, 0.7400, 0.0600, 0.0700]                                         | 0.5891   | 0.3600  | 0.4386 
16    | 8           | [96, 97, 98, 99, 100, 101, 102, 103]            | [0.1700, 0.0300, 0.0600, 0.0500, 0.0100, 0.1100, 0.5300, 0.0400]                 | 5.7475   | 0.6600  | 0.6762 
17    | 8           | [98, 99, 100, 101, 102, 103, 104, 105]          | [0.0700, 0.1500, 0.0600, 0.2400, 0.2500, 0.0400, 0.1700, 0.0200]                 | 3.4275   | 0.8000  | 0.8263 
18    | 8           | [94, 96, 97, 98, 99, 100, 101, 102]             | [0.0200, 0.3700, 0.0400, 0.4200, 0.0900, 0.0100, 0.0400, 0.0100]                 | 2.1419   | 0.8000  | 0.6816 
19    | 7           | [93, 95, 96, 97, 98, 99, 100]                   | [0.0100, 0.1200, 0.1400, 0.3900, 0.2900, 0.0400, 0.0100]                         | 1.3196   | 0.6800  | 0.7353 
20    | 7           | [95, 96, 100, 101, 102, 103, 105]               | [0.0400, 0.0900, 0.2500, 0.1100, 0.4400, 0.0400, 0.0300]                         | 4.9300   | 0.7400  | 0.7269 
21    | 8           | [92, 94, 95, 97, 98, 99, 100, 101]              | [0.0100, 0.0700, 0.0400, 0.3900, 0.2200, 0.2400, 0.0100, 0.0200]                 | 2.4091   | 0.7200  | 0.7422 
