
[Simulation Info]
simulation_id = sim_0012204
timestamp     = 20250429_094534
seed          = 659665
output_folder = /home/lejeunet/Bureau/simulations/Ref_table/sim_0012204

[Model Parameters]
pop_size           = 9274
num_loci           = 20
sample1_generation = 30
sample2_generation = 10
low_repeats        = 1
high_repeats       = 200
mutation_rate      = 0.001
recap_Ne           = 9274

[Sampling Design]
sample1_size_Ne  = 50
sample2_size_Ne  = 50
sample1_size_CMR = 50
sample2_size_CMR = 50

[Capture-Marquage-Recapture]
census_N   =  2601
MatchCount =  1

[Ne Estimates - One Sample - Decreasing critical values [0.050, 0.020, 0.010, 0+]]

[Linkage Desequilibrium]
LD_Ne_Pop1 = [None, None, None, None]
LD_r2_Pop1 = [0.021083, 0.021223, 0.020968, 0.020968]
LD_Ne_Pop2 = [None, None, 1875.0, 1875.0]
LD_r2_Pop2 = [0.020951, 0.021225, 0.021454, 0.021454]

[Heterozygote excess]
HE_Neb_mean_Pop1        = [None, None, None, None]
HE_weighted_D_mean_Pop1 = [-0.00837, -0.00151, -0.00137, -0.00137]
HE_Neb_mean_Pop2        = [None, None, None, None]
HE_weighted_D_mean_Pop2 = [-0.01954, -0.01219, -0.01189, -0.01189]

[Molecular Coancestry]
Coan_Neb_n_Pop1 = 392.9
Coan_f1_Pop1    = 0.00127
Coan_Neb_n_Pop2 = None
Coan_f1_Pop2    = -0.00039

[Ne Estimates - Temporal - Decreasing critical values (0.050, 0.020, 0.010, 0+)]

[Pollak]
P_Ne     = [1575.2, 2860.1, 2012.0, 2782.3]
P_Fk     = [0.02317, 0.02175, 0.02249, 0.0218]
P_Fprime = [0.00317, 0.00175, 0.00249, 0.0018]

[Nei/Tajima]
N_Ne     = [1881.8, 3394.0, 2301.9, 3234.5]
N_Fc     = [0.02266, 0.02147, 0.02217, 0.02155]
N_Fprime = [0.00266, 0.00147, 0.00217, 0.00155]

[Jorde/Ryman]
J_Ne     = [3194.0, 2598.1, 2377.4, 2521.2]
J_Fs     = [0.02167, 0.02203, 0.0222, 0.02208]
J_Fprime = [0.00157, 0.00192, 0.0021, 0.00198]

[Genetic Diversity - Heterozygosity]
mean_exp_het_pop1 = 0.897
mean_obs_het_pop1 = 0.8905
mean_exp_het_pop2 = 0.8956
mean_obs_het_pop2 = 0.879

[Genetic Diversity - Allele Counts]
mean_alleles_pop1 = 15.52
var_alleles_pop1  = 14.46
sum_alleles_pop1  = 326
mean_alleles_pop2 = 16.43
var_alleles_pop2  = 15.37
sum_alleles_pop2  = 690

[Genetic Diversity - Allelic Size Variance]
var_allele_size_pop1 = 61.815
var_allele_size_pop2 = 61.2772

[Per-locus summary - Population 1]
Locus | Num_Alleles | Alleles                                                                                                | Frequencies                                                                                                                                                                              | Variance | Obs_Het | Exp_Het
------+-------------+--------------------------------------------------------------------------------------------------------+------------------------------------------------------------------------------------------------------------------------------------------------------------------------------------------+----------+---------+--------
1     | 18          | [84, 85, 86, 109, 110, 111, 112, 115, 116, 117, 118, 119, 120, 121, 122, 123, 124, 125]                | [0.0500, 0.1000, 0.0400, 0.0100, 0.0200, 0.0100, 0.0400, 0.0300, 0.1200, 0.1200, 0.0400, 0.1400, 0.0300, 0.0400, 0.0900, 0.0400, 0.0700, 0.0100]                                         | 183.5736 | 0.9000  | 0.9248 
2     | 17          | [96, 97, 103, 104, 105, 106, 108, 109, 110, 111, 112, 113, 114, 115, 116, 120, 121]                    | [0.0200, 0.0300, 0.0100, 0.0100, 0.0400, 0.0800, 0.0600, 0.0100, 0.1500, 0.1600, 0.0400, 0.1500, 0.1000, 0.0500, 0.0100, 0.0700, 0.0100]                                                 | 24.8824  | 0.8800  | 0.9061 
3     | 12          | [98, 99, 100, 101, 102, 103, 104, 105, 106, 107, 112, 113]                                             | [0.1000, 0.0500, 0.0200, 0.1500, 0.0800, 0.1500, 0.1600, 0.0700, 0.1100, 0.0100, 0.0900, 0.0100]                                                                                         | 13.8464  | 0.9400  | 0.8937 
4     | 12          | [92, 93, 94, 95, 96, 97, 98, 99, 100, 101, 102, 103]                                                   | [0.0100, 0.0200, 0.0400, 0.1900, 0.1400, 0.0800, 0.0500, 0.1300, 0.1900, 0.0500, 0.0600, 0.0400]                                                                                         | 7.1275   | 0.9200  | 0.8814 
5     | 13          | [83, 85, 86, 87, 88, 105, 106, 107, 108, 109, 110, 111, 112]                                           | [0.0100, 0.0800, 0.0400, 0.0300, 0.0100, 0.0200, 0.1600, 0.0800, 0.0300, 0.0400, 0.2100, 0.2200, 0.0700]                                                                                 | 81.8604  | 0.8400  | 0.8673 
6     | 23          | [78, 79, 80, 81, 82, 83, 84, 85, 86, 87, 88, 89, 90, 103, 104, 106, 107, 108, 109, 111, 112, 113, 114] | [0.0600, 0.1200, 0.0200, 0.1100, 0.0200, 0.0600, 0.0200, 0.0100, 0.0300, 0.0400, 0.1200, 0.0100, 0.0100, 0.0100, 0.0100, 0.0200, 0.0100, 0.1100, 0.0500, 0.0200, 0.0500, 0.0300, 0.0600] | 181.1531 | 0.9600  | 0.9345 
7     | 20          | [80, 81, 82, 84, 85, 86, 87, 88, 89, 91, 92, 93, 94, 95, 105, 106, 107, 108, 109, 110]                 | [0.0300, 0.0900, 0.0200, 0.0300, 0.1300, 0.1400, 0.0500, 0.0900, 0.0500, 0.0200, 0.0400, 0.0100, 0.0300, 0.0100, 0.0900, 0.0500, 0.0400, 0.0500, 0.0100, 0.0200]                         | 89.9236  | 0.8800  | 0.9311 
8     | 20          | [92, 93, 94, 96, 97, 98, 99, 100, 102, 104, 105, 106, 107, 108, 109, 111, 112, 114, 115, 116]          | [0.0100, 0.0400, 0.0500, 0.0400, 0.0200, 0.0300, 0.0100, 0.0100, 0.0400, 0.0100, 0.1300, 0.1400, 0.1800, 0.1100, 0.0200, 0.0100, 0.0500, 0.0600, 0.0300, 0.0100]                         | 34.5004  | 0.9200  | 0.9115 
9     | 18          | [99, 100, 101, 102, 103, 104, 105, 106, 107, 108, 109, 110, 111, 112, 113, 114, 115, 116]              | [0.0100, 0.0500, 0.0500, 0.0500, 0.0300, 0.0300, 0.0700, 0.1200, 0.0800, 0.1600, 0.0300, 0.0400, 0.0500, 0.1000, 0.0600, 0.0200, 0.0200, 0.0300]                                         | 17.8096  | 0.9400  | 0.9283 
10    | 13          | [94, 95, 96, 97, 106, 107, 108, 109, 110, 111, 112, 113, 115]                                          | [0.1100, 0.0600, 0.0600, 0.0200, 0.0300, 0.1100, 0.2000, 0.1000, 0.1000, 0.0500, 0.1100, 0.0400, 0.0100]                                                                                 | 42.0371  | 0.8600  | 0.9000 
11    | 14          | [91, 92, 93, 94, 95, 96, 97, 100, 102, 114, 115, 116, 117, 118]                                        | [0.0100, 0.0600, 0.2200, 0.2100, 0.1500, 0.0300, 0.0100, 0.0200, 0.0100, 0.0100, 0.0600, 0.0800, 0.0800, 0.0500]                                                                         | 102.5011 | 0.7800  | 0.8695 
12    | 20          | [79, 80, 81, 82, 83, 85, 86, 96, 97, 99, 101, 102, 103, 104, 105, 106, 107, 108, 109, 111]             | [0.0100, 0.0200, 0.0500, 0.0100, 0.0200, 0.0100, 0.0400, 0.0500, 0.0200, 0.0100, 0.0300, 0.1100, 0.2200, 0.0900, 0.1000, 0.0300, 0.0600, 0.1000, 0.0100, 0.0100]                         | 69.2939  | 0.8800  | 0.9067 
13    | 15          | [79, 80, 81, 82, 83, 84, 113, 114, 115, 116, 117, 118, 119, 120, 121]                                  | [0.0200, 0.0300, 0.0400, 0.0700, 0.1000, 0.0400, 0.0300, 0.0600, 0.1600, 0.1200, 0.2100, 0.0400, 0.0100, 0.0400, 0.0300]                                                                 | 250.1536 | 0.9200  | 0.8968 
14    | 8           | [87, 88, 89, 90, 91, 106, 107, 108]                                                                    | [0.1200, 0.1300, 0.2100, 0.2600, 0.0700, 0.0300, 0.1400, 0.0400]                                                                                                                         | 55.0276  | 0.7800  | 0.8384 
15    | 15          | [93, 94, 95, 96, 97, 99, 105, 106, 107, 108, 109, 110, 111, 112, 113]                                  | [0.0500, 0.1100, 0.0100, 0.0200, 0.0100, 0.0200, 0.0100, 0.0700, 0.0200, 0.0400, 0.1500, 0.3100, 0.1600, 0.0100, 0.0100]                                                                 | 40.6000  | 0.8400  | 0.8414 
16    | 11          | [90, 91, 92, 93, 94, 95, 96, 97, 98, 99, 100]                                                          | [0.0300, 0.1100, 0.0600, 0.0900, 0.1000, 0.1700, 0.1200, 0.1600, 0.1300, 0.0100, 0.0200]                                                                                                 | 6.0936   | 0.9200  | 0.8879 
17    | 20          | [74, 75, 76, 81, 82, 83, 84, 85, 86, 87, 88, 89, 92, 95, 96, 97, 98, 99, 100, 101]                     | [0.0100, 0.0100, 0.0100, 0.0100, 0.0200, 0.0400, 0.1300, 0.1900, 0.1900, 0.0200, 0.0800, 0.0500, 0.0200, 0.0100, 0.0200, 0.0500, 0.0400, 0.0600, 0.0300, 0.0100]                         | 35.3219  | 0.9400  | 0.8986 
18    | 13          | [97, 98, 99, 100, 101, 102, 103, 104, 105, 106, 107, 108, 109]                                         | [0.0100, 0.1000, 0.0900, 0.1400, 0.0700, 0.1000, 0.1800, 0.1100, 0.0700, 0.0800, 0.0200, 0.0100, 0.0200]                                                                                 | 7.6344   | 0.9200  | 0.8996 
19    | 15          | [80, 81, 82, 88, 92, 93, 94, 95, 96, 97, 98, 99, 100, 101, 102]                                        | [0.0300, 0.0300, 0.0100, 0.0100, 0.0200, 0.0700, 0.1200, 0.0100, 0.0800, 0.1300, 0.0800, 0.0400, 0.0800, 0.2000, 0.0900]                                                                 | 28.4636  | 0.8800  | 0.9014 
20    | 17          | [80, 81, 82, 83, 84, 85, 86, 87, 88, 89, 90, 91, 92, 94, 95, 96, 97]                                   | [0.0100, 0.0300, 0.0100, 0.0200, 0.1000, 0.0700, 0.0500, 0.1000, 0.0300, 0.0700, 0.0600, 0.1300, 0.1000, 0.0200, 0.1400, 0.0200, 0.0400]                                                 | 18.8844  | 0.8800  | 0.9220 
21    | 12          | [107, 108, 109, 110, 111, 112, 113, 114, 115, 116, 117, 118]                                           | [0.0400, 0.0300, 0.0700, 0.0500, 0.1400, 0.0800, 0.1200, 0.2100, 0.0800, 0.0900, 0.0600, 0.0300]                                                                                         | 7.4275   | 0.9200  | 0.8956 

[Per-locus summary - Population 2]
Locus | Num_Alleles | Alleles                                                                                                   | Frequencies                                                                                                                                                                      | Variance | Obs_Het | Exp_Het
------+-------------+-----------------------------------------------------------------------------------------------------------+----------------------------------------------------------------------------------------------------------------------------------------------------------------------------------+----------+---------+--------
1     | 22          | [82, 84, 85, 86, 87, 107, 108, 109, 111, 112, 115, 116, 117, 118, 119, 120, 121, 122, 123, 124, 125, 126] | [0.0100, 0.0600, 0.0700, 0.0200, 0.0300, 0.0100, 0.0200, 0.0200, 0.0100, 0.0400, 0.0200, 0.0400, 0.0700, 0.0200, 0.1200, 0.0400, 0.1100, 0.0200, 0.0900, 0.1300, 0.0300, 0.0200] | 200.4936 | 0.9400  | 0.9347 
2     | 15          | [96, 98, 104, 105, 106, 107, 108, 109, 110, 111, 112, 113, 114, 115, 120]                                 | [0.0100, 0.0200, 0.0100, 0.0200, 0.0400, 0.0300, 0.1200, 0.0600, 0.1600, 0.1500, 0.0700, 0.0700, 0.1200, 0.1000, 0.0200]                                                         | 14.2819  | 0.8600  | 0.9049 
3     | 13          | [98, 99, 100, 101, 102, 103, 104, 105, 106, 110, 111, 112, 114]                                           | [0.0600, 0.0700, 0.0700, 0.2300, 0.1500, 0.0700, 0.1000, 0.0400, 0.1300, 0.0100, 0.0100, 0.0400, 0.0200]                                                                         | 12.5300  | 0.8000  | 0.8844 
4     | 12          | [92, 93, 94, 95, 96, 97, 98, 99, 100, 101, 102, 103]                                                      | [0.0400, 0.0300, 0.0300, 0.2100, 0.2300, 0.0200, 0.0900, 0.0300, 0.2200, 0.0200, 0.0400, 0.0400]                                                                                 | 7.6971   | 0.9200  | 0.8467 
5     | 17          | [82, 83, 84, 85, 86, 87, 88, 105, 106, 107, 108, 109, 110, 111, 112, 113, 115]                            | [0.0100, 0.0100, 0.0500, 0.1600, 0.0100, 0.0400, 0.0100, 0.0200, 0.1200, 0.0400, 0.0300, 0.0900, 0.1000, 0.1500, 0.1400, 0.0100, 0.0100]                                         | 127.4251 | 0.8800  | 0.9012 
6     | 22          | [78, 79, 80, 81, 82, 83, 84, 85, 87, 88, 89, 90, 103, 104, 106, 107, 108, 109, 110, 112, 113, 114]        | [0.0200, 0.1200, 0.0400, 0.1100, 0.0900, 0.0600, 0.0400, 0.0200, 0.0600, 0.0700, 0.0400, 0.0100, 0.0100, 0.0100, 0.0200, 0.0100, 0.1200, 0.0300, 0.0200, 0.0300, 0.0200, 0.0500] | 163.0636 | 0.9200  | 0.9368 
7     | 18          | [80, 81, 82, 83, 84, 85, 86, 87, 88, 89, 92, 93, 105, 106, 107, 108, 110, 111]                            | [0.1000, 0.0500, 0.0500, 0.0400, 0.0500, 0.1200, 0.2200, 0.0500, 0.0800, 0.0200, 0.0300, 0.0100, 0.0200, 0.0600, 0.0200, 0.0300, 0.0300, 0.0200]                                 | 83.7299  | 0.8400  | 0.9103 
8     | 18          | [93, 94, 96, 98, 99, 101, 102, 104, 105, 106, 107, 108, 109, 111, 112, 114, 115, 116]                     | [0.0100, 0.0600, 0.0600, 0.0700, 0.0400, 0.0100, 0.0600, 0.0100, 0.1100, 0.0500, 0.2400, 0.0600, 0.0600, 0.0200, 0.0300, 0.0700, 0.0300, 0.0100]                                 | 33.7184  | 0.9200  | 0.9049 
9     | 18          | [98, 99, 100, 101, 102, 103, 104, 105, 106, 107, 108, 109, 110, 111, 112, 113, 114, 115]                  | [0.0100, 0.0100, 0.0700, 0.1100, 0.0500, 0.0100, 0.0300, 0.0600, 0.0400, 0.1100, 0.1700, 0.1100, 0.0300, 0.0700, 0.0400, 0.0200, 0.0200, 0.0400]                                 | 17.9576  | 0.9000  | 0.9204 
10    | 15          | [94, 95, 96, 99, 106, 107, 108, 109, 110, 111, 112, 113, 114, 115, 117]                                   | [0.1000, 0.1000, 0.0200, 0.0100, 0.0400, 0.1300, 0.1500, 0.1800, 0.0600, 0.0600, 0.0800, 0.0100, 0.0300, 0.0200, 0.0100]                                                         | 41.9196  | 0.9000  | 0.9000 
11    | 13          | [92, 93, 94, 95, 96, 101, 102, 113, 114, 115, 116, 117, 118]                                              | [0.0300, 0.1400, 0.2700, 0.1700, 0.0700, 0.0100, 0.0300, 0.0100, 0.0200, 0.0700, 0.0200, 0.0800, 0.0800]                                                                         | 99.0576  | 0.8800  | 0.8618 
12    | 19          | [80, 81, 82, 83, 84, 85, 86, 96, 97, 99, 101, 102, 103, 104, 105, 106, 107, 108, 110]                     | [0.0500, 0.0700, 0.0200, 0.0600, 0.0100, 0.0300, 0.0300, 0.0400, 0.0200, 0.0100, 0.0100, 0.1000, 0.2000, 0.1000, 0.0500, 0.0600, 0.0500, 0.0800, 0.0100]                         | 96.6564  | 0.8800  | 0.9186 
13    | 16          | [80, 81, 82, 83, 84, 85, 86, 113, 114, 115, 116, 117, 118, 119, 120, 121]                                 | [0.0400, 0.0200, 0.0500, 0.0300, 0.0200, 0.0100, 0.0100, 0.0200, 0.1200, 0.1100, 0.1700, 0.2400, 0.0900, 0.0200, 0.0300, 0.0200]                                                 | 174.9059 | 0.8600  | 0.8796 
14    | 10          | [87, 88, 89, 90, 91, 93, 107, 108, 109, 111]                                                              | [0.1400, 0.2300, 0.1200, 0.2000, 0.0700, 0.0100, 0.1300, 0.0800, 0.0100, 0.0100]                                                                                                 | 64.0475  | 0.8800  | 0.8531 
15    | 9           | [93, 94, 95, 106, 107, 108, 109, 110, 111]                                                                | [0.0700, 0.1400, 0.0200, 0.0300, 0.0900, 0.0500, 0.1800, 0.3300, 0.0900]                                                                                                         | 43.7539  | 0.7800  | 0.8224 
16    | 12          | [88, 90, 91, 92, 93, 94, 95, 96, 97, 98, 99, 100]                                                         | [0.0100, 0.0400, 0.1300, 0.1200, 0.1000, 0.1600, 0.1500, 0.1400, 0.0600, 0.0600, 0.0200, 0.0100]                                                                                 | 5.8164   | 0.8600  | 0.8905 
17    | 20          | [74, 75, 76, 81, 82, 83, 84, 85, 86, 87, 88, 89, 90, 91, 95, 96, 97, 98, 99, 100]                         | [0.0100, 0.0100, 0.0200, 0.0100, 0.0200, 0.0500, 0.1100, 0.1800, 0.1600, 0.0300, 0.0900, 0.0200, 0.0300, 0.0100, 0.0100, 0.0100, 0.0700, 0.0600, 0.0800, 0.0200]                 | 38.5211  | 0.9600  | 0.9095 
18    | 12          | [97, 98, 99, 100, 101, 102, 103, 104, 105, 106, 107, 108]                                                 | [0.0100, 0.1000, 0.1700, 0.1300, 0.0700, 0.0500, 0.1400, 0.1000, 0.1000, 0.0900, 0.0100, 0.0300]                                                                                 | 8.1764   | 0.9000  | 0.8970 
19    | 16          | [81, 82, 88, 89, 92, 93, 94, 95, 96, 97, 98, 99, 100, 101, 102, 104]                                      | [0.0200, 0.0100, 0.0400, 0.0200, 0.0100, 0.1300, 0.1600, 0.0100, 0.0900, 0.1000, 0.0700, 0.0500, 0.0600, 0.1500, 0.0700, 0.0100]                                                 | 20.6316  | 0.9000  | 0.9073 
20    | 18          | [80, 81, 82, 83, 84, 85, 86, 87, 88, 89, 90, 91, 92, 94, 95, 96, 97, 98]                                  | [0.0600, 0.0200, 0.0500, 0.0200, 0.1100, 0.0400, 0.0700, 0.0800, 0.0300, 0.0600, 0.0400, 0.0900, 0.0700, 0.0600, 0.1500, 0.0200, 0.0200, 0.0100]                                 | 24.6124  | 0.8400  | 0.9313 
21    | 12          | [107, 108, 109, 110, 111, 112, 113, 114, 115, 116, 117, 118]                                              | [0.0500, 0.0300, 0.0700, 0.0700, 0.1400, 0.0500, 0.1700, 0.1800, 0.0300, 0.1200, 0.0700, 0.0200]                                                                                 | 7.8259   | 0.8400  | 0.8917 
