
[Simulation Info]
simulation_id = sim_0009007
timestamp     = 20250428_110801
seed          = 707271
output_folder = /home/lejeunet/Bureau/simulations/Ref_table/sim_0009007

[Model Parameters]
pop_size           = 2424
num_loci           = 20
sample1_generation = 30
sample2_generation = 10
low_repeats        = 1
high_repeats       = 200
mutation_rate      = 0.001
recap_Ne           = 2424

[Sampling Design]
sample1_size_Ne  = 50
sample2_size_Ne  = 50
sample1_size_CMR = 50
sample2_size_CMR = 50

[Capture-Marquage-Recapture]
census_N   =  2601
MatchCount =  1

[Ne Estimates - One Sample - Decreasing critical values [0.050, 0.020, 0.010, 0+]]

[Linkage Desequilibrium]
LD_Ne_Pop1 = [983.3, 1327.4, 4964.0, 4964.0]
LD_r2_Pop1 = [0.021614, 0.021527, 0.021343, 0.021343]
LD_Ne_Pop2 = [605.5, 825.7, 541.7, 541.7]
LD_r2_Pop2 = [0.021825, 0.021679, 0.021889, 0.021889]

[Heterozygote excess]
HE_Neb_mean_Pop1        = [52.7, 64.7, 70.3, 70.3]
HE_weighted_D_mean_Pop1 = [0.00958, 0.00779, 0.00716, 0.00716]
HE_Neb_mean_Pop2        = [20.3, 24.7, 24.9, 24.9]
HE_weighted_D_mean_Pop2 = [0.02523, 0.02069, 0.02052, 0.02052]

[Molecular Coancestry]
Coan_Neb_n_Pop1 = None
Coan_f1_Pop1    = -0.0092
Coan_Neb_n_Pop2 = None
Coan_f1_Pop2    = -0.00738

[Ne Estimates - Temporal - Decreasing critical values (0.050, 0.020, 0.010, 0+)]

[Pollak]
P_Ne     = [7978.3, 8342.0, 7440.9, 4590.9]
P_Fk     = [0.02063, 0.0206, 0.02067, 0.02109]
P_Fprime = [0.00063, 0.0006, 0.00067, 0.00109]

[Nei/Tajima]
N_Ne     = [31542.3, 27885.6, 20157.3, 8085.4]
N_Fc     = [0.02016, 0.02018, 0.02025, 0.02062]
N_Fprime = [0.00016, 0.00018, 0.00025, 0.00062]

[Jorde/Ryman]
J_Ne     = [-39490.5, -59159.4, -66762.0, -133984.2]
J_Fs     = [0.01997, 0.02002, 0.02003, 0.02006]
J_Fprime = [-0.00013, -8e-05, -7e-05, -4e-05]

[Genetic Diversity - Heterozygosity]
mean_exp_het_pop1 = 0.7627
mean_obs_het_pop1 = 0.7629
mean_exp_het_pop2 = 0.7583
mean_obs_het_pop2 = 0.7876

[Genetic Diversity - Allele Counts]
mean_alleles_pop1 = 7.14
var_alleles_pop1  = 1.23
sum_alleles_pop1  = 150
mean_alleles_pop2 = 7.38
var_alleles_pop2  = 1.31
sum_alleles_pop2  = 310

[Genetic Diversity - Allelic Size Variance]
var_allele_size_pop1 = 3.0149
var_allele_size_pop2 = 2.7927

[Per-locus summary - Population 1]
Locus | Num_Alleles | Alleles                                         | Frequencies                                                                      | Variance | Obs_Het | Exp_Het
------+-------------+-------------------------------------------------+----------------------------------------------------------------------------------+----------+---------+--------
1     | 7           | [94, 95, 96, 97, 98, 99, 104]                   | [0.0100, 0.1300, 0.2900, 0.3400, 0.0900, 0.1200, 0.0200]                         | 2.4379   | 0.7600  | 0.7681 
2     | 10          | [97, 98, 99, 100, 101, 102, 103, 104, 105, 106] | [0.0100, 0.0900, 0.0700, 0.0600, 0.1200, 0.0700, 0.1600, 0.3700, 0.0100, 0.0400] | 4.9971   | 0.9000  | 0.8079 
3     | 6           | [98, 99, 100, 101, 102, 105]                    | [0.0400, 0.1500, 0.5700, 0.1700, 0.0500, 0.0200]                                 | 1.1604   | 0.6600  | 0.6254 
4     | 7           | [96, 97, 98, 99, 100, 101, 105]                 | [0.0100, 0.1800, 0.2300, 0.2400, 0.1500, 0.1800, 0.0100]                         | 2.2675   | 0.7800  | 0.8101 
5     | 6           | [100, 101, 102, 103, 104, 105]                  | [0.0800, 0.2400, 0.4200, 0.1200, 0.1000, 0.0400]                                 | 1.4384   | 0.7400  | 0.7410 
6     | 6           | [99, 100, 101, 102, 103, 104]                   | [0.1100, 0.2400, 0.1700, 0.3400, 0.1000, 0.0400]                                 | 1.7400   | 0.8000  | 0.7820 
7     | 7           | [95, 96, 97, 98, 99, 100, 101]                  | [0.0200, 0.1900, 0.1300, 0.1600, 0.4300, 0.0200, 0.0500]                         | 2.0275   | 0.7800  | 0.7406 
8     | 7           | [95, 96, 97, 98, 99, 101, 102]                  | [0.1100, 0.1500, 0.2500, 0.1900, 0.2100, 0.0700, 0.0200]                         | 2.8556   | 0.7800  | 0.8257 
9     | 8           | [98, 99, 100, 101, 102, 103, 104, 105]          | [0.0900, 0.0500, 0.0300, 0.1500, 0.2200, 0.3500, 0.0600, 0.0500]                 | 3.1900   | 0.7800  | 0.7970 
10    | 7           | [98, 101, 102, 103, 104, 105, 106]              | [0.1400, 0.0400, 0.4000, 0.2700, 0.0900, 0.0500, 0.0100]                         | 3.5184   | 0.7200  | 0.7426 
11    | 9           | [95, 100, 101, 102, 103, 104, 105, 106, 107]    | [0.0100, 0.0800, 0.0600, 0.0300, 0.1100, 0.1400, 0.3200, 0.2000, 0.0500]         | 4.4179   | 0.8800  | 0.8206 
12    | 7           | [98, 99, 100, 101, 102, 103, 104]               | [0.0200, 0.2400, 0.4200, 0.0900, 0.2100, 0.0100, 0.0100]                         | 1.4100   | 0.7400  | 0.7204 
13    | 7           | [101, 102, 103, 104, 105, 106, 107]             | [0.0100, 0.0500, 0.5400, 0.2200, 0.0600, 0.0900, 0.0300]                         | 1.4044   | 0.6600  | 0.6513 
14    | 6           | [102, 103, 104, 105, 106, 107]                  | [0.0600, 0.0600, 0.3600, 0.3700, 0.0800, 0.0700]                                 | 1.3064   | 0.7800  | 0.7222 
15    | 9           | [99, 100, 101, 102, 103, 104, 105, 106, 107]    | [0.0100, 0.0500, 0.0700, 0.1100, 0.1400, 0.2900, 0.1600, 0.1500, 0.0200]         | 3.1100   | 0.7400  | 0.8366 
16    | 6           | [94, 99, 100, 101, 102, 103]                    | [0.0100, 0.1900, 0.2100, 0.3200, 0.2600, 0.0100]                                 | 1.6156   | 0.6600  | 0.7572 
17    | 8           | [92, 94, 95, 98, 99, 100, 101, 105]             | [0.0400, 0.2200, 0.0600, 0.2500, 0.2600, 0.1000, 0.0300, 0.0400]                 | 8.1691   | 0.8400  | 0.8119 
18    | 7           | [93, 94, 95, 96, 97, 98, 99]                    | [0.0600, 0.1900, 0.1100, 0.2500, 0.3000, 0.0200, 0.0700]                         | 2.4056   | 0.8400  | 0.7984 
19    | 6           | [91, 92, 93, 94, 95, 107]                       | [0.1100, 0.1500, 0.4700, 0.1700, 0.0600, 0.0400]                                 | 8.6096   | 0.6600  | 0.7176 
20    | 7           | [98, 99, 100, 101, 102, 103, 106]               | [0.1700, 0.2000, 0.2000, 0.0500, 0.1700, 0.2000, 0.0100]                         | 3.5099   | 0.8400  | 0.8279 
21    | 7           | [100, 101, 102, 103, 104, 105, 106]             | [0.1500, 0.4000, 0.3300, 0.0400, 0.0300, 0.0100, 0.0400]                         | 1.7219   | 0.6800  | 0.7115 

[Per-locus summary - Population 2]
Locus | Num_Alleles | Alleles                                     | Frequencies                                                              | Variance | Obs_Het | Exp_Het
------+-------------+---------------------------------------------+--------------------------------------------------------------------------+----------+---------+--------
1     | 6           | [94, 95, 96, 97, 98, 99]                    | [0.0300, 0.0900, 0.1900, 0.4800, 0.0800, 0.1300]                         | 1.4056   | 0.8000  | 0.7083 
2     | 9           | [98, 99, 100, 101, 102, 103, 104, 105, 106] | [0.0800, 0.0600, 0.0700, 0.0500, 0.1500, 0.1100, 0.4100, 0.0300, 0.0400] | 4.5699   | 0.7800  | 0.7853 
3     | 6           | [98, 99, 100, 101, 102, 105]                | [0.0200, 0.1500, 0.4900, 0.2700, 0.0600, 0.0100]                         | 0.9275   | 0.6400  | 0.6671 
4     | 7           | [96, 97, 98, 99, 100, 101, 105]             | [0.0200, 0.2400, 0.2000, 0.2700, 0.1900, 0.0600, 0.0200]                 | 2.3939   | 0.8000  | 0.7970 
5     | 6           | [100, 101, 102, 103, 104, 105]              | [0.1200, 0.2300, 0.3500, 0.0600, 0.2300, 0.0100]                         | 1.7736   | 0.8000  | 0.7612 
6     | 7           | [98, 99, 100, 101, 102, 103, 104]           | [0.0100, 0.1000, 0.1500, 0.1800, 0.3800, 0.0800, 0.1000]                 | 2.0284   | 0.8200  | 0.7820 
7     | 6           | [96, 97, 98, 99, 100, 101]                  | [0.2600, 0.1400, 0.1100, 0.4200, 0.0100, 0.0600]                         | 2.1784   | 0.7800  | 0.7279 
8     | 7           | [95, 96, 97, 98, 99, 101, 102]              | [0.0700, 0.1500, 0.2100, 0.1700, 0.2300, 0.1200, 0.0500]                 | 3.5451   | 0.8800  | 0.8382 
9     | 8           | [98, 99, 100, 101, 102, 103, 104, 105]      | [0.0700, 0.1000, 0.0300, 0.1000, 0.1800, 0.3200, 0.1200, 0.0800]         | 3.7564   | 0.7800  | 0.8269 
10    | 7           | [98, 99, 101, 102, 103, 104, 105]           | [0.1100, 0.0200, 0.0700, 0.4600, 0.2100, 0.0800, 0.0500]                 | 2.9875   | 0.7200  | 0.7252 
11    | 8           | [99, 100, 101, 103, 104, 105, 106, 107]     | [0.0100, 0.0400, 0.0800, 0.1400, 0.0800, 0.3600, 0.2100, 0.0800]         | 3.4851   | 0.7800  | 0.7937 
12    | 7           | [97, 98, 99, 100, 101, 102, 103]            | [0.0100, 0.0600, 0.2900, 0.4600, 0.0300, 0.1200, 0.0300]                 | 1.3936   | 0.7600  | 0.6913 
13    | 6           | [101, 102, 103, 104, 105, 106]              | [0.0100, 0.0100, 0.5500, 0.3300, 0.0600, 0.0400]                         | 0.6884   | 0.6200  | 0.5891 
14    | 7           | [101, 102, 103, 104, 105, 106, 107]         | [0.0100, 0.1400, 0.1000, 0.2100, 0.3200, 0.1200, 0.1000]                 | 2.2475   | 0.8200  | 0.8075 
15    | 8           | [100, 101, 102, 103, 104, 105, 106, 107]    | [0.0200, 0.0400, 0.0900, 0.1600, 0.2500, 0.2100, 0.1900, 0.0400]         | 2.5011   | 0.8400  | 0.8283 
16    | 6           | [94, 99, 100, 101, 102, 103]                | [0.0100, 0.2500, 0.1400, 0.3200, 0.2600, 0.0200]                         | 1.8019   | 0.9000  | 0.7550 
17    | 9           | [92, 94, 95, 97, 98, 99, 100, 101, 105]     | [0.0300, 0.2600, 0.0500, 0.0100, 0.2900, 0.2200, 0.0700, 0.0500, 0.0200] | 7.0971   | 0.7800  | 0.7966 
18    | 8           | [93, 94, 95, 96, 97, 98, 99, 101]           | [0.0700, 0.1800, 0.1400, 0.2400, 0.3000, 0.0100, 0.0300, 0.0300]         | 2.8275   | 0.8400  | 0.8016 
19    | 6           | [91, 92, 93, 94, 95, 107]                   | [0.0700, 0.1800, 0.4600, 0.2000, 0.0700, 0.0200]                         | 4.7700   | 0.8000  | 0.7129 
20    | 8           | [97, 98, 99, 100, 101, 102, 103, 104]       | [0.0100, 0.2900, 0.2700, 0.1300, 0.0200, 0.0700, 0.1700, 0.0400]         | 3.9875   | 0.8600  | 0.7982 
21    | 8           | [98, 100, 101, 102, 103, 104, 105, 106]     | [0.0100, 0.1300, 0.3800, 0.3300, 0.0400, 0.0300, 0.0200, 0.0600]         | 2.2816   | 0.7400  | 0.7305 
