
[Simulation Info]
simulation_id = sim_0011845
timestamp     = 20250429_092349
seed          = 450580
output_folder = /home/lejeunet/Bureau/simulations/Ref_table/sim_0011845

[Model Parameters]
pop_size           = 3488
num_loci           = 20
sample1_generation = 30
sample2_generation = 10
low_repeats        = 1
high_repeats       = 200
mutation_rate      = 0.001
recap_Ne           = 3488

[Sampling Design]
sample1_size_Ne  = 50
sample2_size_Ne  = 50
sample1_size_CMR = 50
sample2_size_CMR = 50

[Capture-Marquage-Recapture]
census_N   =  0
MatchCount =  0
# There were no match between sampling of individuals during CMR.

[Ne Estimates - One Sample - Decreasing critical values [0.050, 0.020, 0.010, 0+]]

[Linkage Desequilibrium]
LD_Ne_Pop1 = [None, None, None, None]
LD_r2_Pop1 = [0.020879, 0.021094, 0.020873, 0.020873]
LD_Ne_Pop2 = [2101.1, 2430.3, 10428.7, 10428.7]
LD_r2_Pop2 = [0.021434, 0.021413, 0.021308, 0.021308]

[Heterozygote excess]
HE_Neb_mean_Pop1        = [None, 878.7, 1038.7, 1038.7]
HE_weighted_D_mean_Pop1 = [-0.00229, 0.00057, 0.00048, 0.00048]
HE_Neb_mean_Pop2        = [38.6, 33.5, 35.5, 35.5]
HE_weighted_D_mean_Pop2 = [0.01312, 0.01515, 0.01429, 0.01429]

[Molecular Coancestry]
Coan_Neb_n_Pop1 = None
Coan_f1_Pop1    = -0.01142
Coan_Neb_n_Pop2 = None
Coan_f1_Pop2    = -0.00883

[Ne Estimates - Temporal - Decreasing critical values (0.050, 0.020, 0.010, 0+)]

[Pollak]
P_Ne     = [3463.8, 1694.5, 2209.2, 2074.8]
P_Fk     = [0.02144, 0.02295, 0.02226, 0.02241]
P_Fprime = [0.00144, 0.00295, 0.00226, 0.00241]

[Nei/Tajima]
N_Ne     = [3316.6, 1792.6, 2301.5, 2169.4]
N_Fc     = [0.02151, 0.02279, 0.02217, 0.0223]
N_Fprime = [0.00151, 0.00279, 0.00217, 0.0023]

[Jorde/Ryman]
J_Ne     = [1478.3, 1353.1, 1446.0, 1436.5]
J_Fs     = [0.02349, 0.0238, 0.02356, 0.02358]
J_Fprime = [0.00338, 0.0037, 0.00346, 0.00348]

[Genetic Diversity - Heterozygosity]
mean_exp_het_pop1 = 0.8201
mean_obs_het_pop1 = 0.8152
mean_exp_het_pop2 = 0.8238
mean_obs_het_pop2 = 0.8381

[Genetic Diversity - Allele Counts]
mean_alleles_pop1 = 8.9
var_alleles_pop1  = 2.49
sum_alleles_pop1  = 187
mean_alleles_pop2 = 9.38
var_alleles_pop2  = 2.34
sum_alleles_pop2  = 394

[Genetic Diversity - Allelic Size Variance]
var_allele_size_pop1 = 5.4333
var_allele_size_pop2 = 5.6817

[Per-locus summary - Population 1]
Locus | Num_Alleles | Alleles                                                  | Frequencies                                                                                      | Variance | Obs_Het | Exp_Het
------+-------------+----------------------------------------------------------+--------------------------------------------------------------------------------------------------+----------+---------+--------
1     | 8           | [95, 96, 97, 98, 101, 102, 103, 104]                     | [0.0500, 0.2300, 0.0700, 0.0500, 0.0300, 0.1900, 0.2800, 0.1000]                                 | 10.6411  | 0.8400  | 0.8200 
2     | 8           | [98, 99, 100, 101, 102, 103, 104, 105]                   | [0.1200, 0.1200, 0.1200, 0.1000, 0.2800, 0.2200, 0.0300, 0.0100]                                 | 3.2531   | 0.8000  | 0.8273 
3     | 10          | [95, 96, 97, 98, 99, 100, 101, 102, 103, 104]            | [0.0400, 0.0200, 0.1200, 0.0800, 0.2400, 0.3400, 0.1100, 0.0300, 0.0100, 0.0100]                 | 2.8000   | 0.8800  | 0.7988 
4     | 9           | [97, 98, 99, 100, 101, 102, 104, 105, 106]               | [0.0100, 0.1300, 0.1600, 0.2300, 0.2300, 0.1400, 0.0200, 0.0300, 0.0500]                         | 4.0819   | 0.8200  | 0.8366 
5     | 6           | [95, 96, 97, 98, 99, 100]                                | [0.0300, 0.1900, 0.0900, 0.1400, 0.5200, 0.0300]                                                 | 1.7596   | 0.7200  | 0.6707 
6     | 10          | [94, 95, 96, 97, 98, 99, 100, 101, 102, 103]             | [0.0200, 0.2200, 0.3000, 0.1500, 0.0700, 0.0500, 0.0200, 0.0800, 0.0600, 0.0300]                 | 5.6171   | 0.8400  | 0.8283 
7     | 9           | [92, 93, 94, 100, 101, 102, 103, 104, 105]               | [0.1500, 0.1100, 0.1100, 0.1700, 0.2000, 0.1400, 0.0800, 0.0200, 0.0200]                         | 18.2571  | 0.8800  | 0.8663 
8     | 7           | [98, 99, 100, 101, 102, 103, 104]                        | [0.0400, 0.1500, 0.3000, 0.2600, 0.1400, 0.0800, 0.0300]                                         | 1.8811   | 0.7400  | 0.7994 
9     | 12          | [96, 97, 98, 99, 100, 101, 102, 103, 104, 105, 106, 107] | [0.0200, 0.0200, 0.0400, 0.0500, 0.1000, 0.2300, 0.3500, 0.0300, 0.0100, 0.0400, 0.1000, 0.0100] | 5.1044   | 0.7600  | 0.8051 
10    | 10          | [94, 95, 96, 97, 98, 99, 100, 101, 102, 103]             | [0.0600, 0.0200, 0.0900, 0.0700, 0.1200, 0.2100, 0.2300, 0.1300, 0.0500, 0.0200]                 | 4.5139   | 0.9400  | 0.8604 
11    | 6           | [96, 97, 98, 99, 100, 101]                               | [0.0500, 0.1400, 0.0500, 0.3500, 0.1900, 0.2200]                                                 | 2.1075   | 0.6800  | 0.7762 
12    | 9           | [97, 98, 99, 100, 101, 102, 103, 104, 105]               | [0.0200, 0.3000, 0.1500, 0.0700, 0.0400, 0.0600, 0.2300, 0.1000, 0.0300]                         | 5.8819   | 0.7400  | 0.8214 
13    | 9           | [97, 98, 99, 100, 101, 102, 103, 107, 108]               | [0.0200, 0.1400, 0.2400, 0.2500, 0.0300, 0.1700, 0.0600, 0.0700, 0.0200]                         | 6.5556   | 0.8600  | 0.8295 
14    | 9           | [96, 97, 98, 99, 100, 101, 103, 104, 105]                | [0.0600, 0.0900, 0.2100, 0.1200, 0.2500, 0.1700, 0.0200, 0.0400, 0.0400]                         | 4.5084   | 0.7400  | 0.8432 
15    | 9           | [98, 99, 100, 101, 102, 103, 104, 105, 106]              | [0.0300, 0.0900, 0.1500, 0.2400, 0.0400, 0.1000, 0.1200, 0.2000, 0.0300]                         | 4.9731   | 0.8600  | 0.8525 
16    | 10          | [95, 96, 97, 98, 99, 100, 101, 102, 103, 104]            | [0.0400, 0.1000, 0.1700, 0.0600, 0.0600, 0.2100, 0.2700, 0.0500, 0.0100, 0.0300]                 | 4.8771   | 0.9000  | 0.8402 
17    | 7           | [97, 99, 100, 101, 102, 103, 105]                        | [0.0100, 0.0700, 0.3100, 0.2800, 0.2000, 0.0600, 0.0700]                                         | 2.2979   | 0.7000  | 0.7798 
18    | 12          | [92, 93, 94, 95, 96, 97, 98, 99, 100, 101, 102, 103]     | [0.0200, 0.0400, 0.0400, 0.0600, 0.0100, 0.1100, 0.0300, 0.0900, 0.2300, 0.1500, 0.1400, 0.0800] | 8.2811   | 0.9000  | 0.8790 
19    | 9           | [96, 97, 98, 99, 100, 101, 102, 103, 104]                | [0.0200, 0.0400, 0.0900, 0.3800, 0.2200, 0.0700, 0.0700, 0.1000, 0.0100]                         | 2.7859   | 0.8000  | 0.7851 
20    | 9           | [96, 97, 98, 99, 100, 101, 102, 103, 104]                | [0.2100, 0.0900, 0.2700, 0.0400, 0.0600, 0.0500, 0.0700, 0.2000, 0.0100]                         | 6.8404   | 0.8400  | 0.8305 
21    | 9           | [97, 99, 100, 101, 102, 103, 104, 105, 106]              | [0.0700, 0.1500, 0.2000, 0.0200, 0.0900, 0.0900, 0.1800, 0.1200, 0.0800]                         | 7.0819   | 0.8800  | 0.8715 

[Per-locus summary - Population 2]
Locus | Num_Alleles | Alleles                                                      | Frequencies                                                                                              | Variance | Obs_Het | Exp_Het
------+-------------+--------------------------------------------------------------+----------------------------------------------------------------------------------------------------------+----------+---------+--------
1     | 10          | [95, 96, 97, 98, 99, 100, 101, 102, 103, 104]                | [0.0200, 0.2600, 0.1300, 0.0800, 0.0100, 0.0200, 0.0100, 0.1300, 0.2200, 0.1200]                         | 10.5059  | 0.8600  | 0.8368 
2     | 7           | [98, 99, 100, 101, 102, 103, 104]                            | [0.0600, 0.1700, 0.1900, 0.1400, 0.2700, 0.1600, 0.0100]                                                 | 2.4019   | 0.8200  | 0.8214 
3     | 9           | [94, 95, 96, 97, 98, 99, 100, 101, 102]                      | [0.0100, 0.0200, 0.0100, 0.1200, 0.1300, 0.3300, 0.2100, 0.1000, 0.0700]                                 | 2.5019   | 0.9000  | 0.8083 
4     | 10          | [97, 98, 99, 100, 101, 102, 103, 104, 105, 106]              | [0.0200, 0.1600, 0.1600, 0.2000, 0.1600, 0.1700, 0.0200, 0.0200, 0.0400, 0.0500]                         | 4.7600   | 0.7600  | 0.8576 
5     | 7           | [95, 96, 97, 98, 99, 100, 101]                               | [0.0100, 0.1700, 0.1100, 0.2500, 0.4000, 0.0400, 0.0200]                                                 | 1.6164   | 0.8200  | 0.7418 
6     | 8           | [95, 96, 97, 98, 99, 100, 101, 102]                          | [0.2200, 0.3000, 0.1900, 0.0700, 0.0400, 0.0600, 0.0400, 0.0800]                                         | 4.5675   | 0.7400  | 0.8156 
7     | 10          | [91, 92, 93, 94, 100, 101, 102, 103, 105, 107]               | [0.0200, 0.2100, 0.1000, 0.1000, 0.1300, 0.1700, 0.1300, 0.0600, 0.0600, 0.0200]                         | 22.8179  | 0.9000  | 0.8739 
8     | 8           | [97, 98, 99, 100, 101, 102, 103, 104]                        | [0.0100, 0.0700, 0.0500, 0.4000, 0.2200, 0.1400, 0.0900, 0.0200]                                         | 1.9331   | 0.7600  | 0.7636 
9     | 13          | [95, 96, 97, 98, 99, 100, 101, 102, 103, 104, 105, 106, 107] | [0.0100, 0.0200, 0.0600, 0.1100, 0.0600, 0.0800, 0.2800, 0.2100, 0.0700, 0.0100, 0.0200, 0.0600, 0.0100] | 5.8779   | 0.8600  | 0.8507 
10    | 10          | [94, 95, 96, 97, 98, 99, 100, 101, 102, 103]                 | [0.0400, 0.0400, 0.0700, 0.0800, 0.2100, 0.1800, 0.1500, 0.1300, 0.0800, 0.0200]                         | 4.4659   | 0.8800  | 0.8715 
11    | 7           | [96, 97, 98, 99, 100, 101, 103]                              | [0.0300, 0.0900, 0.1300, 0.3000, 0.1200, 0.3000, 0.0300]                                                 | 2.3664   | 0.8400  | 0.7867 
12    | 8           | [97, 98, 99, 100, 101, 102, 103, 104]                        | [0.0100, 0.2900, 0.2200, 0.0200, 0.0100, 0.1100, 0.2700, 0.0700]                                         | 5.2299   | 0.8000  | 0.7849 
13    | 9           | [97, 98, 99, 100, 101, 102, 103, 107, 108]                   | [0.0600, 0.2900, 0.1400, 0.1400, 0.0500, 0.1500, 0.0200, 0.1400, 0.0100]                                 | 9.8451   | 0.8200  | 0.8364 
14    | 9           | [96, 97, 98, 99, 100, 101, 103, 104, 105]                    | [0.0200, 0.1200, 0.2000, 0.1900, 0.2400, 0.1400, 0.0300, 0.0400, 0.0200]                                 | 3.6484   | 0.8600  | 0.8374 
15    | 9           | [98, 99, 100, 101, 102, 103, 104, 105, 106]                  | [0.0100, 0.1300, 0.1900, 0.1900, 0.0700, 0.0600, 0.1000, 0.1600, 0.0900]                                 | 5.6100   | 0.9000  | 0.8673 
16    | 10          | [95, 96, 97, 98, 99, 100, 101, 102, 103, 104]                | [0.0100, 0.0600, 0.1200, 0.0600, 0.1000, 0.1800, 0.3800, 0.0400, 0.0300, 0.0200]                         | 3.7024   | 0.8000  | 0.7966 
17    | 8           | [98, 99, 100, 101, 102, 103, 104, 105]                       | [0.0100, 0.0800, 0.3500, 0.2200, 0.2100, 0.0500, 0.0200, 0.0600]                                         | 2.3051   | 0.8600  | 0.7798 
18    | 12          | [92, 93, 94, 95, 96, 97, 98, 99, 100, 101, 102, 103]         | [0.0100, 0.0300, 0.0600, 0.0400, 0.0100, 0.1100, 0.0300, 0.1300, 0.2200, 0.1800, 0.1400, 0.0400]         | 7.0811   | 0.8400  | 0.8705 
19    | 8           | [96, 97, 98, 99, 100, 101, 102, 103]                         | [0.0300, 0.0500, 0.1500, 0.2800, 0.2500, 0.0900, 0.0800, 0.0700]                                         | 2.6979   | 0.8400  | 0.8220 
20    | 10          | [95, 96, 97, 98, 99, 100, 101, 102, 103, 104]                | [0.0100, 0.2300, 0.0800, 0.2900, 0.0300, 0.0100, 0.0200, 0.1600, 0.1500, 0.0200]                         | 7.2675   | 0.9000  | 0.8147 
21    | 10          | [99, 100, 101, 102, 103, 104, 105, 106, 107, 108]            | [0.2600, 0.0900, 0.0400, 0.0500, 0.1000, 0.1200, 0.1600, 0.1200, 0.0300, 0.0300]                         | 8.1131   | 0.8400  | 0.8626 
