
[Simulation Info]
simulation_id = sim_0006662
timestamp     = 20250428_100259
seed          = 27161
output_folder = /home/lejeunet/Bureau/simulations/Ref_table/sim_0006662

[Model Parameters]
pop_size           = 8575
num_loci           = 20
sample1_generation = 30
sample2_generation = 10
low_repeats        = 1
high_repeats       = 200
mutation_rate      = 0.001
recap_Ne           = 8575

[Sampling Design]
sample1_size_Ne  = 50
sample2_size_Ne  = 50
sample1_size_CMR = 50
sample2_size_CMR = 50

[Capture-Marquage-Recapture]
census_N   =  0
MatchCount =  0
# There were no match between sampling of individuals during CMR.

[Ne Estimates - One Sample - Decreasing critical values [0.050, 0.020, 0.010, 0+]]

[Linkage Desequilibrium]
LD_Ne_Pop1 = [None, 1909.9, 2942.7, 2942.7]
LD_r2_Pop1 = [0.021269, 0.02145, 0.021389, 0.021389]
LD_Ne_Pop2 = [None, None, None, None]
LD_r2_Pop2 = [0.021024, 0.021041, 0.021185, 0.021185]

[Heterozygote excess]
HE_Neb_mean_Pop1        = [None, None, None, None]
HE_weighted_D_mean_Pop1 = [-0.00821, -0.00436, -0.00456, -0.00456]
HE_Neb_mean_Pop2        = [None, None, None, None]
HE_weighted_D_mean_Pop2 = [-0.01239, -0.01176, -0.01164, -0.01164]

[Molecular Coancestry]
Coan_Neb_n_Pop1 = None
Coan_f1_Pop1    = -0.00517
Coan_Neb_n_Pop2 = 50.1
Coan_f1_Pop2    = 0.00998

[Ne Estimates - Temporal - Decreasing critical values (0.050, 0.020, 0.010, 0+)]

[Pollak]
P_Ne     = [-5655.3, 33604.4, 10804.5, 18575.4]
P_Fk     = [0.01912, 0.02015, 0.02046, 0.02027]
P_Fprime = [-0.00088, 0.00015, 0.00046, 0.00027]

[Nei/Tajima]
N_Ne     = [-4263.2, -19855.5, 82758.1, -44911.2]
N_Fc     = [0.01883, 0.01975, 0.02006, 0.01989]
N_Fprime = [-0.00117, -0.00025, 6e-05, -0.00011]

[Jorde/Ryman]
J_Ne     = [-4415.6, -4602.2, -5118.9, -4950.8]
J_Fs     = [0.01897, 0.01901, 0.01912, 0.01909]
J_Fprime = [-0.00113, -0.00109, -0.00098, -0.00101]

[Genetic Diversity - Heterozygosity]
mean_exp_het_pop1 = 0.8737
mean_obs_het_pop1 = 0.8705
mean_exp_het_pop2 = 0.8776
mean_obs_het_pop2 = 0.8724

[Genetic Diversity - Allele Counts]
mean_alleles_pop1 = 12.05
var_alleles_pop1  = 3.35
sum_alleles_pop1  = 253
mean_alleles_pop2 = 12.74
var_alleles_pop2  = 4.3
sum_alleles_pop2  = 535

[Genetic Diversity - Allelic Size Variance]
var_allele_size_pop1 = 8.4386
var_allele_size_pop2 = 8.3976

[Per-locus summary - Population 1]
Locus | Num_Alleles | Alleles                                                                | Frequencies                                                                                                                      | Variance | Obs_Het | Exp_Het
------+-------------+------------------------------------------------------------------------+----------------------------------------------------------------------------------------------------------------------------------+----------+---------+--------
1     | 12          | [96, 97, 98, 99, 100, 101, 102, 103, 104, 105, 106, 107]               | [0.0500, 0.0600, 0.1100, 0.0700, 0.2000, 0.0400, 0.1000, 0.1600, 0.0900, 0.0700, 0.0300, 0.0200]                                 | 7.8136   | 0.9200  | 0.8943 
2     | 12          | [95, 96, 97, 98, 99, 100, 101, 102, 103, 104, 105, 106]                | [0.0100, 0.0100, 0.0700, 0.1000, 0.1200, 0.2500, 0.1500, 0.0600, 0.0700, 0.1000, 0.0300, 0.0300]                                 | 5.6619   | 0.8600  | 0.8739 
3     | 13          | [92, 93, 94, 95, 96, 97, 98, 99, 100, 101, 102, 103, 104]              | [0.0300, 0.0100, 0.0600, 0.1900, 0.0200, 0.0800, 0.1000, 0.1300, 0.0800, 0.0900, 0.1400, 0.0600, 0.0100]                         | 9.4176   | 0.8800  | 0.8968 
4     | 13          | [93, 94, 95, 97, 98, 99, 100, 101, 102, 103, 104, 105, 107]            | [0.0200, 0.0300, 0.0600, 0.0800, 0.0900, 0.1000, 0.1300, 0.1900, 0.0300, 0.0900, 0.1100, 0.0600, 0.0100]                         | 9.5739   | 0.9200  | 0.9018 
5     | 10          | [96, 97, 98, 99, 100, 101, 102, 103, 106, 107]                         | [0.0400, 0.0900, 0.0800, 0.1000, 0.1600, 0.1900, 0.1800, 0.1100, 0.0400, 0.0100]                                                 | 5.4500   | 0.8400  | 0.8748 
6     | 9           | [94, 95, 96, 97, 98, 99, 100, 101, 103]                                | [0.0200, 0.0400, 0.1000, 0.3000, 0.1900, 0.1500, 0.1600, 0.0300, 0.0100]                                                         | 2.6819   | 0.8600  | 0.8210 
7     | 11          | [96, 97, 98, 99, 100, 101, 102, 103, 104, 105, 106]                    | [0.1100, 0.0200, 0.0600, 0.1900, 0.2200, 0.0600, 0.0400, 0.0700, 0.0600, 0.1200, 0.0500]                                         | 8.5176   | 0.8200  | 0.8776 
8     | 10          | [93, 94, 95, 96, 97, 98, 99, 100, 101, 102]                            | [0.0200, 0.0200, 0.1100, 0.3900, 0.1500, 0.1400, 0.0800, 0.0300, 0.0500, 0.0100]                                                 | 3.0979   | 0.7400  | 0.7909 
9     | 16          | [90, 91, 92, 93, 94, 95, 96, 97, 98, 99, 100, 101, 102, 103, 104, 106] | [0.0100, 0.0400, 0.0800, 0.1000, 0.2400, 0.0200, 0.0300, 0.0200, 0.1000, 0.1100, 0.0400, 0.0300, 0.0800, 0.0800, 0.0100, 0.0100] | 15.2700  | 0.8400  | 0.8939 
10    | 15          | [90, 91, 92, 93, 94, 95, 97, 98, 99, 100, 101, 102, 103, 104, 105]     | [0.0400, 0.0400, 0.1200, 0.1300, 0.0300, 0.0100, 0.0900, 0.0100, 0.0900, 0.1400, 0.0400, 0.0800, 0.1000, 0.0600, 0.0200]         | 20.5200  | 0.9200  | 0.9158 
11    | 11          | [94, 95, 96, 97, 98, 99, 100, 101, 102, 103, 105]                      | [0.0500, 0.0900, 0.0700, 0.0600, 0.0500, 0.1700, 0.2800, 0.1400, 0.0400, 0.0100, 0.0400]                                         | 6.4091   | 0.9200  | 0.8568 
12    | 10          | [98, 99, 100, 101, 102, 103, 104, 105, 106, 107]                       | [0.0400, 0.0700, 0.2300, 0.1800, 0.1900, 0.1000, 0.0900, 0.0500, 0.0300, 0.0200]                                                 | 4.1304   | 0.8600  | 0.8588 
13    | 15          | [93, 94, 95, 96, 97, 98, 99, 100, 101, 102, 103, 104, 105, 106, 107]   | [0.0400, 0.0600, 0.0300, 0.1600, 0.0400, 0.0200, 0.0300, 0.0300, 0.1900, 0.0500, 0.1400, 0.0800, 0.0700, 0.0300, 0.0300]         | 15.1075  | 0.9000  | 0.9022 
14    | 12          | [91, 94, 95, 96, 97, 98, 99, 100, 101, 102, 103, 104]                  | [0.0400, 0.0400, 0.0300, 0.0800, 0.1200, 0.1100, 0.3200, 0.1200, 0.0800, 0.0200, 0.0300, 0.0100]                                 | 6.1816   | 0.8400  | 0.8469 
15    | 11          | [95, 96, 97, 98, 99, 100, 101, 102, 103, 104, 105]                     | [0.0200, 0.1100, 0.1200, 0.0800, 0.1200, 0.1500, 0.1000, 0.1200, 0.1200, 0.0300, 0.0300]                                         | 6.6259   | 0.9400  | 0.8982 
16    | 14          | [93, 94, 95, 96, 97, 98, 99, 100, 101, 102, 103, 104, 105, 106]        | [0.0400, 0.0500, 0.0500, 0.0400, 0.0800, 0.0900, 0.2000, 0.2300, 0.0700, 0.0400, 0.0200, 0.0100, 0.0600, 0.0200]                 | 8.8364   | 0.8800  | 0.8822 
17    | 12          | [93, 94, 95, 96, 97, 98, 99, 100, 103, 105, 106, 107]                  | [0.0300, 0.0200, 0.0400, 0.0400, 0.3100, 0.2400, 0.1300, 0.0700, 0.0200, 0.0100, 0.0200, 0.0700]                                 | 10.0099  | 0.8200  | 0.8224 
18    | 12          | [96, 97, 98, 99, 100, 101, 102, 103, 104, 105, 106, 107]               | [0.0400, 0.1000, 0.1200, 0.1500, 0.0700, 0.0900, 0.1900, 0.0200, 0.0500, 0.1200, 0.0400, 0.0100]                                 | 8.3059   | 0.8400  | 0.8923 
19    | 13          | [91, 92, 94, 95, 97, 98, 99, 100, 101, 102, 103, 104, 107]             | [0.0100, 0.0800, 0.0500, 0.0600, 0.0100, 0.1100, 0.1500, 0.0900, 0.1500, 0.1200, 0.1500, 0.0100, 0.0100]                         | 11.9316  | 0.9200  | 0.8939 
20    | 11          | [94, 95, 96, 97, 98, 99, 100, 101, 102, 103, 104]                      | [0.0100, 0.0800, 0.1300, 0.1100, 0.1300, 0.1400, 0.0600, 0.1400, 0.0700, 0.0500, 0.0800]                                         | 7.3184   | 0.8800  | 0.9000 
21    | 11          | [94, 95, 96, 97, 98, 99, 100, 101, 102, 103, 105]                      | [0.0100, 0.0200, 0.0400, 0.1800, 0.2200, 0.2100, 0.0600, 0.1200, 0.1000, 0.0200, 0.0200]                                         | 4.3491   | 0.8800  | 0.8527 

[Per-locus summary - Population 2]
Locus | Num_Alleles | Alleles                                                                  | Frequencies                                                                                                                      | Variance | Obs_Het | Exp_Het
------+-------------+--------------------------------------------------------------------------+----------------------------------------------------------------------------------------------------------------------------------+----------+---------+--------
1     | 13          | [95, 96, 97, 98, 99, 100, 101, 102, 103, 104, 105, 106, 107]             | [0.0100, 0.0400, 0.0400, 0.0700, 0.0800, 0.1100, 0.0700, 0.0200, 0.1900, 0.1200, 0.0900, 0.1300, 0.0300]                         | 9.5875   | 0.7800  | 0.9006 
2     | 12          | [95, 96, 97, 98, 99, 100, 101, 102, 103, 104, 105, 106]                  | [0.0200, 0.0100, 0.0700, 0.1000, 0.0600, 0.1700, 0.1800, 0.0900, 0.1200, 0.1300, 0.0300, 0.0200]                                 | 6.1100   | 0.9200  | 0.8879 
3     | 11          | [94, 95, 96, 97, 98, 99, 100, 101, 102, 103, 104]                        | [0.0700, 0.1600, 0.0300, 0.1000, 0.1100, 0.1500, 0.1000, 0.0700, 0.1000, 0.1000, 0.0100]                                         | 8.0600   | 0.8600  | 0.8980 
4     | 14          | [93, 94, 95, 96, 97, 98, 99, 100, 101, 102, 103, 104, 105, 106]          | [0.0100, 0.0400, 0.1000, 0.0800, 0.0900, 0.0900, 0.1200, 0.0900, 0.1200, 0.0500, 0.0600, 0.0400, 0.0900, 0.0200]                 | 11.1451  | 0.9000  | 0.9218 
5     | 13          | [96, 97, 98, 99, 100, 101, 102, 103, 104, 105, 106, 107, 108]            | [0.0100, 0.1500, 0.1100, 0.1300, 0.0600, 0.1600, 0.1900, 0.0900, 0.0500, 0.0100, 0.0100, 0.0200, 0.0100]                         | 6.5900   | 0.8000  | 0.8806 
6     | 10          | [94, 95, 96, 97, 98, 99, 100, 101, 102, 103]                             | [0.0300, 0.0500, 0.0900, 0.2900, 0.2200, 0.0900, 0.1700, 0.0200, 0.0300, 0.0100]                                                 | 3.2536   | 0.7800  | 0.8259 
7     | 12          | [95, 96, 97, 98, 99, 100, 101, 102, 103, 104, 105, 106]                  | [0.0100, 0.1000, 0.0700, 0.0700, 0.2200, 0.1800, 0.0900, 0.0600, 0.0100, 0.0600, 0.0800, 0.0500]                                 | 8.1344   | 0.8000  | 0.8838 
8     | 8           | [94, 95, 96, 97, 98, 99, 100, 101]                                       | [0.0300, 0.1900, 0.3400, 0.1800, 0.1300, 0.0500, 0.0200, 0.0600]                                                                 | 2.7616   | 0.7600  | 0.7996 
9     | 15          | [90, 91, 92, 93, 94, 95, 96, 97, 98, 99, 101, 102, 103, 104, 106]        | [0.0400, 0.0100, 0.0500, 0.1200, 0.2000, 0.0200, 0.0500, 0.0300, 0.1000, 0.0900, 0.0100, 0.1400, 0.1100, 0.0200, 0.0100]         | 17.2675  | 0.8800  | 0.8962 
10    | 15          | [90, 91, 92, 93, 94, 96, 97, 98, 99, 100, 101, 102, 103, 104, 105]       | [0.0200, 0.0500, 0.0700, 0.1500, 0.1100, 0.0300, 0.0400, 0.0500, 0.0400, 0.0500, 0.0900, 0.1100, 0.0900, 0.0900, 0.0100]         | 20.6139  | 0.9200  | 0.9212 
11    | 11          | [94, 95, 96, 97, 98, 99, 100, 101, 102, 103, 105]                        | [0.0700, 0.1100, 0.1000, 0.0500, 0.0200, 0.1200, 0.2500, 0.2100, 0.0300, 0.0300, 0.0100]                                         | 6.7571   | 0.8800  | 0.8558 
12    | 11          | [97, 98, 99, 100, 101, 102, 103, 104, 105, 106, 107]                     | [0.0100, 0.0400, 0.1000, 0.1500, 0.2900, 0.1200, 0.1100, 0.0800, 0.0500, 0.0300, 0.0200]                                         | 4.3284   | 0.9000  | 0.8535 
13    | 15          | [93, 94, 95, 96, 97, 98, 99, 100, 101, 102, 103, 104, 105, 106, 108]     | [0.0200, 0.0600, 0.0800, 0.1800, 0.0300, 0.0200, 0.0600, 0.0400, 0.1400, 0.0800, 0.1000, 0.1100, 0.0500, 0.0200, 0.0100]         | 14.0576  | 0.9400  | 0.9087 
14    | 14          | [90, 91, 93, 94, 95, 96, 97, 98, 99, 100, 101, 102, 103, 104]            | [0.0100, 0.0400, 0.0200, 0.0800, 0.0600, 0.0700, 0.1200, 0.1400, 0.2100, 0.1600, 0.0300, 0.0100, 0.0400, 0.0100]                 | 7.8700   | 0.9600  | 0.8854 
15    | 11          | [95, 96, 97, 98, 99, 100, 101, 102, 103, 104, 105]                       | [0.0200, 0.0800, 0.1400, 0.1000, 0.1000, 0.1100, 0.1100, 0.1700, 0.0900, 0.0700, 0.0100]                                         | 6.5019   | 0.9200  | 0.8964 
16    | 14          | [93, 94, 95, 96, 97, 98, 99, 100, 101, 102, 103, 104, 105, 106]          | [0.0300, 0.0500, 0.0700, 0.0300, 0.0500, 0.1300, 0.2300, 0.1600, 0.0800, 0.0400, 0.0400, 0.0300, 0.0100, 0.0500]                 | 9.0731   | 0.9400  | 0.8887 
17    | 16          | [92, 93, 94, 95, 96, 97, 98, 99, 100, 101, 102, 103, 104, 105, 107, 108] | [0.0100, 0.0300, 0.0100, 0.0500, 0.0500, 0.3100, 0.2200, 0.1000, 0.0700, 0.0100, 0.0200, 0.0200, 0.0200, 0.0300, 0.0400, 0.0100] | 9.7651   | 0.8200  | 0.8390 
18    | 12          | [96, 97, 98, 99, 100, 101, 102, 103, 104, 105, 106, 107]                 | [0.0600, 0.0900, 0.1800, 0.2300, 0.0700, 0.1200, 0.1100, 0.0100, 0.0200, 0.0300, 0.0600, 0.0200]                                 | 7.5800   | 0.9200  | 0.8750 
19    | 12          | [92, 93, 95, 97, 98, 99, 100, 101, 102, 103, 105, 107]                   | [0.0100, 0.0200, 0.0200, 0.0300, 0.1200, 0.1800, 0.1800, 0.1800, 0.1600, 0.0700, 0.0100, 0.0200]                                 | 5.7251   | 0.8600  | 0.8642 
20    | 10          | [95, 96, 97, 98, 99, 100, 101, 102, 103, 104]                            | [0.0700, 0.0900, 0.1200, 0.1100, 0.1700, 0.0900, 0.0800, 0.1100, 0.0900, 0.0700]                                                 | 6.9579   | 0.9200  | 0.9010 
21    | 12          | [94, 95, 96, 97, 98, 99, 100, 101, 102, 103, 104, 105]                   | [0.0100, 0.0100, 0.1300, 0.1900, 0.2500, 0.1600, 0.0600, 0.1300, 0.0200, 0.0100, 0.0100, 0.0200]                                 | 4.2096   | 0.8600  | 0.8457 
