
[Simulation Info]
simulation_id = sim_0009410
timestamp     = 20250428_111917
seed          = 146079
output_folder = /home/lejeunet/Bureau/simulations/Ref_table/sim_0009410

[Model Parameters]
pop_size           = 92
num_loci           = 20
sample1_generation = 30
sample2_generation = 10
low_repeats        = 1
high_repeats       = 200
mutation_rate      = 0.001
recap_Ne           = 92

[Sampling Design]
sample1_size_Ne  = 50
sample2_size_Ne  = 50
sample1_size_CMR = 50
sample2_size_CMR = 50

[Capture-Marquage-Recapture]
census_N   =  89
MatchCount =  29

[Ne Estimates - One Sample - Decreasing critical values [0.050, 0.020, 0.010, 0+]]

[Linkage Desequilibrium]
LD_Ne_Pop1 = [58.0, 40.9, 43.7, 43.7]
LD_r2_Pop1 = [0.026815, 0.029012, 0.02855, 0.02855]
LD_Ne_Pop2 = [None, 5442.8, 269.8, 269.8]
LD_r2_Pop2 = [0.017471, 0.021337, 0.022502, 0.022502]

[Heterozygote excess]
HE_Neb_mean_Pop1        = [14.7, 16.0, 16.7, 16.7]
HE_weighted_D_mean_Pop1 = [0.03528, 0.03215, 0.03075, 0.03075]
HE_Neb_mean_Pop2        = [52.4, 49.1, 53.5, 53.5]
HE_weighted_D_mean_Pop2 = [0.00964, 0.01029, 0.00943, 0.00943]

[Molecular Coancestry]
Coan_Neb_n_Pop1 = 4.7
Coan_f1_Pop1    = 0.10677
Coan_Neb_n_Pop2 = None
Coan_f1_Pop2    = -0.02762

[Ne Estimates - Temporal - Decreasing critical values (0.050, 0.020, 0.010, 0+)]

[Pollak]
P_Ne     = [-2871.7, 571.0, 463.4, 479.8]
P_Fk     = [0.01826, 0.02876, 0.03079, 0.03042]
P_Fprime = [-0.00174, 0.00876, 0.01079, 0.01042]

[Nei/Tajima]
N_Ne     = [-15966.5, 504.4, 463.9, 484.0]
N_Fc     = [0.01969, 0.02991, 0.03078, 0.03033]
N_Fprime = [-0.00031, 0.00991, 0.01078, 0.01033]

[Jorde/Ryman]
J_Ne     = [1514.7, 706.9, 684.5, 686.3]
J_Fs     = [0.0234, 0.02719, 0.02742, 0.0274]
J_Fprime = [0.0033, 0.00707, 0.00731, 0.00729]

[Genetic Diversity - Heterozygosity]
mean_exp_het_pop1 = 0.1991
mean_obs_het_pop1 = 0.2053
mean_exp_het_pop2 = 0.223
mean_obs_het_pop2 = 0.2188

[Genetic Diversity - Allele Counts]
mean_alleles_pop1 = 2.15
var_alleles_pop1  = 0.24
sum_alleles_pop1  = 43
mean_alleles_pop2 = 2.33
var_alleles_pop2  = 0.53
sum_alleles_pop2  = 93

[Genetic Diversity - Allelic Size Variance]
var_allele_size_pop1 = 0.1081
var_allele_size_pop2 = 0.1054

[Per-locus summary - Population 1]
Locus | Num_Alleles | Alleles         | Frequencies              | Variance | Obs_Het | Exp_Het
------+-------------+-----------------+--------------------------+----------+---------+--------
1     | 3           | [100, 101, 102] | [0.3200, 0.6300, 0.0500] | 0.2971   | 0.4800  | 0.5032 
2     | 2           | [99, 100]       | [0.1100, 0.8900]         | 0.0979   | 0.2200  | 0.1978 
3     | 2           | [100, 101]      | [0.9400, 0.0600]         | 0.0564   | 0.1200  | 0.1139 
4     | 2           | [99, 100]       | [0.0200, 0.9800]         | 0.0196   | 0.0400  | 0.0396 
5     | 2           | [100, 101]      | [0.9800, 0.0200]         | 0.0196   | 0.0400  | 0.0396 
6     | 2           | [99, 100]       | [0.0800, 0.9200]         | 0.0736   | 0.1200  | 0.1487 
7     | 1           | [100]           | [1.0000]                 | 0.0000   | NA      | NA     
8     | 2           | [99, 100]       | [0.0400, 0.9600]         | 0.0384   | 0.0800  | 0.0776 
9     | 3           | [100, 101, 102] | [0.8600, 0.1300, 0.0100] | 0.1475   | 0.2600  | 0.2459 
10    | 3           | [100, 101, 102] | [0.4400, 0.5300, 0.0300] | 0.3019   | 0.5600  | 0.5299 
11    | 2           | [100, 102]      | [0.9400, 0.0600]         | 0.2256   | 0.1200  | 0.1139 
12    | 2           | [100, 101]      | [0.9900, 0.0100]         | 0.0099   | 0.0200  | 0.0200 
13    | 2           | [100, 101]      | [0.8300, 0.1700]         | 0.1411   | 0.3400  | 0.2851 
14    | 2           | [99, 100]       | [0.2900, 0.7100]         | 0.2059   | 0.3800  | 0.4160 
15    | 2           | [99, 100]       | [0.0700, 0.9300]         | 0.0651   | 0.1400  | 0.1315 
16    | 2           | [99, 100]       | [0.0500, 0.9500]         | 0.0475   | 0.1000  | 0.0960 
17    | 2           | [99, 100]       | [0.0300, 0.9700]         | 0.0291   | 0.0600  | 0.0588 
18    | 2           | [100, 101]      | [0.6900, 0.3100]         | 0.2139   | 0.4600  | 0.4321 
19    | 2           | [99, 100]       | [0.0700, 0.9300]         | 0.0651   | 0.1400  | 0.1315 
20    | 3           | [99, 100, 101]  | [0.0800, 0.8900, 0.0300] | 0.1075   | 0.2200  | 0.2026 

[Per-locus summary - Population 2]
Locus | Num_Alleles | Alleles         | Frequencies              | Variance | Obs_Het | Exp_Het
------+-------------+-----------------+--------------------------+----------+---------+--------
1     | 3           | [100, 101, 102] | [0.4200, 0.5400, 0.0400] | 0.3156   | 0.4400  | 0.5358 
2     | 3           | [99, 100, 101]  | [0.1600, 0.8300, 0.0100] | 0.1475   | 0.3000  | 0.2883 
3     | 3           | [99, 100, 101]  | [0.0200, 0.9700, 0.0100] | 0.0299   | 0.0600  | 0.0592 
4     | 2           | [99, 100]       | [0.0100, 0.9900]         | 0.0099   | 0.0200  | 0.0200 
5     | 1           | [100]           | [1.0000]                 | 0.0000   | NA      | NA     
6     | 2           | [99, 100]       | [0.0100, 0.9900]         | 0.0099   | 0.0200  | 0.0200 
7     | 1           | [100]           | [1.0000]                 | 0.0000   | NA      | NA     
8     | 1           | [100]           | [1.0000]                 | 0.0000   | NA      | NA     
9     | 2           | [100, 101]      | [0.9000, 0.1000]         | 0.0900   | 0.2000  | 0.1818 
10    | 3           | [99, 100, 101]  | [0.0200, 0.4100, 0.5700] | 0.2875   | 0.4800  | 0.5117 
11    | 3           | [100, 101, 102] | [0.9100, 0.0100, 0.0800] | 0.3011   | 0.1800  | 0.1671 
12    | 1           | [100]           | [1.0000]                 | 0.0000   | NA      | NA     
13    | 2           | [100, 101]      | [0.8000, 0.2000]         | 0.1600   | 0.2800  | 0.3232 
14    | 2           | [99, 100]       | [0.3000, 0.7000]         | 0.2100   | 0.4000  | 0.4242 
15    | 2           | [99, 100]       | [0.0700, 0.9300]         | 0.0651   | 0.1400  | 0.1315 
16    | 3           | [99, 100, 101]  | [0.0400, 0.9500, 0.0100] | 0.0491   | 0.1000  | 0.0968 
17    | 3           | [99, 100, 101]  | [0.0300, 0.9600, 0.0100] | 0.0396   | 0.0800  | 0.0782 
18    | 2           | [100, 101]      | [0.8000, 0.2000]         | 0.1600   | 0.3600  | 0.3232 
19    | 2           | [99, 100]       | [0.0200, 0.9800]         | 0.0196   | 0.0400  | 0.0396 
20    | 3           | [99, 100, 101]  | [0.1500, 0.7800, 0.0700] | 0.2136   | 0.4000  | 0.3679 
