
[Simulation Info]
simulation_id = sim_0012838
timestamp     = 20250429_100445
seed          = 88836
output_folder = /home/lejeunet/Bureau/simulations/Ref_table/sim_0012838

[Model Parameters]
pop_size           = 2835
num_loci           = 20
sample1_generation = 30
sample2_generation = 10
low_repeats        = 1
high_repeats       = 200
mutation_rate      = 0.001
recap_Ne           = 2835

[Sampling Design]
sample1_size_Ne  = 50
sample2_size_Ne  = 50
sample1_size_CMR = 50
sample2_size_CMR = 50

[Capture-Marquage-Recapture]
census_N   =  0
MatchCount =  0
# There were no match between sampling of individuals during CMR.

[Ne Estimates - One Sample - Decreasing critical values [0.050, 0.020, 0.010, 0+]]

[Linkage Desequilibrium]
LD_Ne_Pop1 = [553.7, 760.8, None, None]
LD_r2_Pop1 = [0.021876, 0.021713, 0.021244, 0.021244]
LD_Ne_Pop2 = [580.1, 2189.0, 115394.1, 115394.1]
LD_r2_Pop2 = [0.021849, 0.021428, 0.021279, 0.021279]

[Heterozygote excess]
HE_Neb_mean_Pop1        = [None, None, None, None]
HE_weighted_D_mean_Pop1 = [-0.01877, -0.0202, -0.02015, -0.02015]
HE_Neb_mean_Pop2        = [37.0, 99.7, 107.5, 107.5]
HE_weighted_D_mean_Pop2 = [0.0137, 0.00504, 0.00467, 0.00467]

[Molecular Coancestry]
Coan_Neb_n_Pop1 = 233.3
Coan_f1_Pop1    = 0.00214
Coan_Neb_n_Pop2 = 34.5
Coan_f1_Pop2    = 0.0145

[Ne Estimates - Temporal - Decreasing critical values (0.050, 0.020, 0.010, 0+)]

[Pollak]
P_Ne     = [2492.8, 2956.4, 2173.6, 2572.7]
P_Fk     = [0.02201, 0.02169, 0.0223, 0.02194]
P_Fprime = [0.00201, 0.00169, 0.0023, 0.00194]

[Nei/Tajima]
N_Ne     = [3328.8, 3750.2, 2693.0, 3210.7]
N_Fc     = [0.0215, 0.02133, 0.02186, 0.02156]
N_Fprime = [0.0015, 0.00133, 0.00186, 0.00156]

[Jorde/Ryman]
J_Ne     = [15031.3, 8901.9, 9414.3, 9925.2]
J_Fs     = [0.02043, 0.02066, 0.02063, 0.0206]
J_Fprime = [0.00033, 0.00056, 0.00053, 0.0005]

[Genetic Diversity - Heterozygosity]
mean_exp_het_pop1 = 0.7043
mean_obs_het_pop1 = 0.6952
mean_exp_het_pop2 = 0.7031
mean_obs_het_pop2 = 0.7143

[Genetic Diversity - Allele Counts]
mean_alleles_pop1 = 6.33
var_alleles_pop1  = 1.23
sum_alleles_pop1  = 133
mean_alleles_pop2 = 6.74
var_alleles_pop2  = 0.73
sum_alleles_pop2  = 283

[Genetic Diversity - Allelic Size Variance]
var_allele_size_pop1 = 1.5068
var_allele_size_pop2 = 1.4772

[Per-locus summary - Population 1]
Locus | Num_Alleles | Alleles                              | Frequencies                                                      | Variance | Obs_Het | Exp_Het
------+-------------+--------------------------------------+------------------------------------------------------------------+----------+---------+--------
1     | 7           | [96, 97, 98, 99, 100, 101, 102]      | [0.0400, 0.0400, 0.4400, 0.1600, 0.1300, 0.1000, 0.0900]         | 2.2984   | 0.7000  | 0.7501 
2     | 7           | [98, 99, 100, 101, 102, 103, 104]    | [0.0100, 0.0400, 0.1500, 0.2700, 0.4800, 0.0300, 0.0200]         | 1.0644   | 0.6400  | 0.6780 
3     | 7           | [97, 98, 99, 100, 101, 102, 103]     | [0.0100, 0.1400, 0.3900, 0.2200, 0.1500, 0.0700, 0.0200]         | 1.5275   | 0.8400  | 0.7596 
4     | 8           | [96, 97, 98, 99, 100, 101, 102, 103] | [0.0100, 0.1100, 0.0100, 0.0200, 0.3700, 0.3300, 0.0800, 0.0700] | 2.4059   | 0.6800  | 0.7376 
5     | 7           | [95, 96, 97, 98, 99, 100, 101]       | [0.0200, 0.0900, 0.2000, 0.3000, 0.2800, 0.0800, 0.0300]         | 1.6019   | 0.8200  | 0.7836 
6     | 6           | [98, 99, 100, 101, 102, 103]         | [0.0500, 0.3900, 0.3100, 0.2000, 0.0400, 0.0100]                 | 1.0076   | 0.7000  | 0.7147 
7     | 6           | [97, 98, 99, 100, 101, 102]          | [0.0500, 0.0900, 0.1600, 0.4800, 0.2000, 0.0200]                 | 1.1875   | 0.6400  | 0.7000 
8     | 7           | [95, 96, 97, 98, 99, 100, 101]       | [0.0500, 0.0800, 0.0100, 0.1400, 0.4500, 0.2100, 0.0600]         | 2.0771   | 0.7600  | 0.7285 
9     | 7           | [97, 98, 99, 101, 102, 103, 104]     | [0.0200, 0.0800, 0.0400, 0.1700, 0.4600, 0.1800, 0.0500]         | 2.5051   | 0.8000  | 0.7234 
10    | 5           | [100, 101, 102, 103, 104]            | [0.1100, 0.3600, 0.3200, 0.1500, 0.0600]                         | 1.0939   | 0.6800  | 0.7372 
11    | 7           | [96, 97, 98, 99, 100, 101, 102]      | [0.0700, 0.0900, 0.1500, 0.2300, 0.2100, 0.2400, 0.0100]         | 2.3676   | 0.8400  | 0.8180 
12    | 7           | [95, 96, 97, 98, 99, 100, 101]       | [0.0200, 0.0400, 0.0200, 0.3000, 0.3300, 0.2200, 0.0700]         | 1.5276   | 0.7000  | 0.7529 
13    | 6           | [99, 100, 101, 102, 103, 104]        | [0.1900, 0.2600, 0.2900, 0.1700, 0.0700, 0.0200]                 | 1.5771   | 0.7200  | 0.7859 
14    | 6           | [96, 97, 98, 99, 102, 103]           | [0.2100, 0.3400, 0.2300, 0.1600, 0.0500, 0.0100]                 | 2.2675   | 0.7600  | 0.7669 
15    | 8           | [96, 97, 98, 99, 100, 101, 102, 103] | [0.0100, 0.0600, 0.1800, 0.1800, 0.3100, 0.1600, 0.0900, 0.0100] | 2.0579   | 0.8400  | 0.8097 
16    | 6           | [98, 99, 100, 101, 102, 103]         | [0.0200, 0.1700, 0.5900, 0.1700, 0.0300, 0.0200]                 | 0.7136   | 0.6000  | 0.5984 
17    | 4           | [97, 98, 99, 100]                    | [0.0200, 0.1700, 0.7600, 0.0500]                                 | 0.2744   | 0.4200  | 0.3946 
18    | 6           | [98, 99, 100, 101, 102, 103]         | [0.0600, 0.5700, 0.3100, 0.0300, 0.0100, 0.0200]                 | 0.7236   | 0.5200  | 0.5798 
19    | 7           | [96, 97, 98, 99, 100, 101, 102]      | [0.0500, 0.0400, 0.0200, 0.3800, 0.2900, 0.2000, 0.0200]         | 1.6500   | 0.7600  | 0.7339 
20    | 4           | [98, 99, 100, 101]                   | [0.0800, 0.1000, 0.7000, 0.1200]                                 | 0.5204   | 0.5000  | 0.4840 
21    | 5           | [98, 99, 100, 101, 102]              | [0.1000, 0.3300, 0.3100, 0.1800, 0.0800]                         | 1.1939   | 0.6800  | 0.7537 

[Per-locus summary - Population 2]
Locus | Num_Alleles | Alleles                              | Frequencies                                                      | Variance | Obs_Het | Exp_Het
------+-------------+--------------------------------------+------------------------------------------------------------------+----------+---------+--------
1     | 8           | [96, 97, 98, 99, 100, 101, 102, 103] | [0.0200, 0.0500, 0.3900, 0.1500, 0.1300, 0.1300, 0.1200, 0.0100] | 2.6024   | 0.8600  | 0.7820 
2     | 5           | [99, 100, 101, 102, 103]             | [0.0400, 0.1500, 0.2800, 0.5000, 0.0300]                         | 0.8211   | 0.7200  | 0.6531 
3     | 6           | [98, 99, 100, 101, 102, 103]         | [0.1700, 0.3000, 0.3400, 0.1100, 0.0700, 0.0100]                 | 1.3304   | 0.8200  | 0.7560 
4     | 7           | [97, 98, 99, 100, 101, 102, 103]     | [0.0600, 0.0300, 0.0700, 0.3400, 0.3100, 0.1500, 0.0400]         | 1.8236   | 0.7600  | 0.7624 
5     | 8           | [95, 96, 97, 98, 99, 100, 101, 102]  | [0.0100, 0.1000, 0.1300, 0.2700, 0.3400, 0.0800, 0.0600, 0.0100] | 1.8504   | 0.7600  | 0.7822 
6     | 6           | [98, 99, 100, 101, 102, 103]         | [0.1200, 0.3400, 0.3000, 0.1700, 0.0300, 0.0400]                 | 1.4171   | 0.7000  | 0.7562 
7     | 6           | [97, 98, 99, 100, 101, 102]          | [0.0200, 0.0500, 0.1400, 0.5500, 0.2100, 0.0300]                 | 0.8491   | 0.6800  | 0.6364 
8     | 7           | [95, 96, 97, 98, 99, 100, 101]       | [0.0500, 0.0900, 0.0200, 0.1500, 0.4700, 0.1700, 0.0500]         | 2.0579   | 0.6400  | 0.7214 
9     | 7           | [97, 98, 99, 101, 102, 103, 104]     | [0.0100, 0.1200, 0.0300, 0.0500, 0.5300, 0.2200, 0.0400]         | 2.7331   | 0.6200  | 0.6578 
10    | 6           | [99, 100, 101, 102, 103, 104]        | [0.0200, 0.0900, 0.4600, 0.2100, 0.1100, 0.1100]                 | 1.4131   | 0.6800  | 0.7188 
11    | 7           | [96, 97, 98, 99, 100, 101, 102]      | [0.0100, 0.0700, 0.1000, 0.3100, 0.2100, 0.2900, 0.0100]         | 1.6275   | 0.9000  | 0.7683 
12    | 7           | [95, 96, 97, 98, 99, 100, 101]       | [0.0100, 0.0400, 0.0600, 0.2200, 0.3300, 0.2500, 0.0900]         | 1.5851   | 0.7600  | 0.7745 
13    | 6           | [98, 99, 100, 101, 102, 103]         | [0.0200, 0.0900, 0.3200, 0.3800, 0.1600, 0.0300]                 | 1.0244   | 0.7200  | 0.7255 
14    | 7           | [96, 97, 98, 99, 100, 102, 103]      | [0.1300, 0.4600, 0.1700, 0.1700, 0.0300, 0.0100, 0.0300]         | 2.0900   | 0.8000  | 0.7190 
15    | 6           | [97, 98, 99, 100, 101, 102]          | [0.0100, 0.2300, 0.1600, 0.3600, 0.1900, 0.0500]                 | 1.4304   | 0.8000  | 0.7608 
16    | 5           | [98, 99, 100, 101, 102]              | [0.0100, 0.1900, 0.5500, 0.2100, 0.0400]                         | 0.5936   | 0.7200  | 0.6218 
17    | 7           | [98, 99, 100, 101, 102, 103, 104]    | [0.1100, 0.7400, 0.0800, 0.0100, 0.0200, 0.0300, 0.0100]         | 1.0916   | 0.3600  | 0.4368 
18    | 6           | [98, 99, 100, 101, 102, 103]         | [0.0300, 0.4200, 0.4100, 0.1000, 0.0300, 0.0100]                 | 0.7659   | 0.6200  | 0.6501 
19    | 8           | [95, 96, 97, 98, 99, 100, 101, 102]  | [0.0100, 0.0300, 0.0300, 0.0500, 0.3800, 0.3300, 0.1500, 0.0200] | 1.5075   | 0.6400  | 0.7267 
20    | 6           | [96, 98, 99, 100, 101, 103]          | [0.0100, 0.1500, 0.1300, 0.5700, 0.1000, 0.0400]                 | 1.2875   | 0.6800  | 0.6303 
21    | 6           | [98, 99, 100, 101, 102, 103]         | [0.0300, 0.3200, 0.3800, 0.1500, 0.1100, 0.0100]                 | 1.1196   | 0.7600  | 0.7248 
