
[Simulation Info]
simulation_id = sim_0008291
timestamp     = 20250428_104736
seed          = 500963
output_folder = /home/lejeunet/Bureau/simulations/Ref_table/sim_0008291

[Model Parameters]
pop_size           = 1103
num_loci           = 20
sample1_generation = 30
sample2_generation = 10
low_repeats        = 1
high_repeats       = 200
mutation_rate      = 0.001
recap_Ne           = 1103

[Sampling Design]
sample1_size_Ne  = 50
sample2_size_Ne  = 50
sample1_size_CMR = 50
sample2_size_CMR = 50

[Capture-Marquage-Recapture]
census_N   =  2601
MatchCount =  1

[Ne Estimates - One Sample - Decreasing critical values [0.050, 0.020, 0.010, 0+]]

[Linkage Desequilibrium]
LD_Ne_Pop1 = [844.3, 636.1, 456.5, 456.5]
LD_r2_Pop1 = [0.02167, 0.021798, 0.022003, 0.022003]
LD_Ne_Pop2 = [414.8, 1069.8, 1476.9, 1476.9]
LD_r2_Pop2 = [0.022076, 0.021587, 0.021501, 0.021501]

[Heterozygote excess]
HE_Neb_mean_Pop1        = [141.8, 214.9, 216.3, 216.3]
HE_weighted_D_mean_Pop1 = [0.00354, 0.00233, 0.00232, 0.00232]
HE_Neb_mean_Pop2        = [52.6, 104.5, 111.0, 111.0]
HE_weighted_D_mean_Pop2 = [0.00959, 0.00481, 0.00453, 0.00453]

[Molecular Coancestry]
Coan_Neb_n_Pop1 = None
Coan_f1_Pop1    = -0.02121
Coan_Neb_n_Pop2 = 48.2
Coan_f1_Pop2    = 0.01036

[Ne Estimates - Temporal - Decreasing critical values (0.050, 0.020, 0.010, 0+)]

[Pollak]
P_Ne     = [-1838.0, -2261.7, -2849.1, -2611.0]
P_Fk     = [0.01728, 0.01779, 0.01825, 0.01809]
P_Fprime = [-0.00272, -0.00221, -0.00175, -0.00191]

[Nei/Tajima]
N_Ne     = [-1844.9, -2193.2, -2640.8, -2466.1]
N_Fc     = [0.01729, 0.01772, 0.01811, 0.01797]
N_Fprime = [-0.00271, -0.00228, -0.00189, -0.00203]

[Jorde/Ryman]
J_Ne     = [-2505.9, -2785.8, -2848.4, -2826.7]
J_Fs     = [0.01811, 0.01831, 0.01835, 0.01833]
J_Fprime = [-0.002, -0.00179, -0.00176, -0.00177]

[Genetic Diversity - Heterozygosity]
mean_exp_het_pop1 = 0.7154
mean_obs_het_pop1 = 0.7114
mean_exp_het_pop2 = 0.7148
mean_obs_het_pop2 = 0.7152

[Genetic Diversity - Allele Counts]
mean_alleles_pop1 = 6.05
var_alleles_pop1  = 1.25
sum_alleles_pop1  = 127
mean_alleles_pop2 = 6.38
var_alleles_pop2  = 1.17
sum_alleles_pop2  = 268

[Genetic Diversity - Allelic Size Variance]
var_allele_size_pop1 = 4.1487
var_allele_size_pop2 = 4.2473

[Per-locus summary - Population 1]
Locus | Num_Alleles | Alleles                             | Frequencies                                                      | Variance | Obs_Het | Exp_Het
------+-------------+-------------------------------------+------------------------------------------------------------------+----------+---------+--------
1     | 6           | [96, 97, 98, 99, 100, 101]          | [0.0200, 0.1900, 0.0200, 0.5300, 0.1800, 0.0600]                 | 1.3544   | 0.6600  | 0.6527 
2     | 7           | [96, 97, 98, 99, 100, 101, 102]     | [0.0700, 0.1000, 0.0100, 0.4200, 0.2600, 0.1300, 0.0100]         | 1.8931   | 0.7800  | 0.7313 
3     | 8           | [95, 96, 97, 98, 99, 100, 101, 102] | [0.1100, 0.3600, 0.1100, 0.0900, 0.0700, 0.0900, 0.1300, 0.0400] | 4.6504   | 0.7400  | 0.8147 
4     | 6           | [94, 95, 96, 102, 103, 104]         | [0.0100, 0.4700, 0.0800, 0.0900, 0.3300, 0.0200]                 | 14.8496  | 0.6600  | 0.6618 
5     | 7           | [98, 99, 100, 101, 104, 105, 106]   | [0.0300, 0.2100, 0.4500, 0.0300, 0.0400, 0.1400, 0.1000]         | 6.6116   | 0.7200  | 0.7277 
6     | 6           | [99, 100, 101, 102, 103, 104]       | [0.0600, 0.1400, 0.1400, 0.5100, 0.1100, 0.0400]                 | 1.3419   | 0.6800  | 0.6903 
7     | 4           | [100, 101, 102, 103]                | [0.0700, 0.5500, 0.3700, 0.0100]                                 | 0.3776   | 0.5200  | 0.5612 
8     | 6           | [99, 100, 101, 102, 103, 104]       | [0.1000, 0.1900, 0.1200, 0.0400, 0.2800, 0.2700]                 | 3.1396   | 0.7600  | 0.7945 
9     | 8           | [95, 96, 97, 98, 99, 100, 101, 103] | [0.0300, 0.1100, 0.3300, 0.1000, 0.1800, 0.0500, 0.1800, 0.0200] | 3.4616   | 0.8000  | 0.8085 
10    | 6           | [99, 100, 101, 102, 103, 104]       | [0.1400, 0.4600, 0.1000, 0.0300, 0.2200, 0.0500]                 | 2.3656   | 0.7800  | 0.7141 
11    | 4           | [98, 103, 104, 106]                 | [0.2700, 0.3200, 0.3500, 0.0600]                                 | 6.9676   | 0.7000  | 0.7057 
12    | 6           | [93, 94, 95, 96, 101, 102]          | [0.0800, 0.0700, 0.4400, 0.1800, 0.1200, 0.1100]                 | 8.2064   | 0.8000  | 0.7436 
13    | 6           | [94, 95, 96, 97, 100, 101]          | [0.1300, 0.3000, 0.0400, 0.0600, 0.4000, 0.0700]                 | 6.9275   | 0.7200  | 0.7303 
14    | 6           | [98, 99, 100, 101, 102, 103]        | [0.0400, 0.2400, 0.2600, 0.2100, 0.2200, 0.0300]                 | 1.5836   | 0.7600  | 0.7877 
15    | 5           | [100, 101, 102, 103, 104]           | [0.0200, 0.1300, 0.5200, 0.2800, 0.0500]                         | 0.6459   | 0.5400  | 0.6378 
16    | 7           | [103, 104, 105, 106, 107, 108, 109] | [0.0200, 0.0200, 0.0300, 0.4200, 0.3300, 0.0700, 0.1100]         | 1.4411   | 0.6600  | 0.7030 
17    | 6           | [96, 97, 98, 99, 100, 101]          | [0.3000, 0.0500, 0.2000, 0.1700, 0.2000, 0.0800]                 | 2.9144   | 0.8000  | 0.8002 
18    | 6           | [101, 102, 103, 106, 107, 108]      | [0.0400, 0.2500, 0.4700, 0.1100, 0.0600, 0.0700]                 | 3.7619   | 0.7200  | 0.7014 
19    | 6           | [96, 97, 98, 101, 102, 103]         | [0.0600, 0.0800, 0.0500, 0.0900, 0.5900, 0.1300]                 | 4.3336   | 0.7200  | 0.6206 
20    | 7           | [98, 99, 100, 101, 105, 106, 107]   | [0.1800, 0.3300, 0.2300, 0.0100, 0.1300, 0.0400, 0.0800]         | 9.0771   | 0.7800  | 0.7887 
21    | 4           | [102, 103, 104, 105]                | [0.1700, 0.0500, 0.2800, 0.5000]                                 | 1.2179   | 0.6400  | 0.6467 

[Per-locus summary - Population 2]
Locus | Num_Alleles | Alleles                                  | Frequencies                                                      | Variance | Obs_Het | Exp_Het
------+-------------+------------------------------------------+------------------------------------------------------------------+----------+---------+--------
1     | 6           | [96, 97, 98, 99, 100, 101]               | [0.0100, 0.2200, 0.0500, 0.5200, 0.1300, 0.0700]                 | 1.3675   | 0.6400  | 0.6634 
2     | 6           | [96, 97, 98, 99, 100, 101]               | [0.1200, 0.0900, 0.0200, 0.4200, 0.2800, 0.0700]                 | 2.0004   | 0.6600  | 0.7247 
3     | 8           | [95, 96, 97, 98, 99, 100, 101, 102]      | [0.0600, 0.3900, 0.1400, 0.1300, 0.0300, 0.0300, 0.1900, 0.0300] | 4.4776   | 0.8000  | 0.7768 
4     | 6           | [94, 95, 96, 102, 103, 104]              | [0.0300, 0.4600, 0.0700, 0.0900, 0.3300, 0.0200]                 | 15.0699  | 0.7000  | 0.6719 
5     | 7           | [98, 99, 100, 101, 104, 105, 106]        | [0.0300, 0.2700, 0.4200, 0.0200, 0.0100, 0.1100, 0.1400]         | 7.1056   | 0.7600  | 0.7248 
6     | 6           | [99, 100, 101, 102, 103, 104]            | [0.0400, 0.2000, 0.1200, 0.4600, 0.1300, 0.0500]                 | 1.4419   | 0.7200  | 0.7202 
7     | 4           | [100, 101, 102, 103]                     | [0.0700, 0.6200, 0.2900, 0.0200]                                 | 0.3724   | 0.6800  | 0.5315 
8     | 6           | [99, 100, 101, 102, 103, 104]            | [0.0900, 0.2500, 0.0700, 0.0400, 0.2500, 0.3000]                 | 3.3299   | 0.8400  | 0.7782 
9     | 8           | [95, 96, 97, 98, 99, 100, 101, 103]      | [0.0300, 0.1300, 0.2600, 0.1900, 0.1400, 0.0800, 0.1400, 0.0300] | 3.4524   | 0.8000  | 0.8404 
10    | 6           | [99, 100, 101, 102, 103, 104]            | [0.0700, 0.5300, 0.0800, 0.0500, 0.2300, 0.0400]                 | 2.1384   | 0.6800  | 0.6574 
11    | 5           | [98, 103, 104, 105, 106]                 | [0.3300, 0.2900, 0.2900, 0.0100, 0.0800]                         | 8.0900   | 0.7400  | 0.7236 
12    | 6           | [93, 94, 95, 96, 101, 102]               | [0.0400, 0.1200, 0.4400, 0.2400, 0.1300, 0.0300]                 | 5.6091   | 0.7000  | 0.7222 
13    | 6           | [94, 95, 96, 97, 100, 101]               | [0.2300, 0.3000, 0.0700, 0.0300, 0.3400, 0.0300]                 | 6.8316   | 0.7600  | 0.7422 
14    | 6           | [98, 99, 100, 101, 102, 103]             | [0.0300, 0.3000, 0.1800, 0.2000, 0.2400, 0.0500]                 | 1.8091   | 0.8600  | 0.7844 
15    | 5           | [100, 101, 102, 103, 104]                | [0.0100, 0.1200, 0.4000, 0.4600, 0.0100]                         | 0.5444   | 0.5800  | 0.6200 
16    | 8           | [103, 104, 105, 106, 107, 108, 109, 110] | [0.0100, 0.0200, 0.0600, 0.2900, 0.3800, 0.1200, 0.1000, 0.0200] | 1.5531   | 0.7400  | 0.7501 
17    | 6           | [96, 97, 98, 99, 100, 101]               | [0.3300, 0.0200, 0.1400, 0.2600, 0.2000, 0.0500]                 | 2.8331   | 0.7200  | 0.7687 
18    | 8           | [100, 101, 102, 103, 104, 106, 107, 108] | [0.0100, 0.0600, 0.3200, 0.4000, 0.0100, 0.0700, 0.0200, 0.1100] | 4.2156   | 0.7400  | 0.7236 
19    | 7           | [96, 97, 98, 100, 101, 102, 103]         | [0.1200, 0.0700, 0.0600, 0.0100, 0.1000, 0.5000, 0.1400]         | 5.6459   | 0.6400  | 0.7044 
20    | 7           | [97, 98, 99, 100, 105, 106, 107]         | [0.0200, 0.2200, 0.3000, 0.2200, 0.1000, 0.0100, 0.1300]         | 10.1411  | 0.7200  | 0.7937 
21    | 6           | [100, 102, 103, 104, 105, 106]           | [0.0100, 0.1100, 0.0200, 0.2600, 0.5800, 0.0200]                 | 1.1644   | 0.5400  | 0.5889 
