
[Simulation Info]
simulation_id = sim_0009574
timestamp     = 20250428_112427
seed          = 674540
output_folder = /home/lejeunet/Bureau/simulations/Ref_table/sim_0009574

[Model Parameters]
pop_size           = 2794
num_loci           = 20
sample1_generation = 30
sample2_generation = 10
low_repeats        = 1
high_repeats       = 200
mutation_rate      = 0.001
recap_Ne           = 2794

[Sampling Design]
sample1_size_Ne  = 50
sample2_size_Ne  = 50
sample1_size_CMR = 50
sample2_size_CMR = 50

[Capture-Marquage-Recapture]
census_N   =  2601
MatchCount =  1

[Ne Estimates - One Sample - Decreasing critical values [0.050, 0.020, 0.010, 0+]]

[Linkage Desequilibrium]
LD_Ne_Pop1 = [None, None, 4596.9, 4596.9]
LD_r2_Pop1 = [0.021191, 0.021154, 0.021348, 0.021348]
LD_Ne_Pop2 = [1454.7, None, None, None]
LD_r2_Pop2 = [0.021505, 0.021169, 0.020982, 0.020982]

[Heterozygote excess]
HE_Neb_mean_Pop1        = [None, 67.0, 70.3, 70.3]
HE_weighted_D_mean_Pop1 = [-0.00019, 0.00752, 0.00717, 0.00717]
HE_Neb_mean_Pop2        = [164.7, 139.4, 143.9, 143.9]
HE_weighted_D_mean_Pop2 = [0.00305, 0.0036, 0.00349, 0.00349]

[Molecular Coancestry]
Coan_Neb_n_Pop1 = None
Coan_f1_Pop1    = -0.0188
Coan_Neb_n_Pop2 = 123.4
Coan_f1_Pop2    = 0.00405

[Ne Estimates - Temporal - Decreasing critical values (0.050, 0.020, 0.010, 0+)]

[Pollak]
P_Ne     = [-4977.7, -12106.8, 49274.5, 86761.7]
P_Fk     = [0.019, 0.01959, 0.0201, 0.02006]
P_Fprime = [-0.001, -0.00041, 0.0001, 6e-05]

[Nei/Tajima]
N_Ne     = [-5224.3, -11988.5, 238016.9, -296196.7]
N_Fc     = [0.01904, 0.01958, 0.02002, 0.01998]
N_Fprime = [-0.00096, -0.00042, 2e-05, -2e-05]

[Jorde/Ryman]
J_Ne     = [5946.1, 3823.4, 3736.1, 3736.8]
J_Fs     = [0.02094, 0.02141, 0.02144, 0.02144]
J_Fprime = [0.00084, 0.00131, 0.00134, 0.00134]

[Genetic Diversity - Heterozygosity]
mean_exp_het_pop1 = 0.8084
mean_obs_het_pop1 = 0.8124
mean_exp_het_pop2 = 0.8054
mean_obs_het_pop2 = 0.8086

[Genetic Diversity - Allele Counts]
mean_alleles_pop1 = 8.05
var_alleles_pop1  = 3.65
sum_alleles_pop1  = 169
mean_alleles_pop2 = 8.43
var_alleles_pop2  = 4.3
sum_alleles_pop2  = 354

[Genetic Diversity - Allelic Size Variance]
var_allele_size_pop1 = 3.7882
var_allele_size_pop2 = 3.9444

[Per-locus summary - Population 1]
Locus | Num_Alleles | Alleles                                              | Frequencies                                                                              | Variance | Obs_Het | Exp_Het
------+-------------+------------------------------------------------------+------------------------------------------------------------------------------------------+----------+---------+--------
1     | 11          | [93, 94, 95, 96, 97, 98, 99, 100, 101, 102, 104]     | [0.1300, 0.0100, 0.0400, 0.0800, 0.1000, 0.0800, 0.1100, 0.0800, 0.1200, 0.2100, 0.0400] | 10.0904  | 0.8800  | 0.8889 
2     | 11          | [96, 97, 98, 99, 100, 101, 102, 103, 104, 105, 106]  | [0.0100, 0.0300, 0.1100, 0.0100, 0.1700, 0.0300, 0.2400, 0.1500, 0.1800, 0.0600, 0.0100] | 5.1376   | 0.8400  | 0.8493 
3     | 7           | [99, 100, 101, 102, 103, 104, 105]                   | [0.0200, 0.3000, 0.2400, 0.2900, 0.0700, 0.0200, 0.0600]                                 | 1.9379   | 0.8600  | 0.7667 
4     | 9           | [97, 98, 99, 100, 101, 102, 103, 104, 106]           | [0.0900, 0.1000, 0.1500, 0.1500, 0.1400, 0.1700, 0.1300, 0.0400, 0.0300]                 | 4.7219   | 0.9200  | 0.8778 
5     | 11          | [96, 97, 99, 100, 101, 102, 103, 104, 105, 106, 107] | [0.0300, 0.0100, 0.0400, 0.0700, 0.1300, 0.0600, 0.1000, 0.2500, 0.2500, 0.0500, 0.0100] | 5.5396   | 0.7400  | 0.8428 
6     | 8           | [100, 101, 102, 103, 104, 105, 107, 108]             | [0.1200, 0.0500, 0.0700, 0.3000, 0.2800, 0.1500, 0.0200, 0.0100]                         | 2.7676   | 0.6600  | 0.7947 
7     | 6           | [97, 98, 99, 100, 101, 102]                          | [0.0700, 0.3800, 0.3300, 0.0700, 0.1400, 0.0100]                                         | 1.3604   | 0.6800  | 0.7244 
8     | 6           | [96, 97, 98, 99, 100, 101]                           | [0.1800, 0.4300, 0.1700, 0.0100, 0.1600, 0.0500]                                         | 2.1539   | 0.7400  | 0.7329 
9     | 10          | [95, 96, 97, 98, 100, 101, 102, 103, 104, 105]       | [0.0100, 0.0700, 0.0200, 0.0800, 0.1200, 0.1500, 0.1100, 0.1200, 0.2300, 0.0900]         | 7.0675   | 0.9000  | 0.8725 
10    | 6           | [96, 97, 98, 99, 100, 101]                           | [0.0700, 0.0900, 0.2200, 0.1200, 0.3600, 0.1400]                                         | 2.1291   | 0.7600  | 0.7828 
11    | 7           | [95, 96, 97, 98, 99, 100, 101]                       | [0.0300, 0.1700, 0.4000, 0.2600, 0.0900, 0.0300, 0.0200]                                 | 1.3556   | 0.7800  | 0.7406 
12    | 7           | [100, 101, 102, 103, 104, 105, 106]                  | [0.1500, 0.1100, 0.3600, 0.1900, 0.1200, 0.0500, 0.0200]                                 | 2.0875   | 0.6800  | 0.7903 
13    | 7           | [97, 98, 99, 100, 101, 102, 103]                     | [0.0400, 0.1900, 0.3600, 0.1500, 0.1400, 0.1100, 0.0100]                                 | 1.9291   | 0.8600  | 0.7863 
14    | 6           | [99, 100, 101, 102, 103, 104]                        | [0.1100, 0.2900, 0.2100, 0.2200, 0.1500, 0.0200]                                         | 1.7251   | 0.8800  | 0.7964 
15    | 10          | [98, 99, 100, 101, 102, 103, 104, 105, 106, 107]     | [0.1100, 0.0500, 0.0500, 0.1000, 0.0400, 0.2500, 0.1300, 0.0900, 0.1000, 0.0800]         | 7.0659   | 0.9000  | 0.8762 
16    | 10          | [97, 98, 99, 100, 101, 102, 103, 104, 105, 106]      | [0.0200, 0.1300, 0.0500, 0.1000, 0.0500, 0.1100, 0.2100, 0.0800, 0.2000, 0.0500]         | 6.5875   | 0.8800  | 0.8713 
17    | 7           | [96, 97, 98, 99, 100, 101, 102]                      | [0.0700, 0.1200, 0.1200, 0.3100, 0.1300, 0.1600, 0.0900]                                 | 2.7875   | 0.8400  | 0.8279 
18    | 7           | [95, 96, 97, 98, 99, 100, 101]                       | [0.0600, 0.4000, 0.1000, 0.2400, 0.0800, 0.1000, 0.0200]                                 | 2.3524   | 0.7600  | 0.7596 
19    | 5           | [92, 93, 94, 95, 96]                                 | [0.1500, 0.2500, 0.4500, 0.1200, 0.0300]                                                 | 0.9531   | 0.7400  | 0.7042 
20    | 9           | [95, 96, 97, 98, 99, 100, 101, 102, 103]             | [0.0300, 0.1400, 0.2600, 0.1800, 0.2100, 0.0900, 0.0200, 0.0200, 0.0500]                 | 3.3875   | 0.8600  | 0.8323 
21    | 9           | [95, 97, 98, 99, 100, 101, 102, 103, 104]            | [0.0200, 0.1600, 0.1000, 0.1900, 0.1300, 0.1300, 0.0100, 0.0600, 0.2000]                 | 6.4144   | 0.9000  | 0.8590 

[Per-locus summary - Population 2]
Locus | Num_Alleles | Alleles                                                  | Frequencies                                                                                      | Variance | Obs_Het | Exp_Het
------+-------------+----------------------------------------------------------+--------------------------------------------------------------------------------------------------+----------+---------+--------
1     | 12          | [92, 93, 94, 95, 96, 97, 98, 99, 100, 101, 102, 104]     | [0.0200, 0.1600, 0.0500, 0.0200, 0.0600, 0.1400, 0.0900, 0.0600, 0.0500, 0.1900, 0.1500, 0.0100] | 10.8075  | 0.8400  | 0.8838 
2     | 8           | [98, 100, 101, 102, 103, 104, 105, 106]                  | [0.0800, 0.2200, 0.0400, 0.2300, 0.1900, 0.1700, 0.0500, 0.0200]                                 | 3.8384   | 0.8400  | 0.8311 
3     | 8           | [99, 100, 101, 102, 103, 104, 105, 106]                  | [0.0400, 0.1800, 0.2500, 0.3500, 0.0500, 0.0200, 0.1000, 0.0100]                                 | 2.4300   | 0.7600  | 0.7758 
4     | 10          | [97, 98, 99, 100, 101, 102, 103, 104, 105, 106]          | [0.0500, 0.1400, 0.1100, 0.1800, 0.2000, 0.1600, 0.1100, 0.0200, 0.0100, 0.0200]                 | 3.9264   | 0.9000  | 0.8634 
5     | 12          | [95, 96, 97, 99, 100, 101, 102, 103, 104, 105, 106, 107] | [0.0200, 0.0400, 0.0200, 0.0800, 0.1000, 0.1200, 0.0200, 0.0800, 0.3100, 0.1700, 0.0300, 0.0100] | 7.6244   | 0.8600  | 0.8424 
6     | 9           | [99, 100, 101, 102, 103, 104, 105, 107, 108]             | [0.0300, 0.0700, 0.0900, 0.0700, 0.3100, 0.2400, 0.1600, 0.0100, 0.0200]                         | 3.0656   | 0.7400  | 0.8095 
7     | 5           | [97, 98, 99, 100, 101]                                   | [0.2000, 0.3100, 0.4200, 0.0200, 0.0500]                                                         | 0.9819   | 0.7600  | 0.6915 
8     | 6           | [96, 97, 98, 99, 100, 101]                               | [0.1200, 0.3300, 0.2000, 0.0300, 0.2400, 0.0800]                                                 | 2.4876   | 0.7800  | 0.7796 
9     | 11          | [96, 97, 98, 99, 100, 101, 102, 103, 104, 105, 106]      | [0.0600, 0.0200, 0.0800, 0.0100, 0.1000, 0.0900, 0.0800, 0.2700, 0.1600, 0.1200, 0.0100]         | 6.6579   | 0.8800  | 0.8606 
10    | 6           | [96, 97, 98, 99, 100, 101]                               | [0.0600, 0.1400, 0.2300, 0.0700, 0.3700, 0.1300]                                                 | 2.2164   | 0.7600  | 0.7729 
11    | 7           | [95, 96, 97, 98, 99, 100, 101]                           | [0.0100, 0.1400, 0.3700, 0.3400, 0.0500, 0.0400, 0.0500]                                         | 1.5200   | 0.7200  | 0.7285 
12    | 7           | [100, 101, 102, 103, 104, 105, 106]                      | [0.1400, 0.2300, 0.2400, 0.1200, 0.1900, 0.0700, 0.0100]                                         | 2.4024   | 0.7600  | 0.8226 
13    | 7           | [97, 98, 99, 100, 101, 102, 103]                         | [0.0400, 0.2700, 0.2500, 0.1900, 0.1700, 0.0500, 0.0300]                                         | 2.0275   | 0.7800  | 0.8026 
14    | 7           | [97, 99, 100, 101, 102, 103, 104]                        | [0.0200, 0.1000, 0.2300, 0.1500, 0.2200, 0.2700, 0.0100]                                         | 2.2616   | 0.7800  | 0.8008 
15    | 10          | [98, 99, 100, 101, 102, 103, 104, 105, 106, 107]         | [0.1000, 0.0700, 0.0800, 0.0900, 0.0100, 0.2800, 0.0800, 0.1000, 0.1100, 0.0800]                 | 7.3816   | 0.9400  | 0.8659 
16    | 11          | [96, 97, 98, 99, 100, 101, 102, 103, 104, 105, 106]      | [0.0300, 0.0100, 0.0900, 0.0800, 0.1100, 0.0900, 0.1500, 0.1300, 0.0600, 0.2000, 0.0500]         | 6.9819   | 0.9400  | 0.8877 
17    | 8           | [95, 96, 97, 98, 99, 100, 101, 102]                      | [0.0100, 0.0200, 0.2100, 0.0800, 0.3700, 0.1500, 0.0800, 0.0800]                                 | 2.4475   | 0.7800  | 0.7846 
18    | 7           | [95, 96, 97, 98, 99, 100, 101]                           | [0.0200, 0.4000, 0.1600, 0.2200, 0.0600, 0.1200, 0.0200]                                         | 2.2244   | 0.8600  | 0.7548 
19    | 6           | [91, 92, 93, 94, 95, 96]                                 | [0.0100, 0.1100, 0.2200, 0.5000, 0.1500, 0.0100]                                                 | 0.8500   | 0.6800  | 0.6735 
20    | 9           | [95, 96, 97, 98, 99, 100, 101, 102, 103]                 | [0.0200, 0.1800, 0.1900, 0.2300, 0.1600, 0.1100, 0.0400, 0.0200, 0.0500]                         | 3.5716   | 0.7600  | 0.8444 
21    | 8           | [95, 97, 98, 99, 100, 101, 103, 104]                     | [0.0500, 0.2300, 0.1000, 0.2400, 0.1000, 0.0500, 0.0500, 0.1800]                                 | 7.1284   | 0.8600  | 0.8380 
