
[Simulation Info]
simulation_id = sim_0003296
timestamp     = 20250428_084108
seed          = 696965
output_folder = /home/lejeunet/Bureau/simulations/Ref_table/sim_0003296

[Model Parameters]
pop_size           = 78
num_loci           = 20
sample1_generation = 30
sample2_generation = 10
low_repeats        = 1
high_repeats       = 200
mutation_rate      = 0.001
recap_Ne           = 78

[Sampling Design]
sample1_size_Ne  = 50
sample2_size_Ne  = 50
sample1_size_CMR = 50
sample2_size_CMR = 50

[Capture-Marquage-Recapture]
census_N   =  83
MatchCount =  31

[Ne Estimates - One Sample - Decreasing critical values [0.050, 0.020, 0.010, 0+]]

[Linkage Desequilibrium]
LD_Ne_Pop1 = [536.0, 366.2, 319.0, 319.0]
LD_r2_Pop1 = [0.021896, 0.022181, 0.022314, 0.022314]
LD_Ne_Pop2 = [79.7, 105.9, 97.1, 97.1]
LD_r2_Pop2 = [0.02535, 0.024362, 0.024635, 0.024635]

[Heterozygote excess]
HE_Neb_mean_Pop1        = [38.0, 37.3, 38.6, 38.6]
HE_weighted_D_mean_Pop1 = [0.01333, 0.0136, 0.01311, 0.01311]
HE_Neb_mean_Pop2        = [42.2, 40.9, 40.9, 40.9]
HE_weighted_D_mean_Pop2 = [0.012, 0.01238, 0.01238, 0.01238]

[Molecular Coancestry]
Coan_Neb_n_Pop1 = 28.8
Coan_f1_Pop1    = 0.01736
Coan_Neb_n_Pop2 = None
Coan_f1_Pop2    = -0.01621

[Ne Estimates - Temporal - Decreasing critical values (0.050, 0.020, 0.010, 0+)]

[Pollak]
P_Ne     = [128.7, 119.4, 126.1, 130.1]
P_Fk     = [0.05885, 0.06187, 0.05964, 0.05845]
P_Fprime = [0.03885, 0.04187, 0.03964, 0.03845]

[Nei/Tajima]
N_Ne     = [121.8, 112.9, 117.1, 121.7]
N_Fc     = [0.06105, 0.0643, 0.06268, 0.0611]
N_Fprime = [0.04105, 0.0443, 0.04268, 0.0411]

[Jorde/Ryman]
J_Ne     = [107.5, 106.4, 106.5, 106.7]
J_Fs     = [0.06714, 0.06764, 0.06758, 0.06752]
J_Fprime = [0.0465, 0.04698, 0.04693, 0.04687]

[Genetic Diversity - Heterozygosity]
mean_exp_het_pop1 = 0.3986
mean_obs_het_pop1 = 0.4053
mean_exp_het_pop2 = 0.4203
mean_obs_het_pop2 = 0.4263

[Genetic Diversity - Allele Counts]
mean_alleles_pop1 = 2.33
var_alleles_pop1  = 0.43
sum_alleles_pop1  = 49
mean_alleles_pop2 = 2.45
var_alleles_pop2  = 0.4
sum_alleles_pop2  = 103

[Genetic Diversity - Allelic Size Variance]
var_allele_size_pop1 = 0.4129
var_allele_size_pop2 = 0.4307

[Per-locus summary - Population 1]
Locus | Num_Alleles | Alleles         | Frequencies              | Variance | Obs_Het | Exp_Het
------+-------------+-----------------+--------------------------+----------+---------+--------
1     | 2           | [100, 101]      | [0.8000, 0.2000]         | 0.1600   | 0.3200  | 0.3232 
2     | 1           | [100]           | [1.0000]                 | 0.0000   | NA      | NA     
3     | 3           | [98, 100, 101]  | [0.7600, 0.2300, 0.0100] | 0.7699   | 0.4000  | 0.3731 
4     | 2           | [99, 100]       | [0.2200, 0.7800]         | 0.1716   | 0.3600  | 0.3467 
5     | 2           | [99, 100]       | [0.3300, 0.6700]         | 0.2211   | 0.4200  | 0.4467 
6     | 3           | [99, 100, 101]  | [0.2700, 0.1100, 0.6200] | 0.7675   | 0.5200  | 0.5360 
7     | 3           | [100, 101, 102] | [0.1400, 0.8500, 0.0100] | 0.1331   | 0.2600  | 0.2604 
8     | 2           | [100, 101]      | [0.9700, 0.0300]         | 0.0291   | 0.0600  | 0.0588 
9     | 3           | [99, 100, 101]  | [0.1800, 0.5500, 0.2700] | 0.4419   | 0.5800  | 0.5982 
10    | 3           | [98, 100, 101]  | [0.7300, 0.1700, 0.1000] | 1.1704   | 0.4400  | 0.4325 
11    | 3           | [100, 101, 102] | [0.4000, 0.2600, 0.3400] | 0.7364   | 0.7200  | 0.6634 
12    | 2           | [100, 101]      | [0.3700, 0.6300]         | 0.2331   | 0.3800  | 0.4709 
13    | 1           | [100]           | [1.0000]                 | 0.0000   | NA      | NA     
14    | 3           | [99, 100, 101]  | [0.0300, 0.6700, 0.3000] | 0.2571   | 0.4600  | 0.4648 
15    | 2           | [99, 102]       | [0.3200, 0.6800]         | 1.9584   | 0.4000  | 0.4396 
16    | 2           | [100, 101]      | [0.5300, 0.4700]         | 0.2491   | 0.6600  | 0.5032 
17    | 2           | [99, 101]       | [0.8200, 0.1800]         | 0.5904   | 0.2800  | 0.2982 
18    | 3           | [98, 99, 100]   | [0.0700, 0.5400, 0.3900] | 0.3576   | 0.7400  | 0.5570 
19    | 3           | [99, 100, 101]  | [0.1300, 0.8000, 0.0700] | 0.1964   | 0.2800  | 0.3416 
20    | 2           | [101, 102]      | [0.9900, 0.0100]         | 0.0099   | 0.0200  | 0.0200 
21    | 2           | [99, 100]       | [0.6800, 0.3200]         | 0.2176   | 0.4000  | 0.4396 

[Per-locus summary - Population 2]
Locus | Num_Alleles | Alleles         | Frequencies              | Variance | Obs_Het | Exp_Het
------+-------------+-----------------+--------------------------+----------+---------+--------
1     | 2           | [100, 101]      | [0.6500, 0.3500]         | 0.2275   | 0.5000  | 0.4596 
2     | 2           | [99, 100]       | [0.0600, 0.9400]         | 0.0564   | 0.1200  | 0.1139 
3     | 3           | [97, 98, 100]   | [0.0200, 0.8300, 0.1500] | 0.5416   | 0.2800  | 0.2911 
4     | 2           | [99, 100]       | [0.4500, 0.5500]         | 0.2475   | 0.4600  | 0.5000 
5     | 2           | [99, 100]       | [0.5400, 0.4600]         | 0.2484   | 0.4800  | 0.5018 
6     | 3           | [99, 100, 101]  | [0.3300, 0.1600, 0.5100] | 0.8076   | 0.6000  | 0.6115 
7     | 3           | [100, 101, 102] | [0.0500, 0.9400, 0.0100] | 0.0584   | 0.1200  | 0.1149 
8     | 1           | [100]           | [1.0000]                 | 0.0000   | NA      | NA     
9     | 3           | [99, 100, 101]  | [0.1900, 0.5400, 0.2700] | 0.4536   | 0.6600  | 0.6055 
10    | 3           | [98, 100, 101]  | [0.5600, 0.2500, 0.1900] | 1.5651   | 0.6800  | 0.5937 
11    | 3           | [100, 101, 102] | [0.4600, 0.2200, 0.3200] | 0.7604   | 0.4800  | 0.6440 
12    | 2           | [100, 101]      | [0.4200, 0.5800]         | 0.2436   | 0.5600  | 0.4921 
13    | 3           | [99, 100, 101]  | [0.0100, 0.9600, 0.0300] | 0.0396   | 0.0800  | 0.0782 
14    | 2           | [100, 101]      | [0.7800, 0.2200]         | 0.1716   | 0.3200  | 0.3467 
15    | 3           | [99, 102, 103]  | [0.3000, 0.6800, 0.0200] | 1.9456   | 0.5400  | 0.4517 
16    | 2           | [100, 101]      | [0.6900, 0.3100]         | 0.2139   | 0.5000  | 0.4321 
17    | 2           | [99, 101]       | [0.7500, 0.2500]         | 0.7500   | 0.4200  | 0.3788 
18    | 3           | [98, 99, 100]   | [0.0400, 0.6700, 0.2900] | 0.2675   | 0.3200  | 0.4701 
19    | 2           | [99, 100]       | [0.3400, 0.6600]         | 0.2244   | 0.4800  | 0.4533 
20    | 1           | [101]           | [1.0000]                 | 0.0000   | NA      | NA     
21    | 2           | [99, 100]       | [0.6700, 0.3300]         | 0.2211   | 0.5000  | 0.4467 
