
[Simulation Info]
simulation_id = sim_0009604
timestamp     = 20250428_112517
seed          = 727037
output_folder = /home/lejeunet/Bureau/simulations/Ref_table/sim_0009604

[Model Parameters]
pop_size           = 9512
num_loci           = 20
sample1_generation = 30
sample2_generation = 10
low_repeats        = 1
high_repeats       = 200
mutation_rate      = 0.001
recap_Ne           = 9512

[Sampling Design]
sample1_size_Ne  = 50
sample2_size_Ne  = 50
sample1_size_CMR = 50
sample2_size_CMR = 50

[Capture-Marquage-Recapture]
census_N   =  0
MatchCount =  0
# There were no match between sampling of individuals during CMR.

[Ne Estimates - One Sample - Decreasing critical values [0.050, 0.020, 0.010, 0+]]

[Linkage Desequilibrium]
LD_Ne_Pop1 = [None, 5687.0, 1439.7, 1439.7]
LD_r2_Pop1 = [0.021163, 0.021335, 0.021507, 0.021507]
LD_Ne_Pop2 = [None, None, None, None]
LD_r2_Pop2 = [0.020798, 0.020986, 0.021136, 0.021136]

[Heterozygote excess]
HE_Neb_mean_Pop1        = [34.5, 33.3, 35.0, 35.0]
HE_weighted_D_mean_Pop1 = [0.01472, 0.01523, 0.01449, 0.01449]
HE_Neb_mean_Pop2        = [224.4, 289.5, 671.2, 671.2]
HE_weighted_D_mean_Pop2 = [0.00223, 0.00173, 0.00075, 0.00075]

[Molecular Coancestry]
Coan_Neb_n_Pop1 = 105.1
Coan_f1_Pop1    = 0.00476
Coan_Neb_n_Pop2 = None
Coan_f1_Pop2    = -0.01643

[Ne Estimates - Temporal - Decreasing critical values (0.050, 0.020, 0.010, 0+)]

[Pollak]
P_Ne     = [-7597.5, -2936.5, -3464.9, -3572.2]
P_Fk     = [0.01934, 0.0183, 0.01856, 0.0186]
P_Fprime = [-0.00066, -0.0017, -0.00144, -0.0014]

[Nei/Tajima]
N_Ne     = [-5218.8, -2563.2, -2933.6, -3021.0]
N_Fc     = [0.01904, 0.01805, 0.0183, 0.01834]
N_Fprime = [-0.00096, -0.00195, -0.0017, -0.00166]

[Jorde/Ryman]
J_Ne     = [-4047.5, -2479.6, -2532.6, -2517.5]
J_Fs     = [0.01887, 0.01809, 0.01813, 0.01812]
J_Fprime = [-0.00124, -0.00202, -0.00197, -0.00199]

[Genetic Diversity - Heterozygosity]
mean_exp_het_pop1 = 0.8858
mean_obs_het_pop1 = 0.899
mean_exp_het_pop2 = 0.8883
mean_obs_het_pop2 = 0.8905

[Genetic Diversity - Allele Counts]
mean_alleles_pop1 = 13.0
var_alleles_pop1  = 5.2
sum_alleles_pop1  = 273
mean_alleles_pop2 = 13.86
var_alleles_pop2  = 5.78
sum_alleles_pop2  = 582

[Genetic Diversity - Allelic Size Variance]
var_allele_size_pop1 = 11.3597
var_allele_size_pop2 = 11.8703

[Per-locus summary - Population 1]
Locus | Num_Alleles | Alleles                                                                           | Frequencies                                                                                                                                      | Variance | Obs_Het | Exp_Het
------+-------------+-----------------------------------------------------------------------------------+--------------------------------------------------------------------------------------------------------------------------------------------------+----------+---------+--------
1     | 11          | [91, 94, 95, 96, 97, 98, 99, 100, 101, 112, 113]                                  | [0.0300, 0.0400, 0.0400, 0.0900, 0.1700, 0.2100, 0.1900, 0.1300, 0.0600, 0.0100, 0.0300]                                                         | 12.8156  | 0.9400  | 0.8659 
2     | 18          | [87, 88, 89, 90, 91, 92, 93, 94, 95, 96, 97, 98, 99, 100, 101, 102, 103, 104]     | [0.0100, 0.1500, 0.0900, 0.1000, 0.1000, 0.1200, 0.0300, 0.0100, 0.0300, 0.0200, 0.0200, 0.0200, 0.0200, 0.0800, 0.0600, 0.0800, 0.0400, 0.0200] | 28.4396  | 0.9200  | 0.9222 
3     | 11          | [97, 98, 99, 100, 101, 102, 103, 104, 105, 106, 107]                              | [0.0300, 0.0700, 0.0500, 0.1100, 0.0700, 0.1100, 0.2300, 0.1100, 0.1600, 0.0100, 0.0500]                                                         | 6.2275   | 0.9000  | 0.8782 
4     | 13          | [94, 95, 96, 97, 98, 99, 100, 101, 102, 103, 104, 105, 106]                       | [0.0100, 0.1000, 0.0900, 0.0500, 0.0200, 0.0200, 0.0500, 0.0700, 0.0700, 0.2200, 0.1500, 0.1300, 0.0200]                                         | 12.3179  | 0.8400  | 0.8869 
5     | 14          | [89, 90, 91, 92, 93, 94, 95, 96, 97, 98, 99, 100, 101, 104]                       | [0.0400, 0.0500, 0.1700, 0.1200, 0.0400, 0.0800, 0.0800, 0.0500, 0.0800, 0.1000, 0.0800, 0.0800, 0.0100, 0.0200]                                 | 13.2116  | 0.9200  | 0.9152 
6     | 9           | [95, 97, 98, 99, 100, 101, 102, 103, 104]                                         | [0.0100, 0.0100, 0.0200, 0.0400, 0.1100, 0.2000, 0.2800, 0.2500, 0.0800]                                                                         | 2.5211   | 0.7600  | 0.8065 
7     | 14          | [86, 88, 89, 90, 91, 92, 93, 94, 95, 96, 101, 102, 103, 104]                      | [0.0400, 0.1000, 0.0800, 0.1000, 0.2200, 0.1300, 0.1300, 0.0300, 0.0600, 0.0300, 0.0400, 0.0100, 0.0200, 0.0100]                                 | 13.7499  | 0.9600  | 0.8911 
8     | 12          | [96, 99, 100, 101, 102, 103, 104, 105, 106, 107, 108, 110]                        | [0.0900, 0.0300, 0.1200, 0.0900, 0.0800, 0.1000, 0.0900, 0.2500, 0.0600, 0.0600, 0.0100, 0.0200]                                                 | 10.2011  | 0.9000  | 0.8826 
9     | 14          | [94, 97, 98, 99, 100, 101, 102, 103, 104, 105, 106, 107, 108, 109]                | [0.0300, 0.1400, 0.1400, 0.0400, 0.0800, 0.2400, 0.1200, 0.0300, 0.0300, 0.0500, 0.0200, 0.0200, 0.0300, 0.0300]                                 | 11.0859  | 0.8800  | 0.8818 
10    | 16          | [85, 86, 87, 89, 90, 91, 92, 93, 94, 95, 96, 98, 99, 102, 104, 105]               | [0.0300, 0.0200, 0.0100, 0.0500, 0.0300, 0.1200, 0.1100, 0.0900, 0.1300, 0.0600, 0.1200, 0.0800, 0.0600, 0.0300, 0.0200, 0.0400]                 | 19.5524  | 0.9800  | 0.9220 
11    | 11          | [97, 102, 103, 104, 105, 106, 107, 108, 109, 110, 111]                            | [0.0500, 0.0100, 0.0900, 0.2400, 0.1700, 0.1800, 0.0200, 0.0700, 0.0300, 0.0600, 0.0800]                                                         | 9.4096   | 0.9800  | 0.8628 
12    | 12          | [93, 94, 95, 96, 97, 98, 99, 100, 101, 102, 106, 107]                             | [0.0900, 0.1100, 0.1000, 0.2600, 0.0600, 0.0300, 0.0400, 0.1000, 0.1400, 0.0400, 0.0100, 0.0200]                                                 | 10.1339  | 0.8400  | 0.8731 
13    | 13          | [91, 92, 95, 98, 99, 100, 101, 102, 103, 104, 105, 106, 107]                      | [0.0100, 0.0300, 0.0300, 0.0300, 0.1700, 0.2100, 0.2100, 0.0800, 0.0300, 0.0300, 0.0500, 0.0700, 0.0500]                                         | 10.4779  | 0.8000  | 0.8707 
14    | 13          | [98, 99, 101, 102, 103, 104, 105, 106, 107, 108, 109, 110, 112]                   | [0.0700, 0.0100, 0.0900, 0.0600, 0.0600, 0.2500, 0.0800, 0.0800, 0.1600, 0.0700, 0.0300, 0.0300, 0.0100]                                         | 9.0699   | 0.9200  | 0.8808 
15    | 18          | [89, 91, 92, 93, 94, 95, 96, 98, 99, 100, 101, 102, 103, 104, 105, 106, 107, 108] | [0.0300, 0.0100, 0.0200, 0.0200, 0.0500, 0.0400, 0.0600, 0.0300, 0.0100, 0.0400, 0.0800, 0.0400, 0.1500, 0.1400, 0.1700, 0.0400, 0.0400, 0.0300] | 22.4275  | 0.9000  | 0.9139 
16    | 10          | [95, 96, 97, 98, 99, 100, 101, 102, 103, 104]                                     | [0.0200, 0.0600, 0.0900, 0.2200, 0.1900, 0.1200, 0.2000, 0.0500, 0.0400, 0.0100]                                                                 | 3.6516   | 0.9200  | 0.8533 
17    | 12          | [98, 99, 100, 101, 102, 103, 104, 105, 106, 107, 108, 109]                        | [0.0300, 0.0200, 0.0100, 0.1200, 0.1200, 0.1100, 0.1400, 0.1400, 0.1700, 0.0500, 0.0800, 0.0100]                                                 | 6.2091   | 0.9000  | 0.8895 
18    | 14          | [95, 96, 97, 98, 99, 100, 101, 102, 103, 104, 105, 106, 107, 108]                 | [0.0100, 0.0400, 0.1100, 0.1700, 0.1500, 0.0700, 0.0600, 0.0900, 0.0700, 0.0300, 0.0500, 0.0800, 0.0400, 0.0300]                                 | 11.6259  | 0.9000  | 0.9101 
19    | 13          | [91, 92, 93, 94, 95, 96, 97, 98, 99, 100, 101, 102, 103]                          | [0.0100, 0.0300, 0.0500, 0.0300, 0.1700, 0.1200, 0.1000, 0.0700, 0.1400, 0.0800, 0.1300, 0.0600, 0.0100]                                         | 8.0099   | 0.8600  | 0.8998 
20    | 13          | [103, 104, 105, 106, 107, 108, 109, 110, 111, 112, 113, 115, 116]                 | [0.0800, 0.2100, 0.0900, 0.0900, 0.1600, 0.1200, 0.0900, 0.0400, 0.0400, 0.0300, 0.0300, 0.0100, 0.0100]                                         | 8.3604   | 0.9200  | 0.8889 
21    | 12          | [90, 91, 92, 93, 94, 95, 96, 97, 98, 99, 100, 103]                                | [0.0500, 0.1000, 0.1400, 0.0500, 0.1000, 0.0900, 0.0700, 0.1400, 0.1400, 0.0700, 0.0400, 0.0100]                                                 | 9.0564   | 0.9400  | 0.9057 

[Per-locus summary - Population 2]
Locus | Num_Alleles | Alleles                                                                           | Frequencies                                                                                                                                      | Variance | Obs_Het | Exp_Het
------+-------------+-----------------------------------------------------------------------------------+--------------------------------------------------------------------------------------------------------------------------------------------------+----------+---------+--------
1     | 11          | [94, 95, 96, 97, 98, 99, 100, 101, 109, 112, 113]                                 | [0.0400, 0.0700, 0.1300, 0.1800, 0.2400, 0.1400, 0.1100, 0.0300, 0.0100, 0.0300, 0.0200]                                                         | 14.1891  | 0.9000  | 0.8612 
2     | 16          | [87, 88, 89, 90, 91, 92, 93, 95, 96, 97, 98, 99, 100, 101, 102, 104]              | [0.0100, 0.1600, 0.1100, 0.0400, 0.1300, 0.1100, 0.0700, 0.0300, 0.0200, 0.0200, 0.0100, 0.0200, 0.0700, 0.1200, 0.0500, 0.0300]                 | 26.8339  | 0.9800  | 0.9109 
3     | 11          | [97, 98, 99, 100, 101, 102, 103, 104, 105, 106, 107]                              | [0.0200, 0.0800, 0.1600, 0.0600, 0.0500, 0.1000, 0.1500, 0.1100, 0.2300, 0.0200, 0.0200]                                                         | 6.9611   | 0.9200  | 0.8719 
4     | 13          | [94, 95, 96, 97, 98, 99, 101, 102, 103, 104, 105, 106, 107]                       | [0.0200, 0.0900, 0.0800, 0.0200, 0.0400, 0.0100, 0.0500, 0.1300, 0.2300, 0.2200, 0.0600, 0.0400, 0.0100]                                         | 12.0875  | 0.8800  | 0.8657 
5     | 16          | [88, 89, 90, 91, 92, 93, 94, 95, 96, 97, 98, 99, 100, 101, 102, 104]              | [0.0100, 0.0300, 0.1000, 0.1700, 0.0800, 0.0400, 0.0900, 0.0600, 0.0700, 0.0700, 0.1100, 0.0600, 0.0300, 0.0100, 0.0500, 0.0200]                 | 15.1376  | 0.9000  | 0.9202 
6     | 11          | [93, 95, 97, 98, 99, 100, 101, 102, 103, 104, 105]                                | [0.0100, 0.0200, 0.0200, 0.0100, 0.0800, 0.1000, 0.1800, 0.2400, 0.2100, 0.1100, 0.0200]                                                         | 4.3300   | 0.8600  | 0.8444 
7     | 16          | [84, 86, 87, 88, 89, 90, 91, 92, 93, 94, 95, 96, 100, 101, 103, 104]              | [0.0100, 0.0400, 0.0100, 0.1300, 0.0400, 0.0500, 0.2200, 0.1300, 0.1600, 0.0700, 0.0500, 0.0400, 0.0100, 0.0200, 0.0100, 0.0100]                 | 11.5771  | 0.8800  | 0.8854 
8     | 13          | [95, 96, 97, 99, 100, 101, 102, 103, 104, 105, 106, 107, 108]                     | [0.0200, 0.1300, 0.0400, 0.0100, 0.1400, 0.0500, 0.0600, 0.1000, 0.0600, 0.2000, 0.1000, 0.0700, 0.0200]                                         | 13.5259  | 0.9200  | 0.8953 
9     | 15          | [94, 95, 97, 98, 99, 100, 101, 102, 103, 104, 105, 106, 107, 108, 109]            | [0.0100, 0.0100, 0.1400, 0.1100, 0.0600, 0.0500, 0.1700, 0.1200, 0.0400, 0.0400, 0.0700, 0.0500, 0.0400, 0.0500, 0.0400]                         | 13.5051  | 0.9200  | 0.9115 
10    | 15          | [88, 89, 90, 91, 92, 93, 94, 95, 96, 98, 99, 102, 103, 105, 106]                  | [0.0100, 0.0500, 0.0400, 0.1400, 0.0900, 0.1300, 0.1100, 0.1600, 0.0600, 0.0800, 0.0400, 0.0300, 0.0200, 0.0300, 0.0100]                         | 15.0691  | 0.7800  | 0.9087 
11    | 14          | [96, 97, 99, 103, 104, 105, 106, 107, 108, 109, 110, 111, 112, 113]               | [0.0100, 0.0700, 0.0200, 0.0600, 0.1500, 0.1500, 0.1200, 0.0500, 0.0900, 0.0500, 0.0600, 0.1500, 0.0100, 0.0100]                                 | 15.3600  | 0.9200  | 0.9012 
12    | 16          | [91, 92, 93, 94, 95, 96, 97, 98, 99, 100, 101, 102, 103, 106, 107, 108]           | [0.0100, 0.0400, 0.0400, 0.1100, 0.1000, 0.2500, 0.1100, 0.0400, 0.0200, 0.0400, 0.1600, 0.0200, 0.0100, 0.0100, 0.0300, 0.0100]                 | 12.4700  | 0.8400  | 0.8780 
13    | 13          | [91, 92, 95, 98, 99, 100, 101, 102, 103, 104, 105, 106, 107]                      | [0.0100, 0.0400, 0.0300, 0.0300, 0.1600, 0.1700, 0.1300, 0.1200, 0.0600, 0.0600, 0.1000, 0.0400, 0.0500]                                         | 11.6900  | 0.9000  | 0.8984 
14    | 14          | [98, 99, 101, 102, 103, 104, 105, 106, 107, 108, 109, 110, 112, 113]              | [0.0400, 0.0100, 0.0800, 0.0900, 0.0900, 0.2200, 0.0400, 0.0700, 0.1800, 0.0700, 0.0500, 0.0300, 0.0200, 0.0100]                                 | 9.5656   | 0.9200  | 0.8885 
15    | 18          | [89, 91, 92, 93, 94, 95, 96, 97, 98, 100, 101, 102, 103, 104, 105, 106, 107, 108] | [0.0400, 0.0300, 0.0200, 0.0100, 0.0300, 0.0300, 0.0500, 0.0100, 0.0300, 0.0200, 0.1000, 0.0800, 0.2300, 0.0800, 0.1300, 0.0600, 0.0200, 0.0300] | 22.7500  | 0.8800  | 0.9028 
16    | 9           | [95, 96, 97, 98, 99, 100, 101, 102, 103]                                          | [0.0100, 0.0100, 0.1100, 0.2000, 0.2000, 0.2000, 0.1300, 0.0700, 0.0700]                                                                         | 3.1484   | 0.8600  | 0.8495 
17    | 12          | [98, 99, 100, 101, 102, 103, 104, 105, 106, 107, 108, 109]                        | [0.0100, 0.0200, 0.0200, 0.0700, 0.1400, 0.1400, 0.1700, 0.1800, 0.1700, 0.0600, 0.0100, 0.0100]                                                 | 4.3136   | 0.8800  | 0.8697 
18    | 13          | [95, 96, 97, 98, 99, 100, 101, 102, 103, 104, 105, 106, 107]                      | [0.0200, 0.0800, 0.0900, 0.0600, 0.0800, 0.0800, 0.1700, 0.0400, 0.0800, 0.0900, 0.0500, 0.0600, 0.1000]                                         | 12.0971  | 0.8400  | 0.9168 
19    | 11          | [92, 93, 94, 95, 96, 97, 98, 99, 100, 101, 102]                                   | [0.0400, 0.1300, 0.0500, 0.1500, 0.1900, 0.0800, 0.0400, 0.1000, 0.0900, 0.1100, 0.0200]                                                         | 7.7339   | 0.9600  | 0.8907 
20    | 12          | [103, 104, 105, 106, 107, 108, 109, 110, 111, 112, 113, 116]                      | [0.0800, 0.1400, 0.1400, 0.0800, 0.0800, 0.1500, 0.1800, 0.0500, 0.0200, 0.0600, 0.0100, 0.0100]                                                 | 7.4819   | 0.8800  | 0.8889 
21    | 13          | [90, 91, 92, 93, 94, 95, 96, 97, 98, 99, 100, 105, 106]                           | [0.0100, 0.0700, 0.1300, 0.1100, 0.0700, 0.1100, 0.1200, 0.0900, 0.1900, 0.0600, 0.0100, 0.0200, 0.0100]                                         | 9.4484   | 0.8800  | 0.8952 
