
[Simulation Info]
simulation_id = sim_0002418
timestamp     = 20250428_082146
seed          = 204070
output_folder = /home/lejeunet/Bureau/simulations/Ref_table/sim_0002418

[Model Parameters]
pop_size           = 2655
num_loci           = 20
sample1_generation = 30
sample2_generation = 10
low_repeats        = 1
high_repeats       = 200
mutation_rate      = 0.001
recap_Ne           = 2655

[Sampling Design]
sample1_size_Ne  = 50
sample2_size_Ne  = 50
sample1_size_CMR = 50
sample2_size_CMR = 50

[Capture-Marquage-Recapture]
census_N   =  2601
MatchCount =  1

[Ne Estimates - One Sample - Decreasing critical values [0.050, 0.020, 0.010, 0+]]

[Linkage Desequilibrium]
LD_Ne_Pop1 = [32595.4, 3295.0, None, None]
LD_r2_Pop1 = [0.021286, 0.021377, 0.021271, 0.021271]
LD_Ne_Pop2 = [None, None, None, None]
LD_r2_Pop2 = [0.020903, 0.021001, 0.021132, 0.021132]

[Heterozygote excess]
HE_Neb_mean_Pop1        = [None, None, None, None]
HE_weighted_D_mean_Pop1 = [-0.00856, -0.00287, -0.0032, -0.0032]
HE_Neb_mean_Pop2        = [46.5, 85.5, 100.5, 100.5]
HE_weighted_D_mean_Pop2 = [0.01087, 0.00588, 0.005, 0.005]

[Molecular Coancestry]
Coan_Neb_n_Pop1 = 84.1
Coan_f1_Pop1    = 0.00594
Coan_Neb_n_Pop2 = 221.1
Coan_f1_Pop2    = 0.00226

[Ne Estimates - Temporal - Decreasing critical values (0.050, 0.020, 0.010, 0+)]

[Pollak]
P_Ne     = [2184.3, 2478.9, 2241.6, 2754.7]
P_Fk     = [0.02229, 0.02202, 0.02223, 0.02182]
P_Fprime = [0.00229, 0.00202, 0.00223, 0.00182]

[Nei/Tajima]
N_Ne     = [2489.4, 2818.6, 2539.5, 3114.5]
N_Fc     = [0.02201, 0.02177, 0.02197, 0.02161]
N_Fprime = [0.00201, 0.00177, 0.00197, 0.00161]

[Jorde/Ryman]
J_Ne     = [2186.8, 2450.8, 2350.7, 2405.5]
J_Fs     = [0.02239, 0.02214, 0.02223, 0.02218]
J_Fprime = [0.00229, 0.00204, 0.00213, 0.00208]

[Genetic Diversity - Heterozygosity]
mean_exp_het_pop1 = 0.7995
mean_obs_het_pop1 = 0.7886
mean_exp_het_pop2 = 0.7946
mean_obs_het_pop2 = 0.7962

[Genetic Diversity - Allele Counts]
mean_alleles_pop1 = 9.05
var_alleles_pop1  = 3.15
sum_alleles_pop1  = 190
mean_alleles_pop2 = 9.31
var_alleles_pop2  = 4.46
sum_alleles_pop2  = 391

[Genetic Diversity - Allelic Size Variance]
var_allele_size_pop1 = 13.8803
var_allele_size_pop2 = 13.8814

[Per-locus summary - Population 1]
Locus | Num_Alleles | Alleles                                                    | Frequencies                                                                                      | Variance | Obs_Het | Exp_Het
------+-------------+------------------------------------------------------------+--------------------------------------------------------------------------------------------------+----------+---------+--------
1     | 8           | [94, 95, 96, 97, 98, 99, 100, 101]                         | [0.0100, 0.0800, 0.1700, 0.1500, 0.0600, 0.0500, 0.3700, 0.1100]                                 | 4.1075   | 0.7600  | 0.7950 
2     | 9           | [94, 95, 96, 97, 98, 99, 100, 101, 102]                    | [0.0100, 0.1400, 0.0600, 0.0600, 0.1300, 0.1800, 0.2400, 0.1500, 0.0300]                         | 4.3419   | 0.8800  | 0.8513 
3     | 12          | [87, 88, 89, 90, 91, 92, 93, 94, 95, 96, 97, 98]           | [0.0100, 0.0100, 0.0500, 0.0700, 0.0300, 0.0700, 0.2200, 0.0800, 0.1600, 0.1200, 0.1600, 0.0200] | 6.3675   | 0.8400  | 0.8746 
4     | 8           | [98, 99, 100, 101, 102, 103, 104, 105]                     | [0.0100, 0.0200, 0.0400, 0.1600, 0.3700, 0.3200, 0.0700, 0.0100]                                 | 1.3275   | 0.8200  | 0.7353 
5     | 8           | [95, 96, 97, 98, 99, 100, 102, 103]                        | [0.0200, 0.3000, 0.0500, 0.0200, 0.0200, 0.1600, 0.3900, 0.0400]                                 | 7.3979   | 0.7200  | 0.7343 
6     | 9           | [92, 93, 94, 95, 103, 104, 107, 108, 109]                  | [0.1200, 0.1600, 0.2000, 0.0300, 0.0500, 0.1400, 0.0600, 0.0800, 0.1600]                         | 47.1316  | 0.8400  | 0.8701 
7     | 12          | [92, 93, 94, 95, 96, 97, 98, 99, 100, 101, 102, 103]       | [0.1100, 0.0900, 0.0700, 0.0100, 0.1100, 0.0200, 0.1000, 0.0100, 0.0300, 0.3500, 0.0600, 0.0400] | 13.1100  | 0.8600  | 0.8319 
8     | 8           | [96, 97, 98, 99, 100, 101, 102, 103]                       | [0.1600, 0.3500, 0.1800, 0.1000, 0.0900, 0.0200, 0.0900, 0.0100]                                 | 3.3136   | 0.7800  | 0.8008 
9     | 9           | [97, 98, 99, 100, 101, 102, 103, 104, 105]                 | [0.0600, 0.0900, 0.0800, 0.2100, 0.2200, 0.1600, 0.1600, 0.0100, 0.0100]                         | 3.2411   | 0.8400  | 0.8465 
10    | 9           | [85, 86, 87, 88, 89, 90, 91, 92, 93]                       | [0.0100, 0.0900, 0.0200, 0.1400, 0.1700, 0.0600, 0.1500, 0.1300, 0.2300]                         | 5.3076   | 0.9000  | 0.8556 
11    | 8           | [92, 93, 94, 100, 101, 102, 103, 104]                      | [0.0300, 0.2600, 0.1300, 0.0100, 0.0500, 0.4000, 0.1100, 0.0100]                                 | 19.5156  | 0.7000  | 0.7473 
12    | 9           | [97, 98, 99, 100, 101, 106, 109, 110, 111]                 | [0.0100, 0.0500, 0.1600, 0.0600, 0.0600, 0.0200, 0.3400, 0.2200, 0.0800]                         | 24.0891  | 0.7600  | 0.8018 
13    | 7           | [96, 97, 98, 99, 101, 102, 103]                            | [0.0300, 0.1400, 0.2500, 0.1100, 0.0400, 0.3800, 0.0500]                                         | 4.8200   | 0.7800  | 0.7640 
14    | 8           | [95, 96, 97, 98, 104, 105, 106, 107]                       | [0.0300, 0.3500, 0.0800, 0.0100, 0.0200, 0.1800, 0.1800, 0.1500]                                 | 24.0700  | 0.7200  | 0.7903 
15    | 7           | [105, 106, 107, 108, 109, 110, 111]                        | [0.0900, 0.0200, 0.1000, 0.2100, 0.3300, 0.2300, 0.0200]                                         | 2.2264   | 0.7400  | 0.7830 
16    | 9           | [91, 94, 98, 99, 100, 101, 102, 103, 104]                  | [0.0500, 0.0100, 0.0300, 0.1500, 0.0800, 0.4600, 0.1100, 0.0200, 0.0900]                         | 7.0556   | 0.7400  | 0.7428 
17    | 11          | [95, 96, 98, 99, 102, 103, 104, 105, 107, 108, 109]        | [0.0300, 0.1100, 0.0800, 0.0300, 0.0400, 0.3400, 0.0600, 0.1300, 0.0300, 0.0900, 0.0600]         | 15.1976  | 0.9200  | 0.8378 
18    | 9           | [91, 93, 94, 95, 96, 107, 108, 109, 110]                   | [0.0100, 0.2000, 0.2400, 0.0100, 0.0200, 0.0800, 0.2100, 0.1500, 0.0800]                         | 55.5611  | 0.8200  | 0.8307 
19    | 12          | [90, 91, 92, 96, 97, 98, 99, 100, 104, 105, 106, 107]      | [0.0200, 0.1000, 0.0600, 0.1300, 0.0500, 0.0200, 0.0700, 0.0100, 0.0500, 0.1900, 0.1400, 0.1600] | 34.4875  | 0.8200  | 0.8863 
20    | 12          | [98, 99, 100, 101, 102, 103, 104, 105, 106, 107, 108, 109] | [0.0100, 0.0200, 0.0400, 0.0200, 0.1700, 0.0500, 0.0700, 0.0100, 0.0100, 0.4700, 0.1200, 0.0100] | 7.4200   | 0.6600  | 0.7329 
21    | 6           | [98, 99, 100, 101, 102, 103]                               | [0.0100, 0.1300, 0.1700, 0.1500, 0.5100, 0.0300]                                                 | 1.3979   | 0.6600  | 0.6774 

[Per-locus summary - Population 2]
Locus | Num_Alleles | Alleles                                                    | Frequencies                                                                                              | Variance | Obs_Het | Exp_Het
------+-------------+------------------------------------------------------------+----------------------------------------------------------------------------------------------------------+----------+---------+--------
1     | 8           | [94, 95, 96, 97, 98, 99, 100, 101]                         | [0.0100, 0.0700, 0.1400, 0.2000, 0.0800, 0.0400, 0.4100, 0.0500]                                         | 3.6016   | 0.8200  | 0.7644 
2     | 8           | [95, 96, 97, 98, 99, 100, 101, 102]                        | [0.1200, 0.1000, 0.0500, 0.1200, 0.2200, 0.1700, 0.2000, 0.0200]                                         | 4.1531   | 0.9200  | 0.8495 
3     | 11          | [88, 89, 90, 91, 92, 93, 94, 95, 96, 97, 98]               | [0.0600, 0.0800, 0.1000, 0.0100, 0.0500, 0.1300, 0.1300, 0.1400, 0.1100, 0.1700, 0.0200]                 | 8.3891   | 0.9000  | 0.8915 
4     | 6           | [99, 100, 101, 102, 103, 104]                              | [0.0100, 0.0300, 0.1300, 0.2300, 0.5000, 0.1000]                                                         | 1.0096   | 0.6600  | 0.6760 
5     | 9           | [95, 96, 97, 98, 99, 100, 101, 102, 103]                   | [0.0600, 0.1700, 0.0100, 0.0500, 0.0200, 0.1600, 0.0200, 0.4700, 0.0400]                                 | 6.7875   | 0.7400  | 0.7232 
6     | 10          | [91, 92, 93, 94, 95, 103, 104, 107, 108, 109]              | [0.0300, 0.1200, 0.1300, 0.1400, 0.0100, 0.0300, 0.1500, 0.1300, 0.1400, 0.1200]                         | 48.8971  | 0.8600  | 0.8826 
7     | 13          | [92, 93, 94, 95, 96, 97, 98, 99, 100, 101, 102, 103, 104]  | [0.1500, 0.0100, 0.0400, 0.0400, 0.1300, 0.0100, 0.1100, 0.0200, 0.0700, 0.2600, 0.1300, 0.0100, 0.0200] | 12.8531  | 0.9200  | 0.8634 
8     | 8           | [95, 96, 97, 98, 99, 100, 101, 102]                        | [0.0100, 0.1400, 0.4300, 0.1800, 0.0800, 0.0600, 0.0300, 0.0700]                                         | 2.7611   | 0.8200  | 0.7548 
9     | 9           | [96, 97, 98, 99, 100, 101, 102, 103, 104]                  | [0.0100, 0.0100, 0.0800, 0.0800, 0.1900, 0.2300, 0.1600, 0.2300, 0.0100]                                 | 2.8091   | 0.7800  | 0.8277 
10    | 9           | [85, 86, 87, 88, 89, 90, 91, 92, 93]                       | [0.0600, 0.0900, 0.0300, 0.1200, 0.1000, 0.0700, 0.1100, 0.1500, 0.2700]                                 | 6.9131   | 0.7600  | 0.8592 
11    | 11          | [91, 92, 93, 94, 95, 100, 101, 102, 103, 104, 105]         | [0.0100, 0.0600, 0.1800, 0.1500, 0.0100, 0.0300, 0.1500, 0.3100, 0.0400, 0.0500, 0.0100]                 | 19.2304  | 0.8200  | 0.8259 
12    | 7           | [98, 99, 100, 101, 109, 110, 111]                          | [0.0900, 0.2200, 0.0600, 0.0600, 0.3700, 0.1200, 0.0800]                                                 | 26.5851  | 0.8000  | 0.7865 
13    | 7           | [96, 97, 98, 99, 101, 102, 103]                            | [0.0500, 0.0500, 0.2700, 0.0600, 0.0400, 0.4700, 0.0600]                                                 | 4.8059   | 0.7200  | 0.6994 
14    | 7           | [96, 97, 104, 105, 106, 107, 108]                          | [0.3900, 0.0800, 0.0100, 0.2300, 0.1500, 0.1100, 0.0300]                                                 | 23.8900  | 0.7600  | 0.7606 
15    | 6           | [105, 106, 107, 108, 109, 110]                             | [0.1000, 0.0100, 0.1000, 0.2500, 0.3200, 0.2200]                                                         | 2.1244   | 0.8400  | 0.7743 
16    | 8           | [91, 98, 99, 100, 101, 102, 103, 104]                      | [0.1000, 0.0500, 0.1800, 0.0400, 0.4500, 0.0800, 0.0100, 0.0900]                                         | 10.7476  | 0.7800  | 0.7438 
17    | 12          | [96, 98, 99, 101, 102, 103, 104, 105, 106, 107, 108, 109]  | [0.0400, 0.0500, 0.0100, 0.0100, 0.1000, 0.2600, 0.0600, 0.1700, 0.0100, 0.0100, 0.1900, 0.0900]         | 10.8771  | 0.9200  | 0.8497 
18    | 10          | [91, 93, 94, 95, 96, 106, 107, 108, 109, 110]              | [0.0200, 0.1900, 0.2800, 0.0100, 0.0100, 0.0300, 0.0300, 0.1400, 0.1800, 0.1100]                         | 57.6075  | 0.7800  | 0.8273 
19    | 13          | [90, 91, 92, 96, 97, 98, 99, 100, 104, 105, 106, 107, 108] | [0.0200, 0.0400, 0.0800, 0.1800, 0.0200, 0.0500, 0.0700, 0.0200, 0.0700, 0.2600, 0.1100, 0.0700, 0.0100] | 28.9044  | 0.7800  | 0.8701 
20    | 10          | [99, 100, 101, 102, 103, 104, 105, 107, 108, 109]          | [0.0200, 0.0600, 0.0500, 0.1200, 0.0300, 0.1200, 0.0300, 0.4400, 0.1200, 0.0100]                         | 7.3256   | 0.7400  | 0.7624 
21    | 6           | [98, 99, 100, 101, 102, 103]                               | [0.0300, 0.0500, 0.1500, 0.2500, 0.4700, 0.0500]                                                         | 1.2371   | 0.6000  | 0.6952 
