
[Simulation Info]
simulation_id = sim_0002513
timestamp     = 20250428_082339
seed          = 496364
output_folder = /home/lejeunet/Bureau/simulations/Ref_table/sim_0002513

[Model Parameters]
pop_size           = 1439
num_loci           = 20
sample1_generation = 30
sample2_generation = 10
low_repeats        = 1
high_repeats       = 200
mutation_rate      = 0.001
recap_Ne           = 1439

[Sampling Design]
sample1_size_Ne  = 50
sample2_size_Ne  = 50
sample1_size_CMR = 50
sample2_size_CMR = 50

[Capture-Marquage-Recapture]
census_N   =  2601
MatchCount =  1

[Ne Estimates - One Sample - Decreasing critical values [0.050, 0.020, 0.010, 0+]]

[Linkage Desequilibrium]
LD_Ne_Pop1 = [427.5, 376.3, 661.0, 661.0]
LD_r2_Pop1 = [0.022052, 0.022157, 0.021779, 0.021779]
LD_Ne_Pop2 = [None, None, 37343.5, 37343.5]
LD_r2_Pop2 = [0.020867, 0.021105, 0.021285, 0.021285]

[Heterozygote excess]
HE_Neb_mean_Pop1        = [57.6, 112.4, 127.2, 127.2]
HE_weighted_D_mean_Pop1 = [0.00875, 0.00447, 0.00395, 0.00395]
HE_Neb_mean_Pop2        = [89.1, 92.6, 96.4, 96.4]
HE_weighted_D_mean_Pop2 = [0.00564, 0.00543, 0.00521, 0.00521]

[Molecular Coancestry]
Coan_Neb_n_Pop1 = None
Coan_f1_Pop1    = -0.02088
Coan_Neb_n_Pop2 = None
Coan_f1_Pop2    = -0.00183

[Ne Estimates - Temporal - Decreasing critical values (0.050, 0.020, 0.010, 0+)]

[Pollak]
P_Ne     = [1915.4, 2070.1, 1665.5, 1761.9]
P_Fk     = [0.02261, 0.02242, 0.023, 0.02284]
P_Fprime = [0.00261, 0.00242, 0.003, 0.00284]

[Nei/Tajima]
N_Ne     = [1886.6, 2065.3, 1712.8, 1800.6]
N_Fc     = [0.02265, 0.02242, 0.02292, 0.02278]
N_Fprime = [0.00265, 0.00242, 0.00292, 0.00278]

[Jorde/Ryman]
J_Ne     = [1305.0, 1349.9, 1315.5, 1320.0]
J_Fs     = [0.02394, 0.02381, 0.0239, 0.02389]
J_Fprime = [0.00383, 0.0037, 0.0038, 0.00379]

[Genetic Diversity - Heterozygosity]
mean_exp_het_pop1 = 0.74
mean_obs_het_pop1 = 0.7467
mean_exp_het_pop2 = 0.7449
mean_obs_het_pop2 = 0.7448

[Genetic Diversity - Allele Counts]
mean_alleles_pop1 = 7.24
var_alleles_pop1  = 2.79
sum_alleles_pop1  = 152
mean_alleles_pop2 = 7.36
var_alleles_pop2  = 2.87
sum_alleles_pop2  = 309

[Genetic Diversity - Allelic Size Variance]
var_allele_size_pop1 = 8.674
var_allele_size_pop2 = 8.6299

[Per-locus summary - Population 1]
Locus | Num_Alleles | Alleles                                        | Frequencies                                                                      | Variance | Obs_Het | Exp_Het
------+-------------+------------------------------------------------+----------------------------------------------------------------------------------+----------+---------+--------
1     | 6           | [94, 96, 97, 98, 99, 100]                      | [0.0100, 0.2300, 0.3000, 0.2100, 0.2400, 0.0100]                                 | 1.3684   | 0.7600  | 0.7628 
2     | 8           | [96, 97, 98, 99, 100, 101, 102, 103]           | [0.0600, 0.2800, 0.0900, 0.0200, 0.0600, 0.2000, 0.2700, 0.0200]                 | 5.0896   | 0.8000  | 0.8006 
3     | 10          | [93, 94, 95, 96, 101, 102, 103, 104, 105, 106] | [0.1700, 0.1200, 0.0400, 0.0100, 0.1700, 0.0400, 0.0100, 0.0400, 0.3900, 0.0100] | 24.8900  | 0.7800  | 0.7784 
4     | 7           | [94, 95, 96, 97, 103, 104, 105]                | [0.1500, 0.2300, 0.0200, 0.0800, 0.4300, 0.0300, 0.0600]                         | 17.6044  | 0.7200  | 0.7358 
5     | 8           | [95, 97, 98, 99, 100, 101, 102, 103]           | [0.0100, 0.2300, 0.0200, 0.1100, 0.4700, 0.0300, 0.1100, 0.0200]                 | 2.8236   | 0.7600  | 0.7073 
6     | 5           | [95, 96, 97, 98, 99]                           | [0.0500, 0.0800, 0.0500, 0.7200, 0.1000]                                         | 0.8524   | 0.4600  | 0.4648 
7     | 8           | [95, 96, 97, 102, 103, 104, 105, 106]          | [0.0600, 0.2900, 0.0800, 0.0100, 0.0200, 0.4800, 0.0400, 0.0200]                 | 16.0956  | 0.8200  | 0.6798 
8     | 7           | [98, 99, 100, 101, 102, 103, 104]              | [0.0600, 0.2600, 0.2100, 0.0400, 0.1500, 0.2400, 0.0400]                         | 3.2344   | 0.8400  | 0.8095 
9     | 8           | [98, 99, 100, 101, 102, 103, 104, 105]         | [0.0100, 0.0500, 0.0500, 0.4000, 0.3000, 0.1200, 0.0500, 0.0200]                 | 1.5419   | 0.6600  | 0.7349 
10    | 9           | [93, 94, 95, 96, 99, 100, 101, 102, 103]       | [0.0100, 0.2300, 0.1900, 0.0100, 0.1100, 0.1200, 0.1700, 0.1000, 0.0600]         | 10.9000  | 0.8400  | 0.8503 
11    | 8           | [95, 96, 98, 99, 100, 101, 102, 103]           | [0.0500, 0.1200, 0.0200, 0.1000, 0.1900, 0.1200, 0.3700, 0.0300]                 | 5.2136   | 0.8000  | 0.7923 
12    | 4           | [95, 96, 97, 98]                               | [0.0300, 0.6100, 0.3000, 0.0600]                                                 | 0.4179   | 0.5400  | 0.5388 
13    | 4           | [100, 101, 102, 103]                           | [0.1900, 0.3300, 0.3100, 0.1700]                                                 | 0.9684   | 0.7200  | 0.7374 
14    | 5           | [102, 103, 104, 105, 106]                      | [0.1000, 0.2600, 0.1400, 0.3900, 0.1100]                                         | 1.4675   | 0.7800  | 0.7461 
15    | 6           | [95, 96, 97, 98, 99, 100]                      | [0.0400, 0.4200, 0.3100, 0.0700, 0.0500, 0.1100]                                 | 1.8400   | 0.7600  | 0.7135 
16    | 8           | [94, 95, 96, 97, 98, 99, 100, 101]             | [0.0600, 0.0600, 0.4400, 0.0300, 0.1100, 0.0800, 0.1600, 0.0600]                 | 3.9875   | 0.7800  | 0.7582 
17    | 9           | [97, 98, 99, 100, 101, 102, 103, 104, 105]     | [0.0900, 0.1500, 0.0800, 0.0200, 0.0200, 0.3600, 0.1200, 0.1500, 0.0100]         | 5.4700   | 0.7800  | 0.8036 
18    | 9           | [93, 94, 96, 97, 98, 99, 102, 103, 104]        | [0.0200, 0.1100, 0.0200, 0.1500, 0.1200, 0.0400, 0.0200, 0.3200, 0.2000]         | 13.2539  | 0.8200  | 0.8139 
19    | 7           | [97, 98, 99, 100, 109, 110, 111]               | [0.0400, 0.2600, 0.3000, 0.0100, 0.0500, 0.2900, 0.0500]                         | 32.0384  | 0.7600  | 0.7592 
20    | 8           | [93, 94, 95, 96, 102, 103, 104, 105]           | [0.0100, 0.2700, 0.0800, 0.0600, 0.0800, 0.3600, 0.1100, 0.0300]                 | 18.9900  | 0.7800  | 0.7758 
21    | 8           | [94, 95, 96, 97, 101, 102, 103, 104]           | [0.0100, 0.2200, 0.3000, 0.0200, 0.0100, 0.0600, 0.2800, 0.1000]                 | 14.1075  | 0.7200  | 0.7768 

[Per-locus summary - Population 2]
Locus | Num_Alleles | Alleles                                    | Frequencies                                                              | Variance | Obs_Het | Exp_Het
------+-------------+--------------------------------------------+--------------------------------------------------------------------------+----------+---------+--------
1     | 5           | [96, 97, 98, 99, 100]                      | [0.2700, 0.3300, 0.1800, 0.2000, 0.0200]                                 | 1.2931   | 0.7000  | 0.7529 
2     | 8           | [96, 97, 98, 99, 100, 101, 102, 103]       | [0.0400, 0.1900, 0.1700, 0.0400, 0.0500, 0.2600, 0.1900, 0.0600]         | 4.5459   | 0.8600  | 0.8303 
3     | 9           | [93, 94, 95, 96, 101, 102, 104, 105, 106]  | [0.1000, 0.1700, 0.0900, 0.0400, 0.0600, 0.0200, 0.0900, 0.4200, 0.0100] | 26.2659  | 0.7000  | 0.7705 
4     | 8           | [93, 94, 95, 96, 97, 103, 104, 105]        | [0.0200, 0.2000, 0.1800, 0.0100, 0.0900, 0.4500, 0.0100, 0.0400]         | 17.9384  | 0.8000  | 0.7220 
5     | 9           | [95, 96, 97, 98, 99, 100, 101, 102, 103]   | [0.0200, 0.0600, 0.3100, 0.0400, 0.1500, 0.3100, 0.0200, 0.0700, 0.0200] | 3.4016   | 0.7200  | 0.7818 
6     | 5           | [95, 96, 97, 98, 99]                       | [0.0500, 0.1900, 0.0800, 0.5600, 0.1200]                                 | 1.1699   | 0.7000  | 0.6333 
7     | 6           | [94, 95, 96, 97, 104, 105]                 | [0.0200, 0.0400, 0.2800, 0.0400, 0.5100, 0.1100]                         | 16.4091  | 0.5600  | 0.6523 
8     | 7           | [98, 99, 100, 101, 102, 103, 104]          | [0.1000, 0.2300, 0.2200, 0.0500, 0.2600, 0.1100, 0.0300]                 | 2.8419   | 0.7400  | 0.8137 
9     | 9           | [97, 98, 99, 100, 101, 102, 103, 104, 105] | [0.0100, 0.0400, 0.0400, 0.0700, 0.3800, 0.2800, 0.1200, 0.0400, 0.0200] | 2.0219   | 0.7600  | 0.7602 
10    | 8           | [94, 95, 96, 99, 100, 101, 102, 103]       | [0.2500, 0.1400, 0.0100, 0.1000, 0.1600, 0.1600, 0.1600, 0.0200]         | 10.5000  | 0.8400  | 0.8390 
11    | 9           | [95, 96, 97, 98, 99, 100, 101, 102, 103]   | [0.0600, 0.1400, 0.0200, 0.0500, 0.0400, 0.2100, 0.0700, 0.4000, 0.0100] | 5.8944   | 0.7000  | 0.7709 
12    | 4           | [95, 96, 97, 98]                           | [0.0300, 0.6300, 0.3200, 0.0200]                                         | 0.3211   | 0.5400  | 0.5044 
13    | 5           | [99, 100, 101, 102, 103]                   | [0.0100, 0.2300, 0.3000, 0.2900, 0.1700]                                 | 1.0956   | 0.7800  | 0.7515 
14    | 6           | [102, 103, 104, 105, 106, 107]             | [0.0800, 0.2500, 0.1500, 0.3600, 0.1500, 0.0100]                         | 1.5416   | 0.8200  | 0.7640 
15    | 6           | [95, 96, 97, 98, 99, 100]                  | [0.0600, 0.3700, 0.2700, 0.1300, 0.0900, 0.0800]                         | 1.8164   | 0.8000  | 0.7628 
16    | 8           | [94, 95, 96, 97, 98, 99, 100, 101]         | [0.1100, 0.0400, 0.3400, 0.0100, 0.0700, 0.1800, 0.1600, 0.0900]         | 4.8896   | 0.9000  | 0.8077 
17    | 7           | [97, 98, 99, 100, 102, 103, 104]           | [0.1300, 0.2400, 0.1100, 0.0200, 0.2700, 0.1400, 0.0900]                 | 5.9044   | 0.8600  | 0.8206 
18    | 9           | [94, 95, 97, 98, 99, 102, 103, 104, 105]   | [0.1000, 0.0200, 0.1000, 0.0600, 0.0100, 0.0100, 0.4200, 0.2700, 0.0100] | 12.0016  | 0.7600  | 0.7337 
19    | 7           | [97, 98, 99, 100, 109, 110, 111]           | [0.0100, 0.1100, 0.3900, 0.0200, 0.0600, 0.3800, 0.0300]                 | 31.1691  | 0.7200  | 0.6933 
20    | 7           | [93, 94, 95, 96, 102, 103, 104]            | [0.0100, 0.2000, 0.1200, 0.0600, 0.0500, 0.4600, 0.1000]                 | 17.5371  | 0.6800  | 0.7250 
21    | 6           | [95, 96, 97, 102, 103, 104]                | [0.1800, 0.3900, 0.0600, 0.0500, 0.2400, 0.0800]                         | 12.6700  | 0.7000  | 0.7529 
