
[Simulation Info]
simulation_id = sim_0003840
timestamp     = 20250428_085314
seed          = 272306
output_folder = /home/lejeunet/Bureau/simulations/Ref_table/sim_0003840

[Model Parameters]
pop_size           = 2230
num_loci           = 20
sample1_generation = 30
sample2_generation = 10
low_repeats        = 1
high_repeats       = 200
mutation_rate      = 0.001
recap_Ne           = 2230

[Sampling Design]
sample1_size_Ne  = 50
sample2_size_Ne  = 50
sample1_size_CMR = 50
sample2_size_CMR = 50

[Capture-Marquage-Recapture]
census_N   =  650
MatchCount =  4

[Ne Estimates - One Sample - Decreasing critical values [0.050, 0.020, 0.010, 0+]]

[Linkage Desequilibrium]
LD_Ne_Pop1 = [None, None, None, None]
LD_r2_Pop1 = [0.021254, 0.021038, 0.021088, 0.021088]
LD_Ne_Pop2 = [None, None, None, None]
LD_r2_Pop2 = [0.020645, 0.021092, 0.020968, 0.020968]

[Heterozygote excess]
HE_Neb_mean_Pop1        = [34.8, 37.1, 38.7, 38.7]
HE_weighted_D_mean_Pop1 = [0.01456, 0.01366, 0.01307, 0.01307]
HE_Neb_mean_Pop2        = [133.9, 379.0, 406.6, 406.6]
HE_weighted_D_mean_Pop2 = [0.00375, 0.00132, 0.00123, 0.00123]

[Molecular Coancestry]
Coan_Neb_n_Pop1 = 1594.3
Coan_f1_Pop1    = 0.00031
Coan_Neb_n_Pop2 = None
Coan_f1_Pop2    = -0.00525

[Ne Estimates - Temporal - Decreasing critical values (0.050, 0.020, 0.010, 0+)]

[Pollak]
P_Ne     = [-14934.7, 3002.9, 2850.8, 2850.8]
P_Fk     = [0.01967, 0.02167, 0.02175, 0.02175]
P_Fprime = [-0.00033, 0.00167, 0.00175, 0.00175]

[Nei/Tajima]
N_Ne     = [-12470.0, 3628.8, 3415.9, 3415.9]
N_Fc     = [0.0196, 0.02138, 0.02146, 0.02146]
N_Fprime = [-0.0004, 0.00138, 0.00146, 0.00146]

[Jorde/Ryman]
J_Ne     = [22885.9, 5430.9, 5315.4, 5315.4]
J_Fs     = [0.02032, 0.02102, 0.02104, 0.02104]
J_Fprime = [0.00022, 0.00092, 0.00094, 0.00094]

[Genetic Diversity - Heterozygosity]
mean_exp_het_pop1 = 0.8051
mean_obs_het_pop1 = 0.8124
mean_exp_het_pop2 = 0.8049
mean_obs_het_pop2 = 0.8057

[Genetic Diversity - Allele Counts]
mean_alleles_pop1 = 8.33
var_alleles_pop1  = 2.23
sum_alleles_pop1  = 175
mean_alleles_pop2 = 8.45
var_alleles_pop2  = 1.62
sum_alleles_pop2  = 355

[Genetic Diversity - Allelic Size Variance]
var_allele_size_pop1 = 4.0696
var_allele_size_pop2 = 4.2563

[Per-locus summary - Population 1]
Locus | Num_Alleles | Alleles                                               | Frequencies                                                                                      | Variance | Obs_Het | Exp_Het
------+-------------+-------------------------------------------------------+--------------------------------------------------------------------------------------------------+----------+---------+--------
1     | 9           | [96, 97, 98, 99, 100, 101, 102, 103, 104]             | [0.0300, 0.0400, 0.1300, 0.3200, 0.2900, 0.0600, 0.0300, 0.0900, 0.0100]                         | 2.6779   | 0.7800  | 0.7893 
2     | 10          | [95, 96, 97, 98, 99, 100, 101, 102, 103, 104]         | [0.0400, 0.0300, 0.1400, 0.1100, 0.0700, 0.0300, 0.2400, 0.2400, 0.0900, 0.0100]                 | 5.4200   | 0.7800  | 0.8450 
3     | 12          | [93, 94, 95, 96, 97, 98, 99, 100, 101, 102, 103, 105] | [0.0100, 0.1600, 0.0800, 0.1200, 0.1000, 0.0800, 0.0200, 0.0600, 0.1900, 0.0600, 0.1100, 0.0100] | 10.1900  | 0.9000  | 0.8901 
4     | 8           | [99, 100, 101, 102, 103, 104, 105, 106]               | [0.0300, 0.0600, 0.2300, 0.0900, 0.3600, 0.1600, 0.0500, 0.0200]                                 | 2.2891   | 0.8000  | 0.7842 
5     | 8           | [99, 100, 101, 102, 103, 104, 105, 107]               | [0.0600, 0.0900, 0.2900, 0.1100, 0.2100, 0.0600, 0.1000, 0.0800]                                 | 4.3956   | 0.8600  | 0.8364 
6     | 8           | [96, 97, 98, 99, 100, 101, 102, 103]                  | [0.0400, 0.2500, 0.2600, 0.1800, 0.1800, 0.0300, 0.0500, 0.0100]                                 | 2.3275   | 0.7600  | 0.8081 
7     | 9           | [95, 96, 97, 98, 99, 100, 101, 102, 103]              | [0.0400, 0.1000, 0.1000, 0.1500, 0.2000, 0.1800, 0.0100, 0.1100, 0.1100]                         | 5.0344   | 0.8800  | 0.8679 
8     | 8           | [94, 95, 96, 97, 98, 99, 100, 101]                    | [0.0100, 0.0500, 0.0800, 0.0100, 0.0500, 0.3400, 0.3700, 0.0900]                                 | 2.5899   | 0.6800  | 0.7351 
9     | 8           | [96, 97, 99, 100, 101, 102, 103, 104]                 | [0.2300, 0.0700, 0.0500, 0.1800, 0.1300, 0.1400, 0.1000, 0.1000]                                 | 7.5451   | 0.9400  | 0.8594 
10    | 6           | [98, 99, 100, 101, 102, 103]                          | [0.0400, 0.1800, 0.2600, 0.3200, 0.1300, 0.0700]                                                 | 1.5291   | 0.8000  | 0.7820 
11    | 9           | [97, 98, 99, 100, 101, 102, 103, 104, 105]            | [0.1500, 0.2900, 0.0100, 0.0200, 0.0200, 0.0400, 0.0800, 0.3800, 0.0100]                         | 8.9931   | 0.7400  | 0.7475 
12    | 8           | [95, 96, 97, 98, 99, 100, 101, 102]                   | [0.0100, 0.2400, 0.2300, 0.1800, 0.0800, 0.0700, 0.0200, 0.1700]                                 | 4.4916   | 0.8600  | 0.8246 
13    | 8           | [97, 98, 99, 100, 101, 102, 103, 104]                 | [0.0100, 0.1100, 0.2100, 0.0900, 0.3000, 0.0600, 0.1100, 0.1100]                                 | 3.4971   | 0.8800  | 0.8261 
14    | 11          | [95, 96, 97, 98, 99, 100, 101, 102, 103, 104, 105]    | [0.0100, 0.0200, 0.1000, 0.0500, 0.0300, 0.1000, 0.3600, 0.1400, 0.0300, 0.1200, 0.0400]         | 5.0875   | 0.8000  | 0.8182 
15    | 6           | [95, 97, 98, 99, 100, 101]                            | [0.0500, 0.1100, 0.1600, 0.3900, 0.2300, 0.0600]                                                 | 1.8171   | 0.8400  | 0.7588 
16    | 8           | [97, 98, 99, 100, 101, 102, 105, 106]                 | [0.0200, 0.3300, 0.3100, 0.1300, 0.0200, 0.1400, 0.0400, 0.0100]                                 | 3.5291   | 0.8000  | 0.7636 
17    | 8           | [96, 97, 98, 99, 100, 101, 102, 103]                  | [0.0300, 0.1500, 0.0200, 0.1400, 0.1000, 0.2700, 0.1600, 0.1300]                                 | 4.0771   | 0.8200  | 0.8396 
18    | 9           | [96, 97, 98, 99, 100, 101, 102, 103, 104]             | [0.0100, 0.0200, 0.1800, 0.3700, 0.1200, 0.0500, 0.1600, 0.0800, 0.0100]                         | 2.9676   | 0.8200  | 0.7891 
19    | 7           | [96, 97, 98, 99, 100, 101, 102]                       | [0.0600, 0.1500, 0.0800, 0.1600, 0.4700, 0.0700, 0.0100]                                         | 2.0536   | 0.6800  | 0.7232 
20    | 9           | [97, 98, 99, 100, 101, 102, 103, 104, 105]            | [0.0600, 0.0600, 0.1600, 0.2700, 0.1300, 0.2000, 0.0700, 0.0400, 0.0100]                         | 3.1499   | 0.8200  | 0.8392 
21    | 6           | [102, 103, 104, 105, 106, 107]                        | [0.1500, 0.2000, 0.3700, 0.1400, 0.0800, 0.0600]                                                 | 1.7996   | 0.8200  | 0.7788 

[Per-locus summary - Population 2]
Locus | Num_Alleles | Alleles                                          | Frequencies                                                                              | Variance | Obs_Het | Exp_Het
------+-------------+--------------------------------------------------+------------------------------------------------------------------------------------------+----------+---------+--------
1     | 8           | [96, 98, 99, 100, 101, 102, 103, 104]            | [0.0700, 0.1200, 0.3100, 0.2800, 0.0400, 0.0600, 0.0700, 0.0500]                         | 3.5524   | 0.8400  | 0.8016 
2     | 10          | [95, 96, 97, 98, 99, 100, 101, 102, 103, 104]    | [0.0200, 0.0400, 0.0900, 0.0500, 0.0900, 0.0100, 0.2400, 0.2900, 0.1200, 0.0500]         | 5.0844   | 0.8600  | 0.8289 
3     | 11          | [93, 94, 95, 96, 97, 98, 99, 100, 101, 102, 103] | [0.0100, 0.1700, 0.1300, 0.1100, 0.0600, 0.1300, 0.0200, 0.0800, 0.1300, 0.0600, 0.1000] | 9.6019   | 0.8600  | 0.8931 
4     | 8           | [99, 100, 101, 102, 103, 104, 105, 106]          | [0.0500, 0.0700, 0.1900, 0.1400, 0.3300, 0.1600, 0.0500, 0.0100]                         | 2.3704   | 0.7600  | 0.8079 
5     | 8           | [99, 100, 101, 102, 103, 104, 105, 107]          | [0.0600, 0.0700, 0.2100, 0.1300, 0.2800, 0.1300, 0.0700, 0.0500]                         | 3.4891   | 0.8800  | 0.8362 
6     | 8           | [96, 97, 98, 99, 100, 101, 102, 103]             | [0.0300, 0.1900, 0.1900, 0.2700, 0.2300, 0.0100, 0.0400, 0.0400]                         | 2.4731   | 0.8600  | 0.8059 
7     | 10          | [95, 96, 97, 98, 99, 100, 101, 102, 103, 104]    | [0.0300, 0.0200, 0.1400, 0.1800, 0.1800, 0.2300, 0.0400, 0.1000, 0.0500, 0.0300]         | 4.1376   | 0.8600  | 0.8549 
8     | 7           | [95, 96, 97, 98, 99, 100, 101]                   | [0.0800, 0.1500, 0.0200, 0.0600, 0.2800, 0.3000, 0.1100]                                 | 3.3875   | 0.7800  | 0.7945 
9     | 9           | [96, 97, 98, 99, 100, 101, 102, 103, 104]        | [0.3000, 0.0300, 0.0200, 0.0200, 0.2300, 0.0400, 0.1500, 0.1100, 0.1000]                 | 8.3216   | 0.8200  | 0.8174 
10    | 6           | [98, 99, 100, 101, 102, 103]                     | [0.0500, 0.1500, 0.2200, 0.3400, 0.1200, 0.1200]                                         | 1.7739   | 0.7800  | 0.7901 
11    | 7           | [97, 98, 99, 102, 103, 104, 105]                 | [0.1100, 0.2500, 0.0700, 0.0300, 0.1200, 0.4000, 0.0200]                                 | 8.6716   | 0.8000  | 0.7523 
12    | 8           | [95, 96, 97, 98, 99, 100, 101, 102]              | [0.0400, 0.1800, 0.1600, 0.2500, 0.1500, 0.0800, 0.0400, 0.1000]                         | 3.6339   | 0.7400  | 0.8459 
13    | 9           | [96, 97, 98, 99, 100, 101, 102, 103, 104]        | [0.0100, 0.0400, 0.1300, 0.2200, 0.1400, 0.1900, 0.0900, 0.0300, 0.1500]                 | 4.3036   | 0.9000  | 0.8543 
14    | 9           | [96, 97, 98, 99, 100, 101, 102, 104, 105]        | [0.0300, 0.1200, 0.0400, 0.0300, 0.1000, 0.3700, 0.0900, 0.1000, 0.1200]                 | 6.1584   | 0.7800  | 0.8109 
15    | 7           | [95, 96, 97, 98, 99, 100, 101]                   | [0.0800, 0.0400, 0.0700, 0.1200, 0.3100, 0.2800, 0.1000]                                 | 2.6716   | 0.7800  | 0.7962 
16    | 8           | [97, 98, 99, 100, 102, 104, 105, 106]            | [0.0400, 0.2000, 0.3800, 0.1000, 0.1500, 0.0300, 0.0800, 0.0200]                         | 5.3384   | 0.8200  | 0.7816 
17    | 8           | [96, 97, 98, 99, 100, 101, 102, 103]             | [0.0100, 0.1300, 0.0500, 0.0800, 0.1100, 0.3500, 0.1900, 0.0800]                         | 3.3104   | 0.8600  | 0.8051 
18    | 8           | [97, 98, 99, 100, 101, 102, 103, 104]            | [0.0100, 0.1200, 0.5600, 0.0600, 0.0600, 0.1100, 0.0700, 0.0100]                         | 2.3300   | 0.6800  | 0.6541 
19    | 8           | [96, 97, 98, 99, 100, 101, 102, 104]             | [0.0100, 0.2800, 0.0700, 0.0900, 0.4200, 0.1000, 0.0100, 0.0200]                         | 2.6819   | 0.7400  | 0.7289 
20    | 9           | [97, 98, 99, 100, 101, 102, 103, 104, 105]       | [0.1500, 0.0500, 0.1300, 0.2100, 0.1400, 0.1700, 0.0800, 0.0600, 0.0100]                 | 4.3211   | 0.8400  | 0.8640 
21    | 7           | [101, 102, 103, 104, 105, 106, 107]              | [0.0100, 0.1200, 0.2300, 0.3500, 0.1800, 0.0400, 0.0700]                                 | 1.7691   | 0.6800  | 0.7790 
