
[Simulation Info]
simulation_id = sim_0005880
timestamp     = 20250428_094258
seed          = 627810
output_folder = /home/lejeunet/Bureau/simulations/Ref_table/sim_0005880

[Model Parameters]
pop_size           = 3954
num_loci           = 20
sample1_generation = 30
sample2_generation = 10
low_repeats        = 1
high_repeats       = 200
mutation_rate      = 0.001
recap_Ne           = 3954

[Sampling Design]
sample1_size_Ne  = 50
sample2_size_Ne  = 50
sample1_size_CMR = 50
sample2_size_CMR = 50

[Capture-Marquage-Recapture]
census_N   =  0
MatchCount =  0
# There were no match between sampling of individuals during CMR.

[Ne Estimates - One Sample - Decreasing critical values [0.050, 0.020, 0.010, 0+]]

[Linkage Desequilibrium]
LD_Ne_Pop1 = [2063.5, 1322.3, 3591.5, 3591.5]
LD_r2_Pop1 = [0.021437, 0.021528, 0.021369, 0.021369]
LD_Ne_Pop2 = [None, None, None, None]
LD_r2_Pop2 = [0.020619, 0.021214, 0.020961, 0.020961]

[Heterozygote excess]
HE_Neb_mean_Pop1        = [None, None, None, None]
HE_weighted_D_mean_Pop1 = [-0.00408, -0.00512, -0.0053, -0.0053]
HE_Neb_mean_Pop2        = [87.2, 130.1, 147.3, 147.3]
HE_weighted_D_mean_Pop2 = [0.00576, 0.00386, 0.00341, 0.00341]

[Molecular Coancestry]
Coan_Neb_n_Pop1 = 17.4
Coan_f1_Pop1    = 0.02877
Coan_Neb_n_Pop2 = None
Coan_f1_Pop2    = -0.00583

[Ne Estimates - Temporal - Decreasing critical values (0.050, 0.020, 0.010, 0+)]

[Pollak]
P_Ne     = [-4257.9, -7582.2, -4855.5, -5608.5]
P_Fk     = [0.01883, 0.01934, 0.01897, 0.01911]
P_Fprime = [-0.00117, -0.00066, -0.00103, -0.00089]

[Nei/Tajima]
N_Ne     = [-2936.2, -4304.0, -3407.8, -3738.5]
N_Fc     = [0.0183, 0.01884, 0.01853, 0.01866]
N_Fprime = [-0.0017, -0.00116, -0.00147, -0.00134]

[Jorde/Ryman]
J_Ne     = [-1762.4, -2039.9, -2047.9, -2057.9]
J_Fs     = [0.01727, 0.01765, 0.01766, 0.01767]
J_Fprime = [-0.00284, -0.00245, -0.00244, -0.00243]

[Genetic Diversity - Heterozygosity]
mean_exp_het_pop1 = 0.801
mean_obs_het_pop1 = 0.7971
mean_exp_het_pop2 = 0.8043
mean_obs_het_pop2 = 0.8067

[Genetic Diversity - Allele Counts]
mean_alleles_pop1 = 8.48
var_alleles_pop1  = 3.36
sum_alleles_pop1  = 178
mean_alleles_pop2 = 8.74
var_alleles_pop2  = 3.71
sum_alleles_pop2  = 367

[Genetic Diversity - Allelic Size Variance]
var_allele_size_pop1 = 3.8238
var_allele_size_pop2 = 3.9313

[Per-locus summary - Population 1]
Locus | Num_Alleles | Alleles                                                | Frequencies                                                                                      | Variance | Obs_Het | Exp_Het
------+-------------+--------------------------------------------------------+--------------------------------------------------------------------------------------------------+----------+---------+--------
1     | 7           | [96, 97, 98, 99, 100, 101, 102]                        | [0.0300, 0.1300, 0.2200, 0.2000, 0.1800, 0.0900, 0.1500]                                         | 2.8424   | 0.9000  | 0.8392 
2     | 9           | [95, 96, 97, 98, 99, 100, 101, 102, 103]               | [0.0100, 0.0500, 0.1000, 0.0500, 0.1500, 0.4400, 0.1500, 0.0100, 0.0400]                         | 2.5899   | 0.7000  | 0.7521 
3     | 8           | [96, 97, 98, 99, 100, 101, 102, 103]                   | [0.0200, 0.1000, 0.1200, 0.2500, 0.2000, 0.2200, 0.0800, 0.0100]                                 | 2.3684   | 0.7400  | 0.8261 
4     | 8           | [97, 98, 99, 100, 101, 102, 103, 106]                  | [0.0600, 0.0200, 0.3200, 0.2300, 0.1800, 0.1400, 0.0400, 0.0100]                                 | 2.3900   | 0.8800  | 0.7950 
5     | 8           | [96, 97, 98, 99, 100, 101, 102, 103]                   | [0.0600, 0.4500, 0.1900, 0.0500, 0.1300, 0.0500, 0.0500, 0.0200]                                 | 2.9739   | 0.7400  | 0.7404 
6     | 11          | [95, 96, 97, 98, 99, 100, 101, 102, 103, 104, 105]     | [0.0100, 0.0500, 0.0300, 0.0600, 0.1300, 0.1500, 0.3900, 0.1100, 0.0300, 0.0300, 0.0100]         | 3.4416   | 0.7600  | 0.7954 
7     | 6           | [98, 99, 100, 101, 102, 103]                           | [0.0600, 0.2200, 0.4900, 0.1200, 0.1000, 0.0100]                                                 | 1.0699   | 0.7000  | 0.6903 
8     | 8           | [96, 97, 98, 99, 100, 101, 102, 103]                   | [0.0400, 0.1400, 0.3300, 0.0400, 0.1300, 0.2400, 0.0500, 0.0300]                                 | 3.2475   | 0.8200  | 0.7984 
9     | 6           | [96, 98, 99, 100, 101, 102]                            | [0.0100, 0.1600, 0.3700, 0.2700, 0.1300, 0.0600]                                                 | 1.3096   | 0.7000  | 0.7515 
10    | 9           | [96, 97, 98, 99, 100, 101, 102, 103, 104]              | [0.0400, 0.1700, 0.1600, 0.0600, 0.0300, 0.0500, 0.2400, 0.1900, 0.0600]                         | 6.4659   | 0.7400  | 0.8481 
11    | 9           | [97, 98, 99, 100, 101, 102, 103, 104, 105]             | [0.0400, 0.0900, 0.1100, 0.3400, 0.1700, 0.2200, 0.0100, 0.0100, 0.0100]                         | 2.2776   | 0.8400  | 0.7929 
12    | 9           | [96, 97, 98, 99, 100, 101, 102, 103, 104]              | [0.0300, 0.0200, 0.0700, 0.0700, 0.2800, 0.2000, 0.1900, 0.1100, 0.0300]                         | 3.0304   | 0.8600  | 0.8297 
13    | 12          | [92, 93, 94, 95, 96, 98, 99, 100, 101, 102, 103, 104]  | [0.0600, 0.0600, 0.0600, 0.0100, 0.0100, 0.0200, 0.0700, 0.0800, 0.1600, 0.2300, 0.1900, 0.0500] | 13.0851  | 0.8600  | 0.8689 
14    | 7           | [97, 98, 99, 100, 101, 102, 103]                       | [0.1800, 0.1200, 0.0900, 0.0700, 0.3400, 0.1500, 0.0500]                                         | 3.5736   | 0.8000  | 0.8077 
15    | 8           | [95, 97, 98, 99, 100, 101, 102, 103]                   | [0.0100, 0.0400, 0.1700, 0.1100, 0.3700, 0.1500, 0.1000, 0.0500]                                 | 2.3856   | 0.8400  | 0.7933 
16    | 10          | [93, 94, 95, 100, 101, 102, 103, 104, 105, 106]        | [0.0100, 0.0300, 0.0400, 0.1100, 0.0800, 0.2300, 0.1200, 0.1100, 0.2400, 0.0300]                 | 8.3371   | 0.8600  | 0.8495 
17    | 6           | [97, 99, 100, 101, 102, 103]                           | [0.0100, 0.1700, 0.4700, 0.1500, 0.1000, 0.1000]                                                 | 1.5075   | 0.7600  | 0.7147 
18    | 10          | [96, 97, 98, 99, 100, 101, 102, 103, 104, 105]         | [0.0600, 0.0800, 0.0900, 0.1900, 0.0800, 0.1200, 0.2100, 0.1400, 0.0200, 0.0100]                 | 4.9624   | 0.8400  | 0.8695 
19    | 12          | [94, 95, 96, 97, 98, 99, 100, 101, 102, 103, 104, 105] | [0.0100, 0.0300, 0.1100, 0.2800, 0.3100, 0.0700, 0.0100, 0.0700, 0.0300, 0.0100, 0.0300, 0.0400] | 5.5700   | 0.8000  | 0.8071 
20    | 6           | [99, 100, 101, 102, 103, 104]                          | [0.0500, 0.1500, 0.1600, 0.3100, 0.1600, 0.1700]                                                 | 2.0379   | 0.7600  | 0.8069 
21    | 9           | [96, 97, 98, 99, 100, 101, 102, 103, 104]              | [0.1500, 0.2600, 0.0500, 0.1300, 0.1600, 0.0600, 0.1600, 0.0200, 0.0100]                         | 4.8331   | 0.8400  | 0.8436 

[Per-locus summary - Population 2]
Locus | Num_Alleles | Alleles                                                | Frequencies                                                                                      | Variance | Obs_Het | Exp_Het
------+-------------+--------------------------------------------------------+--------------------------------------------------------------------------------------------------+----------+---------+--------
1     | 6           | [97, 98, 99, 100, 101, 102]                            | [0.1300, 0.1500, 0.2100, 0.2300, 0.1200, 0.1600]                                                 | 2.5284   | 0.8000  | 0.8319 
2     | 8           | [96, 97, 98, 99, 100, 101, 102, 103]                   | [0.0800, 0.0600, 0.0200, 0.3000, 0.3400, 0.1200, 0.0200, 0.0600]                                 | 2.6900   | 0.7800  | 0.7733 
3     | 7           | [96, 97, 98, 99, 100, 101, 102]                        | [0.0400, 0.0900, 0.1500, 0.1800, 0.1900, 0.2700, 0.0800]                                         | 2.5896   | 0.7400  | 0.8283 
4     | 9           | [97, 98, 99, 100, 101, 102, 103, 105, 106]             | [0.0100, 0.0400, 0.2900, 0.2600, 0.1400, 0.1500, 0.0500, 0.0200, 0.0400]                         | 3.3891   | 0.7600  | 0.8081 
5     | 9           | [96, 97, 98, 99, 100, 101, 102, 103, 104]              | [0.0900, 0.4300, 0.1400, 0.0800, 0.0800, 0.0100, 0.0800, 0.0800, 0.0100]                         | 4.7264   | 0.8000  | 0.7693 
6     | 10          | [95, 96, 97, 98, 99, 100, 101, 102, 103, 104]          | [0.0200, 0.0900, 0.0200, 0.0200, 0.2000, 0.1500, 0.3400, 0.0400, 0.0700, 0.0500]                 | 4.3251   | 0.8600  | 0.8117 
7     | 5           | [98, 99, 100, 101, 102]                                | [0.0600, 0.2100, 0.5000, 0.1100, 0.1200]                                                         | 1.0396   | 0.6800  | 0.6826 
8     | 8           | [96, 97, 98, 99, 100, 101, 102, 103]                   | [0.0500, 0.0700, 0.2900, 0.0600, 0.1100, 0.2800, 0.0900, 0.0500]                                 | 3.5464   | 0.8000  | 0.8119 
9     | 6           | [97, 98, 99, 100, 101, 102]                            | [0.0100, 0.1900, 0.3800, 0.2800, 0.0900, 0.0500]                                                 | 1.1600   | 0.8200  | 0.7378 
10    | 11          | [95, 96, 97, 98, 99, 100, 101, 102, 103, 104, 105]     | [0.0100, 0.0300, 0.1900, 0.1500, 0.1100, 0.0200, 0.1200, 0.1800, 0.1000, 0.0800, 0.0100]         | 6.4200   | 0.9000  | 0.8733 
11    | 9           | [97, 98, 99, 100, 101, 102, 103, 104, 105]             | [0.0500, 0.1000, 0.2000, 0.3500, 0.1300, 0.0900, 0.0400, 0.0200, 0.0200]                         | 2.7164   | 0.7600  | 0.8057 
12    | 9           | [96, 97, 98, 99, 100, 101, 102, 103, 104]              | [0.0200, 0.0700, 0.1200, 0.0200, 0.2800, 0.1400, 0.1900, 0.1400, 0.0200]                         | 3.7091   | 0.7800  | 0.8341 
13    | 12          | [92, 93, 94, 95, 98, 99, 100, 101, 102, 103, 104, 105] | [0.0500, 0.0300, 0.0700, 0.0200, 0.0100, 0.0300, 0.0900, 0.1500, 0.2300, 0.2700, 0.0400, 0.0100] | 11.9475  | 0.8200  | 0.8406 
14    | 7           | [97, 98, 99, 100, 101, 102, 103]                       | [0.0700, 0.1600, 0.1400, 0.1200, 0.3800, 0.1000, 0.0300]                                         | 2.4600   | 0.8600  | 0.7881 
15    | 9           | [95, 96, 97, 98, 99, 100, 101, 102, 103]               | [0.0100, 0.0100, 0.1000, 0.1100, 0.0600, 0.4400, 0.1700, 0.0800, 0.0200]                         | 2.4016   | 0.7800  | 0.7523 
16    | 11          | [93, 94, 95, 99, 100, 101, 102, 103, 104, 105, 106]    | [0.0100, 0.0200, 0.0100, 0.0100, 0.1500, 0.1000, 0.2000, 0.2000, 0.0800, 0.1900, 0.0300]         | 5.9900   | 0.8400  | 0.8519 
17    | 7           | [97, 98, 99, 100, 101, 102, 103]                       | [0.0100, 0.0500, 0.1400, 0.4800, 0.1200, 0.0900, 0.1100]                                         | 1.7704   | 0.7200  | 0.7200 
18    | 9           | [96, 97, 98, 99, 100, 101, 102, 103, 104]              | [0.0300, 0.1400, 0.0700, 0.2000, 0.0500, 0.1700, 0.2300, 0.1000, 0.0100]                         | 4.3619   | 0.8400  | 0.8487 
19    | 11          | [95, 96, 97, 98, 99, 100, 101, 102, 103, 104, 105]     | [0.0400, 0.1400, 0.2100, 0.2400, 0.1200, 0.0500, 0.0600, 0.0200, 0.0100, 0.0400, 0.0700]         | 7.0075   | 0.8800  | 0.8582 
20    | 6           | [99, 100, 101, 102, 103, 104]                          | [0.0200, 0.1000, 0.2100, 0.2300, 0.2500, 0.1900]                                                 | 1.7744   | 0.8000  | 0.8020 
21    | 10          | [96, 97, 98, 99, 100, 101, 102, 103, 104, 105]         | [0.1000, 0.2200, 0.0400, 0.1300, 0.1300, 0.0800, 0.2100, 0.0200, 0.0600, 0.0100]                 | 6.0036   | 0.9200  | 0.8602 
