
[Simulation Info]
simulation_id = sim_0008938
timestamp     = 20250428_110551
seed          = 104937
output_folder = /home/lejeunet/Bureau/simulations/Ref_table/sim_0008938

[Model Parameters]
pop_size           = 7514
num_loci           = 20
sample1_generation = 30
sample2_generation = 10
low_repeats        = 1
high_repeats       = 200
mutation_rate      = 0.001
recap_Ne           = 7514

[Sampling Design]
sample1_size_Ne  = 50
sample2_size_Ne  = 50
sample1_size_CMR = 50
sample2_size_CMR = 50

[Capture-Marquage-Recapture]
census_N   =  2601
MatchCount =  1

[Ne Estimates - One Sample - Decreasing critical values [0.050, 0.020, 0.010, 0+]]

[Linkage Desequilibrium]
LD_Ne_Pop1 = [None, None, None, None]
LD_r2_Pop1 = [0.020981, 0.021054, 0.021064, 0.021064]
LD_Ne_Pop2 = [12503.9, 68810.0, None, None]
LD_r2_Pop2 = [0.021303, 0.021281, 0.021163, 0.021163]

[Heterozygote excess]
HE_Neb_mean_Pop1        = [None, None, None, None]
HE_weighted_D_mean_Pop1 = [-0.01364, -0.00736, -0.00755, -0.00755]
HE_Neb_mean_Pop2        = [None, None, None, None]
HE_weighted_D_mean_Pop2 = [-0.0069, -0.01146, -0.01137, -0.01137]

[Molecular Coancestry]
Coan_Neb_n_Pop1 = 50.2
Coan_f1_Pop1    = 0.00995
Coan_Neb_n_Pop2 = 72.6
Coan_f1_Pop2    = 0.00689

[Ne Estimates - Temporal - Decreasing critical values (0.050, 0.020, 0.010, 0+)]

[Pollak]
P_Ne     = [-2761.1, -7966.5, -5605.1, -7983.1]
P_Fk     = [0.01819, 0.01937, 0.01911, 0.01937]
P_Fprime = [-0.00181, -0.00063, -0.00089, -0.00063]

[Nei/Tajima]
N_Ne     = [-2481.3, -5533.5, -4382.9, -5647.6]
N_Fc     = [0.01798, 0.0191, 0.01886, 0.01911]
N_Fprime = [-0.00202, -0.0009, -0.00114, -0.00089]

[Jorde/Ryman]
J_Ne     = [-3042.1, -6275.1, -4231.2, -4352.2]
J_Fs     = [0.01846, 0.0193, 0.01892, 0.01895]
J_Fprime = [-0.00164, -0.0008, -0.00118, -0.00115]

[Genetic Diversity - Heterozygosity]
mean_exp_het_pop1 = 0.8519
mean_obs_het_pop1 = 0.8381
mean_exp_het_pop2 = 0.8506
mean_obs_het_pop2 = 0.841

[Genetic Diversity - Allele Counts]
mean_alleles_pop1 = 11.43
var_alleles_pop1  = 3.16
sum_alleles_pop1  = 240
mean_alleles_pop2 = 11.9
var_alleles_pop2  = 3.6
sum_alleles_pop2  = 500

[Genetic Diversity - Allelic Size Variance]
var_allele_size_pop1 = 8.7504
var_allele_size_pop2 = 8.9879

[Per-locus summary - Population 1]
Locus | Num_Alleles | Alleles                                                                    | Frequencies                                                                                                                      | Variance | Obs_Het | Exp_Het
------+-------------+----------------------------------------------------------------------------+----------------------------------------------------------------------------------------------------------------------------------+----------+---------+--------
1     | 12          | [92, 93, 94, 95, 96, 97, 98, 99, 100, 101, 103, 104]                       | [0.0300, 0.0200, 0.0800, 0.1100, 0.2000, 0.0800, 0.0500, 0.1200, 0.1000, 0.1900, 0.0100, 0.0100]                                 | 7.4019   | 0.9200  | 0.8794 
2     | 10          | [82, 83, 84, 85, 86, 87, 88, 96, 98, 99]                                   | [0.0200, 0.0100, 0.1500, 0.2000, 0.4300, 0.0900, 0.0400, 0.0100, 0.0200, 0.0300]                                                 | 10.3259  | 0.7800  | 0.7485 
3     | 11          | [94, 95, 96, 97, 98, 99, 100, 101, 102, 103, 104]                          | [0.0100, 0.0200, 0.0100, 0.0600, 0.0800, 0.2600, 0.1900, 0.1200, 0.1000, 0.1400, 0.0100]                                         | 4.0796   | 0.7400  | 0.8501 
4     | 11          | [100, 106, 107, 108, 109, 110, 111, 112, 113, 114, 115]                    | [0.0100, 0.0200, 0.0200, 0.0100, 0.1600, 0.0900, 0.1100, 0.3000, 0.2200, 0.0500, 0.0100]                                         | 4.6000   | 0.8200  | 0.8204 
5     | 10          | [100, 101, 102, 103, 104, 105, 106, 107, 108, 109]                         | [0.0200, 0.0400, 0.0500, 0.1600, 0.2200, 0.1900, 0.1000, 0.1200, 0.0500, 0.0500]                                                 | 4.2124   | 0.8800  | 0.8647 
6     | 11          | [96, 97, 98, 99, 100, 101, 102, 103, 104, 105, 106]                        | [0.0100, 0.0200, 0.1100, 0.0400, 0.0400, 0.1500, 0.2300, 0.1300, 0.1600, 0.0800, 0.0300]                                         | 5.2404   | 0.8400  | 0.8677 
7     | 12          | [101, 102, 103, 104, 105, 106, 107, 108, 109, 110, 111, 112]               | [0.0800, 0.0800, 0.0400, 0.0200, 0.1500, 0.1300, 0.0200, 0.1300, 0.0700, 0.0700, 0.1300, 0.0800]                                 | 11.5331  | 0.9200  | 0.9044 
8     | 10          | [85, 86, 87, 88, 89, 90, 91, 92, 104, 105]                                 | [0.0800, 0.0800, 0.2900, 0.1700, 0.0800, 0.1200, 0.1000, 0.0300, 0.0400, 0.0100]                                                 | 15.6604  | 0.7600  | 0.8493 
9     | 11          | [93, 94, 95, 96, 97, 98, 99, 100, 101, 102, 103]                           | [0.0100, 0.0800, 0.0700, 0.1600, 0.1100, 0.1900, 0.0600, 0.0300, 0.2400, 0.0400, 0.0100]                                         | 6.1384   | 0.7800  | 0.8596 
10    | 13          | [96, 97, 98, 99, 100, 101, 102, 103, 104, 105, 108, 109, 110]              | [0.0100, 0.0900, 0.0600, 0.1500, 0.0100, 0.1500, 0.0400, 0.2600, 0.0500, 0.0400, 0.0500, 0.0500, 0.0400]                         | 12.7336  | 0.8800  | 0.8719 
11    | 13          | [90, 91, 92, 101, 102, 103, 104, 105, 106, 107, 108, 109, 110]             | [0.0200, 0.0100, 0.0400, 0.0200, 0.0100, 0.0800, 0.2600, 0.3200, 0.0200, 0.0800, 0.1000, 0.0300, 0.0100]                         | 15.4744  | 0.7400  | 0.8113 
12    | 11          | [98, 100, 101, 102, 103, 104, 105, 106, 107, 108, 109]                     | [0.0300, 0.0100, 0.0500, 0.0400, 0.0300, 0.0600, 0.2400, 0.2100, 0.0800, 0.1600, 0.0900]                                         | 6.2099   | 0.8000  | 0.8572 
13    | 11          | [93, 94, 95, 96, 97, 98, 99, 100, 101, 102, 103]                           | [0.0200, 0.0300, 0.0600, 0.2200, 0.1600, 0.0500, 0.1200, 0.1400, 0.0900, 0.0200, 0.0900]                                         | 6.5800   | 0.9400  | 0.8768 
14    | 12          | [83, 84, 87, 88, 89, 90, 91, 92, 93, 94, 95, 103]                          | [0.0900, 0.0700, 0.0400, 0.1100, 0.2000, 0.1900, 0.0700, 0.1100, 0.0500, 0.0100, 0.0400, 0.0200]                                 | 13.0075  | 0.9600  | 0.8844 
15    | 12          | [92, 93, 94, 95, 96, 97, 98, 99, 100, 101, 102, 104]                       | [0.0200, 0.0300, 0.1700, 0.0900, 0.0400, 0.2200, 0.0800, 0.0200, 0.1300, 0.1200, 0.0700, 0.0100]                                 | 8.1884   | 0.8800  | 0.8774 
16    | 12          | [85, 86, 87, 88, 89, 90, 91, 92, 93, 94, 106, 107]                         | [0.0300, 0.0900, 0.1300, 0.1600, 0.2900, 0.0500, 0.0600, 0.1100, 0.0500, 0.0100, 0.0100, 0.0100]                                 | 10.3459  | 0.9000  | 0.8519 
17    | 16          | [94, 95, 96, 97, 98, 99, 100, 101, 102, 103, 104, 105, 106, 107, 108, 109] | [0.0300, 0.0600, 0.0600, 0.0700, 0.0500, 0.1200, 0.1100, 0.1900, 0.0400, 0.0200, 0.0100, 0.0500, 0.0800, 0.0700, 0.0200, 0.0200] | 15.0316  | 0.9000  | 0.9143 
18    | 10          | [94, 95, 96, 97, 98, 99, 100, 101, 103, 105]                               | [0.0300, 0.0100, 0.0700, 0.1100, 0.2100, 0.2000, 0.2500, 0.0800, 0.0300, 0.0100]                                                 | 3.5424   | 0.8200  | 0.8364 
19    | 7           | [85, 97, 98, 99, 100, 101, 102]                                            | [0.0100, 0.0700, 0.0700, 0.1300, 0.4900, 0.1900, 0.0400]                                                                         | 3.5104   | 0.5600  | 0.7024 
20    | 14          | [95, 96, 97, 98, 99, 101, 102, 103, 104, 105, 106, 107, 108, 109]          | [0.0300, 0.0700, 0.0400, 0.0400, 0.0200, 0.0400, 0.0800, 0.1500, 0.1400, 0.1400, 0.1600, 0.0600, 0.0100, 0.0200]                 | 12.4100  | 0.8800  | 0.9002 
21    | 11          | [92, 93, 101, 102, 103, 104, 105, 106, 107, 108, 109]                      | [0.0100, 0.0200, 0.0100, 0.0500, 0.1700, 0.1700, 0.1900, 0.1900, 0.0800, 0.0900, 0.0200]                                         | 7.5331   | 0.9000  | 0.8606 

[Per-locus summary - Population 2]
Locus | Num_Alleles | Alleles                                                                 | Frequencies                                                                                                              | Variance | Obs_Het | Exp_Het
------+-------------+-------------------------------------------------------------------------+--------------------------------------------------------------------------------------------------------------------------+----------+---------+--------
1     | 12          | [92, 93, 94, 95, 96, 97, 98, 99, 100, 101, 103, 104]                    | [0.0200, 0.0200, 0.1000, 0.0900, 0.1600, 0.0800, 0.1000, 0.1100, 0.0900, 0.1500, 0.0300, 0.0500]                         | 8.7100   | 0.9000  | 0.9020 
2     | 10          | [79, 82, 84, 85, 86, 87, 88, 96, 98, 99]                                | [0.0100, 0.0200, 0.0400, 0.2700, 0.4800, 0.0700, 0.0700, 0.0100, 0.0100, 0.0200]                                         | 7.3739   | 0.6800  | 0.6911 
3     | 10          | [94, 95, 96, 97, 98, 99, 100, 101, 102, 103]                            | [0.0100, 0.0100, 0.0200, 0.0400, 0.0600, 0.3100, 0.2400, 0.1500, 0.0600, 0.1000]                                         | 3.1011   | 0.8400  | 0.8125 
4     | 10          | [98, 100, 107, 108, 109, 110, 111, 112, 113, 114]                       | [0.0100, 0.0200, 0.0100, 0.0500, 0.1800, 0.1100, 0.1400, 0.2600, 0.1700, 0.0500]                                         | 6.8724   | 0.8600  | 0.8422 
5     | 11          | [98, 101, 102, 103, 104, 105, 106, 107, 108, 109, 110]                  | [0.0100, 0.0600, 0.0300, 0.1400, 0.2500, 0.1800, 0.1500, 0.0900, 0.0500, 0.0200, 0.0200]                                 | 4.2371   | 0.8400  | 0.8556 
6     | 11          | [96, 97, 98, 99, 100, 101, 102, 103, 104, 105, 106]                     | [0.0200, 0.0300, 0.1600, 0.0100, 0.0300, 0.1200, 0.2600, 0.1300, 0.1300, 0.0900, 0.0200]                                 | 5.9956   | 0.7600  | 0.8564 
7     | 12          | [101, 102, 103, 104, 105, 106, 107, 108, 109, 110, 111, 112]            | [0.1400, 0.1000, 0.0300, 0.0200, 0.1400, 0.1200, 0.0100, 0.1200, 0.0800, 0.0100, 0.1100, 0.1200]                         | 13.8451  | 0.9200  | 0.8966 
8     | 10          | [85, 86, 87, 88, 89, 90, 91, 92, 104, 105]                              | [0.0400, 0.0900, 0.3200, 0.2400, 0.1100, 0.1100, 0.0400, 0.0100, 0.0200, 0.0200]                                         | 12.7291  | 0.7600  | 0.8117 
9     | 10          | [94, 95, 96, 97, 98, 99, 100, 101, 102, 103]                            | [0.1200, 0.0900, 0.1100, 0.1300, 0.1900, 0.0500, 0.0500, 0.2200, 0.0300, 0.0100]                                         | 6.2456   | 0.8600  | 0.8667 
10    | 14          | [96, 97, 98, 99, 101, 102, 103, 104, 105, 107, 108, 109, 110, 111]      | [0.0100, 0.0300, 0.0600, 0.1600, 0.1000, 0.0500, 0.2400, 0.0600, 0.0400, 0.0200, 0.0600, 0.0500, 0.0900, 0.0300]         | 16.1875  | 0.7800  | 0.8879 
11    | 9           | [101, 102, 103, 104, 105, 106, 107, 108, 109]                           | [0.0200, 0.0300, 0.0900, 0.3300, 0.2200, 0.0600, 0.1300, 0.0900, 0.0300]                                                 | 3.1491   | 0.8000  | 0.8119 
12    | 15          | [95, 97, 98, 99, 100, 101, 102, 103, 104, 105, 106, 107, 108, 109, 110] | [0.0100, 0.0100, 0.0200, 0.0100, 0.0300, 0.0400, 0.0300, 0.0600, 0.0600, 0.2300, 0.2100, 0.0100, 0.1500, 0.1000, 0.0300] | 8.8171   | 0.8600  | 0.8669 
13    | 10          | [93, 95, 96, 97, 98, 99, 100, 101, 102, 103]                            | [0.0100, 0.0700, 0.1900, 0.1400, 0.0900, 0.1000, 0.1700, 0.1300, 0.0400, 0.0600]                                         | 5.6099   | 0.9400  | 0.8790 
14    | 15          | [82, 83, 84, 85, 87, 88, 89, 90, 91, 92, 93, 94, 95, 103, 105]          | [0.0200, 0.0500, 0.0700, 0.0100, 0.1000, 0.1200, 0.2700, 0.0800, 0.0400, 0.0600, 0.0200, 0.0300, 0.1000, 0.0100, 0.0200] | 17.5096  | 0.8400  | 0.8802 
15    | 12          | [90, 93, 94, 95, 96, 97, 98, 99, 100, 101, 102, 103]                    | [0.0200, 0.0400, 0.0400, 0.1500, 0.1000, 0.1900, 0.1200, 0.0600, 0.0700, 0.1600, 0.0400, 0.0100]                         | 7.3091   | 0.8600  | 0.8865 
16    | 11          | [85, 86, 87, 88, 89, 90, 91, 92, 93, 105, 106]                          | [0.0200, 0.1200, 0.2200, 0.1600, 0.1700, 0.0600, 0.0500, 0.1400, 0.0400, 0.0100, 0.0100]                                 | 10.0491  | 0.8000  | 0.8634 
17    | 15          | [94, 95, 96, 97, 98, 99, 100, 101, 102, 103, 104, 105, 106, 107, 108]   | [0.0400, 0.1200, 0.0500, 0.0300, 0.0700, 0.1600, 0.1100, 0.1500, 0.0200, 0.0200, 0.0200, 0.0100, 0.1100, 0.0300, 0.0600] | 16.1100  | 0.9600  | 0.9067 
18    | 10          | [93, 94, 96, 97, 98, 99, 100, 101, 103, 104]                            | [0.0100, 0.0100, 0.0800, 0.1000, 0.2600, 0.2100, 0.2300, 0.0800, 0.0100, 0.0100]                                         | 2.8411   | 0.8600  | 0.8204 
19    | 10          | [84, 86, 96, 97, 98, 99, 100, 101, 102, 104]                            | [0.0200, 0.0300, 0.0200, 0.0600, 0.1100, 0.1900, 0.3200, 0.1700, 0.0700, 0.0100]                                         | 11.9764  | 0.8600  | 0.8184 
20    | 12          | [95, 96, 97, 98, 101, 102, 103, 104, 105, 106, 107, 108]                | [0.0400, 0.1500, 0.0500, 0.0800, 0.0200, 0.0800, 0.1200, 0.1500, 0.1000, 0.1600, 0.0400, 0.0100]                         | 15.4275  | 0.9000  | 0.8950 
21    | 9           | [92, 102, 103, 104, 105, 106, 107, 108, 109]                            | [0.0100, 0.0500, 0.2200, 0.2600, 0.0500, 0.2500, 0.0600, 0.0900, 0.0100]                                                 | 4.6500   | 0.7800  | 0.8127 
