
[Simulation Info]
simulation_id = sim_0007101
timestamp     = 20250428_101353
seed          = 541738
output_folder = /home/lejeunet/Bureau/simulations/Ref_table/sim_0007101

[Model Parameters]
pop_size           = 1273
num_loci           = 20
sample1_generation = 30
sample2_generation = 10
low_repeats        = 1
high_repeats       = 200
mutation_rate      = 0.001
recap_Ne           = 1273

[Sampling Design]
sample1_size_Ne  = 50
sample2_size_Ne  = 50
sample1_size_CMR = 50
sample2_size_CMR = 50

[Capture-Marquage-Recapture]
census_N   =  867
MatchCount =  3

[Ne Estimates - One Sample - Decreasing critical values [0.050, 0.020, 0.010, 0+]]

[Linkage Desequilibrium]
LD_Ne_Pop1 = [None, 6214.6, None, None]
LD_r2_Pop1 = [0.021158, 0.02133, 0.020662, 0.020662]
LD_Ne_Pop2 = [42737.5, None, None, None]
LD_r2_Pop2 = [0.021284, 0.021184, 0.021181, 0.021181]

[Heterozygote excess]
HE_Neb_mean_Pop1        = [16.9, 19.2, 19.6, 19.6]
HE_weighted_D_mean_Pop1 = [0.03042, 0.02671, 0.02616, 0.02616]
HE_Neb_mean_Pop2        = [None, None, None, None]
HE_weighted_D_mean_Pop2 = [-0.01428, -0.00775, -0.00775, -0.00775]

[Molecular Coancestry]
Coan_Neb_n_Pop1 = 80.1
Coan_f1_Pop1    = 0.00624
Coan_Neb_n_Pop2 = None
Coan_f1_Pop2    = -0.02125

[Ne Estimates - Temporal - Decreasing critical values (0.050, 0.020, 0.010, 0+)]

[Pollak]
P_Ne     = [-1683.6, -2860.6, -503574.6, 27957.3]
P_Fk     = [0.01703, 0.01825, 0.01999, 0.02018]
P_Fprime = [-0.00297, -0.00175, -1e-05, 0.00018]

[Nei/Tajima]
N_Ne     = [-1403.3, -2014.4, -4996.8, -5986.1]
N_Fc     = [0.01644, 0.01752, 0.019, 0.01916]
N_Fprime = [-0.00356, -0.00248, -0.001, -0.00084]

[Jorde/Ryman]
J_Ne     = [-1237.5, -1334.0, -1408.1, -1413.7]
J_Fs     = [0.01606, 0.01636, 0.01655, 0.01657]
J_Fprime = [-0.00404, -0.00375, -0.00355, -0.00354]

[Genetic Diversity - Heterozygosity]
mean_exp_het_pop1 = 0.6701
mean_obs_het_pop1 = 0.6952
mean_exp_het_pop2 = 0.6808
mean_obs_het_pop2 = 0.6695

[Genetic Diversity - Allele Counts]
mean_alleles_pop1 = 5.67
var_alleles_pop1  = 1.93
sum_alleles_pop1  = 119
mean_alleles_pop2 = 5.81
var_alleles_pop2  = 1.91
sum_alleles_pop2  = 244

[Genetic Diversity - Allelic Size Variance]
var_allele_size_pop1 = 1.5234
var_allele_size_pop2 = 1.7652

[Per-locus summary - Population 1]
Locus | Num_Alleles | Alleles                                   | Frequencies                                                              | Variance | Obs_Het | Exp_Het
------+-------------+-------------------------------------------+--------------------------------------------------------------------------+----------+---------+--------
1     | 6           | [94, 95, 97, 98, 99, 100]                 | [0.0900, 0.1200, 0.0300, 0.1100, 0.5900, 0.0600]                         | 3.3784   | 0.6600  | 0.6190 
2     | 6           | [98, 99, 100, 101, 102, 103]              | [0.0200, 0.5200, 0.2600, 0.1100, 0.0500, 0.0400]                         | 1.2171   | 0.7000  | 0.6519 
3     | 6           | [97, 98, 99, 100, 101, 102]               | [0.0300, 0.0600, 0.4000, 0.3300, 0.1500, 0.0300]                         | 1.0200   | 0.7400  | 0.7103 
4     | 6           | [100, 101, 102, 103, 104, 105]            | [0.0600, 0.2100, 0.2600, 0.1200, 0.3000, 0.0500]                         | 1.9284   | 0.8400  | 0.7857 
5     | 6           | [99, 100, 101, 102, 103, 104]             | [0.0200, 0.1300, 0.2000, 0.2700, 0.3600, 0.0200]                         | 1.3256   | 0.7000  | 0.7473 
6     | 4           | [99, 100, 101, 102]                       | [0.0200, 0.4900, 0.4500, 0.0400]                                         | 0.3699   | 0.5400  | 0.5610 
7     | 5           | [98, 99, 100, 101, 102]                   | [0.0600, 0.4100, 0.2500, 0.1400, 0.1400]                                 | 1.3379   | 0.8000  | 0.7339 
8     | 7           | [97, 98, 99, 100, 101, 102, 103]          | [0.0300, 0.1600, 0.2000, 0.3100, 0.2700, 0.0200, 0.0100]                 | 1.4771   | 0.7600  | 0.7717 
9     | 7           | [95, 96, 97, 98, 99, 100, 101]            | [0.0100, 0.1900, 0.2600, 0.1200, 0.1400, 0.2500, 0.0300]                 | 2.5164   | 0.8200  | 0.8069 
10    | 6           | [96, 98, 99, 100, 101, 102]               | [0.0500, 0.0100, 0.3700, 0.5100, 0.0500, 0.0100]                         | 1.0296   | 0.7000  | 0.6038 
11    | 5           | [95, 96, 97, 98, 99]                      | [0.0100, 0.0800, 0.8200, 0.0500, 0.0400]                                 | 0.3291   | 0.3000  | 0.3202 
12    | 6           | [98, 99, 100, 101, 102, 103]              | [0.3000, 0.3900, 0.0100, 0.0200, 0.2400, 0.0400]                         | 2.7931   | 0.7200  | 0.7053 
13    | 7           | [97, 98, 99, 100, 101, 102, 103]          | [0.0100, 0.0900, 0.1100, 0.2400, 0.2600, 0.2700, 0.0200]                 | 1.7884   | 0.8000  | 0.7891 
14    | 6           | [98, 99, 101, 102, 103, 104]              | [0.2600, 0.4400, 0.1000, 0.1100, 0.0700, 0.0200]                         | 2.8475   | 0.6800  | 0.7186 
15    | 4           | [100, 101, 102, 103]                      | [0.1900, 0.5400, 0.2500, 0.0200]                                         | 0.5100   | 0.6400  | 0.6156 
16    | 5           | [99, 100, 101, 102, 104]                  | [0.1400, 0.3300, 0.4900, 0.0100, 0.0300]                                 | 0.9099   | 0.7200  | 0.6368 
17    | 4           | [97, 98, 99, 100]                         | [0.2300, 0.6000, 0.1600, 0.0100]                                         | 0.4275   | 0.5400  | 0.5671 
18    | 4           | [100, 101, 102, 103]                      | [0.1600, 0.3700, 0.3700, 0.1000]                                         | 0.7619   | 0.7400  | 0.6976 
19    | 9           | [95, 96, 97, 99, 100, 101, 102, 103, 104] | [0.0100, 0.0500, 0.0100, 0.0300, 0.1500, 0.3400, 0.3100, 0.0400, 0.0600] | 3.0499   | 0.7600  | 0.7647 
20    | 3           | [99, 100, 101]                            | [0.0400, 0.4700, 0.4900]                                                 | 0.3275   | 0.6600  | 0.5428 
21    | 7           | [97, 100, 101, 102, 103, 104, 105]        | [0.0900, 0.0600, 0.4500, 0.2100, 0.1600, 0.0200, 0.0100]                 | 2.6459   | 0.7800  | 0.7228 

[Per-locus summary - Population 2]
Locus | Num_Alleles | Alleles                               | Frequencies                                                      | Variance | Obs_Het | Exp_Het
------+-------------+---------------------------------------+------------------------------------------------------------------+----------+---------+--------
1     | 6           | [94, 95, 97, 98, 99, 100]             | [0.0700, 0.2000, 0.0500, 0.1500, 0.5000, 0.0300]                 | 3.4531   | 0.7000  | 0.6861 
2     | 6           | [98, 99, 100, 101, 102, 103]          | [0.0400, 0.5600, 0.2100, 0.1200, 0.0200, 0.0500]                 | 1.2611   | 0.6000  | 0.6297 
3     | 6           | [96, 97, 98, 99, 100, 101]            | [0.0200, 0.0100, 0.0900, 0.3800, 0.3800, 0.1200]                 | 0.9675   | 0.7200  | 0.6952 
4     | 6           | [100, 101, 102, 103, 104, 105]        | [0.1000, 0.2500, 0.1600, 0.1100, 0.3200, 0.0600]                 | 2.3496   | 0.7400  | 0.7917 
5     | 6           | [100, 101, 102, 103, 104, 105]        | [0.2000, 0.1800, 0.2300, 0.3300, 0.0400, 0.0200]                 | 1.6379   | 0.7600  | 0.7715 
6     | 4           | [99, 100, 101, 102]                   | [0.0500, 0.4400, 0.4700, 0.0400]                                 | 0.4300   | 0.5800  | 0.5873 
7     | 5           | [98, 99, 100, 101, 102]               | [0.0400, 0.3700, 0.2500, 0.0600, 0.2800]                         | 1.6811   | 0.7800  | 0.7242 
8     | 7           | [97, 98, 99, 100, 101, 102, 103]      | [0.0400, 0.1900, 0.2900, 0.2400, 0.2100, 0.0100, 0.0200]         | 1.5900   | 0.8800  | 0.7838 
9     | 7           | [95, 96, 97, 98, 99, 100, 101]        | [0.0200, 0.2800, 0.1900, 0.0900, 0.1100, 0.3000, 0.0100]         | 2.8851   | 0.8200  | 0.7826 
10    | 5           | [96, 98, 99, 100, 101]                | [0.0600, 0.0400, 0.4200, 0.4200, 0.0600]                         | 1.1376   | 0.6200  | 0.6449 
11    | 4           | [96, 97, 98, 99]                      | [0.1400, 0.8000, 0.0500, 0.0100]                                 | 0.2251   | 0.3600  | 0.3412 
12    | 5           | [98, 99, 100, 102, 103]               | [0.3600, 0.2600, 0.0200, 0.2300, 0.1300]                         | 3.7731   | 0.6800  | 0.7400 
13    | 6           | [98, 99, 100, 101, 102, 103]          | [0.0600, 0.1100, 0.2000, 0.2500, 0.3500, 0.0300]                 | 1.6139   | 0.6000  | 0.7661 
14    | 8           | [97, 98, 99, 101, 102, 103, 104, 105] | [0.0200, 0.1600, 0.4200, 0.1300, 0.0900, 0.0900, 0.0800, 0.0100] | 4.0475   | 0.7400  | 0.7657 
15    | 4           | [100, 101, 102, 103]                  | [0.2200, 0.5100, 0.2500, 0.0200]                                 | 0.5451   | 0.7000  | 0.6350 
16    | 6           | [99, 100, 101, 102, 103, 104]         | [0.1100, 0.3100, 0.5000, 0.0100, 0.0400, 0.0300]                 | 1.0675   | 0.5600  | 0.6457 
17    | 4           | [96, 97, 98, 99]                      | [0.0100, 0.2600, 0.6100, 0.1200]                                 | 0.3944   | 0.5600  | 0.5513 
18    | 5           | [99, 100, 101, 102, 103]              | [0.0100, 0.1300, 0.4000, 0.3500, 0.1100]                         | 0.7836   | 0.7000  | 0.6954 
19    | 7           | [96, 97, 99, 100, 101, 102, 103]      | [0.0800, 0.0400, 0.0400, 0.1500, 0.3700, 0.2600, 0.0600]         | 3.2819   | 0.7800  | 0.7675 
20    | 3           | [99, 100, 101]                        | [0.0500, 0.3800, 0.5700]                                         | 0.3496   | 0.5000  | 0.5335 
21    | 7           | [96, 97, 100, 101, 102, 103, 104]     | [0.0300, 0.0900, 0.0400, 0.4000, 0.2400, 0.1300, 0.0700]         | 3.5944   | 0.6800  | 0.7576 
