
[Simulation Info]
simulation_id = sim_0002032
timestamp     = 20250428_081415
seed          = 202608
output_folder = /home/lejeunet/Bureau/simulations/Ref_table/sim_0002032

[Model Parameters]
pop_size           = 5613
num_loci           = 20
sample1_generation = 30
sample2_generation = 10
low_repeats        = 1
high_repeats       = 200
mutation_rate      = 0.001
recap_Ne           = 5613

[Sampling Design]
sample1_size_Ne  = 50
sample2_size_Ne  = 50
sample1_size_CMR = 50
sample2_size_CMR = 50

[Capture-Marquage-Recapture]
census_N   =  0
MatchCount =  0
# There were no match between sampling of individuals during CMR.

[Ne Estimates - One Sample - Decreasing critical values [0.050, 0.020, 0.010, 0+]]

[Linkage Desequilibrium]
LD_Ne_Pop1 = [9625.1, 3915.4, 3352.2, 3352.2]
LD_r2_Pop1 = [0.021311, 0.021361, 0.021375, 0.021375]
LD_Ne_Pop2 = [1345.0, 2036.8, 724.3, 724.3]
LD_r2_Pop2 = [0.021523, 0.021439, 0.021735, 0.021735]

[Heterozygote excess]
HE_Neb_mean_Pop1        = [None, None, None, None]
HE_weighted_D_mean_Pop1 = [-0.00508, -0.00031, -0.0011, -0.0011]
HE_Neb_mean_Pop2        = [137.3, None, None, None]
HE_weighted_D_mean_Pop2 = [0.00365, -0.0002, -0.00076, -0.00076]

[Molecular Coancestry]
Coan_Neb_n_Pop1 = 56.2
Coan_f1_Pop1    = 0.0089
Coan_Neb_n_Pop2 = 96.0
Coan_f1_Pop2    = 0.00521

[Ne Estimates - Temporal - Decreasing critical values (0.050, 0.020, 0.010, 0+)]

[Pollak]
P_Ne     = [2097.9, 5225.0, 6015.2, 4768.9]
P_Fk     = [0.02238, 0.02096, 0.02083, 0.02105]
P_Fprime = [0.00238, 0.00096, 0.00083, 0.00105]

[Nei/Tajima]
N_Ne     = [2011.7, 5155.3, 5991.2, 4837.3]
N_Fc     = [0.02249, 0.02097, 0.02083, 0.02103]
N_Fprime = [0.00249, 0.00097, 0.00083, 0.00103]

[Jorde/Ryman]
J_Ne     = [940.6, 1390.3, 1414.9, 1406.5]
J_Fs     = [0.02542, 0.0237, 0.02364, 0.02366]
J_Fprime = [0.00532, 0.0036, 0.00353, 0.00355]

[Genetic Diversity - Heterozygosity]
mean_exp_het_pop1 = 0.8757
mean_obs_het_pop1 = 0.8743
mean_exp_het_pop2 = 0.8657
mean_obs_het_pop2 = 0.8619

[Genetic Diversity - Allele Counts]
mean_alleles_pop1 = 12.71
var_alleles_pop1  = 9.31
sum_alleles_pop1  = 267
mean_alleles_pop2 = 12.98
var_alleles_pop2  = 7.34
sum_alleles_pop2  = 545

[Genetic Diversity - Allelic Size Variance]
var_allele_size_pop1 = 17.5467
var_allele_size_pop2 = 16.7167

[Per-locus summary - Population 1]
Locus | Num_Alleles | Alleles                                                                            | Frequencies                                                                                                                                      | Variance | Obs_Het | Exp_Het
------+-------------+------------------------------------------------------------------------------------+--------------------------------------------------------------------------------------------------------------------------------------------------+----------+---------+--------
1     | 12          | [89, 91, 92, 93, 98, 99, 100, 101, 102, 103, 104, 105]                             | [0.0100, 0.1200, 0.0300, 0.1000, 0.0100, 0.1400, 0.1900, 0.0800, 0.0600, 0.1200, 0.1100, 0.0300]                                                 | 20.5404  | 0.9200  | 0.8903 
2     | 15          | [96, 97, 98, 99, 100, 101, 102, 103, 104, 105, 106, 107, 108, 109, 110]            | [0.0500, 0.0600, 0.1200, 0.1200, 0.0800, 0.1300, 0.0700, 0.0300, 0.0300, 0.0300, 0.0600, 0.1200, 0.0500, 0.0300, 0.0200]                         | 15.6784  | 0.9400  | 0.9216 
3     | 11          | [97, 98, 99, 102, 103, 104, 105, 106, 107, 108, 109]                               | [0.1400, 0.1800, 0.0200, 0.0500, 0.0800, 0.1200, 0.1000, 0.2000, 0.0800, 0.0200, 0.0100]                                                         | 14.1491  | 0.8200  | 0.8762 
4     | 17          | [89, 90, 93, 98, 99, 100, 101, 103, 104, 105, 107, 108, 111, 112, 113, 114, 115]   | [0.0200, 0.0300, 0.0100, 0.0100, 0.0800, 0.0900, 0.0300, 0.0400, 0.0500, 0.0500, 0.1300, 0.0300, 0.0700, 0.2100, 0.0400, 0.1000, 0.0100]         | 42.8636  | 0.9200  | 0.9071 
5     | 13          | [90, 91, 92, 102, 103, 104, 105, 107, 108, 109, 110, 113, 114]                     | [0.0200, 0.1000, 0.1600, 0.0700, 0.1900, 0.1600, 0.0600, 0.0300, 0.0700, 0.0500, 0.0200, 0.0200, 0.0500]                                         | 48.8475  | 0.8400  | 0.8911 
6     | 15          | [90, 92, 93, 94, 95, 96, 97, 98, 99, 100, 101, 102, 103, 104, 105]                 | [0.0100, 0.0300, 0.1300, 0.0600, 0.1000, 0.0400, 0.0900, 0.1200, 0.0300, 0.0100, 0.1000, 0.1000, 0.0500, 0.1000, 0.0300]                         | 15.9339  | 0.9400  | 0.9192 
7     | 9           | [97, 98, 99, 100, 101, 102, 104, 105, 106]                                         | [0.0200, 0.1300, 0.1600, 0.2100, 0.1000, 0.2400, 0.0500, 0.0700, 0.0200]                                                                         | 4.5971   | 0.8800  | 0.8461 
8     | 13          | [92, 94, 96, 99, 100, 101, 102, 103, 104, 107, 108, 109, 110]                      | [0.0500, 0.0100, 0.0200, 0.0600, 0.1600, 0.0700, 0.1800, 0.1400, 0.0400, 0.0400, 0.1000, 0.1200, 0.0100]                                         | 18.5811  | 0.9200  | 0.8921 
9     | 10          | [96, 97, 98, 99, 100, 101, 102, 103, 104, 106]                                     | [0.0100, 0.0500, 0.0600, 0.0400, 0.4500, 0.2000, 0.0600, 0.0900, 0.0300, 0.0100]                                                                 | 2.8036   | 0.6600  | 0.7444 
10    | 10          | [94, 95, 96, 97, 98, 99, 100, 101, 102, 105]                                       | [0.1000, 0.0500, 0.0900, 0.1000, 0.1600, 0.1600, 0.1300, 0.0700, 0.0800, 0.0600]                                                                 | 7.7484   | 0.8800  | 0.8953 
11    | 18          | [91, 92, 93, 94, 95, 96, 97, 99, 100, 101, 102, 103, 104, 105, 107, 108, 109, 110] | [0.0200, 0.0500, 0.1100, 0.0700, 0.0600, 0.0600, 0.0100, 0.0800, 0.1400, 0.0200, 0.0500, 0.0200, 0.0200, 0.0300, 0.1100, 0.0400, 0.0900, 0.0200] | 34.0619  | 0.9600  | 0.9293 
12    | 14          | [91, 92, 93, 94, 95, 96, 97, 98, 99, 100, 101, 102, 103, 104]                      | [0.0500, 0.1900, 0.1000, 0.0900, 0.0100, 0.0100, 0.0200, 0.0200, 0.1500, 0.0500, 0.0300, 0.1200, 0.1300, 0.0300]                                 | 19.6571  | 0.8200  | 0.8931 
13    | 10          | [97, 98, 99, 100, 101, 102, 103, 104, 105, 106]                                    | [0.0300, 0.0400, 0.2100, 0.0300, 0.0300, 0.1600, 0.1500, 0.1300, 0.1600, 0.0600]                                                                 | 6.4900   | 0.8800  | 0.8661 
14    | 17          | [90, 91, 92, 93, 94, 95, 96, 97, 98, 99, 100, 101, 103, 104, 106, 107, 108]        | [0.0100, 0.0900, 0.0500, 0.1300, 0.2000, 0.0800, 0.0300, 0.0500, 0.0700, 0.1300, 0.0100, 0.0400, 0.0100, 0.0100, 0.0100, 0.0600, 0.0200]         | 20.2379  | 0.9200  | 0.9038 
15    | 7           | [93, 95, 96, 97, 98, 99, 100]                                                      | [0.0400, 0.0900, 0.1900, 0.1700, 0.2900, 0.1700, 0.0500]                                                                                         | 2.5475   | 0.8200  | 0.8180 
16    | 14          | [87, 88, 89, 90, 98, 99, 100, 101, 102, 103, 104, 105, 106, 107]                   | [0.0200, 0.1600, 0.0300, 0.0300, 0.0200, 0.0900, 0.2800, 0.0900, 0.0600, 0.0800, 0.0600, 0.0300, 0.0200, 0.0300]                                 | 35.0371  | 0.9400  | 0.8701 
17    | 12          | [90, 91, 94, 95, 96, 97, 98, 99, 100, 101, 102, 103]                               | [0.0100, 0.0100, 0.0200, 0.0300, 0.1200, 0.0900, 0.1000, 0.1200, 0.0800, 0.2300, 0.1800, 0.0100]                                                 | 6.7419   | 0.8600  | 0.8685 
18    | 12          | [90, 91, 92, 93, 94, 95, 96, 99, 100, 101, 102, 103]                               | [0.0100, 0.0100, 0.0800, 0.1100, 0.1000, 0.0600, 0.0500, 0.0700, 0.0800, 0.3000, 0.1200, 0.0100]                                                 | 14.3200  | 0.8400  | 0.8580 
19    | 8           | [91, 98, 99, 100, 101, 102, 103, 104]                                              | [0.0300, 0.0600, 0.1800, 0.2900, 0.2600, 0.1400, 0.0300, 0.0100]                                                                                 | 4.0900   | 0.8600  | 0.7988 
20    | 14          | [95, 96, 97, 98, 99, 100, 101, 102, 103, 104, 105, 106, 107, 108]                  | [0.0300, 0.1000, 0.2200, 0.0900, 0.1200, 0.0700, 0.0200, 0.0100, 0.0100, 0.0400, 0.0200, 0.0700, 0.1500, 0.0500]                                 | 18.6939  | 0.8800  | 0.8897 
21    | 16          | [92, 93, 94, 96, 97, 98, 99, 100, 101, 102, 103, 104, 105, 106, 107, 108]          | [0.0100, 0.0100, 0.0200, 0.0400, 0.0600, 0.0100, 0.1000, 0.1300, 0.1100, 0.0300, 0.0400, 0.0600, 0.1200, 0.0900, 0.1600, 0.0100]                 | 14.8604  | 0.8600  | 0.9099 

[Per-locus summary - Population 2]
Locus | Num_Alleles | Alleles                                                                          | Frequencies                                                                                                                              | Variance | Obs_Het | Exp_Het
------+-------------+----------------------------------------------------------------------------------+------------------------------------------------------------------------------------------------------------------------------------------+----------+---------+--------
1     | 11          | [90, 91, 92, 93, 98, 99, 100, 101, 102, 103, 104]                                | [0.0100, 0.1800, 0.0400, 0.0900, 0.0100, 0.1100, 0.1600, 0.1100, 0.0600, 0.1500, 0.0800]                                                 | 22.4400  | 0.8600  | 0.8842 
2     | 13          | [96, 97, 98, 99, 100, 101, 102, 103, 105, 106, 107, 108, 109]                    | [0.1000, 0.1200, 0.1800, 0.0700, 0.1100, 0.1800, 0.0200, 0.0400, 0.0100, 0.0200, 0.0800, 0.0400, 0.0300]                                 | 13.7491  | 0.8000  | 0.8913 
3     | 12          | [96, 97, 98, 99, 100, 102, 103, 104, 105, 106, 107, 108]                         | [0.0100, 0.0900, 0.1000, 0.0100, 0.0300, 0.0900, 0.0700, 0.0900, 0.0800, 0.2700, 0.1300, 0.0300]                                         | 12.2600  | 0.9200  | 0.8713 
4     | 17          | [89, 90, 93, 98, 99, 100, 101, 103, 104, 105, 106, 107, 108, 111, 112, 113, 114] | [0.0400, 0.0300, 0.0200, 0.0200, 0.0800, 0.0800, 0.0200, 0.0200, 0.0100, 0.0700, 0.0300, 0.1100, 0.0600, 0.1100, 0.2000, 0.0700, 0.0300] | 47.1144  | 0.9600  | 0.9127 
5     | 13          | [91, 92, 102, 103, 104, 105, 106, 107, 108, 109, 110, 113, 114]                  | [0.1300, 0.0900, 0.0300, 0.3300, 0.1100, 0.0800, 0.0100, 0.0200, 0.0700, 0.0600, 0.0200, 0.0200, 0.0300]                                 | 40.3276  | 0.9400  | 0.8444 
6     | 14          | [93, 94, 95, 96, 97, 98, 99, 100, 101, 102, 103, 104, 105, 106]                  | [0.1200, 0.0500, 0.0400, 0.0500, 0.0500, 0.1900, 0.1100, 0.0200, 0.0800, 0.0800, 0.0700, 0.0700, 0.0500, 0.0200]                         | 13.7536  | 0.9400  | 0.9115 
7     | 9           | [98, 99, 100, 101, 102, 103, 104, 105, 106]                                      | [0.0900, 0.3300, 0.1700, 0.0700, 0.1400, 0.0100, 0.0900, 0.0600, 0.0400]                                                                 | 5.1971   | 0.8800  | 0.8244 
8     | 14          | [92, 94, 96, 98, 99, 100, 101, 102, 103, 104, 107, 108, 109, 110]                | [0.0700, 0.0100, 0.0100, 0.0200, 0.0300, 0.1500, 0.1200, 0.1800, 0.1500, 0.0200, 0.0900, 0.0600, 0.0700, 0.0200]                         | 18.6116  | 0.9000  | 0.8933 
9     | 10          | [96, 97, 98, 99, 100, 101, 102, 103, 104, 106]                                   | [0.0100, 0.0300, 0.1500, 0.0600, 0.3000, 0.2200, 0.0800, 0.1000, 0.0400, 0.0100]                                                         | 3.3619   | 0.8200  | 0.8246 
10    | 12          | [92, 94, 95, 96, 97, 98, 99, 100, 101, 102, 104, 105]                            | [0.0100, 0.0700, 0.1100, 0.0100, 0.1400, 0.2300, 0.1400, 0.0700, 0.0800, 0.0600, 0.0300, 0.0500]                                         | 8.0684   | 0.8400  | 0.8812 
11    | 15          | [92, 93, 94, 95, 96, 99, 100, 101, 102, 103, 104, 105, 107, 108, 109]            | [0.0200, 0.0800, 0.1100, 0.0700, 0.0600, 0.1200, 0.1300, 0.0400, 0.0100, 0.0600, 0.0100, 0.0100, 0.1100, 0.0100, 0.1600]                 | 31.7291  | 0.9200  | 0.9071 
12    | 14          | [91, 92, 93, 94, 95, 97, 98, 99, 100, 101, 102, 103, 104, 105]                   | [0.0300, 0.1000, 0.0800, 0.0600, 0.0100, 0.0200, 0.0300, 0.1400, 0.1100, 0.0200, 0.1500, 0.1800, 0.0600, 0.0100]                         | 17.7275  | 0.9400  | 0.8960 
13    | 11          | [97, 98, 99, 100, 101, 102, 103, 104, 105, 106, 107]                             | [0.0100, 0.0800, 0.1600, 0.0500, 0.0100, 0.1000, 0.2100, 0.1000, 0.2000, 0.0700, 0.0100]                                                 | 6.8156   | 0.7800  | 0.8649 
14    | 12          | [89, 90, 91, 92, 93, 94, 95, 96, 98, 99, 101, 107]                               | [0.0100, 0.0200, 0.1000, 0.0500, 0.1600, 0.1800, 0.1100, 0.0800, 0.1000, 0.1300, 0.0300, 0.0300]                                         | 12.1371  | 0.9200  | 0.8907 
15    | 7           | [95, 96, 97, 98, 99, 100, 102]                                                   | [0.0900, 0.1100, 0.2100, 0.3500, 0.1700, 0.0600, 0.0100]                                                                                 | 1.8931   | 0.7400  | 0.7885 
16    | 15          | [87, 88, 89, 90, 98, 99, 100, 101, 102, 103, 104, 105, 106, 107, 108]            | [0.0200, 0.0800, 0.0200, 0.0600, 0.0100, 0.1000, 0.4000, 0.0500, 0.0300, 0.0700, 0.0200, 0.0700, 0.0400, 0.0200, 0.0100]                 | 28.4875  | 0.8200  | 0.8115 
17    | 11          | [90, 93, 95, 96, 97, 98, 99, 100, 101, 102, 103]                                 | [0.0300, 0.0200, 0.0200, 0.0800, 0.0500, 0.0500, 0.0900, 0.1200, 0.2400, 0.2800, 0.0200]                                                 | 7.9244   | 0.7600  | 0.8364 
18    | 12          | [90, 91, 92, 93, 94, 95, 96, 99, 100, 101, 102, 103]                             | [0.0200, 0.0100, 0.0800, 0.1100, 0.1500, 0.0600, 0.0600, 0.0300, 0.1000, 0.3100, 0.0500, 0.0200]                                         | 14.6100  | 0.8400  | 0.8499 
19    | 9           | [87, 91, 98, 99, 100, 101, 102, 103, 104]                                        | [0.0300, 0.0400, 0.0700, 0.1200, 0.2200, 0.3200, 0.1300, 0.0300, 0.0400]                                                                 | 10.4276  | 0.7800  | 0.8162 
20    | 14          | [95, 96, 97, 98, 99, 100, 101, 102, 104, 105, 106, 107, 108, 110]                | [0.0200, 0.0800, 0.1400, 0.0500, 0.1400, 0.0700, 0.0100, 0.0200, 0.0200, 0.0500, 0.2300, 0.1500, 0.0100, 0.0100]                         | 18.6619  | 0.8600  | 0.8764 
21    | 15          | [92, 93, 94, 96, 97, 98, 99, 100, 101, 102, 103, 104, 105, 106, 107]             | [0.0100, 0.0400, 0.0200, 0.0200, 0.0300, 0.0300, 0.0400, 0.0800, 0.1000, 0.0200, 0.0700, 0.1400, 0.1200, 0.0900, 0.1900]                 | 15.7531  | 0.8800  | 0.9032 
