
[Simulation Info]
simulation_id = sim_0004622
timestamp     = 20250428_091240
seed          = 538796
output_folder = /home/lejeunet/Bureau/simulations/Ref_table/sim_0004622

[Model Parameters]
pop_size           = 2310
num_loci           = 20
sample1_generation = 30
sample2_generation = 10
low_repeats        = 1
high_repeats       = 200
mutation_rate      = 0.001
recap_Ne           = 2310

[Sampling Design]
sample1_size_Ne  = 50
sample2_size_Ne  = 50
sample1_size_CMR = 50
sample2_size_CMR = 50

[Capture-Marquage-Recapture]
census_N   =  0
MatchCount =  0
# There were no match between sampling of individuals during CMR.

[Ne Estimates - One Sample - Decreasing critical values [0.050, 0.020, 0.010, 0+]]

[Linkage Desequilibrium]
LD_Ne_Pop1 = [None, 6181.2, 1149.9, 1149.9]
LD_r2_Pop1 = [0.021161, 0.02133, 0.021565, 0.021565]
LD_Ne_Pop2 = [None, None, None, None]
LD_r2_Pop2 = [0.020902, 0.021092, 0.020849, 0.020849]

[Heterozygote excess]
HE_Neb_mean_Pop1        = [None, None, None, None]
HE_weighted_D_mean_Pop1 = [-0.00471, -0.006, -0.00622, -0.00622]
HE_Neb_mean_Pop2        = [None, None, None, None]
HE_weighted_D_mean_Pop2 = [-0.01208, -0.00957, -0.00966, -0.00966]

[Molecular Coancestry]
Coan_Neb_n_Pop1 = 1324.0
Coan_f1_Pop1    = 0.00038
Coan_Neb_n_Pop2 = None
Coan_f1_Pop2    = -0.02032

[Ne Estimates - Temporal - Decreasing critical values (0.050, 0.020, 0.010, 0+)]

[Pollak]
P_Ne     = [1308.3, 1907.1, 2323.0, 2246.2]
P_Fk     = [0.02382, 0.02262, 0.02215, 0.02223]
P_Fprime = [0.00382, 0.00262, 0.00215, 0.00223]

[Nei/Tajima]
N_Ne     = [1451.6, 2114.8, 2560.9, 2473.5]
N_Fc     = [0.02344, 0.02236, 0.02195, 0.02202]
N_Fprime = [0.00344, 0.00236, 0.00195, 0.00202]

[Jorde/Ryman]
J_Ne     = [1384.9, 1582.1, 1577.3, 1571.6]
J_Fs     = [0.02371, 0.02326, 0.02327, 0.02328]
J_Fprime = [0.00361, 0.00316, 0.00317, 0.00318]

[Genetic Diversity - Heterozygosity]
mean_exp_het_pop1 = 0.8142
mean_obs_het_pop1 = 0.8076
mean_exp_het_pop2 = 0.8206
mean_obs_het_pop2 = 0.8162

[Genetic Diversity - Allele Counts]
mean_alleles_pop1 = 9.29
var_alleles_pop1  = 2.31
sum_alleles_pop1  = 195
mean_alleles_pop2 = 9.55
var_alleles_pop2  = 2.25
sum_alleles_pop2  = 401

[Genetic Diversity - Allelic Size Variance]
var_allele_size_pop1 = 5.7032
var_allele_size_pop2 = 6.0199

[Per-locus summary - Population 1]
Locus | Num_Alleles | Alleles                                                  | Frequencies                                                                                      | Variance | Obs_Het | Exp_Het
------+-------------+----------------------------------------------------------+--------------------------------------------------------------------------------------------------+----------+---------+--------
1     | 12          | [96, 97, 98, 99, 100, 101, 102, 103, 104, 105, 106, 107] | [0.0500, 0.0500, 0.0900, 0.1100, 0.1100, 0.1900, 0.0400, 0.0800, 0.1200, 0.1300, 0.0200, 0.0100] | 7.7539   | 0.8600  | 0.8958 
2     | 10          | [94, 95, 96, 97, 99, 100, 101, 102, 103, 104]            | [0.0900, 0.1300, 0.1900, 0.0400, 0.1800, 0.2300, 0.0700, 0.0200, 0.0400, 0.0100]                 | 6.8196   | 0.8400  | 0.8535 
3     | 11          | [93, 94, 95, 96, 97, 98, 99, 100, 101, 102, 103]         | [0.0100, 0.1100, 0.0400, 0.0500, 0.1200, 0.1000, 0.1500, 0.1600, 0.1900, 0.0100, 0.0600]         | 6.5475   | 0.8800  | 0.8802 
4     | 11          | [97, 98, 99, 100, 101, 102, 103, 104, 105, 106, 107]     | [0.0100, 0.0500, 0.0300, 0.0100, 0.0500, 0.0200, 0.3000, 0.2700, 0.1700, 0.0800, 0.0100]         | 4.1339   | 0.7600  | 0.8032 
5     | 9           | [96, 97, 98, 99, 100, 101, 102, 104, 105]                | [0.0200, 0.1700, 0.0400, 0.0300, 0.1700, 0.3300, 0.1900, 0.0300, 0.0200]                         | 4.0571   | 0.7800  | 0.8010 
6     | 8           | [99, 100, 101, 102, 104, 105, 106, 107]                  | [0.0800, 0.1800, 0.0200, 0.0300, 0.0400, 0.0900, 0.4100, 0.1500]                                 | 8.2456   | 0.8000  | 0.7673 
7     | 10          | [95, 97, 98, 99, 100, 101, 102, 103, 104, 105]           | [0.0700, 0.0100, 0.0600, 0.2600, 0.0100, 0.0500, 0.2300, 0.2000, 0.0900, 0.0200]                 | 6.3939   | 0.7400  | 0.8281 
8     | 10          | [96, 97, 98, 99, 100, 102, 103, 104, 105, 106]           | [0.0200, 0.0600, 0.0200, 0.1600, 0.0200, 0.0200, 0.1100, 0.2700, 0.2600, 0.0600]                 | 8.1275   | 0.8800  | 0.8212 
9     | 8           | [98, 99, 100, 101, 102, 103, 104, 105]                   | [0.1000, 0.1700, 0.1400, 0.0100, 0.0900, 0.1000, 0.3500, 0.0400]                                 | 5.4816   | 0.7600  | 0.8073 
10    | 11          | [94, 95, 96, 97, 98, 99, 100, 101, 102, 103, 104]        | [0.0100, 0.0600, 0.1000, 0.1200, 0.0500, 0.0600, 0.0700, 0.3500, 0.1100, 0.0600, 0.0100]         | 6.0499   | 0.8200  | 0.8309 
11    | 9           | [94, 96, 97, 98, 99, 100, 101, 102, 103]                 | [0.0100, 0.0900, 0.0100, 0.1800, 0.1800, 0.0100, 0.3700, 0.1100, 0.0400]                         | 3.8816   | 0.7800  | 0.7840 
12    | 7           | [98, 99, 100, 101, 102, 103, 104]                        | [0.0600, 0.1500, 0.4600, 0.1800, 0.0200, 0.0800, 0.0500]                                         | 2.0179   | 0.7000  | 0.7279 
13    | 10          | [94, 95, 97, 98, 101, 102, 103, 104, 105, 106]           | [0.0300, 0.1800, 0.1100, 0.0400, 0.0100, 0.1200, 0.3100, 0.0800, 0.0700, 0.0500]                 | 14.4044  | 0.8600  | 0.8370 
14    | 8           | [99, 100, 101, 102, 103, 104, 105, 106]                  | [0.0600, 0.0500, 0.1000, 0.1800, 0.3800, 0.1900, 0.0200, 0.0200]                                 | 2.2096   | 0.7800  | 0.7780 
15    | 8           | [95, 96, 97, 98, 99, 100, 101, 102]                      | [0.0600, 0.2100, 0.2700, 0.1300, 0.0400, 0.1500, 0.0600, 0.0800]                                 | 4.1091   | 0.8000  | 0.8368 
16    | 10          | [91, 92, 93, 94, 95, 96, 97, 98, 99, 100]                | [0.0100, 0.0600, 0.0300, 0.0500, 0.1400, 0.1200, 0.2600, 0.1000, 0.1500, 0.0800]                 | 4.7379   | 0.9000  | 0.8610 
17    | 9           | [92, 93, 94, 95, 96, 97, 98, 99, 100]                    | [0.1100, 0.0200, 0.0300, 0.0300, 0.0100, 0.4700, 0.1900, 0.1100, 0.0300]                         | 4.2859   | 0.7000  | 0.7228 
18    | 9           | [98, 99, 100, 101, 102, 103, 105, 106, 107]              | [0.0500, 0.0900, 0.1500, 0.0300, 0.1100, 0.0500, 0.1900, 0.3100, 0.0200]                         | 8.1144   | 0.8800  | 0.8271 
19    | 8           | [99, 100, 101, 102, 103, 104, 105, 106]                  | [0.2200, 0.4500, 0.0800, 0.0600, 0.0600, 0.0700, 0.0100, 0.0500]                                 | 3.6259   | 0.6800  | 0.7353 
20    | 6           | [102, 103, 104, 105, 106, 107]                           | [0.0600, 0.2200, 0.2100, 0.1500, 0.1700, 0.1900]                                                 | 2.4816   | 0.8800  | 0.8246 
21    | 11          | [95, 97, 98, 99, 100, 101, 102, 103, 105, 106, 107]      | [0.0300, 0.0600, 0.1700, 0.1400, 0.2100, 0.1400, 0.0700, 0.1000, 0.0200, 0.0400, 0.0200]         | 6.2875   | 0.8800  | 0.8748 

[Per-locus summary - Population 2]
Locus | Num_Alleles | Alleles                                                  | Frequencies                                                                                      | Variance | Obs_Het | Exp_Het
------+-------------+----------------------------------------------------------+--------------------------------------------------------------------------------------------------+----------+---------+--------
1     | 12          | [96, 97, 98, 99, 100, 101, 102, 103, 104, 105, 106, 107] | [0.0100, 0.1100, 0.1000, 0.0900, 0.1600, 0.2000, 0.0500, 0.0500, 0.0800, 0.1000, 0.0400, 0.0100] | 7.3536   | 0.8600  | 0.8899 
2     | 10          | [94, 95, 96, 97, 98, 99, 100, 101, 102, 103]             | [0.0600, 0.1800, 0.1600, 0.0300, 0.0100, 0.1000, 0.1400, 0.1300, 0.0600, 0.1300]                 | 9.0091   | 0.8600  | 0.8792 
3     | 11          | [93, 94, 95, 96, 97, 98, 99, 100, 101, 102, 103]         | [0.0100, 0.1000, 0.0600, 0.1100, 0.1200, 0.0700, 0.1800, 0.1500, 0.1300, 0.0100, 0.0600]         | 6.5024   | 0.8600  | 0.8883 
4     | 10          | [97, 98, 99, 100, 101, 102, 103, 104, 105, 106]          | [0.0400, 0.0300, 0.0800, 0.0100, 0.0300, 0.0700, 0.3000, 0.2600, 0.1300, 0.0500]                 | 4.9400   | 0.7800  | 0.8164 
5     | 10          | [96, 97, 98, 99, 100, 101, 102, 103, 104, 105]           | [0.0500, 0.1600, 0.0900, 0.0600, 0.1200, 0.2800, 0.1800, 0.0100, 0.0400, 0.0100]                 | 4.6384   | 0.8800  | 0.8416 
6     | 9           | [98, 99, 100, 101, 102, 104, 105, 106, 107]              | [0.0100, 0.0900, 0.1500, 0.0500, 0.0600, 0.0600, 0.0800, 0.4200, 0.0800]                         | 8.1316   | 0.8600  | 0.7782 
7     | 10          | [95, 97, 98, 99, 100, 101, 102, 103, 104, 105]           | [0.0400, 0.0500, 0.0400, 0.1700, 0.0300, 0.0600, 0.2800, 0.1800, 0.1300, 0.0200]                 | 5.7676   | 0.8600  | 0.8412 
8     | 10          | [96, 97, 98, 99, 100, 102, 103, 104, 105, 106]           | [0.0100, 0.0100, 0.0300, 0.2300, 0.0100, 0.0200, 0.1000, 0.3200, 0.1700, 0.1000]                 | 7.2059   | 0.8000  | 0.8022 
9     | 8           | [98, 99, 100, 101, 102, 103, 104, 105]                   | [0.0300, 0.1500, 0.0600, 0.0200, 0.1800, 0.2100, 0.3200, 0.0300]                                 | 3.7971   | 0.7200  | 0.8008 
10    | 9           | [95, 96, 97, 98, 99, 100, 101, 102, 103]                 | [0.0700, 0.1800, 0.0700, 0.0700, 0.0500, 0.0400, 0.3800, 0.1100, 0.0300]                         | 6.0716   | 0.7400  | 0.7994 
11    | 10          | [94, 95, 96, 97, 98, 99, 100, 101, 102, 103]             | [0.0300, 0.0100, 0.0800, 0.0100, 0.1900, 0.3000, 0.0100, 0.3000, 0.0200, 0.0500]                 | 3.9971   | 0.7800  | 0.7812 
12    | 7           | [98, 99, 100, 101, 102, 103, 104]                        | [0.1000, 0.1400, 0.4900, 0.1300, 0.0400, 0.0800, 0.0200]                                         | 1.8339   | 0.7600  | 0.7121 
13    | 9           | [94, 95, 96, 97, 102, 103, 104, 105, 106]                | [0.0500, 0.1400, 0.0100, 0.1900, 0.1300, 0.3000, 0.0700, 0.0600, 0.0500]                         | 14.6251  | 0.8400  | 0.8321 
14    | 9           | [98, 99, 100, 101, 102, 103, 104, 105, 106]              | [0.0100, 0.0800, 0.1700, 0.0500, 0.1400, 0.3700, 0.1300, 0.0400, 0.0100]                         | 3.0056   | 0.7600  | 0.7950 
15    | 8           | [95, 96, 97, 98, 99, 100, 101, 102]                      | [0.0300, 0.2600, 0.2000, 0.1700, 0.0700, 0.0900, 0.0300, 0.1500]                                 | 4.5931   | 0.8800  | 0.8346 
16    | 11          | [91, 92, 93, 94, 95, 96, 97, 98, 99, 100, 101]           | [0.0100, 0.1200, 0.0700, 0.0900, 0.1400, 0.0800, 0.1900, 0.1100, 0.1700, 0.0100, 0.0100]         | 5.8675   | 0.8200  | 0.8780 
17    | 9           | [92, 93, 94, 95, 97, 98, 99, 100, 102]                   | [0.1100, 0.0200, 0.0500, 0.0500, 0.2900, 0.2600, 0.1000, 0.0800, 0.0400]                         | 6.0996   | 0.8600  | 0.8210 
18    | 8           | [98, 99, 100, 101, 102, 103, 105, 106]                   | [0.0300, 0.1900, 0.1900, 0.0300, 0.0300, 0.0200, 0.2000, 0.3100]                                 | 9.1824   | 0.8200  | 0.7966 
19    | 7           | [99, 100, 101, 102, 103, 104, 106]                       | [0.2000, 0.3600, 0.1100, 0.1100, 0.0900, 0.0800, 0.0500]                                         | 3.5996   | 0.8400  | 0.7972 
20    | 7           | [101, 102, 103, 104, 105, 106, 107]                      | [0.0100, 0.0500, 0.3800, 0.2000, 0.0700, 0.1800, 0.1100]                                         | 2.3875   | 0.7600  | 0.7713 
21    | 12          | [95, 97, 98, 99, 100, 101, 102, 103, 105, 106, 107, 108] | [0.0200, 0.0600, 0.1900, 0.0700, 0.2000, 0.1000, 0.1200, 0.1400, 0.0200, 0.0100, 0.0500, 0.0200] | 7.8100   | 0.8000  | 0.8764 
