
[Simulation Info]
simulation_id = sim_0012811
timestamp     = 20250429_100402
seed          = 979814
output_folder = /home/lejeunet/Bureau/simulations/Ref_table/sim_0012811

[Model Parameters]
pop_size           = 6347
num_loci           = 20
sample1_generation = 30
sample2_generation = 10
low_repeats        = 1
high_repeats       = 200
mutation_rate      = 0.001
recap_Ne           = 6347

[Sampling Design]
sample1_size_Ne  = 50
sample2_size_Ne  = 50
sample1_size_CMR = 50
sample2_size_CMR = 50

[Capture-Marquage-Recapture]
census_N   =  2601
MatchCount =  1

[Ne Estimates - One Sample - Decreasing critical values [0.050, 0.020, 0.010, 0+]]

[Linkage Desequilibrium]
LD_Ne_Pop1 = [3296.5, 4584.2, 873.6, 873.6]
LD_r2_Pop1 = [0.021377, 0.021349, 0.021657, 0.021657]
LD_Ne_Pop2 = [1409.2, 2010.2, None, None]
LD_r2_Pop2 = [0.021512, 0.021442, 0.02124, 0.02124]

[Heterozygote excess]
HE_Neb_mean_Pop1        = [109.7, 108.1, 118.3, 118.3]
HE_weighted_D_mean_Pop1 = [0.00458, 0.00465, 0.00424, 0.00424]
HE_Neb_mean_Pop2        = [None, None, None, None]
HE_weighted_D_mean_Pop2 = [-0.0079, -0.00527, -0.00552, -0.00552]

[Molecular Coancestry]
Coan_Neb_n_Pop1 = 77.8
Coan_f1_Pop1    = 0.00642
Coan_Neb_n_Pop2 = 354.1
Coan_f1_Pop2    = 0.00141

[Ne Estimates - Temporal - Decreasing critical values (0.050, 0.020, 0.010, 0+)]

[Pollak]
P_Ne     = [-2159.6, -2207.5, -2864.0, -2724.4]
P_Fk     = [0.01768, 0.01774, 0.01825, 0.01816]
P_Fprime = [-0.00232, -0.00226, -0.00175, -0.00184]

[Nei/Tajima]
N_Ne     = [-1944.1, -1939.1, -2384.9, -2297.7]
N_Fc     = [0.01743, 0.01742, 0.0179, 0.01782]
N_Fprime = [-0.00257, -0.00258, -0.0021, -0.00218]

[Jorde/Ryman]
J_Ne     = [-1874.4, -1453.9, -1501.6, -1496.5]
J_Fs     = [0.01743, 0.01666, 0.01677, 0.01676]
J_Fprime = [-0.00267, -0.00344, -0.00333, -0.00334]

[Genetic Diversity - Heterozygosity]
mean_exp_het_pop1 = 0.8529
mean_obs_het_pop1 = 0.8657
mean_exp_het_pop2 = 0.8502
mean_obs_het_pop2 = 0.8419

[Genetic Diversity - Allele Counts]
mean_alleles_pop1 = 10.24
var_alleles_pop1  = 4.19
sum_alleles_pop1  = 215
mean_alleles_pop2 = 10.52
var_alleles_pop2  = 4.21
sum_alleles_pop2  = 442

[Genetic Diversity - Allelic Size Variance]
var_allele_size_pop1 = 6.1056
var_allele_size_pop2 = 6.137

[Per-locus summary - Population 1]
Locus | Num_Alleles | Alleles                                                           | Frequencies                                                                                                      | Variance | Obs_Het | Exp_Het
------+-------------+-------------------------------------------------------------------+------------------------------------------------------------------------------------------------------------------+----------+---------+--------
1     | 12          | [93, 94, 95, 96, 97, 98, 99, 100, 101, 102, 103, 104]             | [0.0200, 0.0900, 0.0900, 0.0900, 0.0100, 0.0500, 0.2000, 0.3100, 0.0800, 0.0300, 0.0200, 0.0100]                 | 6.4436   | 0.9000  | 0.8372 
2     | 12          | [93, 95, 96, 97, 98, 99, 100, 101, 102, 103, 104, 105]            | [0.0200, 0.0200, 0.0200, 0.1200, 0.2900, 0.1200, 0.0900, 0.1300, 0.0600, 0.0200, 0.1000, 0.0100]                 | 6.1756   | 0.9000  | 0.8554 
3     | 12          | [93, 94, 95, 96, 97, 98, 99, 100, 101, 102, 103, 104]             | [0.1300, 0.0100, 0.0100, 0.0400, 0.1300, 0.2000, 0.1400, 0.1000, 0.0800, 0.0800, 0.0600, 0.0200]                 | 8.3979   | 0.9000  | 0.8869 
4     | 8           | [98, 100, 101, 102, 103, 104, 105, 106]                           | [0.0100, 0.0500, 0.1500, 0.3100, 0.2400, 0.2000, 0.0100, 0.0300]                                                 | 1.8700   | 0.7800  | 0.7881 
5     | 11          | [97, 98, 99, 100, 101, 102, 103, 104, 105, 106, 107]              | [0.0400, 0.0800, 0.0500, 0.1000, 0.0600, 0.1100, 0.3600, 0.1600, 0.0100, 0.0100, 0.0200]                         | 4.9336   | 0.8600  | 0.8162 
6     | 10          | [92, 94, 95, 96, 97, 98, 99, 100, 101, 102]                       | [0.0700, 0.0200, 0.0700, 0.1100, 0.2600, 0.1200, 0.2400, 0.0300, 0.0600, 0.0200]                                 | 4.9931   | 0.9400  | 0.8416 
7     | 8           | [96, 97, 98, 99, 100, 101, 102, 103]                              | [0.0400, 0.1700, 0.1000, 0.0700, 0.2000, 0.2000, 0.1300, 0.0900]                                                 | 4.1259   | 0.8200  | 0.8582 
8     | 14          | [94, 95, 96, 97, 98, 99, 100, 101, 102, 103, 104, 105, 106, 107]  | [0.0100, 0.0300, 0.1900, 0.1400, 0.0900, 0.0500, 0.0800, 0.1000, 0.0900, 0.0600, 0.0200, 0.0900, 0.0300, 0.0200] | 11.3539  | 0.9000  | 0.9038 
9     | 9           | [96, 97, 98, 99, 100, 101, 102, 103, 105]                         | [0.0400, 0.1100, 0.0600, 0.1200, 0.1600, 0.1300, 0.2600, 0.1100, 0.0100]                                         | 4.3100   | 0.9600  | 0.8546 
10    | 10          | [95, 96, 97, 98, 99, 100, 101, 102, 103, 104]                     | [0.1400, 0.0300, 0.2400, 0.0500, 0.0300, 0.0200, 0.2800, 0.0800, 0.1000, 0.0300]                                 | 7.6939   | 0.9000  | 0.8307 
11    | 12          | [95, 96, 97, 98, 99, 100, 101, 102, 103, 104, 105, 106]           | [0.0400, 0.2200, 0.1700, 0.1500, 0.0900, 0.0600, 0.0900, 0.0200, 0.0100, 0.0400, 0.0800, 0.0300]                 | 9.5536   | 0.9200  | 0.8782 
12    | 14          | [95, 96, 97, 98, 99, 100, 101, 102, 103, 104, 105, 106, 107, 108] | [0.0300, 0.0800, 0.0600, 0.0600, 0.1700, 0.0900, 0.1300, 0.0800, 0.0700, 0.0200, 0.0100, 0.0700, 0.1100, 0.0200] | 12.7384  | 0.8800  | 0.9115 
13    | 9           | [96, 97, 98, 99, 100, 101, 102, 103, 104]                         | [0.0200, 0.1400, 0.0900, 0.1300, 0.2300, 0.1500, 0.1500, 0.0600, 0.0300]                                         | 3.8364   | 0.8800  | 0.8612 
14    | 9           | [98, 99, 100, 101, 102, 103, 104, 105, 106]                       | [0.0700, 0.1400, 0.2600, 0.1100, 0.1000, 0.0500, 0.0900, 0.0700, 0.1100]                                         | 6.1275   | 0.8400  | 0.8669 
15    | 8           | [92, 93, 94, 95, 96, 97, 98, 99]                                  | [0.0200, 0.0300, 0.0700, 0.2600, 0.1200, 0.2900, 0.1900, 0.0200]                                                 | 2.3344   | 0.8000  | 0.7992 
16    | 10          | [95, 96, 97, 98, 99, 100, 101, 102, 103, 104]                     | [0.0400, 0.0300, 0.1000, 0.2200, 0.1300, 0.0700, 0.1400, 0.1200, 0.0700, 0.0800]                                 | 5.8416   | 0.8400  | 0.8808 
17    | 9           | [96, 97, 98, 99, 100, 101, 102, 103, 104]                         | [0.0400, 0.1500, 0.1000, 0.2200, 0.0800, 0.1600, 0.0700, 0.1600, 0.0200]                                         | 4.7811   | 0.8800  | 0.8632 
18    | 12          | [92, 93, 94, 95, 96, 97, 98, 99, 100, 102, 103, 104]              | [0.0300, 0.0400, 0.1300, 0.1400, 0.0900, 0.1300, 0.2600, 0.0100, 0.0300, 0.0600, 0.0700, 0.0100]                 | 8.2819   | 0.8200  | 0.8675 
19    | 6           | [98, 99, 100, 101, 102, 103]                                      | [0.0200, 0.2100, 0.1600, 0.3200, 0.1700, 0.1200]                                                                 | 1.7771   | 0.7000  | 0.7921 
20    | 10          | [93, 94, 95, 96, 97, 98, 99, 100, 101, 102]                       | [0.0200, 0.1900, 0.1800, 0.0600, 0.0900, 0.0700, 0.1300, 0.1300, 0.0800, 0.0500]                                 | 7.0516   | 0.9000  | 0.8806 
21    | 10          | [93, 94, 95, 96, 97, 98, 99, 100, 101, 102]                       | [0.0300, 0.0100, 0.0700, 0.1900, 0.0800, 0.1100, 0.1000, 0.1000, 0.3000, 0.0100]                                 | 5.5956   | 0.8600  | 0.8378 

[Per-locus summary - Population 2]
Locus | Num_Alleles | Alleles                                                           | Frequencies                                                                                                      | Variance | Obs_Het | Exp_Het
------+-------------+-------------------------------------------------------------------+------------------------------------------------------------------------------------------------------------------+----------+---------+--------
1     | 11          | [93, 94, 95, 96, 98, 99, 100, 101, 102, 103, 104]                 | [0.0700, 0.0600, 0.0600, 0.0700, 0.1700, 0.2100, 0.2100, 0.0300, 0.0600, 0.0400, 0.0200]                         | 7.3931   | 0.9400  | 0.8681 
2     | 12          | [94, 95, 96, 97, 98, 99, 100, 101, 102, 103, 104, 105]            | [0.0300, 0.0600, 0.0400, 0.1100, 0.3100, 0.1100, 0.0900, 0.0600, 0.0300, 0.0200, 0.1200, 0.0200]                 | 7.4564   | 0.8200  | 0.8543 
3     | 12          | [93, 94, 95, 96, 97, 98, 99, 100, 101, 102, 103, 105]             | [0.2000, 0.0400, 0.0200, 0.0200, 0.1300, 0.1700, 0.1300, 0.0700, 0.0300, 0.0900, 0.0800, 0.0200]                 | 11.1131  | 0.8400  | 0.8830 
4     | 8           | [98, 100, 101, 102, 103, 104, 105, 106]                           | [0.0100, 0.0500, 0.1500, 0.2800, 0.2600, 0.1900, 0.0500, 0.0100]                                                 | 1.8484   | 0.8200  | 0.7982 
5     | 10          | [97, 98, 99, 100, 101, 102, 103, 104, 106, 107]                   | [0.0500, 0.1000, 0.0200, 0.0700, 0.0600, 0.1400, 0.3200, 0.1700, 0.0500, 0.0200]                                 | 5.6675   | 0.7800  | 0.8331 
6     | 10          | [92, 94, 95, 96, 97, 98, 99, 100, 101, 102]                       | [0.0200, 0.0300, 0.0400, 0.1400, 0.3000, 0.1300, 0.2600, 0.0400, 0.0200, 0.0200]                                 | 3.1284   | 0.8400  | 0.8087 
7     | 10          | [95, 96, 97, 98, 99, 100, 101, 102, 103, 104]                     | [0.0100, 0.0400, 0.1700, 0.1100, 0.1300, 0.2000, 0.1400, 0.1100, 0.0800, 0.0100]                                 | 4.2651   | 0.8600  | 0.8709 
8     | 13          | [95, 96, 97, 98, 99, 100, 101, 102, 103, 104, 105, 106, 107]      | [0.0100, 0.1700, 0.2100, 0.0500, 0.0900, 0.1000, 0.0700, 0.0900, 0.0200, 0.0400, 0.1100, 0.0100, 0.0300]         | 10.9124  | 0.8200  | 0.8871 
9     | 10          | [96, 97, 98, 99, 100, 101, 102, 103, 104, 105]                    | [0.0500, 0.0900, 0.0500, 0.1800, 0.1100, 0.0900, 0.3200, 0.0700, 0.0100, 0.0300]                                 | 4.7556   | 0.8800  | 0.8343 
10    | 10          | [95, 96, 97, 98, 99, 100, 101, 102, 103, 104]                     | [0.2000, 0.0400, 0.2600, 0.0600, 0.0200, 0.0500, 0.1800, 0.0700, 0.0600, 0.0600]                                 | 8.4044   | 0.7800  | 0.8483 
11    | 13          | [95, 96, 97, 98, 99, 100, 101, 102, 103, 104, 105, 106, 107]      | [0.0200, 0.2100, 0.1300, 0.1500, 0.1200, 0.1200, 0.0800, 0.0200, 0.0300, 0.0500, 0.0300, 0.0300, 0.0100]         | 8.4164   | 0.9800  | 0.8840 
12    | 14          | [95, 96, 97, 98, 99, 100, 101, 102, 103, 104, 105, 106, 107, 108] | [0.0100, 0.0800, 0.0300, 0.0100, 0.2100, 0.1400, 0.1300, 0.0700, 0.0700, 0.0100, 0.0300, 0.1200, 0.0800, 0.0100] | 11.0844  | 0.8600  | 0.8891 
13    | 9           | [96, 97, 98, 99, 100, 101, 102, 103, 104]                         | [0.0300, 0.1700, 0.1000, 0.0800, 0.2000, 0.1300, 0.2700, 0.0100, 0.0100]                                         | 3.9211   | 0.7000  | 0.8321 
14    | 9           | [98, 99, 100, 101, 102, 103, 104, 105, 106]                       | [0.0800, 0.2200, 0.2600, 0.0700, 0.0500, 0.0800, 0.0600, 0.0800, 0.1000]                                         | 6.4771   | 0.8600  | 0.8523 
15    | 7           | [93, 94, 95, 96, 97, 98, 99]                                      | [0.0200, 0.0300, 0.2000, 0.1400, 0.3800, 0.1900, 0.0400]                                                         | 1.6864   | 0.8200  | 0.7647 
16    | 10          | [95, 96, 97, 98, 99, 100, 101, 102, 103, 104]                     | [0.0200, 0.0400, 0.0900, 0.1600, 0.1800, 0.1700, 0.0500, 0.1400, 0.0400, 0.1100]                                 | 5.4804   | 0.8600  | 0.8760 
17    | 11          | [95, 96, 97, 98, 99, 100, 101, 102, 103, 104, 105]                | [0.0200, 0.0800, 0.1200, 0.1900, 0.1300, 0.1200, 0.0900, 0.0400, 0.1700, 0.0300, 0.0100]                         | 6.0664   | 0.8800  | 0.8806 
18    | 11          | [92, 93, 94, 95, 96, 97, 98, 99, 100, 102, 103]                   | [0.0300, 0.0700, 0.1500, 0.1200, 0.0800, 0.1500, 0.2400, 0.0200, 0.0900, 0.0300, 0.0200]                         | 6.2356   | 0.8600  | 0.8697 
19    | 5           | [99, 100, 101, 102, 103]                                          | [0.1600, 0.1600, 0.3300, 0.1800, 0.1700]                                                                         | 1.6584   | 0.7600  | 0.7865 
20    | 11          | [93, 94, 95, 96, 97, 98, 99, 100, 101, 102, 103]                  | [0.0100, 0.2300, 0.1200, 0.0900, 0.1300, 0.0600, 0.0800, 0.1300, 0.1000, 0.0200, 0.0300]                         | 7.4771   | 0.8600  | 0.8782 
21    | 11          | [92, 93, 94, 95, 96, 97, 98, 99, 100, 101, 102]                   | [0.0100, 0.0300, 0.0200, 0.0400, 0.2100, 0.1800, 0.1000, 0.0800, 0.1000, 0.2200, 0.0100]                         | 5.4291   | 0.8600  | 0.8541 
