
[Simulation Info]
simulation_id = sim_0001368
timestamp     = 20250428_080101
seed          = 873244
output_folder = /home/lejeunet/Bureau/simulations/Ref_table/sim_0001368

[Model Parameters]
pop_size           = 1466
num_loci           = 20
sample1_generation = 30
sample2_generation = 10
low_repeats        = 1
high_repeats       = 200
mutation_rate      = 0.001
recap_Ne           = 1466

[Sampling Design]
sample1_size_Ne  = 50
sample2_size_Ne  = 50
sample1_size_CMR = 50
sample2_size_CMR = 50

[Capture-Marquage-Recapture]
census_N   =  2601
MatchCount =  1

[Ne Estimates - One Sample - Decreasing critical values [0.050, 0.020, 0.010, 0+]]

[Linkage Desequilibrium]
LD_Ne_Pop1 = [None, None, None, None]
LD_r2_Pop1 = [0.020946, 0.021231, 0.021076, 0.021076]
LD_Ne_Pop2 = [None, None, None, None]
LD_r2_Pop2 = [0.021039, 0.021273, 0.02117, 0.02117]

[Heterozygote excess]
HE_Neb_mean_Pop1        = [90.6, 112.6, 112.6, 112.6]
HE_weighted_D_mean_Pop1 = [0.00555, 0.00446, 0.00446, 0.00446]
HE_Neb_mean_Pop2        = [None, None, 131.0, 131.0]
HE_weighted_D_mean_Pop2 = [-0.00631, -0.00447, 0.00383, 0.00383]

[Molecular Coancestry]
Coan_Neb_n_Pop1 = 29.6
Coan_f1_Pop1    = 0.01686
Coan_Neb_n_Pop2 = None
Coan_f1_Pop2    = -0.00424

[Ne Estimates - Temporal - Decreasing critical values (0.050, 0.020, 0.010, 0+)]

[Pollak]
P_Ne     = [2085.7, 3376.7, 3577.5, 2825.4]
P_Fk     = [0.0224, 0.02148, 0.0214, 0.02177]
P_Fprime = [0.0024, 0.00148, 0.0014, 0.00177]

[Nei/Tajima]
N_Ne     = [2390.5, 3792.3, 3990.9, 3199.5]
N_Fc     = [0.02209, 0.02132, 0.02125, 0.02156]
N_Fprime = [0.00209, 0.00132, 0.00125, 0.00156]

[Jorde/Ryman]
J_Ne     = [2076.8, 2209.9, 2197.5, 2171.9]
J_Fs     = [0.02251, 0.02236, 0.02238, 0.0224]
J_Fprime = [0.00241, 0.00226, 0.00228, 0.0023]

[Genetic Diversity - Heterozygosity]
mean_exp_het_pop1 = 0.7148
mean_obs_het_pop1 = 0.7143
mean_exp_het_pop2 = 0.7054
mean_obs_het_pop2 = 0.7076

[Genetic Diversity - Allele Counts]
mean_alleles_pop1 = 5.57
var_alleles_pop1  = 1.26
sum_alleles_pop1  = 117
mean_alleles_pop2 = 5.64
var_alleles_pop2  = 1.26
sum_alleles_pop2  = 237

[Genetic Diversity - Allelic Size Variance]
var_allele_size_pop1 = 1.8326
var_allele_size_pop2 = 1.655

[Per-locus summary - Population 1]
Locus | Num_Alleles | Alleles                              | Frequencies                                                      | Variance | Obs_Het | Exp_Het
------+-------------+--------------------------------------+------------------------------------------------------------------+----------+---------+--------
1     | 6           | [102, 103, 104, 105, 106, 107]       | [0.0100, 0.0200, 0.5400, 0.3500, 0.0600, 0.0200]                 | 0.5899   | 0.6200  | 0.5873 
2     | 7           | [94, 95, 96, 97, 99, 100, 101]       | [0.0700, 0.1900, 0.2200, 0.0100, 0.0200, 0.4100, 0.0800]         | 6.0516   | 0.7600  | 0.7430 
3     | 5           | [99, 100, 101, 102, 103]             | [0.1200, 0.3600, 0.1900, 0.3100, 0.0200]                         | 1.1675   | 0.7600  | 0.7307 
4     | 7           | [100, 101, 102, 103, 104, 105, 106]  | [0.0400, 0.1300, 0.2900, 0.0700, 0.0500, 0.2400, 0.1800]         | 3.6400   | 0.8800  | 0.8081 
5     | 5           | [100, 102, 103, 104, 106]            | [0.0300, 0.1300, 0.3800, 0.4200, 0.0400]                         | 1.0776   | 0.6000  | 0.6665 
6     | 5           | [101, 102, 103, 104, 105]            | [0.0200, 0.3900, 0.4700, 0.0400, 0.0800]                         | 0.7771   | 0.6200  | 0.6249 
7     | 4           | [100, 101, 102, 103]                 | [0.0600, 0.4200, 0.4600, 0.0600]                                 | 0.4896   | 0.6200  | 0.6109 
8     | 5           | [98, 99, 100, 101, 102]              | [0.1700, 0.2400, 0.1600, 0.2000, 0.2300]                         | 2.0336   | 0.8000  | 0.8030 
9     | 5           | [101, 102, 103, 104, 105]            | [0.0100, 0.3700, 0.1600, 0.2900, 0.1700]                         | 1.3224   | 0.7800  | 0.7317 
10    | 4           | [101, 102, 103, 104]                 | [0.2900, 0.4000, 0.1200, 0.1900]                                 | 1.1259   | 0.7200  | 0.7125 
11    | 5           | [98, 99, 100, 101, 102]              | [0.0600, 0.3000, 0.2800, 0.3400, 0.0200]                         | 0.9584   | 0.7000  | 0.7192 
12    | 4           | [99, 100, 101, 102]                  | [0.2700, 0.4800, 0.2300, 0.0200]                                 | 0.5800   | 0.6800  | 0.6499 
13    | 6           | [94, 95, 96, 97, 98, 99]             | [0.0400, 0.0600, 0.1900, 0.2600, 0.2800, 0.1700]                 | 1.7139   | 0.7600  | 0.7917 
14    | 6           | [101, 102, 103, 104, 105, 106]       | [0.0300, 0.1000, 0.4100, 0.3400, 0.0900, 0.0300]                 | 0.9875   | 0.7200  | 0.7034 
15    | 4           | [99, 100, 101, 102]                  | [0.5300, 0.2600, 0.2000, 0.0100]                                 | 0.6739   | 0.6200  | 0.6176 
16    | 7           | [98, 99, 100, 101, 102, 103, 104]    | [0.1200, 0.3400, 0.1000, 0.2700, 0.0200, 0.1400, 0.0100]         | 2.5539   | 0.7000  | 0.7748 
17    | 6           | [97, 98, 99, 100, 101, 102]          | [0.1700, 0.4600, 0.0200, 0.2400, 0.1000, 0.0100]                 | 1.7611   | 0.6800  | 0.6984 
18    | 6           | [95, 96, 97, 99, 100, 101]           | [0.0700, 0.3500, 0.1300, 0.3200, 0.1100, 0.0200]                 | 2.9064   | 0.7000  | 0.7483 
19    | 6           | [98, 99, 100, 101, 102, 103]         | [0.1600, 0.1600, 0.0900, 0.2900, 0.2500, 0.0500]                 | 2.3284   | 0.8600  | 0.7996 
20    | 8           | [96, 97, 98, 99, 100, 101, 102, 103] | [0.1000, 0.0300, 0.0800, 0.0900, 0.0800, 0.1400, 0.4100, 0.0700] | 4.5051   | 0.8000  | 0.7834 
21    | 6           | [97, 98, 99, 100, 101, 102]          | [0.0100, 0.1800, 0.2200, 0.4600, 0.0500, 0.0800]                 | 1.2400   | 0.6200  | 0.7057 

[Per-locus summary - Population 2]
Locus | Num_Alleles | Alleles                             | Frequencies                                              | Variance | Obs_Het | Exp_Het
------+-------------+-------------------------------------+----------------------------------------------------------+----------+---------+--------
1     | 6           | [102, 103, 104, 105, 106, 107]      | [0.0200, 0.0400, 0.5400, 0.3300, 0.0600, 0.0100]         | 0.6200   | 0.6800  | 0.5998 
2     | 7           | [94, 95, 96, 97, 99, 100, 101]      | [0.0500, 0.2400, 0.1900, 0.0200, 0.0200, 0.4200, 0.0600] | 5.9016   | 0.7600  | 0.7303 
3     | 4           | [99, 100, 101, 102]                 | [0.0600, 0.3700, 0.2900, 0.2800]                         | 0.8459   | 0.7600  | 0.7040 
4     | 7           | [100, 101, 102, 103, 104, 105, 106] | [0.0100, 0.0900, 0.2500, 0.0600, 0.0500, 0.3800, 0.1600] | 3.0211   | 0.8200  | 0.7608 
5     | 5           | [100, 102, 103, 104, 106]           | [0.0600, 0.1300, 0.3800, 0.4000, 0.0300]                 | 1.3076   | 0.6400  | 0.6810 
6     | 6           | [101, 102, 103, 104, 105, 106]      | [0.0400, 0.4400, 0.4400, 0.0200, 0.0500, 0.0100]         | 0.7731   | 0.5000  | 0.6143 
7     | 4           | [100, 101, 102, 103]                | [0.0800, 0.6200, 0.2900, 0.0100]                         | 0.3571   | 0.4000  | 0.5303 
8     | 6           | [97, 98, 99, 100, 101, 102]         | [0.0100, 0.1600, 0.2900, 0.1500, 0.2400, 0.1500]         | 1.8500   | 0.8000  | 0.7956 
9     | 4           | [102, 103, 104, 105]                | [0.3000, 0.2900, 0.2600, 0.1500]                         | 1.0924   | 0.6800  | 0.7432 
10    | 4           | [101, 102, 103, 104]                | [0.2500, 0.5000, 0.1000, 0.1500]                         | 0.9275   | 0.6600  | 0.6616 
11    | 5           | [98, 99, 100, 101, 102]             | [0.0400, 0.3400, 0.2400, 0.3600, 0.0200]                 | 0.9396   | 0.7000  | 0.7022 
12    | 4           | [99, 100, 101, 102]                 | [0.2500, 0.4200, 0.3100, 0.0200]                         | 0.6300   | 0.6400  | 0.6713 
13    | 6           | [94, 95, 96, 97, 98, 99]            | [0.0200, 0.0400, 0.2800, 0.2800, 0.1600, 0.2200]         | 1.6276   | 0.8400  | 0.7750 
14    | 6           | [101, 102, 103, 104, 105, 106]      | [0.0600, 0.0700, 0.3900, 0.3100, 0.1100, 0.0600]         | 1.3296   | 0.7000  | 0.7349 
15    | 4           | [98, 99, 100, 101]                  | [0.0100, 0.5200, 0.2400, 0.2300]                         | 0.6939   | 0.7200  | 0.6252 
16    | 7           | [97, 98, 99, 100, 101, 102, 103]    | [0.0100, 0.1500, 0.3000, 0.1500, 0.3100, 0.0400, 0.0400] | 1.8056   | 0.8400  | 0.7733 
17    | 6           | [97, 98, 99, 100, 101, 102]         | [0.1300, 0.3700, 0.0300, 0.3500, 0.1100, 0.0100]         | 1.7691   | 0.7200  | 0.7178 
18    | 6           | [95, 96, 97, 99, 100, 101]          | [0.0800, 0.3500, 0.1200, 0.2600, 0.1400, 0.0500]         | 3.3731   | 0.8800  | 0.7748 
19    | 6           | [98, 99, 100, 101, 102, 103]        | [0.0400, 0.1700, 0.1500, 0.2400, 0.3800, 0.0200]         | 1.6139   | 0.7200  | 0.7521 
20    | 7           | [96, 97, 98, 99, 100, 101, 102]     | [0.0700, 0.0200, 0.0500, 0.1300, 0.1300, 0.1600, 0.4400] | 3.3291   | 0.7600  | 0.7467 
21    | 6           | [97, 98, 99, 100, 101, 102]         | [0.0100, 0.1500, 0.2800, 0.4100, 0.1400, 0.0100]         | 0.9475   | 0.6400  | 0.7184 
