
[Simulation Info]
simulation_id = sim_0012024
timestamp     = 20250429_093924
seed          = 138909
output_folder = /home/lejeunet/Bureau/simulations/Ref_table/sim_0012024

[Model Parameters]
pop_size           = 3680
num_loci           = 20
sample1_generation = 30
sample2_generation = 10
low_repeats        = 1
high_repeats       = 200
mutation_rate      = 0.001
recap_Ne           = 3680

[Sampling Design]
sample1_size_Ne  = 50
sample2_size_Ne  = 50
sample1_size_CMR = 50
sample2_size_CMR = 50

[Capture-Marquage-Recapture]
census_N   =  2601
MatchCount =  1

[Ne Estimates - One Sample - Decreasing critical values [0.050, 0.020, 0.010, 0+]]

[Linkage Desequilibrium]
LD_Ne_Pop1 = [562.8, 1361.7, 3053.7, 3053.7]
LD_r2_Pop1 = [0.021866, 0.02152, 0.021385, 0.021385]
LD_Ne_Pop2 = [35134.5, None, 39049.7, 39049.7]
LD_r2_Pop2 = [0.021285, 0.021177, 0.021285, 0.021285]

[Heterozygote excess]
HE_Neb_mean_Pop1        = [37.7, 35.0, 38.3, 38.3]
HE_weighted_D_mean_Pop1 = [0.01344, 0.01448, 0.01321, 0.01321]
HE_Neb_mean_Pop2        = [None, None, None, None]
HE_weighted_D_mean_Pop2 = [-0.00415, -0.00662, -0.00684, -0.00684]

[Molecular Coancestry]
Coan_Neb_n_Pop1 = 37.8
Coan_f1_Pop1    = 0.01324
Coan_Neb_n_Pop2 = None
Coan_f1_Pop2    = -0.0009

[Ne Estimates - Temporal - Decreasing critical values (0.050, 0.020, 0.010, 0+)]

[Pollak]
P_Ne     = [1560.7, 1799.1, 1888.5, 2289.6]
P_Fk     = [0.0232, 0.02278, 0.02265, 0.02218]
P_Fprime = [0.0032, 0.00278, 0.00265, 0.00218]

[Nei/Tajima]
N_Ne     = [1707.1, 2028.5, 2119.6, 2561.0]
N_Fc     = [0.02293, 0.02246, 0.02236, 0.02195]
N_Fprime = [0.00293, 0.00246, 0.00236, 0.00195]

[Jorde/Ryman]
J_Ne     = [1342.2, 1776.3, 1788.0, 1811.7]
J_Fs     = [0.02383, 0.02292, 0.0229, 0.02286]
J_Fprime = [0.00373, 0.00281, 0.0028, 0.00276]

[Genetic Diversity - Heterozygosity]
mean_exp_het_pop1 = 0.7878
mean_obs_het_pop1 = 0.8029
mean_exp_het_pop2 = 0.7962
mean_obs_het_pop2 = 0.7876

[Genetic Diversity - Allele Counts]
mean_alleles_pop1 = 8.62
var_alleles_pop1  = 2.65
sum_alleles_pop1  = 181
mean_alleles_pop2 = 9.21
var_alleles_pop2  = 2.66
sum_alleles_pop2  = 387

[Genetic Diversity - Allelic Size Variance]
var_allele_size_pop1 = 5.4107
var_allele_size_pop2 = 5.393

[Per-locus summary - Population 1]
Locus | Num_Alleles | Alleles                                                      | Frequencies                                                                                      | Variance | Obs_Het | Exp_Het
------+-------------+--------------------------------------------------------------+--------------------------------------------------------------------------------------------------+----------+---------+--------
1     | 11          | [91, 94, 95, 96, 98, 99, 100, 101, 102, 103, 104]            | [0.0100, 0.1000, 0.0200, 0.0100, 0.0100, 0.0600, 0.2200, 0.1100, 0.1700, 0.1600, 0.1300]         | 9.1884   | 0.8800  | 0.8624 
2     | 9           | [101, 103, 104, 105, 106, 107, 108, 109, 110]                | [0.0500, 0.0100, 0.0900, 0.0700, 0.0800, 0.2500, 0.1600, 0.0500, 0.2400]                         | 5.6275   | 0.9200  | 0.8382 
3     | 9           | [95, 96, 97, 98, 99, 100, 101, 102, 103]                     | [0.0500, 0.1700, 0.1100, 0.1400, 0.1400, 0.0700, 0.2000, 0.1000, 0.0200]                         | 4.9516   | 0.8600  | 0.8707 
4     | 11          | [100, 101, 102, 103, 104, 105, 106, 107, 108, 109, 110]      | [0.1200, 0.1600, 0.0800, 0.0200, 0.1200, 0.2800, 0.1000, 0.0400, 0.0100, 0.0200, 0.0500]         | 7.1900   | 0.9400  | 0.8543 
5     | 6           | [94, 96, 97, 98, 99, 101]                                    | [0.0400, 0.0500, 0.2200, 0.5700, 0.1000, 0.0200]                                                 | 1.2376   | 0.6600  | 0.6184 
6     | 10          | [93, 96, 97, 98, 99, 100, 101, 102, 103, 104]                | [0.0100, 0.0300, 0.2000, 0.1300, 0.2300, 0.2500, 0.0100, 0.0200, 0.1000, 0.0200]                 | 4.1075   | 0.8200  | 0.8240 
7     | 8           | [93, 94, 98, 99, 100, 101, 102, 103]                         | [0.0100, 0.0400, 0.0900, 0.1400, 0.2000, 0.1200, 0.2500, 0.1500]                                 | 4.7064   | 0.8600  | 0.8396 
8     | 8           | [93, 94, 95, 96, 97, 98, 106, 107]                           | [0.0200, 0.0200, 0.0600, 0.3000, 0.3300, 0.1600, 0.0800, 0.0300]                                 | 10.2956  | 0.8200  | 0.7715 
9     | 8           | [98, 99, 100, 101, 102, 103, 104, 106]                       | [0.0100, 0.2000, 0.1900, 0.3100, 0.1200, 0.1100, 0.0100, 0.0500]                                 | 2.9800   | 0.8400  | 0.8067 
10    | 6           | [101, 102, 103, 104, 105, 106]                               | [0.1500, 0.4400, 0.1900, 0.1100, 0.1000, 0.0100]                                                 | 1.4800   | 0.6800  | 0.7329 
11    | 10          | [92, 93, 94, 95, 96, 97, 98, 99, 102, 103]                   | [0.0300, 0.1100, 0.0900, 0.0600, 0.3100, 0.0900, 0.1000, 0.0900, 0.1000, 0.0200]                 | 7.3979   | 0.8000  | 0.8511 
12    | 9           | [92, 93, 94, 97, 98, 99, 100, 101, 106]                      | [0.0400, 0.2900, 0.1700, 0.0300, 0.0800, 0.0800, 0.2400, 0.0200, 0.0500]                         | 13.9556  | 0.8600  | 0.8194 
13    | 7           | [102, 103, 104, 105, 106, 107, 109]                          | [0.1100, 0.0800, 0.4000, 0.1800, 0.1400, 0.0400, 0.0500]                                         | 2.5891   | 0.8200  | 0.7731 
14    | 9           | [94, 95, 96, 97, 98, 99, 100, 102, 103]                      | [0.0900, 0.1500, 0.0800, 0.0800, 0.0600, 0.4300, 0.0500, 0.0100, 0.0500]                         | 5.1771   | 0.8000  | 0.7707 
15    | 8           | [95, 98, 99, 100, 101, 102, 103, 104]                        | [0.1000, 0.0400, 0.1500, 0.5000, 0.1500, 0.0200, 0.0300, 0.0100]                                 | 3.3019   | 0.7200  | 0.6990 
16    | 12          | [100, 101, 102, 103, 104, 105, 106, 107, 108, 109, 110, 111] | [0.0100, 0.0800, 0.3500, 0.0200, 0.1100, 0.1500, 0.1200, 0.0100, 0.0200, 0.0100, 0.0400, 0.0800] | 8.8275   | 0.8600  | 0.8212 
17    | 8           | [90, 91, 92, 94, 95, 96, 97, 98]                             | [0.0800, 0.3100, 0.1200, 0.1000, 0.1900, 0.1500, 0.0300, 0.0200]                                 | 5.2411   | 0.8400  | 0.8214 
18    | 9           | [93, 94, 95, 96, 97, 98, 99, 100, 101]                       | [0.0100, 0.0100, 0.0100, 0.1700, 0.4200, 0.2000, 0.0700, 0.0900, 0.0200]                         | 1.8851   | 0.7400  | 0.7485 
19    | 8           | [91, 101, 102, 103, 104, 105, 106, 107]                      | [0.0400, 0.0400, 0.0400, 0.0900, 0.1700, 0.5500, 0.0400, 0.0300]                                 | 8.3419   | 0.6200  | 0.6598 
20    | 6           | [103, 104, 105, 106, 107, 108]                               | [0.0100, 0.1700, 0.3900, 0.2900, 0.0500, 0.0900]                                                 | 1.2891   | 0.7000  | 0.7315 
21    | 9           | [99, 100, 105, 106, 107, 108, 109, 110, 111]                 | [0.0100, 0.0100, 0.0800, 0.2000, 0.1000, 0.2200, 0.2500, 0.1000, 0.0300]                         | 3.8531   | 0.8200  | 0.8299 

[Per-locus summary - Population 2]
Locus | Num_Alleles | Alleles                                                      | Frequencies                                                                                      | Variance | Obs_Het | Exp_Het
------+-------------+--------------------------------------------------------------+--------------------------------------------------------------------------------------------------+----------+---------+--------
1     | 10          | [94, 95, 98, 99, 100, 101, 102, 103, 104, 105]               | [0.0600, 0.0300, 0.0100, 0.0700, 0.2200, 0.1300, 0.1200, 0.3000, 0.0500, 0.0100]                 | 6.5336   | 0.8200  | 0.8265 
2     | 10          | [101, 103, 104, 105, 106, 107, 108, 109, 110, 111]           | [0.0500, 0.0400, 0.0500, 0.0500, 0.0400, 0.2400, 0.3000, 0.0800, 0.1400, 0.0100]                 | 5.1411   | 0.8200  | 0.8238 
3     | 9           | [95, 96, 97, 98, 99, 100, 101, 102, 103]                     | [0.0500, 0.2800, 0.1600, 0.0800, 0.1200, 0.0700, 0.1300, 0.0900, 0.0200]                         | 5.1824   | 0.8800  | 0.8509 
4     | 9           | [100, 101, 102, 104, 105, 106, 107, 109, 110]                | [0.0700, 0.3000, 0.1000, 0.1000, 0.2800, 0.0800, 0.0300, 0.0300, 0.0100]                         | 5.7904   | 0.8800  | 0.8065 
5     | 9           | [93, 94, 95, 96, 97, 98, 99, 100, 101]                       | [0.0200, 0.0400, 0.0400, 0.0500, 0.1800, 0.5000, 0.1300, 0.0200, 0.0200]                         | 2.0851   | 0.7000  | 0.7008 
6     | 11          | [93, 94, 96, 97, 98, 99, 100, 101, 102, 103, 104]            | [0.0300, 0.0200, 0.0100, 0.1200, 0.0800, 0.2000, 0.2900, 0.1200, 0.0200, 0.0800, 0.0300]         | 5.0251   | 0.8600  | 0.8400 
7     | 9           | [93, 94, 98, 99, 100, 101, 102, 103, 104]                    | [0.0100, 0.0600, 0.0900, 0.0900, 0.1900, 0.1900, 0.2500, 0.1100, 0.0100]                         | 5.3104   | 0.8600  | 0.8416 
8     | 9           | [93, 94, 95, 96, 97, 98, 104, 106, 107]                      | [0.0600, 0.0600, 0.0900, 0.3500, 0.2800, 0.1000, 0.0100, 0.0400, 0.0100]                         | 6.9376   | 0.7400  | 0.7798 
9     | 8           | [98, 99, 100, 101, 102, 103, 104, 106]                       | [0.0100, 0.2600, 0.2300, 0.2300, 0.1000, 0.1100, 0.0200, 0.0400]                                 | 3.0400   | 0.6800  | 0.8105 
10    | 7           | [100, 101, 102, 103, 104, 105, 106]                          | [0.0300, 0.0600, 0.4100, 0.2000, 0.1100, 0.1700, 0.0200]                                         | 1.8779   | 0.6800  | 0.7535 
11    | 11          | [91, 92, 93, 94, 95, 96, 97, 98, 99, 102, 108]               | [0.0100, 0.0600, 0.1200, 0.1000, 0.1200, 0.2200, 0.1000, 0.1300, 0.0800, 0.0500, 0.0100]         | 7.3875   | 0.8400  | 0.8820 
12    | 11          | [92, 93, 94, 95, 97, 98, 99, 100, 105, 106, 108]             | [0.0500, 0.1700, 0.1400, 0.0300, 0.0400, 0.1100, 0.1100, 0.2900, 0.0100, 0.0400, 0.0100]         | 13.4844  | 0.7800  | 0.8448 
13    | 6           | [102, 103, 104, 105, 106, 107]                               | [0.0700, 0.0500, 0.3600, 0.2400, 0.2400, 0.0400]                                                 | 1.4675   | 0.7400  | 0.7537 
14    | 10          | [94, 95, 96, 97, 98, 99, 100, 101, 102, 103]                 | [0.1000, 0.1400, 0.1200, 0.0800, 0.0300, 0.3400, 0.1000, 0.0200, 0.0200, 0.0500]                 | 5.8659   | 0.8400  | 0.8281 
15    | 8           | [95, 98, 99, 100, 101, 102, 103, 104]                        | [0.0600, 0.0300, 0.1700, 0.5300, 0.1700, 0.0100, 0.0100, 0.0200]                                 | 2.3571   | 0.6400  | 0.6628 
16    | 12          | [100, 101, 102, 103, 104, 105, 106, 107, 108, 109, 110, 111] | [0.0200, 0.1000, 0.3500, 0.0500, 0.1200, 0.1600, 0.0600, 0.0100, 0.0300, 0.0200, 0.0400, 0.0400] | 7.5336   | 0.8400  | 0.8246 
17    | 9           | [90, 91, 92, 93, 94, 95, 96, 97, 98]                         | [0.0800, 0.3000, 0.1300, 0.0100, 0.0800, 0.1900, 0.0900, 0.0500, 0.0700]                         | 6.1539   | 0.8400  | 0.8370 
18    | 7           | [95, 96, 97, 98, 99, 100, 101]                               | [0.0200, 0.0700, 0.3600, 0.3100, 0.0900, 0.0900, 0.0600]                                         | 1.7979   | 0.8400  | 0.7568 
19    | 6           | [91, 102, 103, 104, 105, 106]                                | [0.0600, 0.0700, 0.1400, 0.2700, 0.4100, 0.0500]                                                 | 10.8675  | 0.7600  | 0.7358 
20    | 8           | [102, 103, 104, 105, 106, 107, 108, 109]                     | [0.0100, 0.0400, 0.1200, 0.3500, 0.3300, 0.0200, 0.1200, 0.0100]                                 | 1.7284   | 0.6400  | 0.7450 
21    | 9           | [99, 100, 105, 106, 107, 108, 109, 110, 111]                 | [0.0300, 0.0600, 0.0600, 0.2000, 0.0300, 0.2700, 0.2600, 0.0500, 0.0400]                         | 7.6856   | 0.8600  | 0.8145 
