
[Simulation Info]
simulation_id = sim_0005325
timestamp     = 20250428_092957
seed          = 70963
output_folder = /home/lejeunet/Bureau/simulations/Ref_table/sim_0005325

[Model Parameters]
pop_size           = 2640
num_loci           = 20
sample1_generation = 30
sample2_generation = 10
low_repeats        = 1
high_repeats       = 200
mutation_rate      = 0.001
recap_Ne           = 2640

[Sampling Design]
sample1_size_Ne  = 50
sample2_size_Ne  = 50
sample1_size_CMR = 50
sample2_size_CMR = 50

[Capture-Marquage-Recapture]
census_N   =  0
MatchCount =  0
# There were no match between sampling of individuals during CMR.

[Ne Estimates - One Sample - Decreasing critical values [0.050, 0.020, 0.010, 0+]]

[Linkage Desequilibrium]
LD_Ne_Pop1 = [562.8, 1341.5, 857.1, 857.1]
LD_r2_Pop1 = [0.021866, 0.021524, 0.021664, 0.021664]
LD_Ne_Pop2 = [2782.9, None, 2090.0, 2090.0]
LD_r2_Pop2 = [0.021396, 0.021125, 0.021435, 0.021435]

[Heterozygote excess]
HE_Neb_mean_Pop1        = [None, None, None, None]
HE_weighted_D_mean_Pop1 = [-0.02237, -0.02285, -0.02238, -0.02238]
HE_Neb_mean_Pop2        = [None, None, None, None]
HE_weighted_D_mean_Pop2 = [-0.00708, -0.00029, -0.00056, -0.00056]

[Molecular Coancestry]
Coan_Neb_n_Pop1 = 256.4
Coan_f1_Pop1    = 0.00195
Coan_Neb_n_Pop2 = None
Coan_f1_Pop2    = -0.01418

[Ne Estimates - Temporal - Decreasing critical values (0.050, 0.020, 0.010, 0+)]

[Pollak]
P_Ne     = [1035.1, 1054.1, 1082.1, 1015.4]
P_Fk     = [0.02483, 0.02474, 0.02462, 0.02492]
P_Fprime = [0.00483, 0.00474, 0.00462, 0.00492]

[Nei/Tajima]
N_Ne     = [1083.5, 1100.9, 1124.2, 1059.9]
N_Fc     = [0.02461, 0.02454, 0.02445, 0.02472]
N_Fprime = [0.00461, 0.00454, 0.00445, 0.00472]

[Jorde/Ryman]
J_Ne     = [839.8, 792.4, 779.5, 774.9]
J_Fs     = [0.02606, 0.02642, 0.02653, 0.02656]
J_Fprime = [0.00595, 0.00631, 0.00641, 0.00645]

[Genetic Diversity - Heterozygosity]
mean_exp_het_pop1 = 0.7561
mean_obs_het_pop1 = 0.74
mean_exp_het_pop2 = 0.7578
mean_obs_het_pop2 = 0.7552

[Genetic Diversity - Allele Counts]
mean_alleles_pop1 = 7.57
var_alleles_pop1  = 3.76
sum_alleles_pop1  = 159
mean_alleles_pop2 = 7.88
var_alleles_pop2  = 3.77
sum_alleles_pop2  = 331

[Genetic Diversity - Allelic Size Variance]
var_allele_size_pop1 = 2.8113
var_allele_size_pop2 = 2.9898

[Per-locus summary - Population 1]
Locus | Num_Alleles | Alleles                                        | Frequencies                                                                      | Variance | Obs_Het | Exp_Het
------+-------------+------------------------------------------------+----------------------------------------------------------------------------------+----------+---------+--------
1     | 5           | [97, 98, 99, 100, 101]                         | [0.1100, 0.1200, 0.2500, 0.3700, 0.1500]                                         | 1.4211   | 0.8000  | 0.7592 
2     | 7           | [99, 100, 101, 102, 103, 104, 105]             | [0.0900, 0.1600, 0.1700, 0.3700, 0.1900, 0.0100, 0.0100]                         | 1.6696   | 0.7000  | 0.7719 
3     | 10          | [95, 96, 97, 98, 99, 100, 101, 102, 103, 104]  | [0.1800, 0.2900, 0.2400, 0.0700, 0.1300, 0.0400, 0.0100, 0.0100, 0.0200, 0.0100] | 3.5736   | 0.8400  | 0.8099 
4     | 8           | [96, 97, 100, 101, 102, 103, 104, 105]         | [0.0100, 0.0500, 0.0200, 0.3400, 0.1400, 0.2300, 0.0600, 0.1500]                 | 3.8379   | 0.7800  | 0.7907 
5     | 9           | [97, 98, 99, 100, 101, 102, 103, 104, 105]     | [0.0200, 0.0300, 0.2100, 0.4400, 0.0900, 0.1300, 0.0500, 0.0200, 0.0100]         | 2.0500   | 0.7000  | 0.7404 
6     | 5           | [98, 99, 100, 101, 102]                        | [0.1900, 0.1900, 0.2800, 0.2200, 0.1200]                                         | 1.6379   | 0.8200  | 0.7945 
7     | 8           | [94, 96, 97, 98, 99, 100, 101, 102]            | [0.0100, 0.0700, 0.0800, 0.4100, 0.2600, 0.0400, 0.0400, 0.0900]                 | 2.4264   | 0.7600  | 0.7491 
8     | 9           | [97, 98, 99, 100, 101, 102, 103, 104, 105]     | [0.0100, 0.0500, 0.0300, 0.1300, 0.1800, 0.2700, 0.1300, 0.0700, 0.1300]         | 3.5856   | 0.8600  | 0.8440 
9     | 9           | [93, 94, 96, 98, 99, 100, 101, 102, 103]       | [0.0100, 0.0500, 0.0600, 0.0200, 0.0600, 0.4100, 0.2600, 0.0400, 0.0900]         | 4.6100   | 0.7000  | 0.7519 
10    | 9           | [94, 95, 96, 97, 98, 99, 100, 102, 103]        | [0.0400, 0.1900, 0.5900, 0.0500, 0.0400, 0.0300, 0.0300, 0.0200, 0.0100]         | 2.4524   | 0.6200  | 0.6139 
11    | 10          | [92, 93, 94, 95, 96, 97, 98, 101, 102, 105]    | [0.0100, 0.1200, 0.0900, 0.4100, 0.1100, 0.1100, 0.0500, 0.0200, 0.0100, 0.0700] | 8.8499   | 0.8000  | 0.7851 
12    | 8           | [95, 97, 98, 99, 100, 101, 102, 103]           | [0.0300, 0.0800, 0.0300, 0.1400, 0.1400, 0.1300, 0.4400, 0.0100]                 | 3.5075   | 0.7000  | 0.7495 
13    | 6           | [93, 94, 95, 96, 97, 100]                      | [0.0400, 0.2300, 0.3300, 0.3000, 0.0700, 0.0300]                                 | 1.6416   | 0.6400  | 0.7483 
14    | 10          | [95, 96, 97, 99, 100, 101, 102, 103, 104, 105] | [0.0100, 0.0100, 0.0500, 0.1400, 0.1500, 0.4500, 0.0600, 0.0200, 0.0700, 0.0400] | 3.4571   | 0.7600  | 0.7497 
15    | 3           | [101, 102, 103]                                | [0.6000, 0.3000, 0.1000]                                                         | 0.4500   | 0.5600  | 0.5454 
16    | 6           | [93, 94, 95, 96, 97, 98]                       | [0.0100, 0.4000, 0.3200, 0.1200, 0.1400, 0.0100]                                 | 1.2099   | 0.6000  | 0.7105 
17    | 7           | [101, 102, 103, 104, 105, 106, 107]            | [0.1100, 0.0600, 0.2100, 0.4100, 0.1800, 0.0200, 0.0100]                         | 1.6219   | 0.7600  | 0.7467 
18    | 6           | [97, 98, 99, 100, 101, 102]                    | [0.0100, 0.0800, 0.3500, 0.2700, 0.2400, 0.0500]                                 | 1.1600   | 0.7600  | 0.7454 
19    | 6           | [95, 96, 97, 98, 99, 100]                      | [0.0100, 0.1300, 0.2900, 0.2800, 0.2000, 0.0900]                                 | 1.4200   | 0.8000  | 0.7802 
20    | 9           | [97, 98, 100, 101, 102, 103, 104, 105, 106]    | [0.0100, 0.0400, 0.1100, 0.2900, 0.0600, 0.0500, 0.2000, 0.1600, 0.0800]         | 4.9091   | 0.7200  | 0.8323 
21    | 9           | [104, 105, 106, 107, 108, 109, 110, 111, 112]  | [0.0300, 0.0700, 0.1800, 0.1700, 0.2000, 0.1800, 0.0800, 0.0500, 0.0400]         | 3.5459   | 0.8600  | 0.8586 

[Per-locus summary - Population 2]
Locus | Num_Alleles | Alleles                                           | Frequencies                                                                              | Variance | Obs_Het | Exp_Het
------+-------------+---------------------------------------------------+------------------------------------------------------------------------------------------+----------+---------+--------
1     | 5           | [97, 98, 99, 100, 101]                            | [0.1500, 0.1200, 0.2200, 0.3900, 0.1200]                                                 | 1.5459   | 0.7800  | 0.7558 
2     | 6           | [99, 100, 101, 102, 103, 104]                     | [0.1400, 0.1200, 0.1800, 0.4300, 0.1100, 0.0200]                                         | 1.6339   | 0.7200  | 0.7436 
3     | 9           | [95, 96, 97, 98, 99, 100, 102, 103, 104]          | [0.1100, 0.3100, 0.2700, 0.0700, 0.1300, 0.0400, 0.0400, 0.0100, 0.0200]                 | 3.9376   | 0.8400  | 0.8014 
4     | 7           | [97, 101, 102, 103, 104, 105, 106]                | [0.1200, 0.1600, 0.2200, 0.2900, 0.0900, 0.1000, 0.0200]                                 | 5.0219   | 0.8400  | 0.8172 
5     | 9           | [96, 98, 99, 100, 101, 102, 103, 104, 105]        | [0.0100, 0.0300, 0.2100, 0.5100, 0.0300, 0.1100, 0.0700, 0.0100, 0.0200]                 | 2.1659   | 0.5600  | 0.6832 
6     | 6           | [97, 98, 99, 100, 101, 102]                       | [0.0100, 0.1900, 0.3200, 0.1800, 0.2000, 0.1000]                                         | 1.6611   | 0.8000  | 0.7869 
7     | 8           | [95, 96, 97, 98, 99, 100, 101, 102]               | [0.0100, 0.0800, 0.0900, 0.4500, 0.2200, 0.0900, 0.0300, 0.0300]                         | 1.7211   | 0.6600  | 0.7319 
8     | 8           | [98, 99, 100, 101, 102, 103, 104, 105]            | [0.0100, 0.0400, 0.1800, 0.1900, 0.2600, 0.0400, 0.0800, 0.2000]                         | 3.5819   | 0.8400  | 0.8224 
9     | 9           | [94, 96, 98, 99, 100, 101, 102, 103, 104]         | [0.0300, 0.0100, 0.0400, 0.1200, 0.4000, 0.2900, 0.0200, 0.0800, 0.0100]                 | 2.7339   | 0.7800  | 0.7394 
10    | 11          | [94, 95, 96, 97, 98, 99, 100, 101, 102, 103, 104] | [0.0500, 0.2500, 0.4600, 0.0800, 0.0500, 0.0200, 0.0100, 0.0300, 0.0100, 0.0300, 0.0100] | 4.1051   | 0.7200  | 0.7192 
11    | 9           | [92, 93, 94, 95, 96, 97, 98, 101, 105]            | [0.0100, 0.0900, 0.1300, 0.2300, 0.1800, 0.1600, 0.0900, 0.0100, 0.1000]                 | 10.3499  | 0.9200  | 0.8543 
12    | 9           | [94, 95, 97, 98, 99, 100, 101, 102, 103]          | [0.0100, 0.0500, 0.0100, 0.0200, 0.1400, 0.1600, 0.1000, 0.4900, 0.0200]                 | 3.7756   | 0.7600  | 0.7083 
13    | 8           | [93, 94, 95, 96, 97, 98, 99, 100]                 | [0.0200, 0.3300, 0.3100, 0.1900, 0.0800, 0.0300, 0.0100, 0.0300]                         | 2.0324   | 0.7600  | 0.7578 
14    | 9           | [96, 97, 98, 99, 100, 101, 102, 104, 105]         | [0.0100, 0.0400, 0.0200, 0.1200, 0.1700, 0.3100, 0.1700, 0.0700, 0.0900]                 | 3.9564   | 0.7200  | 0.8248 
15    | 4           | [100, 101, 102, 103]                              | [0.0300, 0.5500, 0.3200, 0.1000]                                                         | 0.5099   | 0.5600  | 0.5901 
16    | 6           | [93, 94, 95, 96, 97, 100]                         | [0.0400, 0.4700, 0.2500, 0.1000, 0.1300, 0.0100]                                         | 1.4804   | 0.6600  | 0.6949 
17    | 6           | [101, 102, 103, 104, 105, 106]                    | [0.0200, 0.1000, 0.1900, 0.4300, 0.1900, 0.0700]                                         | 1.2256   | 0.7200  | 0.7349 
18    | 6           | [97, 98, 99, 100, 101, 102]                       | [0.0100, 0.1400, 0.3000, 0.2500, 0.2300, 0.0700]                                         | 1.4024   | 0.8800  | 0.7778 
19    | 5           | [96, 97, 98, 99, 100]                             | [0.0400, 0.4100, 0.3600, 0.1400, 0.0500]                                                 | 0.8475   | 0.6400  | 0.6855 
20    | 9           | [98, 99, 100, 101, 102, 103, 104, 105, 106]       | [0.0400, 0.0600, 0.0700, 0.1700, 0.0500, 0.0800, 0.2400, 0.2300, 0.0600]                 | 4.9944   | 0.9200  | 0.8465 
21    | 9           | [104, 105, 106, 107, 108, 109, 110, 111, 112]     | [0.0200, 0.0500, 0.0700, 0.1200, 0.2700, 0.2200, 0.0500, 0.0500, 0.1500]                 | 4.1036   | 0.7800  | 0.8374 
