
[Simulation Info]
simulation_id = sim_0012644
timestamp     = 20250429_095849
seed          = 148279
output_folder = /home/lejeunet/Bureau/simulations/Ref_table/sim_0012644

[Model Parameters]
pop_size           = 2342
num_loci           = 20
sample1_generation = 30
sample2_generation = 10
low_repeats        = 1
high_repeats       = 200
mutation_rate      = 0.001
recap_Ne           = 2342

[Sampling Design]
sample1_size_Ne  = 50
sample2_size_Ne  = 50
sample1_size_CMR = 50
sample2_size_CMR = 50

[Capture-Marquage-Recapture]
census_N   =  0
MatchCount =  0
# There were no match between sampling of individuals during CMR.

[Ne Estimates - One Sample - Decreasing critical values [0.050, 0.020, 0.010, 0+]]

[Linkage Desequilibrium]
LD_Ne_Pop1 = [2478.5, None, None, None]
LD_r2_Pop1 = [0.02141, 0.021172, 0.021052, 0.021052]
LD_Ne_Pop2 = [1490.7, 2267.6, 4603.3, 4603.3]
LD_r2_Pop2 = [0.021499, 0.021423, 0.021348, 0.021348]

[Heterozygote excess]
HE_Neb_mean_Pop1        = [None, None, None, None]
HE_weighted_D_mean_Pop1 = [-0.00023, -0.00051, -0.00061, -0.00061]
HE_Neb_mean_Pop2        = [31.3, 30.8, 31.8, 31.8]
HE_weighted_D_mean_Pop2 = [0.01626, 0.01649, 0.01596, 0.01596]

[Molecular Coancestry]
Coan_Neb_n_Pop1 = 46.1
Coan_f1_Pop1    = 0.01085
Coan_Neb_n_Pop2 = 18.9
Coan_f1_Pop2    = 0.02652

[Ne Estimates - Temporal - Decreasing critical values (0.050, 0.020, 0.010, 0+)]

[Pollak]
P_Ne     = [-20696.3, -583024.8, 8855.1, 7066.6]
P_Fk     = [0.01976, 0.01999, 0.02056, 0.02071]
P_Fprime = [-0.00024, -1e-05, 0.00056, 0.00071]

[Nei/Tajima]
N_Ne     = [-11214.6, -19501.7, 20665.4, 13594.4]
N_Fc     = [0.01955, 0.01974, 0.02024, 0.02037]
N_Fprime = [-0.00045, -0.00026, 0.00024, 0.00037]

[Jorde/Ryman]
J_Ne     = [-40959.2, -94026.8, -1101386.5, 630070.9]
J_Fs     = [0.01998, 0.02005, 0.0201, 0.02011]
J_Fprime = [-0.00012, -5e-05, -0.0, 1e-05]

[Genetic Diversity - Heterozygosity]
mean_exp_het_pop1 = 0.761
mean_obs_het_pop1 = 0.761
mean_exp_het_pop2 = 0.766
mean_obs_het_pop2 = 0.7838

[Genetic Diversity - Allele Counts]
mean_alleles_pop1 = 7.14
var_alleles_pop1  = 2.63
sum_alleles_pop1  = 150
mean_alleles_pop2 = 7.26
var_alleles_pop2  = 3.52
sum_alleles_pop2  = 305

[Genetic Diversity - Allelic Size Variance]
var_allele_size_pop1 = 2.4271
var_allele_size_pop2 = 2.5149

[Per-locus summary - Population 1]
Locus | Num_Alleles | Alleles                                     | Frequencies                                                                      | Variance | Obs_Het | Exp_Het
------+-------------+---------------------------------------------+----------------------------------------------------------------------------------+----------+---------+--------
1     | 6           | [95, 96, 97, 98, 99, 100]                   | [0.0100, 0.1100, 0.2200, 0.4000, 0.2500, 0.0100]                                 | 1.0000   | 0.7400  | 0.7240 
2     | 7           | [98, 99, 100, 101, 102, 103, 104]           | [0.0200, 0.0300, 0.1500, 0.4100, 0.3400, 0.0200, 0.0300]                         | 1.1000   | 0.7600  | 0.6982 
3     | 10          | [93, 94, 95, 96, 97, 98, 99, 100, 101, 102] | [0.0200, 0.0100, 0.0700, 0.2200, 0.0500, 0.2900, 0.1900, 0.0600, 0.0700, 0.0200] | 3.5424   | 0.7800  | 0.8228 
4     | 6           | [95, 96, 97, 98, 99, 100]                   | [0.0100, 0.0800, 0.1400, 0.1800, 0.5300, 0.0600]                                 | 1.2176   | 0.6400  | 0.6636 
5     | 6           | [98, 99, 100, 101, 102, 103]                | [0.0300, 0.1700, 0.2000, 0.4800, 0.0800, 0.0400]                                 | 1.1691   | 0.6800  | 0.6988 
6     | 4           | [100, 101, 102, 103]                        | [0.1400, 0.4200, 0.3300, 0.1100]                                                 | 0.7419   | 0.7600  | 0.6899 
7     | 9           | [96, 97, 98, 99, 100, 101, 102, 103, 104]   | [0.1000, 0.0300, 0.0400, 0.0400, 0.2200, 0.2100, 0.2000, 0.1200, 0.0400]         | 4.5296   | 0.9000  | 0.8459 
8     | 10          | [92, 93, 94, 95, 96, 97, 98, 99, 100, 101]  | [0.0200, 0.1800, 0.0500, 0.0800, 0.0200, 0.0900, 0.2400, 0.0600, 0.1500, 0.1100] | 7.7500   | 0.8600  | 0.8626 
9     | 7           | [97, 98, 99, 100, 101, 102, 103]            | [0.1900, 0.0300, 0.2600, 0.1000, 0.3000, 0.0900, 0.0300]                         | 2.9176   | 0.7400  | 0.7943 
10    | 8           | [97, 99, 100, 101, 102, 103, 104, 105]      | [0.0700, 0.0200, 0.1300, 0.2600, 0.3600, 0.1400, 0.0100, 0.0100]                 | 2.4324   | 0.7800  | 0.7685 
11    | 7           | [99, 100, 101, 102, 103, 104, 105]          | [0.0300, 0.2000, 0.1800, 0.2700, 0.2600, 0.0500, 0.0100]                         | 1.7216   | 0.7000  | 0.7915 
12    | 9           | [97, 98, 99, 100, 101, 102, 103, 104, 105]  | [0.0100, 0.1500, 0.1500, 0.3600, 0.1200, 0.1000, 0.0600, 0.0200, 0.0300]         | 2.9075   | 0.8000  | 0.8040 
13    | 8           | [97, 98, 99, 100, 101, 102, 103, 104]       | [0.0500, 0.0700, 0.2600, 0.4200, 0.0600, 0.0900, 0.0400, 0.0100]                 | 1.9075   | 0.6600  | 0.7426 
14    | 8           | [98, 99, 100, 101, 102, 103, 104, 105]      | [0.0800, 0.2200, 0.2900, 0.1900, 0.1200, 0.0100, 0.0700, 0.0200]                 | 2.7084   | 0.8400  | 0.8133 
15    | 7           | [97, 98, 99, 100, 101, 102, 103]            | [0.0300, 0.0900, 0.0900, 0.2500, 0.4100, 0.0800, 0.0500]                         | 1.7704   | 0.8000  | 0.7509 
16    | 8           | [96, 97, 98, 99, 100, 101, 102, 103]        | [0.0500, 0.1200, 0.2500, 0.2400, 0.0400, 0.1700, 0.1000, 0.0300]                 | 3.2544   | 0.8600  | 0.8299 
17    | 5           | [97, 98, 99, 100, 101]                      | [0.1200, 0.2800, 0.4300, 0.1200, 0.0500]                                         | 0.9900   | 0.6800  | 0.7125 
18    | 8           | [97, 98, 99, 100, 101, 102, 103, 104]       | [0.0100, 0.2500, 0.4000, 0.0400, 0.0400, 0.0500, 0.0200, 0.1900]                 | 4.9491   | 0.7800  | 0.7426 
19    | 5           | [96, 97, 98, 99, 100]                       | [0.0200, 0.4400, 0.3200, 0.1200, 0.1000]                                         | 1.0144   | 0.7200  | 0.6861 
20    | 6           | [99, 100, 101, 102, 103, 104]               | [0.0600, 0.0700, 0.3100, 0.3800, 0.1500, 0.0300]                                 | 1.2236   | 0.7200  | 0.7349 
21    | 6           | [100, 101, 102, 103, 104, 105]              | [0.1100, 0.2100, 0.3100, 0.1100, 0.1800, 0.0800]                                 | 2.1216   | 0.7800  | 0.8048 

[Per-locus summary - Population 2]
Locus | Num_Alleles | Alleles                                            | Frequencies                                                                              | Variance | Obs_Het | Exp_Het
------+-------------+----------------------------------------------------+------------------------------------------------------------------------------------------+----------+---------+--------
1     | 5           | [96, 97, 98, 99, 100]                              | [0.2200, 0.2700, 0.3300, 0.1700, 0.0100]                                                 | 1.0896   | 0.7800  | 0.7483 
2     | 6           | [99, 100, 101, 102, 103, 104]                      | [0.0200, 0.1900, 0.3100, 0.4600, 0.0100, 0.0100]                                         | 0.7816   | 0.7000  | 0.6622 
3     | 10          | [92, 93, 95, 96, 97, 98, 99, 100, 101, 102]        | [0.0100, 0.0200, 0.1200, 0.3600, 0.0200, 0.2200, 0.1000, 0.0300, 0.0900, 0.0300]         | 4.4059   | 0.8200  | 0.7947 
4     | 7           | [95, 96, 97, 98, 99, 100, 101]                     | [0.0100, 0.0800, 0.1700, 0.1900, 0.4800, 0.0600, 0.0100]                                 | 1.3171   | 0.6800  | 0.7014 
5     | 6           | [98, 99, 100, 101, 102, 103]                       | [0.0300, 0.1800, 0.2900, 0.4000, 0.0800, 0.0200]                                         | 1.0556   | 0.8000  | 0.7230 
6     | 4           | [100, 101, 102, 103]                               | [0.1500, 0.3500, 0.4300, 0.0700]                                                         | 0.6836   | 0.6600  | 0.6719 
7     | 11          | [95, 96, 97, 98, 99, 100, 101, 102, 103, 104, 105] | [0.0100, 0.0300, 0.0100, 0.0600, 0.0800, 0.2300, 0.2200, 0.1600, 0.0500, 0.1000, 0.0500] | 4.4164   | 0.9000  | 0.8556 
8     | 9           | [93, 94, 95, 97, 98, 99, 100, 101, 102]            | [0.2300, 0.1000, 0.0400, 0.1700, 0.1300, 0.1000, 0.1500, 0.0600, 0.0200]                 | 8.0476   | 0.8400  | 0.8618 
9     | 6           | [97, 98, 99, 100, 101, 102]                        | [0.1000, 0.0400, 0.3700, 0.1200, 0.2800, 0.0900]                                         | 1.9859   | 0.8000  | 0.7582 
10    | 8           | [97, 99, 100, 101, 102, 103, 104, 105]             | [0.1100, 0.0100, 0.1800, 0.2200, 0.3100, 0.1100, 0.0300, 0.0300]                         | 3.4700   | 0.8600  | 0.8051 
11    | 6           | [99, 100, 101, 102, 103, 104]                      | [0.0200, 0.1600, 0.2100, 0.3000, 0.2500, 0.0600]                                         | 1.4716   | 0.7400  | 0.7816 
12    | 9           | [97, 98, 99, 100, 101, 102, 103, 104, 105]         | [0.0100, 0.1800, 0.2000, 0.2700, 0.0600, 0.1300, 0.0600, 0.0700, 0.0200]                 | 3.6659   | 0.8200  | 0.8335 
13    | 8           | [97, 98, 99, 100, 101, 102, 103, 104]              | [0.0700, 0.0500, 0.2500, 0.3800, 0.0900, 0.0300, 0.0900, 0.0400]                         | 2.7396   | 0.8800  | 0.7748 
14    | 8           | [98, 99, 100, 101, 102, 103, 104, 105]             | [0.0300, 0.2000, 0.3000, 0.2300, 0.1700, 0.0100, 0.0400, 0.0200]                         | 2.1000   | 0.8200  | 0.7931 
15    | 8           | [97, 98, 99, 100, 101, 102, 103, 104]              | [0.0300, 0.0700, 0.1300, 0.2900, 0.3700, 0.0800, 0.0200, 0.0100]                         | 1.6371   | 0.7800  | 0.7570 
16    | 7           | [97, 98, 99, 100, 101, 102, 103]                   | [0.1500, 0.2100, 0.3000, 0.0500, 0.1300, 0.1500, 0.0100]                                 | 2.8059   | 0.8600  | 0.8095 
17    | 5           | [97, 98, 99, 100, 101]                             | [0.1000, 0.2200, 0.3900, 0.2700, 0.0200]                                                 | 0.9579   | 0.8200  | 0.7234 
18    | 8           | [97, 98, 99, 100, 101, 102, 104, 105]              | [0.0500, 0.2800, 0.3300, 0.0400, 0.0200, 0.0700, 0.2000, 0.0100]                         | 5.6491   | 0.7800  | 0.7709 
19    | 5           | [96, 97, 98, 99, 100]                              | [0.0200, 0.4100, 0.3300, 0.1400, 0.1000]                                                 | 1.0179   | 0.7600  | 0.7000 
20    | 6           | [99, 100, 101, 102, 103, 104]                      | [0.0900, 0.0700, 0.3500, 0.3300, 0.1500, 0.0100]                                         | 1.2819   | 0.6000  | 0.7404 
21    | 6           | [100, 101, 102, 103, 104, 105]                     | [0.1000, 0.2100, 0.2800, 0.1600, 0.1300, 0.1200]                                         | 2.2331   | 0.7600  | 0.8188 
