
[Simulation Info]
simulation_id = sim_0001677
timestamp     = 20250428_080732
seed          = 745522
output_folder = /home/lejeunet/Bureau/simulations/Ref_table/sim_0001677

[Model Parameters]
pop_size           = 2773
num_loci           = 20
sample1_generation = 30
sample2_generation = 10
low_repeats        = 1
high_repeats       = 200
mutation_rate      = 0.001
recap_Ne           = 2773

[Sampling Design]
sample1_size_Ne  = 50
sample2_size_Ne  = 50
sample1_size_CMR = 50
sample2_size_CMR = 50

[Capture-Marquage-Recapture]
census_N   =  0
MatchCount =  0
# There were no match between sampling of individuals during CMR.

[Ne Estimates - One Sample - Decreasing critical values [0.050, 0.020, 0.010, 0+]]

[Linkage Desequilibrium]
LD_Ne_Pop1 = [None, None, None, None]
LD_r2_Pop1 = [0.020777, 0.021123, 0.020853, 0.020853]
LD_Ne_Pop2 = [488.7, 714.5, 589.5, 589.5]
LD_r2_Pop2 = [0.021955, 0.021741, 0.021839, 0.021839]

[Heterozygote excess]
HE_Neb_mean_Pop1        = [55.2, 49.3, 52.2, 52.2]
HE_weighted_D_mean_Pop1 = [0.00915, 0.01024, 0.00966, 0.00966]
HE_Neb_mean_Pop2        = [None, None, None, None]
HE_weighted_D_mean_Pop2 = [-0.00582, -0.00242, -0.00273, -0.00273]

[Molecular Coancestry]
Coan_Neb_n_Pop1 = None
Coan_f1_Pop1    = -0.02516
Coan_Neb_n_Pop2 = 22.8
Coan_f1_Pop2    = 0.02198

[Ne Estimates - Temporal - Decreasing critical values (0.050, 0.020, 0.010, 0+)]

[Pollak]
P_Ne     = [2831.0, 6636.5, 8330.5, 6512.2]
P_Fk     = [0.02177, 0.02075, 0.0206, 0.02077]
P_Fprime = [0.00177, 0.00075, 0.0006, 0.00077]

[Nei/Tajima]
N_Ne     = [2442.4, 4946.9, 5855.4, 5013.3]
N_Fc     = [0.02205, 0.02101, 0.02085, 0.021]
N_Fprime = [0.00205, 0.00101, 0.00085, 0.001]

[Jorde/Ryman]
J_Ne     = [1106.9, 1174.6, 1179.2, 1172.7]
J_Fs     = [0.02462, 0.02436, 0.02435, 0.02437]
J_Fprime = [0.00452, 0.00426, 0.00424, 0.00426]

[Genetic Diversity - Heterozygosity]
mean_exp_het_pop1 = 0.8111
mean_obs_het_pop1 = 0.8133
mean_exp_het_pop2 = 0.7914
mean_obs_het_pop2 = 0.7829

[Genetic Diversity - Allele Counts]
mean_alleles_pop1 = 9.0
var_alleles_pop1  = 3.0
sum_alleles_pop1  = 189
mean_alleles_pop2 = 9.36
var_alleles_pop2  = 2.63
sum_alleles_pop2  = 393

[Genetic Diversity - Allelic Size Variance]
var_allele_size_pop1 = 5.5773
var_allele_size_pop2 = 5.222

[Per-locus summary - Population 1]
Locus | Num_Alleles | Alleles                                                 | Frequencies                                                                                      | Variance | Obs_Het | Exp_Het
------+-------------+---------------------------------------------------------+--------------------------------------------------------------------------------------------------+----------+---------+--------
1     | 7           | [95, 96, 97, 98, 99, 100, 101]                          | [0.0200, 0.1200, 0.2400, 0.1000, 0.3400, 0.1200, 0.0600]                                         | 2.2116   | 0.8000  | 0.7919 
2     | 11          | [93, 94, 95, 96, 97, 98, 99, 100, 101, 102, 103]        | [0.0400, 0.1400, 0.0300, 0.0800, 0.2400, 0.1500, 0.0200, 0.0500, 0.0700, 0.1500, 0.0300]         | 8.0411   | 0.9000  | 0.8689 
3     | 6           | [98, 99, 100, 101, 102, 104]                            | [0.2300, 0.3500, 0.3500, 0.0300, 0.0100, 0.0300]                                                 | 1.4104   | 0.6600  | 0.7073 
4     | 9           | [101, 103, 104, 105, 106, 107, 108, 109, 110]           | [0.0400, 0.1600, 0.4300, 0.0300, 0.0700, 0.0700, 0.0900, 0.0700, 0.0400]                         | 4.9875   | 0.7600  | 0.7703 
5     | 10          | [94, 96, 97, 98, 99, 100, 101, 102, 103, 104]           | [0.0200, 0.0400, 0.0300, 0.1900, 0.1500, 0.1200, 0.0500, 0.2600, 0.1300, 0.0100]                 | 4.9500   | 0.8800  | 0.8455 
6     | 9           | [99, 100, 101, 102, 103, 104, 105, 106, 107]            | [0.0300, 0.0100, 0.2700, 0.3400, 0.0700, 0.0900, 0.0700, 0.0900, 0.0300]                         | 3.4819   | 0.7000  | 0.7915 
7     | 8           | [97, 98, 99, 100, 101, 102, 103, 106]                   | [0.0200, 0.1500, 0.4600, 0.0900, 0.1300, 0.0500, 0.0600, 0.0400]                                 | 3.5211   | 0.7400  | 0.7402 
8     | 6           | [97, 98, 99, 100, 101, 102]                             | [0.1500, 0.2000, 0.0300, 0.3400, 0.2600, 0.0200]                                                 | 2.1836   | 0.7000  | 0.7606 
9     | 9           | [96, 97, 98, 99, 100, 101, 102, 103, 104]               | [0.0300, 0.0500, 0.2000, 0.0800, 0.0800, 0.2000, 0.1700, 0.1000, 0.0900]                         | 4.8275   | 0.9000  | 0.8655 
10    | 8           | [95, 100, 101, 102, 103, 104, 105, 106]                 | [0.0100, 0.0600, 0.3600, 0.1300, 0.2400, 0.0400, 0.1400, 0.0200]                                 | 2.9971   | 0.8000  | 0.7784 
11    | 7           | [100, 101, 102, 103, 104, 105, 106]                     | [0.0500, 0.3500, 0.3400, 0.2100, 0.0100, 0.0200, 0.0200]                                         | 1.2936   | 0.7000  | 0.7216 
12    | 11          | [94, 95, 96, 97, 98, 99, 100, 102, 103, 107, 108]       | [0.0100, 0.1900, 0.2300, 0.0900, 0.2200, 0.1200, 0.0200, 0.0600, 0.0200, 0.0100, 0.0300]         | 8.2771   | 0.8000  | 0.8430 
13    | 7           | [99, 100, 101, 102, 103, 104, 105]                      | [0.0600, 0.3300, 0.2000, 0.1500, 0.2100, 0.0100, 0.0400]                                         | 2.1939   | 0.8400  | 0.7871 
14    | 10          | [96, 97, 98, 99, 100, 101, 102, 103, 104, 106]          | [0.0300, 0.0500, 0.2100, 0.2200, 0.0600, 0.0200, 0.2800, 0.0800, 0.0300, 0.0200]                 | 5.0275   | 0.8000  | 0.8222 
15    | 9           | [91, 92, 93, 94, 98, 99, 100, 101, 102]                 | [0.0800, 0.1800, 0.1500, 0.0500, 0.0500, 0.1200, 0.1500, 0.0800, 0.1400]                         | 16.7531  | 0.9000  | 0.8796 
16    | 12          | [95, 96, 97, 98, 99, 100, 101, 103, 104, 105, 106, 107] | [0.0700, 0.0600, 0.1500, 0.0100, 0.0600, 0.0500, 0.0800, 0.0100, 0.0200, 0.1900, 0.1800, 0.1200] | 17.9964  | 0.9400  | 0.8818 
17    | 10          | [95, 96, 97, 98, 99, 100, 101, 102, 103, 104]           | [0.0200, 0.0100, 0.1100, 0.0700, 0.2400, 0.0500, 0.1500, 0.0400, 0.1300, 0.1800]                 | 6.2899   | 0.8800  | 0.8576 
18    | 11          | [96, 97, 98, 99, 100, 101, 102, 103, 104, 105, 106]     | [0.0100, 0.1300, 0.0800, 0.1100, 0.0900, 0.1500, 0.0100, 0.1500, 0.2500, 0.0100, 0.0100]         | 6.8491   | 0.9400  | 0.8572 
19    | 11          | [97, 98, 99, 100, 101, 102, 103, 104, 105, 107, 108]    | [0.0200, 0.1700, 0.0500, 0.2000, 0.1400, 0.1800, 0.0800, 0.0300, 0.0100, 0.0800, 0.0400]         | 7.9044   | 0.9400  | 0.8695 
20    | 9           | [97, 98, 99, 100, 101, 102, 103, 104, 107]              | [0.0300, 0.0300, 0.0400, 0.1300, 0.2800, 0.2000, 0.1700, 0.1000, 0.0200]                         | 3.2484   | 0.8000  | 0.8303 
21    | 9           | [92, 93, 94, 95, 96, 98, 99, 100, 101]                  | [0.0500, 0.0500, 0.2200, 0.3700, 0.2300, 0.0100, 0.0400, 0.0200, 0.0100]                         | 2.6779   | 0.7000  | 0.7622 

[Per-locus summary - Population 2]
Locus | Num_Alleles | Alleles                                                   | Frequencies                                                                                      | Variance | Obs_Het | Exp_Het
------+-------------+-----------------------------------------------------------+--------------------------------------------------------------------------------------------------+----------+---------+--------
1     | 7           | [95, 96, 97, 98, 99, 100, 101]                            | [0.0100, 0.1200, 0.1500, 0.0300, 0.4400, 0.1800, 0.0700]                                         | 2.1619   | 0.7200  | 0.7386 
2     | 10          | [94, 95, 96, 97, 98, 99, 100, 101, 102, 103]              | [0.0700, 0.0500, 0.0400, 0.2200, 0.1000, 0.0600, 0.0800, 0.0800, 0.2600, 0.0400]                 | 7.2691   | 0.8000  | 0.8556 
3     | 8           | [95, 97, 98, 99, 100, 101, 104, 105]                      | [0.0100, 0.0300, 0.2300, 0.2900, 0.3600, 0.0400, 0.0200, 0.0200]                                 | 2.1411   | 0.7200  | 0.7374 
4     | 9           | [101, 103, 104, 105, 106, 107, 108, 109, 110]             | [0.0100, 0.0700, 0.6300, 0.0400, 0.0400, 0.0600, 0.0800, 0.0600, 0.0100]                         | 3.2656   | 0.5200  | 0.5871 
5     | 9           | [94, 96, 97, 98, 99, 100, 101, 102, 103]                  | [0.0200, 0.0100, 0.0300, 0.2100, 0.1400, 0.1000, 0.0800, 0.2900, 0.1200]                         | 4.4059   | 0.8400  | 0.8283 
6     | 9           | [99, 100, 101, 102, 103, 104, 105, 106, 107]              | [0.0100, 0.0400, 0.2300, 0.3800, 0.0500, 0.0700, 0.0300, 0.1300, 0.0600]                         | 4.0824   | 0.7000  | 0.7800 
7     | 9           | [96, 97, 98, 99, 100, 101, 102, 103, 106]                 | [0.0100, 0.0100, 0.1300, 0.3800, 0.1400, 0.1800, 0.0300, 0.1000, 0.0200]                         | 3.0675   | 0.7400  | 0.7830 
8     | 7           | [97, 98, 99, 100, 101, 102, 103]                          | [0.1400, 0.1000, 0.0400, 0.3700, 0.3000, 0.0400, 0.0100]                                         | 2.1875   | 0.7400  | 0.7477 
9     | 8           | [96, 98, 99, 100, 101, 102, 103, 104]                     | [0.0200, 0.2900, 0.0500, 0.0700, 0.1500, 0.2800, 0.0900, 0.0500]                                 | 4.1891   | 0.8000  | 0.8046 
10    | 8           | [95, 100, 101, 102, 103, 104, 105, 106]                   | [0.0100, 0.0700, 0.4200, 0.2100, 0.1700, 0.0400, 0.0700, 0.0100]                                 | 2.2931   | 0.7600  | 0.7465 
11    | 8           | [99, 100, 101, 102, 103, 104, 105, 106]                   | [0.0100, 0.0600, 0.4000, 0.2300, 0.1800, 0.0100, 0.0400, 0.0700]                                 | 2.4275   | 0.8000  | 0.7519 
12    | 10          | [95, 96, 97, 98, 99, 100, 101, 102, 103, 108]             | [0.1600, 0.2800, 0.0700, 0.2200, 0.1200, 0.0200, 0.0100, 0.0700, 0.0100, 0.0400]                 | 8.2539   | 0.8600  | 0.8295 
13    | 6           | [99, 100, 101, 102, 103, 105]                             | [0.0500, 0.2600, 0.3300, 0.1800, 0.1500, 0.0300]                                                 | 1.6624   | 0.7600  | 0.7729 
14    | 11          | [96, 97, 98, 99, 100, 101, 102, 103, 104, 105, 106]       | [0.0500, 0.0400, 0.2000, 0.2500, 0.0500, 0.0200, 0.2500, 0.0600, 0.0200, 0.0400, 0.0200]         | 5.7931   | 0.8600  | 0.8303 
15    | 10          | [91, 92, 93, 94, 97, 98, 99, 100, 101, 102]               | [0.0900, 0.1200, 0.1200, 0.0100, 0.0100, 0.0600, 0.2100, 0.1900, 0.0600, 0.1300]                 | 14.9859  | 0.8600  | 0.8673 
16    | 12          | [95, 96, 97, 98, 99, 100, 101, 104, 105, 106, 107, 108]   | [0.0500, 0.0800, 0.1500, 0.0300, 0.0900, 0.0500, 0.1100, 0.0600, 0.1400, 0.1000, 0.1300, 0.0100] | 17.1091  | 0.8400  | 0.9038 
17    | 10          | [95, 96, 97, 98, 99, 100, 101, 102, 103, 104]             | [0.0400, 0.0200, 0.0700, 0.0500, 0.2900, 0.0600, 0.2500, 0.0300, 0.1000, 0.0900]                 | 5.1419   | 0.9200  | 0.8297 
18    | 9           | [97, 98, 99, 100, 101, 103, 104, 105, 106]                | [0.1000, 0.0700, 0.1500, 0.0700, 0.1200, 0.2200, 0.2300, 0.0200, 0.0200]                         | 6.5611   | 0.9000  | 0.8497 
19    | 12          | [97, 98, 99, 100, 101, 102, 103, 104, 105, 106, 107, 108] | [0.0600, 0.0800, 0.0900, 0.2000, 0.0900, 0.2300, 0.1000, 0.0200, 0.0100, 0.0400, 0.0600, 0.0200] | 7.2131   | 0.8200  | 0.8735 
20    | 10          | [97, 98, 99, 100, 101, 102, 103, 104, 106, 107]           | [0.0100, 0.0400, 0.1000, 0.1400, 0.3900, 0.1600, 0.0900, 0.0200, 0.0100, 0.0400]                 | 3.4139   | 0.7600  | 0.7887 
21    | 9           | [92, 93, 94, 95, 96, 97, 98, 99, 100]                     | [0.0900, 0.0400, 0.3200, 0.4200, 0.0700, 0.0200, 0.0100, 0.0100, 0.0200]                         | 2.0379   | 0.7200  | 0.7127 
