
[Simulation Info]
simulation_id = sim_0000736
timestamp     = 20250428_074808
seed          = 888224
output_folder = /home/lejeunet/Bureau/simulations/Ref_table/sim_0000736

[Model Parameters]
pop_size           = 6802
num_loci           = 20
sample1_generation = 30
sample2_generation = 10
low_repeats        = 1
high_repeats       = 200
mutation_rate      = 0.001
recap_Ne           = 6802

[Sampling Design]
sample1_size_Ne  = 50
sample2_size_Ne  = 50
sample1_size_CMR = 50
sample2_size_CMR = 50

[Capture-Marquage-Recapture]
census_N   =  0
MatchCount =  0
# There were no match between sampling of individuals during CMR.

[Ne Estimates - One Sample - Decreasing critical values [0.050, 0.020, 0.010, 0+]]

[Linkage Desequilibrium]
LD_Ne_Pop1 = [None, 4504.7, 3997.3, 3997.3]
LD_r2_Pop1 = [0.021181, 0.02135, 0.021359, 0.021359]
LD_Ne_Pop2 = [1644.6, 2263.5, 2928.3, 2928.3]
LD_r2_Pop2 = [0.021478, 0.021423, 0.02139, 0.02139]

[Heterozygote excess]
HE_Neb_mean_Pop1        = [None, None, None, None]
HE_weighted_D_mean_Pop1 = [-0.00141, -0.00099, -0.00163, -0.00163]
HE_Neb_mean_Pop2        = [55.2, 51.4, 44.5, 44.5]
HE_weighted_D_mean_Pop2 = [0.00913, 0.00982, 0.01137, 0.01137]

[Molecular Coancestry]
Coan_Neb_n_Pop1 = 80.1
Coan_f1_Pop1    = 0.00625
Coan_Neb_n_Pop2 = None
Coan_f1_Pop2    = -0.0053

[Ne Estimates - Temporal - Decreasing critical values (0.050, 0.020, 0.010, 0+)]

[Pollak]
P_Ne     = [-4623.8, 11050.4, 6444.3, 6964.3]
P_Fk     = [0.01892, 0.02045, 0.02078, 0.02072]
P_Fprime = [-0.00108, 0.00045, 0.00078, 0.00072]

[Nei/Tajima]
N_Ne     = [-3394.7, -159866.4, 16626.3, 18979.9]
N_Fc     = [0.01853, 0.01997, 0.0203, 0.02026]
N_Fprime = [-0.00147, -3e-05, 0.0003, 0.00026]

[Jorde/Ryman]
J_Ne     = [-2659.0, -3779.7, -4357.7, -4354.9]
J_Fs     = [0.01822, 0.01878, 0.01895, 0.01895]
J_Fprime = [-0.00188, -0.00132, -0.00115, -0.00115]

[Genetic Diversity - Heterozygosity]
mean_exp_het_pop1 = 0.866
mean_obs_het_pop1 = 0.8638
mean_exp_het_pop2 = 0.8677
mean_obs_het_pop2 = 0.879

[Genetic Diversity - Allele Counts]
mean_alleles_pop1 = 11.86
var_alleles_pop1  = 4.53
sum_alleles_pop1  = 249
mean_alleles_pop2 = 12.36
var_alleles_pop2  = 5.16
sum_alleles_pop2  = 519

[Genetic Diversity - Allelic Size Variance]
var_allele_size_pop1 = 10.4732
var_allele_size_pop2 = 10.5022

[Per-locus summary - Population 1]
Locus | Num_Alleles | Alleles                                                                | Frequencies                                                                                                              | Variance | Obs_Het | Exp_Het
------+-------------+------------------------------------------------------------------------+--------------------------------------------------------------------------------------------------------------------------+----------+---------+--------
1     | 13          | [89, 90, 91, 92, 93, 94, 95, 96, 97, 98, 99, 100, 101]                 | [0.0100, 0.0600, 0.0400, 0.1700, 0.1600, 0.0900, 0.0900, 0.0100, 0.0900, 0.0500, 0.1900, 0.0200, 0.0200]                 | 9.8256   | 0.8400  | 0.8852 
2     | 13          | [91, 92, 97, 98, 99, 100, 101, 102, 103, 104, 105, 106, 107]           | [0.0800, 0.0300, 0.0700, 0.1200, 0.0300, 0.0300, 0.1800, 0.0400, 0.0400, 0.1500, 0.1400, 0.0800, 0.0100]                 | 18.8859  | 0.9600  | 0.8964 
3     | 8           | [93, 94, 95, 96, 97, 98, 99, 100]                                      | [0.0600, 0.2200, 0.2900, 0.3000, 0.0400, 0.0600, 0.0200, 0.0100]                                                         | 1.9075   | 0.7600  | 0.7760 
4     | 11          | [92, 95, 96, 97, 98, 99, 100, 101, 104, 105, 106]                      | [0.0100, 0.0800, 0.1100, 0.0200, 0.2400, 0.3000, 0.1200, 0.0400, 0.0500, 0.0200, 0.0100]                                 | 5.6904   | 0.7600  | 0.8226 
5     | 13          | [96, 97, 98, 100, 101, 102, 103, 104, 105, 106, 107, 108, 109]         | [0.0800, 0.0200, 0.0100, 0.0100, 0.1600, 0.1400, 0.2500, 0.1000, 0.0600, 0.1200, 0.0100, 0.0200, 0.0200]                 | 8.4156   | 0.8600  | 0.8650 
6     | 10          | [93, 95, 96, 97, 98, 99, 100, 101, 102, 103]                           | [0.0400, 0.0600, 0.1500, 0.0800, 0.0500, 0.2100, 0.2800, 0.1100, 0.0100, 0.0100]                                         | 4.7651   | 0.9000  | 0.8370 
7     | 10          | [91, 92, 93, 94, 95, 96, 97, 98, 99, 100]                              | [0.1000, 0.1200, 0.1400, 0.1300, 0.1100, 0.1300, 0.1500, 0.0400, 0.0300, 0.0500]                                         | 6.1275   | 0.9000  | 0.8915 
8     | 8           | [96, 98, 99, 100, 101, 102, 103, 104]                                  | [0.0300, 0.1300, 0.2500, 0.1800, 0.1900, 0.1600, 0.0200, 0.0400]                                                         | 2.8900   | 0.8600  | 0.8319 
9     | 13          | [95, 96, 97, 99, 100, 101, 102, 103, 104, 105, 106, 107, 108]          | [0.0100, 0.0600, 0.0100, 0.0500, 0.0500, 0.1200, 0.1700, 0.1200, 0.1600, 0.1500, 0.0800, 0.0100, 0.0100]                 | 7.4491   | 0.9400  | 0.8877 
10    | 13          | [93, 94, 95, 96, 97, 98, 99, 100, 103, 104, 105, 106, 107]             | [0.0200, 0.0500, 0.0800, 0.1200, 0.1100, 0.1100, 0.1600, 0.0400, 0.1100, 0.0800, 0.0700, 0.0400, 0.0100]                 | 13.7216  | 0.9400  | 0.9089 
11    | 13          | [93, 94, 95, 96, 97, 98, 99, 100, 101, 102, 103, 104, 105]             | [0.0100, 0.0300, 0.0100, 0.0100, 0.0300, 0.2200, 0.2600, 0.2300, 0.1000, 0.0400, 0.0100, 0.0400, 0.0100]                 | 4.1259   | 0.7800  | 0.8238 
12    | 11          | [98, 99, 100, 101, 102, 103, 104, 105, 106, 107, 108]                  | [0.0500, 0.0300, 0.0400, 0.1300, 0.0700, 0.0500, 0.1900, 0.0900, 0.2100, 0.1000, 0.0400]                                 | 7.1116   | 0.8200  | 0.8796 
13    | 13          | [95, 96, 97, 98, 99, 100, 101, 103, 104, 105, 106, 107, 108]           | [0.0400, 0.0300, 0.0300, 0.1300, 0.1100, 0.0300, 0.0200, 0.0600, 0.3300, 0.0700, 0.1000, 0.0400, 0.0100]                 | 11.9675  | 0.8200  | 0.8457 
14    | 10          | [96, 97, 98, 99, 100, 101, 102, 103, 104, 105]                         | [0.0100, 0.0600, 0.1700, 0.0600, 0.1300, 0.2300, 0.1500, 0.1000, 0.0200, 0.0700]                                         | 4.8304   | 0.8400  | 0.8649 
15    | 12          | [91, 92, 93, 94, 95, 96, 97, 98, 99, 100, 101, 102]                    | [0.0500, 0.0800, 0.0900, 0.0300, 0.0200, 0.0200, 0.0900, 0.2000, 0.1200, 0.1800, 0.1000, 0.0200]                         | 9.9371   | 0.9000  | 0.8849 
16    | 13          | [95, 96, 97, 98, 99, 101, 102, 103, 104, 105, 106, 107, 108]           | [0.0700, 0.1300, 0.0200, 0.0600, 0.0500, 0.0500, 0.0400, 0.1900, 0.1400, 0.1500, 0.0300, 0.0300, 0.0400]                 | 14.6956  | 0.9200  | 0.8950 
17    | 9           | [99, 100, 101, 102, 103, 104, 105, 106, 107]                           | [0.0200, 0.0700, 0.0200, 0.0200, 0.0800, 0.2300, 0.1900, 0.1500, 0.2200]                                                 | 4.3819   | 0.8800  | 0.8360 
18    | 15          | [90, 92, 93, 94, 95, 96, 97, 100, 101, 102, 103, 104, 105, 106, 107]   | [0.0100, 0.0200, 0.0900, 0.1100, 0.0200, 0.0900, 0.0300, 0.0100, 0.0400, 0.0800, 0.0700, 0.1700, 0.1500, 0.0900, 0.0200] | 24.3636  | 0.8600  | 0.9061 
19    | 15          | [94, 95, 96, 97, 99, 100, 101, 102, 103, 104, 105, 106, 107, 108, 109] | [0.0200, 0.2000, 0.1000, 0.0300, 0.0200, 0.0100, 0.0800, 0.1000, 0.1800, 0.1000, 0.0400, 0.0100, 0.0600, 0.0100, 0.0400] | 18.9859  | 0.8200  | 0.8913 
20    | 11          | [91, 92, 93, 100, 101, 102, 103, 104, 105, 106, 108]                   | [0.0500, 0.1600, 0.0300, 0.0300, 0.1400, 0.2800, 0.0200, 0.1700, 0.0100, 0.0700, 0.0400]                                 | 25.1659  | 0.8600  | 0.8447 
21    | 15          | [93, 94, 95, 96, 97, 98, 99, 100, 101, 102, 103, 104, 105, 106, 107]   | [0.0100, 0.0400, 0.0400, 0.1000, 0.0100, 0.0700, 0.1300, 0.1200, 0.0100, 0.0600, 0.0300, 0.1500, 0.1100, 0.0800, 0.0400] | 14.6936  | 0.9200  | 0.9123 

[Per-locus summary - Population 2]
Locus | Num_Alleles | Alleles                                                               | Frequencies                                                                                                              | Variance | Obs_Het | Exp_Het
------+-------------+-----------------------------------------------------------------------+--------------------------------------------------------------------------------------------------------------------------+----------+---------+--------
1     | 13          | [89, 90, 91, 92, 93, 94, 95, 97, 98, 99, 100, 101, 102]               | [0.0300, 0.0700, 0.0300, 0.1700, 0.1000, 0.1200, 0.0900, 0.0800, 0.0300, 0.1600, 0.0600, 0.0500, 0.0100]                 | 12.2936  | 0.9200  | 0.9018 
2     | 14          | [91, 92, 96, 97, 98, 99, 100, 101, 102, 103, 104, 105, 106, 107]      | [0.0900, 0.0200, 0.0200, 0.0300, 0.1300, 0.0500, 0.0800, 0.2000, 0.0100, 0.0200, 0.1500, 0.1000, 0.0800, 0.0200]         | 18.6075  | 0.9200  | 0.8935 
3     | 9           | [93, 94, 95, 96, 97, 98, 99, 100, 101]                                | [0.0600, 0.2100, 0.2100, 0.2300, 0.1000, 0.0200, 0.0900, 0.0600, 0.0200]                                                 | 4.0364   | 0.8200  | 0.8412 
4     | 10          | [95, 96, 97, 98, 99, 100, 101, 103, 104, 105]                         | [0.0800, 0.1700, 0.0500, 0.1600, 0.2900, 0.1200, 0.0400, 0.0100, 0.0700, 0.0100]                                         | 5.5264   | 0.8200  | 0.8398 
5     | 14          | [95, 96, 98, 100, 101, 102, 103, 104, 105, 106, 107, 108, 109, 110]   | [0.0100, 0.0700, 0.0100, 0.0200, 0.1800, 0.1700, 0.2200, 0.0900, 0.0900, 0.0800, 0.0300, 0.0100, 0.0100, 0.0100]         | 7.9800   | 0.9000  | 0.8697 
6     | 9           | [93, 95, 96, 97, 98, 99, 100, 101, 102]                               | [0.0300, 0.0500, 0.0400, 0.1500, 0.0500, 0.2600, 0.2500, 0.1600, 0.0100]                                                 | 3.8075   | 0.8200  | 0.8224 
7     | 10          | [91, 92, 93, 94, 95, 96, 97, 98, 99, 100]                             | [0.1200, 0.0900, 0.1000, 0.1100, 0.1300, 0.1400, 0.1900, 0.0400, 0.0300, 0.0500]                                         | 6.2275   | 0.9000  | 0.8867 
8     | 9           | [96, 97, 98, 99, 100, 101, 102, 103, 104]                             | [0.0200, 0.0800, 0.1600, 0.2200, 0.1500, 0.1600, 0.1200, 0.0400, 0.0500]                                                 | 3.6804   | 0.8200  | 0.8612 
9     | 11          | [96, 97, 99, 100, 101, 102, 103, 104, 105, 106, 108]                  | [0.0400, 0.0300, 0.0500, 0.0800, 0.1000, 0.1200, 0.1200, 0.1500, 0.1500, 0.1500, 0.0100]                                 | 7.3571   | 0.9800  | 0.8911 
10    | 13          | [94, 95, 96, 97, 98, 99, 100, 102, 103, 104, 105, 107, 108]           | [0.0900, 0.1000, 0.1000, 0.1300, 0.0600, 0.2300, 0.0600, 0.0300, 0.0600, 0.0700, 0.0500, 0.0100, 0.0100]                 | 11.5524  | 0.9200  | 0.8917 
11    | 11          | [93, 94, 96, 97, 98, 99, 100, 101, 102, 104, 106]                     | [0.0300, 0.0200, 0.0100, 0.0200, 0.2300, 0.2200, 0.2000, 0.1700, 0.0500, 0.0400, 0.0100]                                 | 4.6556   | 0.8200  | 0.8321 
12    | 12          | [98, 99, 100, 101, 102, 103, 104, 105, 106, 107, 108, 109]            | [0.0200, 0.0400, 0.0400, 0.0600, 0.0500, 0.0300, 0.2800, 0.1400, 0.1300, 0.0800, 0.1200, 0.0100]                         | 6.5356   | 0.9200  | 0.8622 
13    | 13          | [94, 95, 96, 97, 98, 99, 100, 101, 103, 104, 105, 106, 107]           | [0.0100, 0.0600, 0.0500, 0.0800, 0.1700, 0.0600, 0.0100, 0.0100, 0.0400, 0.3300, 0.0700, 0.0700, 0.0400]                 | 14.3100  | 0.8400  | 0.8412 
14    | 9           | [96, 97, 98, 99, 100, 101, 102, 103, 105]                             | [0.0100, 0.0600, 0.1000, 0.1000, 0.1500, 0.2400, 0.1700, 0.0800, 0.0900]                                                 | 4.5275   | 0.9000  | 0.8614 
15    | 13          | [91, 92, 93, 94, 95, 96, 97, 98, 99, 100, 101, 102, 103]              | [0.0500, 0.0500, 0.1000, 0.0400, 0.0200, 0.0300, 0.0800, 0.0800, 0.1300, 0.2200, 0.1400, 0.0500, 0.0100]                 | 11.0171  | 0.9400  | 0.8907 
16    | 13          | [95, 96, 97, 98, 99, 100, 101, 102, 103, 104, 105, 106, 107]          | [0.0600, 0.2400, 0.0500, 0.0400, 0.0300, 0.0100, 0.0500, 0.0300, 0.1900, 0.1400, 0.0800, 0.0100, 0.0700]                 | 15.4411  | 0.8000  | 0.8719 
17    | 9           | [100, 101, 102, 103, 104, 105, 106, 107, 108]                         | [0.0200, 0.0200, 0.0500, 0.0700, 0.2700, 0.1900, 0.1200, 0.2500, 0.0100]                                                 | 3.0219   | 0.8200  | 0.8139 
18    | 14          | [89, 90, 93, 94, 95, 96, 97, 101, 102, 103, 104, 105, 106, 107]       | [0.0300, 0.0300, 0.1500, 0.1200, 0.0600, 0.0900, 0.0400, 0.0300, 0.1100, 0.1500, 0.0600, 0.0900, 0.0100, 0.0300]         | 26.1496  | 0.9200  | 0.9089 
19    | 15          | [93, 94, 95, 96, 97, 98, 100, 101, 102, 103, 104, 105, 106, 108, 109] | [0.0200, 0.0200, 0.0700, 0.1500, 0.0500, 0.0100, 0.0200, 0.0900, 0.0800, 0.2300, 0.2000, 0.0200, 0.0200, 0.0100, 0.0100] | 14.1275  | 0.8600  | 0.8691 
20    | 14          | [91, 92, 93, 94, 99, 100, 101, 102, 103, 104, 105, 106, 107, 108]     | [0.0200, 0.1400, 0.0500, 0.0500, 0.0100, 0.0200, 0.1600, 0.2500, 0.0300, 0.0900, 0.0300, 0.1200, 0.0100, 0.0200]         | 24.4875  | 0.9000  | 0.8703 
21    | 14          | [94, 95, 96, 97, 98, 99, 100, 101, 102, 103, 104, 105, 106, 107]      | [0.0700, 0.1000, 0.0600, 0.0600, 0.0100, 0.1200, 0.1200, 0.0100, 0.0800, 0.0100, 0.1700, 0.1400, 0.0300, 0.0200]         | 15.2036  | 0.9200  | 0.9016 
