
[Simulation Info]
simulation_id = sim_0012230
timestamp     = 20250429_094617
seed          = 96706
output_folder = /home/lejeunet/Bureau/simulations/Ref_table/sim_0012230

[Model Parameters]
pop_size           = 1510
num_loci           = 20
sample1_generation = 30
sample2_generation = 10
low_repeats        = 1
high_repeats       = 200
mutation_rate      = 0.001
recap_Ne           = 1510

[Sampling Design]
sample1_size_Ne  = 50
sample2_size_Ne  = 50
sample1_size_CMR = 50
sample2_size_CMR = 50

[Capture-Marquage-Recapture]
census_N   =  1300
MatchCount =  2

[Ne Estimates - One Sample - Decreasing critical values [0.050, 0.020, 0.010, 0+]]

[Linkage Desequilibrium]
LD_Ne_Pop1 = [None, None, 2430.7, 2430.7]
LD_r2_Pop1 = [0.020047, 0.020644, 0.021413, 0.021413]
LD_Ne_Pop2 = [2459.1, 401.6, 382.9, 382.9]
LD_r2_Pop2 = [0.021411, 0.022102, 0.022142, 0.022142]

[Heterozygote excess]
HE_Neb_mean_Pop1        = [103.2, 157.1, 46.4, 46.4]
HE_weighted_D_mean_Pop1 = [0.00487, 0.00319, 0.0109, 0.0109]
HE_Neb_mean_Pop2        = [None, None, None, None]
HE_weighted_D_mean_Pop2 = [-0.02841, -0.01499, -0.01472, -0.01472]

[Molecular Coancestry]
Coan_Neb_n_Pop1 = None
Coan_f1_Pop1    = -0.00312
Coan_Neb_n_Pop2 = None
Coan_f1_Pop2    = -0.0168

[Ne Estimates - Temporal - Decreasing critical values (0.050, 0.020, 0.010, 0+)]

[Pollak]
P_Ne     = [675.7, 1190.5, 1293.6, 1369.8]
P_Fk     = [0.0274, 0.0242, 0.02387, 0.02365]
P_Fprime = [0.0074, 0.0042, 0.00387, 0.00365]

[Nei/Tajima]
N_Ne     = [712.2, 1157.2, 1244.0, 1303.0]
N_Fc     = [0.02702, 0.02432, 0.02402, 0.02384]
N_Fprime = [0.00702, 0.00432, 0.00402, 0.00384]

[Jorde/Ryman]
J_Ne     = [588.4, 661.7, 671.2, 672.6]
J_Fs     = [0.02862, 0.02767, 0.02756, 0.02755]
J_Fprime = [0.0085, 0.00756, 0.00745, 0.00743]

[Genetic Diversity - Heterozygosity]
mean_exp_het_pop1 = 0.6298
mean_obs_het_pop1 = 0.6324
mean_exp_het_pop2 = 0.6589
mean_obs_het_pop2 = 0.6419

[Genetic Diversity - Allele Counts]
mean_alleles_pop1 = 5.9
var_alleles_pop1  = 1.79
sum_alleles_pop1  = 124
mean_alleles_pop2 = 6.07
var_alleles_pop2  = 1.68
sum_alleles_pop2  = 255

[Genetic Diversity - Allelic Size Variance]
var_allele_size_pop1 = 2.0435
var_allele_size_pop2 = 2.2796

[Per-locus summary - Population 1]
Locus | Num_Alleles | Alleles                                | Frequencies                                                              | Variance | Obs_Het | Exp_Het
------+-------------+----------------------------------------+--------------------------------------------------------------------------+----------+---------+--------
1     | 4           | [99, 100, 101, 102]                    | [0.1400, 0.0600, 0.4900, 0.3100]                                         | 0.9291   | 0.6400  | 0.6471 
2     | 6           | [99, 100, 101, 102, 103, 104]          | [0.0500, 0.2600, 0.5100, 0.0900, 0.0400, 0.0500]                         | 1.1584   | 0.6000  | 0.6642 
3     | 6           | [99, 100, 101, 102, 103, 104]          | [0.0100, 0.2100, 0.6800, 0.0600, 0.0300, 0.0100]                         | 0.5136   | 0.4200  | 0.4937 
4     | 6           | [95, 96, 99, 100, 101, 102]            | [0.1400, 0.0600, 0.0500, 0.6800, 0.0300, 0.0400]                         | 3.9256   | 0.5800  | 0.5145 
5     | 9           | [91, 92, 93, 94, 97, 98, 99, 100, 101] | [0.0100, 0.1100, 0.0500, 0.0200, 0.0700, 0.1000, 0.3400, 0.2900, 0.0100] | 7.6476   | 0.8200  | 0.7780 
6     | 5           | [97, 98, 99, 100, 101]                 | [0.0400, 0.5900, 0.1500, 0.1900, 0.0300]                                 | 0.8836   | 0.5800  | 0.5968 
7     | 6           | [95, 96, 97, 98, 99, 100]              | [0.0100, 0.2600, 0.0300, 0.0700, 0.6000, 0.0300]                         | 1.8736   | 0.5200  | 0.5713 
8     | 7           | [97, 98, 99, 100, 101, 102, 103]       | [0.0200, 0.0900, 0.0100, 0.0100, 0.0900, 0.7000, 0.0800]                 | 1.9696   | 0.4800  | 0.4917 
9     | 6           | [99, 100, 101, 102, 103, 104]          | [0.0900, 0.5700, 0.1900, 0.0500, 0.0500, 0.0500]                         | 1.4275   | 0.6800  | 0.6297 
10    | 5           | [100, 101, 102, 103, 105]              | [0.6200, 0.2700, 0.0900, 0.0100, 0.0100]                                 | 0.6891   | 0.5400  | 0.5398 
11    | 6           | [98, 99, 100, 101, 102, 103]           | [0.0100, 0.0400, 0.2300, 0.5700, 0.1400, 0.0100]                         | 0.6276   | 0.6000  | 0.6069 
12    | 6           | [96, 97, 98, 99, 101, 102]             | [0.0600, 0.4200, 0.2100, 0.0800, 0.1000, 0.1300]                         | 3.5904   | 0.8000  | 0.7501 
13    | 7           | [96, 97, 98, 99, 100, 101, 102]        | [0.0400, 0.0200, 0.0800, 0.0100, 0.2100, 0.5200, 0.1200]                 | 2.0131   | 0.6800  | 0.6693 
14    | 6           | [95, 96, 97, 98, 99, 100]              | [0.0800, 0.6700, 0.0300, 0.0100, 0.1300, 0.0800]                         | 2.1376   | 0.5800  | 0.5257 
15    | 5           | [96, 97, 98, 99, 100]                  | [0.0800, 0.3300, 0.3100, 0.2500, 0.0300]                                 | 0.9876   | 0.8000  | 0.7325 
16    | 6           | [98, 99, 100, 101, 102, 103]           | [0.0200, 0.1900, 0.5500, 0.0500, 0.1600, 0.0300]                         | 1.1771   | 0.6400  | 0.6384 
17    | 5           | [99, 100, 101, 102, 103]               | [0.0100, 0.1100, 0.5100, 0.3100, 0.0600]                                 | 0.6100   | 0.5800  | 0.6343 
18    | 6           | [99, 100, 102, 104, 105, 106]          | [0.1000, 0.1100, 0.2100, 0.0500, 0.4500, 0.0800]                         | 5.3075   | 0.7800  | 0.7297 
19    | 4           | [98, 99, 100, 101]                     | [0.0900, 0.6200, 0.2700, 0.0200]                                         | 0.3916   | 0.6200  | 0.5396 
20    | 9           | [93, 94, 95, 96, 97, 98, 99, 100, 101] | [0.0100, 0.0800, 0.2300, 0.2900, 0.0200, 0.0500, 0.1300, 0.1800, 0.0100] | 4.4204   | 0.7800  | 0.8123 
21    | 4           | [96, 97, 98, 99]                       | [0.0200, 0.4200, 0.3600, 0.2000]                                         | 0.6324   | 0.5600  | 0.6602 

[Per-locus summary - Population 2]
Locus | Num_Alleles | Alleles                            | Frequencies                                                      | Variance | Obs_Het | Exp_Het
------+-------------+------------------------------------+------------------------------------------------------------------+----------+---------+--------
1     | 4           | [99, 100, 101, 102]                | [0.2200, 0.1000, 0.5100, 0.1700]                                 | 1.0131   | 0.6400  | 0.6592 
2     | 6           | [99, 100, 101, 102, 103, 104]      | [0.0300, 0.1900, 0.5800, 0.1200, 0.0400, 0.0400]                 | 0.9451   | 0.5200  | 0.6151 
3     | 5           | [99, 100, 101, 102, 103]           | [0.0100, 0.1900, 0.6500, 0.1400, 0.0100]                         | 0.4075   | 0.5400  | 0.5269 
4     | 7           | [94, 95, 96, 99, 100, 101, 102]    | [0.0100, 0.1700, 0.0700, 0.0500, 0.6700, 0.0100, 0.0200]         | 4.4539   | 0.5400  | 0.5194 
5     | 7           | [92, 93, 94, 97, 98, 99, 100]      | [0.1800, 0.0900, 0.0200, 0.0900, 0.0900, 0.3100, 0.2200]         | 9.4275   | 0.6800  | 0.8065 
6     | 5           | [97, 98, 99, 100, 101]             | [0.0400, 0.5800, 0.1400, 0.2000, 0.0400]                         | 0.9556   | 0.5600  | 0.6069 
7     | 5           | [96, 97, 98, 99, 100]              | [0.2100, 0.0700, 0.0700, 0.6200, 0.0300]                         | 1.6139   | 0.6600  | 0.5665 
8     | 6           | [97, 98, 99, 101, 102, 103]        | [0.0500, 0.1400, 0.0300, 0.1100, 0.6400, 0.0300]                 | 2.9396   | 0.6000  | 0.5600 
9     | 6           | [99, 100, 101, 102, 103, 104]      | [0.1900, 0.4800, 0.2000, 0.0900, 0.0200, 0.0200]                 | 1.1411   | 0.6000  | 0.6915 
10    | 6           | [99, 100, 101, 102, 104, 105]      | [0.0300, 0.4700, 0.3100, 0.1200, 0.0300, 0.0400]                 | 1.5944   | 0.7400  | 0.6719 
11    | 5           | [98, 99, 100, 101, 102]            | [0.0200, 0.0700, 0.3300, 0.5000, 0.0800]                         | 0.6675   | 0.7000  | 0.6358 
12    | 7           | [96, 97, 98, 99, 100, 101, 102]    | [0.0700, 0.2300, 0.2900, 0.1300, 0.0200, 0.1700, 0.0900]         | 3.2411   | 0.7600  | 0.8119 
13    | 7           | [96, 97, 98, 99, 100, 101, 102]    | [0.0500, 0.0400, 0.1600, 0.0400, 0.2000, 0.3900, 0.1200]         | 2.7075   | 0.7600  | 0.7699 
14    | 8           | [94, 95, 96, 97, 98, 99, 100, 101] | [0.0100, 0.0500, 0.6500, 0.0400, 0.0300, 0.0900, 0.1000, 0.0300] | 2.6875   | 0.5400  | 0.5590 
15    | 6           | [95, 96, 97, 98, 99, 100]          | [0.0100, 0.0500, 0.4100, 0.2800, 0.2100, 0.0400]                 | 1.0075   | 0.7200  | 0.7123 
16    | 5           | [99, 100, 101, 102, 103]           | [0.2200, 0.6100, 0.0300, 0.1000, 0.0400]                         | 0.9931   | 0.5200  | 0.5727 
17    | 6           | [99, 100, 101, 102, 103, 104]      | [0.0200, 0.0700, 0.4900, 0.3000, 0.1000, 0.0200]                 | 0.8275   | 0.6600  | 0.6608 
18    | 6           | [99, 100, 102, 104, 105, 106]      | [0.1200, 0.1800, 0.1800, 0.0600, 0.3300, 0.1300]                 | 6.2619   | 0.7200  | 0.7994 
19    | 4           | [98, 99, 100, 101]                 | [0.1400, 0.4400, 0.3500, 0.0700]                                 | 0.6475   | 0.6600  | 0.6661 
20    | 8           | [93, 94, 95, 96, 97, 98, 99, 100]  | [0.0100, 0.0700, 0.3400, 0.2700, 0.0200, 0.0200, 0.1700, 0.1000] | 3.7284   | 0.7800  | 0.7745 
21    | 4           | [96, 97, 98, 99]                   | [0.1000, 0.3700, 0.4500, 0.0800]                                 | 0.6099   | 0.5800  | 0.6507 
