
[Simulation Info]
simulation_id = sim_0001440
timestamp     = 20250428_080231
seed          = 789867
output_folder = /home/lejeunet/Bureau/simulations/Ref_table/sim_0001440

[Model Parameters]
pop_size           = 185
num_loci           = 20
sample1_generation = 30
sample2_generation = 10
low_repeats        = 1
high_repeats       = 200
mutation_rate      = 0.001
recap_Ne           = 185

[Sampling Design]
sample1_size_Ne  = 50
sample2_size_Ne  = 50
sample1_size_CMR = 50
sample2_size_CMR = 50

[Capture-Marquage-Recapture]
census_N   =  173
MatchCount =  15

[Ne Estimates - One Sample - Decreasing critical values [0.050, 0.020, 0.010, 0+]]

[Linkage Desequilibrium]
LD_Ne_Pop1 = [81.5, 76.4, 77.5, 77.5]
LD_r2_Pop1 = [0.025262, 0.025519, 0.025462, 0.025462]
LD_Ne_Pop2 = [124.8, 551.9, 1030.4, 1030.4]
LD_r2_Pop2 = [0.023903, 0.021878, 0.021599, 0.021599]

[Heterozygote excess]
HE_Neb_mean_Pop1        = [26.3, 27.6, 27.6, 27.6]
HE_weighted_D_mean_Pop1 = [0.01936, 0.01847, 0.01847, 0.01847]
HE_Neb_mean_Pop2        = [128.2, 28.9, 29.8, 29.8]
HE_weighted_D_mean_Pop2 = [0.00391, 0.01757, 0.01707, 0.01707]

[Molecular Coancestry]
Coan_Neb_n_Pop1 = 6.3
Coan_f1_Pop1    = 0.07932
Coan_Neb_n_Pop2 = None
Coan_f1_Pop2    = -0.05164

[Ne Estimates - Temporal - Decreasing critical values (0.050, 0.020, 0.010, 0+)]

[Pollak]
P_Ne     = [310.7, 248.6, 248.5, 248.5]
P_Fk     = [0.03609, 0.04011, 0.04012, 0.04012]
P_Fprime = [0.01609, 0.02011, 0.02012, 0.02012]

[Nei/Tajima]
N_Ne     = [291.6, 237.9, 238.2, 238.2]
N_Fc     = [0.03715, 0.04102, 0.04099, 0.04099]
N_Fprime = [0.01715, 0.02102, 0.02099, 0.02099]

[Jorde/Ryman]
J_Ne     = [198.5, 190.9, 191.0, 191.0]
J_Fs     = [0.04545, 0.04647, 0.04645, 0.04645]
J_Fprime = [0.02519, 0.0262, 0.02618, 0.02618]

[Genetic Diversity - Heterozygosity]
mean_exp_het_pop1 = 0.3669
mean_obs_het_pop1 = 0.373
mean_exp_het_pop2 = 0.3523
mean_obs_het_pop2 = 0.361

[Genetic Diversity - Allele Counts]
mean_alleles_pop1 = 2.86
var_alleles_pop1  = 0.73
sum_alleles_pop1  = 60
mean_alleles_pop2 = 2.81
var_alleles_pop2  = 0.65
sum_alleles_pop2  = 118

[Genetic Diversity - Allelic Size Variance]
var_allele_size_pop1 = 0.2519
var_allele_size_pop2 = 0.2481

[Per-locus summary - Population 1]
Locus | Num_Alleles | Alleles             | Frequencies                      | Variance | Obs_Het | Exp_Het
------+-------------+---------------------+----------------------------------+----------+---------+--------
1     | 2           | [99, 100]           | [0.2000, 0.8000]                 | 0.1600   | 0.3600  | 0.3232 
2     | 4           | [98, 99, 100, 101]  | [0.0200, 0.4300, 0.4400, 0.1100] | 0.4904   | 0.7000  | 0.6151 
3     | 3           | [98, 99, 100]       | [0.0100, 0.9600, 0.0300]         | 0.0396   | 0.0800  | 0.0782 
4     | 3           | [99, 100, 101]      | [0.0700, 0.8500, 0.0800]         | 0.1499   | 0.2600  | 0.2689 
5     | 2           | [100, 101]          | [0.9300, 0.0700]                 | 0.0651   | 0.1400  | 0.1315 
6     | 2           | [99, 100]           | [0.5800, 0.4200]                 | 0.2436   | 0.4400  | 0.4921 
7     | 3           | [98, 99, 100]       | [0.2200, 0.1800, 0.6000]         | 0.6756   | 0.4400  | 0.5648 
8     | 3           | [100, 101, 102]     | [0.1400, 0.8200, 0.0400]         | 0.1700   | 0.3600  | 0.3095 
9     | 2           | [100, 101]          | [0.7300, 0.2700]                 | 0.1971   | 0.4600  | 0.3982 
10    | 4           | [98, 99, 100, 101]  | [0.0400, 0.2800, 0.6600, 0.0200] | 0.3444   | 0.4600  | 0.4889 
11    | 3           | [99, 100, 101]      | [0.1900, 0.1800, 0.6300]         | 0.6264   | 0.5800  | 0.5400 
12    | 2           | [99, 100]           | [0.3300, 0.6700]                 | 0.2211   | 0.5400  | 0.4467 
13    | 4           | [97, 98, 99, 100]   | [0.0400, 0.0400, 0.3200, 0.6000] | 0.5696   | 0.6200  | 0.5398 
14    | 2           | [100, 101]          | [0.9500, 0.0500]                 | 0.0475   | 0.1000  | 0.0960 
15    | 3           | [99, 100, 101]      | [0.0800, 0.8500, 0.0700]         | 0.1499   | 0.2600  | 0.2689 
16    | 4           | [98, 99, 100, 101]  | [0.0500, 0.1500, 0.7800, 0.0200] | 0.3171   | 0.4000  | 0.3699 
17    | 1           | [100]               | [1.0000]                         | 0.0000   | NA      | NA     
18    | 3           | [98, 99, 100]       | [0.0100, 0.9100, 0.0800]         | 0.0851   | 0.1800  | 0.1671 
19    | 4           | [99, 100, 101, 102] | [0.0500, 0.6600, 0.2800, 0.0100] | 0.3075   | 0.4000  | 0.4883 
20    | 3           | [99, 100, 101]      | [0.0600, 0.6600, 0.2800]         | 0.2916   | 0.4200  | 0.4873 
21    | 3           | [99, 100, 101]      | [0.1300, 0.8500, 0.0200]         | 0.1379   | 0.2600  | 0.2628 

[Per-locus summary - Population 2]
Locus | Num_Alleles | Alleles             | Frequencies                      | Variance | Obs_Het | Exp_Het
------+-------------+---------------------+----------------------------------+----------+---------+--------
1     | 2           | [99, 100]           | [0.1400, 0.8600]                 | 0.1204   | 0.2800  | 0.2432 
2     | 3           | [99, 100, 101]      | [0.3300, 0.4200, 0.2500]         | 0.5736   | 0.6200  | 0.6588 
3     | 2           | [99, 100]           | [0.9900, 0.0100]                 | 0.0099   | 0.0200  | 0.0200 
4     | 4           | [99, 100, 101, 102] | [0.0100, 0.8600, 0.1100, 0.0200] | 0.1804   | 0.2600  | 0.2503 
5     | 2           | [100, 101]          | [0.9800, 0.0200]                 | 0.0196   | 0.0400  | 0.0396 
6     | 2           | [99, 100]           | [0.6800, 0.3200]                 | 0.2176   | 0.4400  | 0.4396 
7     | 3           | [98, 99, 100]       | [0.3300, 0.1700, 0.5000]         | 0.8011   | 0.6400  | 0.6184 
8     | 3           | [100, 101, 102]     | [0.0800, 0.9000, 0.0200]         | 0.0964   | 0.1600  | 0.1850 
9     | 2           | [100, 101]          | [0.8300, 0.1700]                 | 0.1411   | 0.2600  | 0.2851 
10    | 3           | [99, 100, 101]      | [0.4100, 0.5400, 0.0500]         | 0.3304   | 0.5200  | 0.5432 
11    | 3           | [99, 100, 101]      | [0.1400, 0.0900, 0.7700]         | 0.5131   | 0.4000  | 0.3832 
12    | 2           | [99, 100]           | [0.3500, 0.6500]                 | 0.2275   | 0.5400  | 0.4596 
13    | 4           | [97, 98, 99, 100]   | [0.0300, 0.1200, 0.3400, 0.5100] | 0.6411   | 0.6000  | 0.6151 
14    | 1           | [100]               | [1.0000]                         | 0.0000   | NA      | NA     
15    | 3           | [99, 100, 101]      | [0.1200, 0.8500, 0.0300]         | 0.1419   | 0.2600  | 0.2648 
16    | 4           | [98, 99, 100, 101]  | [0.0500, 0.3900, 0.5500, 0.0100] | 0.3696   | 0.5600  | 0.5483 
17    | 2           | [100, 101]          | [0.9800, 0.0200]                 | 0.0196   | 0.0400  | 0.0396 
18    | 2           | [99, 100]           | [0.8400, 0.1600]                 | 0.1344   | 0.3200  | 0.2715 
19    | 3           | [99, 100, 101]      | [0.0300, 0.6900, 0.2800]         | 0.2475   | 0.4800  | 0.4491 
20    | 3           | [99, 100, 101]      | [0.0700, 0.6700, 0.2600]         | 0.2939   | 0.5400  | 0.4834 
21    | 3           | [99, 100, 101]      | [0.1200, 0.8600, 0.0200]         | 0.1300   | 0.2400  | 0.2481 
