
[Simulation Info]
simulation_id = sim_0008790
timestamp     = 20250428_110116
seed          = 710775
output_folder = /home/lejeunet/Bureau/simulations/Ref_table/sim_0008790

[Model Parameters]
pop_size           = 3809
num_loci           = 20
sample1_generation = 30
sample2_generation = 10
low_repeats        = 1
high_repeats       = 200
mutation_rate      = 0.001
recap_Ne           = 3809

[Sampling Design]
sample1_size_Ne  = 50
sample2_size_Ne  = 50
sample1_size_CMR = 50
sample2_size_CMR = 50

[Capture-Marquage-Recapture]
census_N   =  2601
MatchCount =  1

[Ne Estimates - One Sample - Decreasing critical values [0.050, 0.020, 0.010, 0+]]

[Linkage Desequilibrium]
LD_Ne_Pop1 = [None, None, None, None]
LD_r2_Pop1 = [0.020768, 0.020729, 0.020739, 0.020739]
LD_Ne_Pop2 = [None, 3183.8, None, None]
LD_r2_Pop2 = [0.021115, 0.021381, 0.021166, 0.021166]

[Heterozygote excess]
HE_Neb_mean_Pop1        = [130.5, 195.6, 248.2, 248.2]
HE_weighted_D_mean_Pop1 = [0.00385, 0.00256, 0.00202, 0.00202]
HE_Neb_mean_Pop2        = [148.2, 149.0, 97.8, 97.8]
HE_weighted_D_mean_Pop2 = [0.00339, 0.00337, 0.00514, 0.00514]

[Molecular Coancestry]
Coan_Neb_n_Pop1 = 4351.5
Coan_f1_Pop1    = 0.00011
Coan_Neb_n_Pop2 = None
Coan_f1_Pop2    = -0.00996

[Ne Estimates - Temporal - Decreasing critical values (0.050, 0.020, 0.010, 0+)]

[Pollak]
P_Ne     = [1002.9, 1138.6, 1250.1, 1363.7]
P_Fk     = [0.02499, 0.02439, 0.024, 0.02367]
P_Fprime = [0.00499, 0.00439, 0.004, 0.00367]

[Nei/Tajima]
N_Ne     = [1108.7, 1244.2, 1357.5, 1477.8]
N_Fc     = [0.02451, 0.02402, 0.02368, 0.02338]
N_Fprime = [0.00451, 0.00402, 0.00368, 0.00338]

[Jorde/Ryman]
J_Ne     = [1070.4, 1063.9, 1080.9, 1088.9]
J_Fs     = [0.02478, 0.02481, 0.02473, 0.0247]
J_Fprime = [0.00467, 0.0047, 0.00463, 0.00459]

[Genetic Diversity - Heterozygosity]
mean_exp_het_pop1 = 0.8425
mean_obs_het_pop1 = 0.841
mean_exp_het_pop2 = 0.8476
mean_obs_het_pop2 = 0.8514

[Genetic Diversity - Allele Counts]
mean_alleles_pop1 = 10.67
var_alleles_pop1  = 5.43
sum_alleles_pop1  = 224
mean_alleles_pop2 = 10.93
var_alleles_pop2  = 4.99
sum_alleles_pop2  = 459

[Genetic Diversity - Allelic Size Variance]
var_allele_size_pop1 = 9.1771
var_allele_size_pop2 = 9.2554

[Per-locus summary - Population 1]
Locus | Num_Alleles | Alleles                                                              | Frequencies                                                                                                              | Variance | Obs_Het | Exp_Het
------+-------------+----------------------------------------------------------------------+--------------------------------------------------------------------------------------------------------------------------+----------+---------+--------
1     | 14          | [91, 93, 94, 95, 96, 97, 99, 100, 103, 104, 105, 106, 107, 108]      | [0.0700, 0.1800, 0.1000, 0.1300, 0.0700, 0.0800, 0.0300, 0.0100, 0.1100, 0.0600, 0.0400, 0.0700, 0.0400, 0.0100]         | 26.7004  | 0.9000  | 0.9087 
2     | 7           | [95, 96, 97, 98, 99, 100, 101]                                       | [0.0100, 0.0200, 0.1400, 0.4000, 0.2800, 0.1300, 0.0200]                                                                 | 1.1379   | 0.6600  | 0.7315 
3     | 10          | [94, 95, 96, 97, 98, 99, 100, 101, 102, 103]                         | [0.0200, 0.0900, 0.0800, 0.0400, 0.2800, 0.1800, 0.1300, 0.1000, 0.0700, 0.0100]                                         | 4.1896   | 0.8800  | 0.8493 
4     | 11          | [94, 95, 96, 97, 98, 99, 100, 101, 102, 103, 104]                    | [0.0100, 0.0700, 0.0800, 0.0500, 0.0500, 0.0800, 0.2400, 0.1200, 0.2400, 0.0300, 0.0300]                                 | 5.8875   | 0.8400  | 0.8543 
5     | 8           | [98, 99, 100, 101, 102, 103, 104, 105]                               | [0.0400, 0.1600, 0.1700, 0.3800, 0.2000, 0.0200, 0.0100, 0.0200]                                                         | 1.7924   | 0.8400  | 0.7663 
6     | 8           | [95, 96, 97, 99, 100, 101, 102, 103]                                 | [0.0600, 0.0700, 0.0100, 0.1200, 0.2000, 0.3600, 0.1700, 0.0100]                                                         | 3.9600   | 0.6800  | 0.7863 
7     | 10          | [96, 97, 98, 99, 100, 101, 102, 103, 104, 106]                       | [0.0900, 0.0500, 0.0400, 0.0300, 0.0300, 0.0400, 0.1100, 0.3000, 0.2900, 0.0200]                                         | 7.3076   | 0.8200  | 0.8059 
8     | 15          | [90, 91, 92, 94, 95, 96, 97, 101, 102, 103, 104, 105, 106, 107, 108] | [0.0100, 0.0400, 0.0500, 0.0200, 0.0700, 0.0900, 0.0200, 0.0100, 0.0600, 0.2600, 0.1200, 0.1000, 0.0900, 0.0200, 0.0400] | 24.0204  | 0.9000  | 0.8851 
9     | 11          | [94, 95, 96, 97, 99, 100, 101, 102, 103, 104, 105]                   | [0.0100, 0.2600, 0.1600, 0.0200, 0.0700, 0.0700, 0.1300, 0.2000, 0.0500, 0.0100, 0.0200]                                 | 9.9939   | 0.8000  | 0.8450 
10    | 8           | [95, 96, 97, 98, 99, 100, 101, 102]                                  | [0.0500, 0.1700, 0.2000, 0.2700, 0.0600, 0.1200, 0.1100, 0.0200]                                                         | 3.1796   | 0.8200  | 0.8335 
11    | 10          | [92, 93, 94, 95, 96, 97, 98, 99, 100, 101]                           | [0.0100, 0.0900, 0.0200, 0.2400, 0.1800, 0.0600, 0.0700, 0.1000, 0.1400, 0.0900]                                         | 6.1736   | 0.9200  | 0.8638 
12    | 7           | [98, 100, 101, 102, 103, 104, 105]                                   | [0.0200, 0.0100, 0.2300, 0.1800, 0.0300, 0.3100, 0.2200]                                                                 | 2.8796   | 0.6600  | 0.7766 
13    | 11          | [92, 94, 95, 96, 97, 98, 99, 100, 101, 104, 105]                     | [0.0100, 0.0300, 0.0600, 0.1400, 0.0600, 0.3100, 0.0900, 0.1300, 0.0200, 0.0500, 0.1000]                                 | 8.9859   | 0.8400  | 0.8467 
14    | 14          | [93, 94, 95, 96, 97, 98, 99, 100, 101, 102, 103, 105, 106, 107]      | [0.0200, 0.0800, 0.1300, 0.0700, 0.1600, 0.1200, 0.0400, 0.0400, 0.0100, 0.1200, 0.0300, 0.0100, 0.1600, 0.0100]         | 16.6579  | 0.8800  | 0.8960 
15    | 12          | [97, 98, 99, 100, 101, 102, 103, 104, 105, 108, 109, 110]            | [0.0400, 0.2800, 0.0300, 0.0100, 0.0300, 0.0700, 0.1800, 0.1400, 0.0400, 0.1000, 0.0600, 0.0200]                         | 14.6500  | 0.9000  | 0.8541 
16    | 10          | [90, 91, 93, 94, 95, 96, 97, 98, 99, 100]                            | [0.0100, 0.0300, 0.0700, 0.1500, 0.2100, 0.2600, 0.2100, 0.0300, 0.0100, 0.0200]                                         | 2.9875   | 0.8800  | 0.8226 
17    | 13          | [95, 97, 98, 99, 100, 101, 102, 103, 104, 105, 106, 107, 108]        | [0.0200, 0.1600, 0.0200, 0.2200, 0.0900, 0.0200, 0.0100, 0.0100, 0.0500, 0.0900, 0.1100, 0.1200, 0.0800]                 | 16.3196  | 0.9400  | 0.8818 
18    | 11          | [92, 93, 94, 95, 96, 97, 98, 99, 100, 101, 102]                      | [0.0700, 0.0800, 0.0300, 0.1400, 0.0200, 0.0500, 0.1200, 0.0500, 0.2400, 0.1300, 0.0700]                                 | 9.6275   | 0.9200  | 0.8778 
19    | 12          | [95, 96, 97, 98, 99, 100, 101, 102, 103, 104, 105, 106]              | [0.0500, 0.0100, 0.0100, 0.2300, 0.0900, 0.1000, 0.0200, 0.1300, 0.0800, 0.1400, 0.1000, 0.0400]                         | 9.0475   | 0.8600  | 0.8802 
20    | 9           | [90, 91, 92, 93, 94, 95, 96, 97, 98]                                 | [0.0100, 0.0200, 0.2400, 0.0800, 0.1300, 0.1400, 0.1700, 0.0400, 0.1700]                                                 | 4.8956   | 0.8200  | 0.8481 
21    | 13          | [93, 94, 95, 96, 97, 98, 99, 100, 102, 103, 104, 105, 106]           | [0.0200, 0.0700, 0.0400, 0.0300, 0.0200, 0.2000, 0.2300, 0.0600, 0.0500, 0.0500, 0.1100, 0.0500, 0.0700]                 | 12.3259  | 0.9000  | 0.8796 

[Per-locus summary - Population 2]
Locus | Num_Alleles | Alleles                                                               | Frequencies                                                                                                              | Variance | Obs_Het | Exp_Het
------+-------------+-----------------------------------------------------------------------+--------------------------------------------------------------------------------------------------------------------------+----------+---------+--------
1     | 12          | [91, 92, 93, 94, 95, 96, 97, 103, 104, 105, 106, 107]                 | [0.0600, 0.0600, 0.1500, 0.1100, 0.0800, 0.0300, 0.2400, 0.0800, 0.0200, 0.0400, 0.0800, 0.0500]                         | 25.1556  | 0.8400  | 0.8849 
2     | 7           | [95, 96, 97, 98, 99, 100, 101]                                        | [0.0300, 0.0500, 0.1800, 0.2700, 0.3000, 0.1500, 0.0200]                                                                 | 1.6459   | 0.8000  | 0.7863 
3     | 10          | [94, 95, 96, 97, 98, 99, 100, 101, 102, 103]                          | [0.0200, 0.0600, 0.0600, 0.0800, 0.1800, 0.1800, 0.2500, 0.0900, 0.0600, 0.0200]                                         | 3.9411   | 0.9000  | 0.8551 
4     | 9           | [95, 96, 97, 98, 99, 100, 101, 102, 103]                              | [0.0500, 0.1100, 0.0800, 0.0100, 0.0700, 0.1500, 0.3000, 0.1400, 0.0900]                                                 | 5.4811   | 0.7800  | 0.8422 
5     | 8           | [98, 99, 100, 101, 102, 103, 104, 105]                                | [0.0300, 0.2500, 0.1400, 0.2900, 0.1800, 0.0700, 0.0100, 0.0300]                                                         | 2.3724   | 0.8600  | 0.8026 
6     | 9           | [95, 96, 97, 98, 99, 100, 101, 102, 103]                              | [0.0800, 0.0400, 0.0100, 0.0100, 0.1300, 0.2500, 0.2900, 0.1800, 0.0100]                                                 | 3.9964   | 0.8600  | 0.8038 
7     | 11          | [96, 97, 98, 99, 100, 101, 102, 103, 104, 105, 106]                   | [0.0500, 0.0500, 0.0600, 0.0100, 0.0500, 0.0200, 0.0700, 0.3700, 0.2900, 0.0200, 0.0100]                                 | 6.1779   | 0.7000  | 0.7697 
8     | 15          | [91, 92, 94, 95, 96, 97, 100, 101, 102, 103, 104, 105, 106, 107, 108] | [0.0500, 0.0300, 0.0300, 0.0700, 0.0900, 0.0100, 0.0200, 0.0300, 0.1100, 0.2400, 0.1100, 0.0800, 0.0200, 0.0300, 0.0800] | 22.6611  | 0.9400  | 0.8943 
9     | 12          | [93, 94, 95, 96, 97, 99, 100, 101, 102, 103, 104, 105]                | [0.0100, 0.0400, 0.3100, 0.0800, 0.0100, 0.0400, 0.0800, 0.0700, 0.1700, 0.1200, 0.0400, 0.0300]                         | 12.9411  | 0.8800  | 0.8455 
10    | 9           | [94, 95, 96, 97, 98, 99, 100, 101, 102]                               | [0.0100, 0.0300, 0.1200, 0.1600, 0.2700, 0.0800, 0.2000, 0.1000, 0.0300]                                                 | 3.1931   | 0.8400  | 0.8372 
11    | 10          | [92, 93, 94, 95, 96, 97, 98, 99, 100, 101]                            | [0.0200, 0.0900, 0.0200, 0.1900, 0.1400, 0.1400, 0.0400, 0.0500, 0.2000, 0.1100]                                         | 6.8004   | 0.9000  | 0.8683 
12    | 9           | [98, 99, 100, 101, 102, 103, 104, 105, 106]                           | [0.0100, 0.0200, 0.0300, 0.2100, 0.1100, 0.0800, 0.2800, 0.2200, 0.0400]                                                 | 3.3019   | 0.8200  | 0.8158 
13    | 10          | [92, 94, 96, 97, 98, 99, 100, 104, 105, 106]                          | [0.0100, 0.0500, 0.1900, 0.1200, 0.2800, 0.1300, 0.0900, 0.0800, 0.0400, 0.0100]                                         | 7.8579   | 0.8400  | 0.8438 
14    | 13          | [93, 94, 95, 96, 97, 98, 99, 100, 101, 102, 103, 105, 106]            | [0.0100, 0.0700, 0.0900, 0.0700, 0.1800, 0.1100, 0.1000, 0.0300, 0.0300, 0.0200, 0.0100, 0.0100, 0.2700]                 | 18.6139  | 0.9000  | 0.8608 
15    | 11          | [97, 98, 99, 100, 101, 102, 103, 104, 105, 108, 109]                  | [0.0700, 0.1600, 0.1600, 0.0100, 0.0400, 0.0400, 0.1800, 0.1100, 0.0500, 0.0500, 0.1300]                                 | 15.0171  | 0.8000  | 0.8830 
16    | 9           | [91, 93, 94, 95, 96, 97, 98, 99, 100]                                 | [0.0500, 0.0500, 0.1500, 0.2200, 0.1900, 0.1900, 0.0800, 0.0400, 0.0300]                                                 | 3.7611   | 0.8400  | 0.8515 
17    | 11          | [96, 97, 98, 99, 100, 101, 104, 105, 106, 107, 108]                   | [0.0500, 0.1800, 0.0200, 0.1900, 0.0800, 0.0400, 0.0300, 0.0500, 0.1400, 0.1300, 0.0900]                                 | 17.9819  | 0.9000  | 0.8814 
18    | 14          | [88, 89, 91, 92, 93, 94, 95, 96, 97, 98, 99, 100, 101, 102]           | [0.0100, 0.0200, 0.0100, 0.0600, 0.0200, 0.0700, 0.1100, 0.0100, 0.0100, 0.1600, 0.1100, 0.1700, 0.1600, 0.0800]         | 11.4000  | 0.9400  | 0.8885 
19    | 12          | [95, 96, 97, 98, 99, 100, 101, 102, 103, 104, 105, 106]               | [0.0200, 0.0100, 0.0400, 0.2000, 0.1100, 0.1000, 0.0300, 0.1800, 0.1100, 0.1300, 0.0300, 0.0400]                         | 7.2004   | 0.8600  | 0.8798 
20    | 9           | [90, 91, 92, 93, 94, 95, 96, 97, 98]                                  | [0.0700, 0.0400, 0.1400, 0.1200, 0.1400, 0.1700, 0.1300, 0.0800, 0.1100]                                                 | 5.2339   | 0.8600  | 0.8844 
21    | 12          | [94, 95, 96, 97, 98, 99, 100, 102, 103, 104, 105, 106]                | [0.0500, 0.0500, 0.0400, 0.0100, 0.2400, 0.3200, 0.0500, 0.0100, 0.0200, 0.1100, 0.0700, 0.0300]                         | 9.6299   | 0.8200  | 0.8206 
