
[Simulation Info]
simulation_id = sim_0005020
timestamp     = 20250428_092208
seed          = 170469
output_folder = /home/lejeunet/Bureau/simulations/Ref_table/sim_0005020

[Model Parameters]
pop_size           = 1006
num_loci           = 20
sample1_generation = 30
sample2_generation = 10
low_repeats        = 1
high_repeats       = 200
mutation_rate      = 0.001
recap_Ne           = 1006

[Sampling Design]
sample1_size_Ne  = 50
sample2_size_Ne  = 50
sample1_size_CMR = 50
sample2_size_CMR = 50

[Capture-Marquage-Recapture]
census_N   =  1300
MatchCount =  2

[Ne Estimates - One Sample - Decreasing critical values [0.050, 0.020, 0.010, 0+]]

[Linkage Desequilibrium]
LD_Ne_Pop1 = [None, None, None, None]
LD_r2_Pop1 = [0.020751, 0.020735, 0.020855, 0.020855]
LD_Ne_Pop2 = [356.5, 431.1, 647.5, 647.5]
LD_r2_Pop2 = [0.022205, 0.022046, 0.021789, 0.021789]

[Heterozygote excess]
HE_Neb_mean_Pop1        = [None, None, None, None]
HE_weighted_D_mean_Pop1 = [-0.01986, -0.02179, -0.01295, -0.01295]
HE_Neb_mean_Pop2        = [16.1, 18.5, 19.0, 19.0]
HE_weighted_D_mean_Pop2 = [0.03206, 0.02769, 0.02696, 0.02696]

[Molecular Coancestry]
Coan_Neb_n_Pop1 = 29.3
Coan_f1_Pop1    = 0.01704
Coan_Neb_n_Pop2 = None
Coan_f1_Pop2    = -0.0039

[Ne Estimates - Temporal - Decreasing critical values (0.050, 0.020, 0.010, 0+)]

[Pollak]
P_Ne     = [1849.6, 1733.1, 2965.5, 3077.4]
P_Fk     = [0.0227, 0.02288, 0.02169, 0.02162]
P_Fprime = [0.0027, 0.00288, 0.00169, 0.00162]

[Nei/Tajima]
N_Ne     = [2398.1, 2179.0, 3752.2, 3870.4]
N_Fc     = [0.02209, 0.02229, 0.02133, 0.02129]
N_Fprime = [0.00209, 0.00229, 0.00133, 0.00129]

[Jorde/Ryman]
J_Ne     = [2661.4, 2368.0, 2554.9, 2555.3]
J_Fs     = [0.02198, 0.02221, 0.02206, 0.02206]
J_Fprime = [0.00188, 0.00211, 0.00196, 0.00196]

[Genetic Diversity - Heterozygosity]
mean_exp_het_pop1 = 0.6935
mean_obs_het_pop1 = 0.6895
mean_exp_het_pop2 = 0.6987
mean_obs_het_pop2 = 0.7257

[Genetic Diversity - Allele Counts]
mean_alleles_pop1 = 5.81
var_alleles_pop1  = 1.66
sum_alleles_pop1  = 122
mean_alleles_pop2 = 5.98
var_alleles_pop2  = 1.98
sum_alleles_pop2  = 251

[Genetic Diversity - Allelic Size Variance]
var_allele_size_pop1 = 4.4245
var_allele_size_pop2 = 4.2066

[Per-locus summary - Population 1]
Locus | Num_Alleles | Alleles                                | Frequencies                                                              | Variance | Obs_Het | Exp_Het
------+-------------+----------------------------------------+--------------------------------------------------------------------------+----------+---------+--------
1     | 6           | [98, 99, 100, 101, 102, 103]           | [0.0200, 0.2500, 0.2900, 0.1300, 0.3000, 0.0100]                         | 1.5291   | 0.7600  | 0.7535 
2     | 6           | [98, 99, 100, 101, 102, 103]           | [0.0100, 0.0200, 0.4400, 0.2400, 0.2600, 0.0300]                         | 0.9539   | 0.7400  | 0.6867 
3     | 6           | [98, 99, 100, 105, 106, 107]           | [0.0600, 0.3600, 0.1900, 0.0400, 0.2500, 0.1000]                         | 11.8136  | 0.7800  | 0.7642 
4     | 5           | [97, 98, 99, 100, 101]                 | [0.2300, 0.1200, 0.1900, 0.4300, 0.0300]                                 | 1.5819   | 0.6800  | 0.7180 
5     | 6           | [98, 99, 100, 101, 104, 105]           | [0.1900, 0.2400, 0.2400, 0.0300, 0.2200, 0.0800]                         | 6.0739   | 0.7600  | 0.8010 
6     | 5           | [96, 97, 98, 99, 100]                  | [0.3400, 0.1400, 0.0100, 0.4200, 0.0900]                                 | 2.2316   | 0.6400  | 0.6871 
7     | 8           | [98, 99, 100, 105, 106, 107, 108, 109] | [0.2700, 0.1400, 0.1600, 0.0100, 0.2100, 0.0100, 0.1800, 0.0200]         | 17.2776  | 0.7600  | 0.8129 
8     | 4           | [98, 100, 101, 102]                    | [0.0200, 0.5500, 0.4100, 0.0200]                                         | 0.4019   | 0.5400  | 0.5339 
9     | 4           | [101, 102, 103, 104]                   | [0.0100, 0.3200, 0.6400, 0.0300]                                         | 0.2939   | 0.4600  | 0.4919 
10    | 6           | [96, 97, 98, 99, 100, 101]             | [0.1100, 0.0900, 0.1600, 0.4400, 0.1500, 0.0500]                         | 1.6836   | 0.8200  | 0.7430 
11    | 7           | [92, 93, 94, 101, 102, 103, 104]       | [0.0100, 0.0100, 0.4400, 0.0400, 0.1500, 0.2100, 0.1400]                 | 20.1524  | 0.7800  | 0.7257 
12    | 5           | [98, 99, 100, 101, 102]                | [0.0300, 0.0900, 0.0900, 0.7500, 0.0400]                                 | 0.6576   | 0.4400  | 0.4230 
13    | 5           | [101, 102, 103, 104, 105]              | [0.0200, 0.3100, 0.3100, 0.3200, 0.0400]                                 | 0.8675   | 0.7600  | 0.7105 
14    | 5           | [98, 99, 100, 101, 102]                | [0.0800, 0.3500, 0.2700, 0.1900, 0.1100]                                 | 1.2900   | 0.7200  | 0.7576 
15    | 5           | [98, 99, 102, 103, 104]                | [0.0500, 0.3800, 0.0100, 0.5300, 0.0300]                                 | 4.3075   | 0.4800  | 0.5770 
16    | 9           | [89, 90, 91, 92, 93, 94, 96, 97, 98]   | [0.0500, 0.1300, 0.0600, 0.1800, 0.2500, 0.0100, 0.0100, 0.1800, 0.1300] | 8.3496   | 0.7800  | 0.8410 
17    | 4           | [101, 102, 103, 104]                   | [0.1000, 0.3400, 0.3600, 0.2000]                                         | 0.8244   | 0.6400  | 0.7119 
18    | 6           | [100, 101, 102, 103, 104, 105]         | [0.0800, 0.1500, 0.3000, 0.2600, 0.2000, 0.0100]                         | 1.4756   | 0.7800  | 0.7812 
19    | 6           | [98, 99, 100, 101, 102, 103]           | [0.0100, 0.5100, 0.0900, 0.3100, 0.0700, 0.0100]                         | 1.2275   | 0.6400  | 0.6370 
20    | 7           | [95, 96, 97, 98, 99, 100, 101]         | [0.0200, 0.0100, 0.2600, 0.5500, 0.1000, 0.0500, 0.0100]                 | 0.8579   | 0.6800  | 0.6230 
21    | 7           | [96, 97, 98, 101, 102, 103, 104]       | [0.0300, 0.3500, 0.0500, 0.1100, 0.1300, 0.0800, 0.2500]                 | 9.0644   | 0.8400  | 0.7840 

[Per-locus summary - Population 2]
Locus | Num_Alleles | Alleles                                | Frequencies                                                              | Variance | Obs_Het | Exp_Het
------+-------------+----------------------------------------+--------------------------------------------------------------------------+----------+---------+--------
1     | 5           | [99, 100, 101, 102, 103]               | [0.2600, 0.1700, 0.1700, 0.3400, 0.0600]                                 | 1.7371   | 0.6800  | 0.7630 
2     | 3           | [100, 101, 102]                        | [0.4700, 0.1800, 0.3500]                                                 | 0.8056   | 0.7600  | 0.6305 
3     | 7           | [97, 98, 99, 100, 105, 106, 107]       | [0.0100, 0.0500, 0.2700, 0.2100, 0.0600, 0.2900, 0.1100]                 | 12.0819  | 0.7400  | 0.7885 
4     | 5           | [97, 98, 99, 100, 101]                 | [0.2500, 0.1700, 0.1200, 0.4500, 0.0100]                                 | 1.6200   | 0.7400  | 0.6986 
5     | 7           | [97, 98, 99, 100, 101, 104, 105]       | [0.0200, 0.1900, 0.2600, 0.1700, 0.0700, 0.2300, 0.0600]                 | 6.1019   | 0.9200  | 0.8137 
6     | 5           | [96, 97, 98, 99, 100]                  | [0.4500, 0.1100, 0.0500, 0.3100, 0.0800]                                 | 2.2484   | 0.7000  | 0.6873 
7     | 8           | [98, 99, 100, 105, 106, 107, 108, 109] | [0.2900, 0.1800, 0.1300, 0.0100, 0.2800, 0.0200, 0.0800, 0.0100]         | 15.1944  | 0.7600  | 0.7891 
8     | 5           | [98, 99, 100, 101, 102]                | [0.0400, 0.0300, 0.4800, 0.4300, 0.0200]                                 | 0.5704   | 0.6400  | 0.5877 
9     | 5           | [100, 101, 102, 103, 104]              | [0.0100, 0.0100, 0.3800, 0.5700, 0.0300]                                 | 0.3800   | 0.5400  | 0.5350 
10    | 8           | [95, 96, 97, 98, 99, 100, 101, 102]    | [0.0100, 0.0900, 0.0600, 0.2000, 0.3400, 0.1900, 0.0900, 0.0200]         | 2.1000   | 0.7600  | 0.7960 
11    | 6           | [93, 94, 101, 102, 103, 104]           | [0.0200, 0.3500, 0.1000, 0.2000, 0.1700, 0.1600]                         | 18.2219  | 0.8400  | 0.7804 
12    | 5           | [98, 99, 100, 101, 102]                | [0.0200, 0.0500, 0.1700, 0.7100, 0.0500]                                 | 0.5216   | 0.5400  | 0.4663 
13    | 5           | [101, 102, 103, 104, 105]              | [0.0600, 0.3200, 0.2800, 0.3300, 0.0100]                                 | 0.9219   | 0.8200  | 0.7137 
14    | 5           | [98, 99, 100, 101, 102]                | [0.0800, 0.2700, 0.4300, 0.1600, 0.0600]                                 | 0.9675   | 0.8000  | 0.7137 
15    | 5           | [97, 98, 99, 103, 104]                 | [0.0100, 0.0400, 0.3700, 0.5600, 0.0200]                                 | 4.3416   | 0.6000  | 0.5529 
16    | 9           | [89, 90, 91, 92, 93, 94, 97, 98, 99]   | [0.0500, 0.0800, 0.0400, 0.2400, 0.2700, 0.0200, 0.1500, 0.1400, 0.0100] | 7.8156   | 0.8800  | 0.8246 
17    | 5           | [100, 101, 102, 103, 104]              | [0.0100, 0.1100, 0.4000, 0.4500, 0.0300]                                 | 0.5756   | 0.6800  | 0.6307 
18    | 6           | [100, 101, 102, 103, 104, 105]         | [0.1000, 0.2000, 0.2100, 0.2600, 0.2000, 0.0300]                         | 1.8075   | 0.8800  | 0.8054 
19    | 4           | [99, 100, 101, 102]                    | [0.4700, 0.1700, 0.2900, 0.0700]                                         | 1.0384   | 0.6600  | 0.6679 
20    | 5           | [95, 97, 98, 99, 100]                  | [0.0400, 0.3700, 0.4300, 0.1200, 0.0400]                                 | 0.9259   | 0.6200  | 0.6673 
21    | 7           | [96, 97, 98, 101, 102, 103, 104]       | [0.0200, 0.4200, 0.0400, 0.1400, 0.1000, 0.1300, 0.1500]                 | 8.3619   | 0.6800  | 0.7602 
