
[Simulation Info]
simulation_id = sim_0001312
timestamp     = 20250428_075945
seed          = 637541
output_folder = /home/lejeunet/Bureau/simulations/Ref_table/sim_0001312

[Model Parameters]
pop_size           = 2837
num_loci           = 20
sample1_generation = 30
sample2_generation = 10
low_repeats        = 1
high_repeats       = 200
mutation_rate      = 0.001
recap_Ne           = 2837

[Sampling Design]
sample1_size_Ne  = 50
sample2_size_Ne  = 50
sample1_size_CMR = 50
sample2_size_CMR = 50

[Capture-Marquage-Recapture]
census_N   =  2601
MatchCount =  1

[Ne Estimates - One Sample - Decreasing critical values [0.050, 0.020, 0.010, 0+]]

[Linkage Desequilibrium]
LD_Ne_Pop1 = [None, 2601.0, None, None]
LD_r2_Pop1 = [0.021195, 0.021404, 0.021237, 0.021237]
LD_Ne_Pop2 = [None, 2406.2, 1285.0, 1285.0]
LD_r2_Pop2 = [0.021063, 0.021414, 0.021535, 0.021535]

[Heterozygote excess]
HE_Neb_mean_Pop1        = [743.9, None, None, None]
HE_weighted_D_mean_Pop1 = [0.00067, -0.00473, -0.00553, -0.00553]
HE_Neb_mean_Pop2        = [None, None, None, None]
HE_weighted_D_mean_Pop2 = [-0.02345, -0.02679, -0.02063, -0.02063]

[Molecular Coancestry]
Coan_Neb_n_Pop1 = None
Coan_f1_Pop1    = -0.00284
Coan_Neb_n_Pop2 = None
Coan_f1_Pop2    = -0.01285

[Ne Estimates - Temporal - Decreasing critical values (0.050, 0.020, 0.010, 0+)]

[Pollak]
P_Ne     = [455.0, 536.5, 600.2, 615.3]
P_Fk     = [0.03099, 0.02932, 0.02833, 0.02813]
P_Fprime = [0.01099, 0.00932, 0.00833, 0.00813]

[Nei/Tajima]
N_Ne     = [465.4, 539.1, 596.0, 609.3]
N_Fc     = [0.03074, 0.02927, 0.02839, 0.02821]
N_Fprime = [0.01074, 0.00927, 0.00839, 0.00821]

[Jorde/Ryman]
J_Ne     = [372.7, 375.3, 378.8, 378.8]
J_Fs     = [0.03356, 0.03347, 0.03334, 0.03334]
J_Fprime = [0.01342, 0.01332, 0.0132, 0.0132]

[Genetic Diversity - Heterozygosity]
mean_exp_het_pop1 = 0.804
mean_obs_het_pop1 = 0.8029
mean_exp_het_pop2 = 0.7988
mean_obs_het_pop2 = 0.7781

[Genetic Diversity - Allele Counts]
mean_alleles_pop1 = 8.38
var_alleles_pop1  = 2.35
sum_alleles_pop1  = 176
mean_alleles_pop2 = 8.43
var_alleles_pop2  = 2.98
sum_alleles_pop2  = 354

[Genetic Diversity - Allelic Size Variance]
var_allele_size_pop1 = 3.6627
var_allele_size_pop2 = 3.9751

[Per-locus summary - Population 1]
Locus | Num_Alleles | Alleles                                            | Frequencies                                                                              | Variance | Obs_Het | Exp_Het
------+-------------+----------------------------------------------------+------------------------------------------------------------------------------------------+----------+---------+--------
1     | 11          | [95, 96, 97, 98, 99, 100, 101, 102, 103, 104, 105] | [0.1200, 0.0900, 0.0100, 0.1100, 0.1400, 0.1200, 0.1300, 0.1300, 0.1300, 0.0100, 0.0100] | 7.1096   | 0.9400  | 0.8893 
2     | 5           | [96, 99, 100, 101, 102]                            | [0.0500, 0.1500, 0.3700, 0.3300, 0.1000]                                                 | 1.6476   | 0.7600  | 0.7265 
3     | 8           | [97, 98, 99, 100, 101, 102, 103, 104]              | [0.0100, 0.0400, 0.1700, 0.0800, 0.1500, 0.2900, 0.2400, 0.0200]                         | 2.6475   | 0.8200  | 0.8065 
4     | 8           | [97, 98, 99, 100, 101, 102, 103, 104]              | [0.0100, 0.0200, 0.4300, 0.1400, 0.0500, 0.2500, 0.0600, 0.0400]                         | 2.6779   | 0.8000  | 0.7321 
5     | 11          | [94, 95, 96, 97, 98, 99, 100, 101, 102, 103, 104]  | [0.0100, 0.2700, 0.2400, 0.2200, 0.0300, 0.0100, 0.0300, 0.1100, 0.0600, 0.0100, 0.0100] | 5.8200   | 0.6600  | 0.8113 
6     | 10          | [92, 94, 95, 96, 97, 98, 99, 100, 101, 102]        | [0.0400, 0.0100, 0.2900, 0.2400, 0.0100, 0.0600, 0.1000, 0.1700, 0.0500, 0.0300]         | 6.0251   | 0.8800  | 0.8188 
7     | 7           | [98, 99, 100, 101, 102, 103, 104]                  | [0.0700, 0.1700, 0.4800, 0.1900, 0.0700, 0.0100, 0.0100]                                 | 1.1619   | 0.7000  | 0.7016 
8     | 8           | [95, 96, 97, 98, 99, 100, 101, 103]                | [0.0600, 0.2700, 0.0700, 0.2000, 0.1500, 0.1800, 0.0500, 0.0200]                         | 3.5091   | 0.8800  | 0.8291 
9     | 8           | [98, 99, 100, 101, 102, 103, 104, 107]             | [0.0500, 0.1600, 0.1300, 0.1900, 0.2300, 0.2100, 0.0100, 0.0200]                         | 3.0600   | 0.7800  | 0.8297 
10    | 7           | [96, 97, 98, 99, 100, 101, 102]                    | [0.1400, 0.0100, 0.1200, 0.2200, 0.2000, 0.1600, 0.1500]                                 | 3.4419   | 0.8800  | 0.8378 
11    | 8           | [96, 97, 98, 99, 100, 101, 102, 103]               | [0.0300, 0.0400, 0.1200, 0.2100, 0.3700, 0.1200, 0.1000, 0.0100]                         | 2.0244   | 0.8400  | 0.7854 
12    | 8           | [95, 96, 97, 98, 99, 100, 101, 102]                | [0.0200, 0.0500, 0.1600, 0.2400, 0.2200, 0.0300, 0.1100, 0.1700]                         | 3.6491   | 0.8000  | 0.8319 
13    | 9           | [98, 99, 100, 101, 102, 103, 104, 105, 106]        | [0.0500, 0.0900, 0.2700, 0.3400, 0.0500, 0.0200, 0.1500, 0.0100, 0.0200]                 | 3.2136   | 0.8200  | 0.7828 
14    | 9           | [98, 99, 100, 101, 102, 103, 104, 105, 106]        | [0.0200, 0.1600, 0.1500, 0.2200, 0.1100, 0.1300, 0.0900, 0.1100, 0.0100]                 | 4.0600   | 0.8800  | 0.8624 
15    | 7           | [94, 95, 96, 97, 98, 99, 100]                      | [0.0100, 0.0100, 0.0300, 0.1500, 0.2000, 0.3000, 0.3000]                                 | 1.6356   | 0.7000  | 0.7640 
16    | 8           | [97, 98, 99, 100, 101, 102, 103, 104]              | [0.0700, 0.1200, 0.1000, 0.2600, 0.0600, 0.1000, 0.1800, 0.1100]                         | 4.5739   | 0.9000  | 0.8535 
17    | 7           | [99, 100, 101, 102, 103, 104, 105]                 | [0.1300, 0.3100, 0.0600, 0.3800, 0.0600, 0.0500, 0.0100]                                 | 2.0456   | 0.6800  | 0.7402 
18    | 7           | [97, 98, 99, 100, 101, 102, 103]                   | [0.0100, 0.1000, 0.0900, 0.0600, 0.3000, 0.3500, 0.0900]                                 | 2.1875   | 0.6800  | 0.7652 
19    | 10          | [95, 96, 97, 98, 99, 100, 101, 102, 103, 104]      | [0.0100, 0.0100, 0.0100, 0.0400, 0.1700, 0.1800, 0.2400, 0.1300, 0.1700, 0.0400]         | 3.1200   | 0.7600  | 0.8402 
20    | 10          | [95, 96, 98, 99, 100, 101, 102, 103, 104, 105]     | [0.0200, 0.0100, 0.0200, 0.0400, 0.2100, 0.1800, 0.2100, 0.2000, 0.1000, 0.0100]         | 3.4051   | 0.8800  | 0.8351 
21    | 10          | [93, 94, 95, 96, 97, 98, 99, 100, 101, 104]        | [0.0100, 0.3000, 0.1600, 0.0800, 0.1500, 0.0700, 0.0200, 0.0200, 0.1000, 0.0900]         | 9.9004   | 0.8200  | 0.8400 

[Per-locus summary - Population 2]
Locus | Num_Alleles | Alleles                                               | Frequencies                                                                                      | Variance | Obs_Het | Exp_Het
------+-------------+-------------------------------------------------------+--------------------------------------------------------------------------------------------------+----------+---------+--------
1     | 11          | [95, 96, 97, 98, 99, 100, 101, 102, 103, 104, 105]    | [0.2100, 0.0700, 0.0400, 0.0400, 0.1900, 0.1100, 0.0500, 0.1200, 0.1400, 0.0100, 0.0200]         | 8.7731   | 0.9000  | 0.8713 
2     | 6           | [96, 98, 99, 100, 101, 102]                           | [0.0400, 0.0100, 0.1900, 0.1800, 0.5000, 0.0800]                                                 | 1.6059   | 0.6800  | 0.6802 
3     | 6           | [99, 100, 101, 102, 103, 104]                         | [0.0700, 0.2100, 0.2000, 0.2600, 0.2300, 0.0300]                                                 | 1.7284   | 0.6800  | 0.7976 
4     | 8           | [97, 98, 99, 100, 101, 102, 103, 104]                 | [0.0200, 0.0200, 0.3600, 0.1600, 0.0600, 0.2100, 0.0900, 0.0800]                                 | 3.2379   | 0.8000  | 0.7897 
5     | 10          | [94, 95, 96, 97, 98, 99, 100, 101, 102, 103]          | [0.0200, 0.4000, 0.1900, 0.1200, 0.0100, 0.0300, 0.0200, 0.0800, 0.0800, 0.0500]                 | 7.3500   | 0.7800  | 0.7802 
6     | 9           | [94, 95, 96, 97, 98, 99, 100, 101, 102]               | [0.0200, 0.1800, 0.2100, 0.0400, 0.1100, 0.1800, 0.1600, 0.0200, 0.0800]                         | 5.0600   | 0.8400  | 0.8531 
7     | 6           | [98, 99, 100, 101, 102, 103]                          | [0.0200, 0.2800, 0.3900, 0.2100, 0.0700, 0.0300]                                                 | 1.1056   | 0.7400  | 0.7265 
8     | 8           | [95, 96, 97, 98, 99, 100, 101, 103]                   | [0.0500, 0.2300, 0.1300, 0.2800, 0.2000, 0.0300, 0.0400, 0.0400]                                 | 3.1544   | 0.8000  | 0.8133 
9     | 9           | [98, 99, 100, 101, 102, 103, 104, 107, 108]           | [0.0800, 0.2600, 0.0300, 0.0800, 0.3200, 0.1900, 0.0100, 0.0200, 0.0100]                         | 4.1531   | 0.8200  | 0.7875 
10    | 6           | [96, 98, 99, 100, 101, 102]                           | [0.0400, 0.1000, 0.3700, 0.2100, 0.0900, 0.1900]                                                 | 2.1924   | 0.7400  | 0.7709 
11    | 8           | [96, 97, 98, 99, 100, 101, 102, 103]                  | [0.0200, 0.0400, 0.0800, 0.2600, 0.3800, 0.1100, 0.1000, 0.0100]                                 | 1.7816   | 0.7800  | 0.7651 
12    | 9           | [95, 96, 97, 98, 99, 100, 101, 102, 103]              | [0.0200, 0.1100, 0.1700, 0.0700, 0.2300, 0.0500, 0.0500, 0.2900, 0.0100]                         | 5.0224   | 0.7400  | 0.8198 
13    | 7           | [97, 98, 99, 100, 101, 102, 104]                      | [0.0100, 0.0500, 0.0800, 0.2300, 0.3400, 0.0600, 0.2300]                                         | 3.2611   | 0.6400  | 0.7737 
14    | 8           | [98, 99, 100, 101, 102, 103, 104, 105]                | [0.0300, 0.0900, 0.2100, 0.1900, 0.1900, 0.1600, 0.0500, 0.0800]                                 | 3.1500   | 0.8800  | 0.8487 
15    | 6           | [94, 96, 97, 98, 99, 100]                             | [0.0100, 0.1200, 0.1500, 0.1700, 0.2900, 0.2600]                                                 | 1.9756   | 0.7000  | 0.7903 
16    | 8           | [97, 98, 99, 100, 101, 102, 103, 104]                 | [0.0800, 0.0700, 0.1400, 0.2600, 0.0800, 0.0200, 0.2000, 0.1500]                                 | 4.8600   | 0.8800  | 0.8406 
17    | 7           | [99, 100, 101, 102, 103, 104, 105]                    | [0.1000, 0.3300, 0.0500, 0.3300, 0.0900, 0.0800, 0.0200]                                         | 2.3700   | 0.7400  | 0.7624 
18    | 7           | [98, 99, 100, 101, 102, 103, 104]                     | [0.1300, 0.0400, 0.0900, 0.3500, 0.2400, 0.1400, 0.0100]                                         | 2.3099   | 0.7200  | 0.7814 
19    | 11          | [93, 95, 96, 97, 98, 99, 100, 101, 102, 103, 104]     | [0.0300, 0.0300, 0.0300, 0.0400, 0.0100, 0.1500, 0.1400, 0.1400, 0.2600, 0.1300, 0.0400]         | 6.0464   | 0.8600  | 0.8564 
20    | 8           | [95, 98, 99, 100, 101, 102, 103, 104]                 | [0.0100, 0.0100, 0.0500, 0.1800, 0.2100, 0.3100, 0.1000, 0.1300]                                 | 2.4291   | 0.7800  | 0.8059 
21    | 12          | [93, 94, 95, 96, 97, 98, 99, 100, 101, 102, 103, 104] | [0.0200, 0.1900, 0.2600, 0.0400, 0.0900, 0.0500, 0.0300, 0.0700, 0.1100, 0.0100, 0.0100, 0.1200] | 11.9100  | 0.8400  | 0.8598 
