
[Simulation Info]
simulation_id = sim_0009886
timestamp     = 20250428_113338
seed          = 428798
output_folder = /home/lejeunet/Bureau/simulations/Ref_table/sim_0009886

[Model Parameters]
pop_size           = 3541
num_loci           = 20
sample1_generation = 30
sample2_generation = 10
low_repeats        = 1
high_repeats       = 200
mutation_rate      = 0.001
recap_Ne           = 3541

[Sampling Design]
sample1_size_Ne  = 50
sample2_size_Ne  = 50
sample1_size_CMR = 50
sample2_size_CMR = 50

[Capture-Marquage-Recapture]
census_N   =  2601
MatchCount =  1

[Ne Estimates - One Sample - Decreasing critical values [0.050, 0.020, 0.010, 0+]]

[Linkage Desequilibrium]
LD_Ne_Pop1 = [2171.1, 2826.2, None, None]
LD_r2_Pop1 = [0.021429, 0.021394, 0.02119, 0.02119]
LD_Ne_Pop2 = [None, None, None, None]
LD_r2_Pop2 = [0.021175, 0.021243, 0.021236, 0.021236]

[Heterozygote excess]
HE_Neb_mean_Pop1        = [None, 351.4, 385.5, 385.5]
HE_weighted_D_mean_Pop1 = [-0.0023, 0.00143, 0.0013, 0.0013]
HE_Neb_mean_Pop2        = [81.2, 47.0, 48.8, 48.8]
HE_weighted_D_mean_Pop2 = [0.00619, 0.01076, 0.01035, 0.01035]

[Molecular Coancestry]
Coan_Neb_n_Pop1 = 31.3
Coan_f1_Pop1    = 0.01596
Coan_Neb_n_Pop2 = 396.7
Coan_f1_Pop2    = 0.00126

[Ne Estimates - Temporal - Decreasing critical values (0.050, 0.020, 0.010, 0+)]

[Pollak]
P_Ne     = [-1288.2, -1241.7, -1474.5, -1492.1]
P_Fk     = [0.01612, 0.01597, 0.01661, 0.01665]
P_Fprime = [-0.00388, -0.00403, -0.00339, -0.00335]

[Nei/Tajima]
N_Ne     = [-1241.5, -1208.3, -1398.4, -1413.2]
N_Fc     = [0.01597, 0.01586, 0.01642, 0.01646]
N_Fprime = [-0.00403, -0.00414, -0.00358, -0.00354]

[Jorde/Ryman]
J_Ne     = [-1309.6, -1369.3, -1400.6, -1400.5]
J_Fs     = [0.01629, 0.01645, 0.01653, 0.01653]
J_Fprime = [-0.00382, -0.00365, -0.00357, -0.00357]

[Genetic Diversity - Heterozygosity]
mean_exp_het_pop1 = 0.815
mean_obs_het_pop1 = 0.8162
mean_exp_het_pop2 = 0.8086
mean_obs_het_pop2 = 0.8181

[Genetic Diversity - Allele Counts]
mean_alleles_pop1 = 8.71
var_alleles_pop1  = 3.11
sum_alleles_pop1  = 183
mean_alleles_pop2 = 8.86
var_alleles_pop2  = 3.25
sum_alleles_pop2  = 372

[Genetic Diversity - Allelic Size Variance]
var_allele_size_pop1 = 4.4716
var_allele_size_pop2 = 4.3315

[Per-locus summary - Population 1]
Locus | Num_Alleles | Alleles                                                | Frequencies                                                                                      | Variance | Obs_Het | Exp_Het
------+-------------+--------------------------------------------------------+--------------------------------------------------------------------------------------------------+----------+---------+--------
1     | 12          | [94, 95, 96, 97, 98, 99, 100, 101, 102, 103, 104, 105] | [0.0400, 0.2600, 0.0800, 0.0200, 0.1000, 0.0600, 0.0300, 0.1300, 0.0700, 0.0900, 0.0400, 0.0800] | 12.5536  | 0.9000  | 0.8804 
2     | 10          | [93, 94, 95, 96, 97, 98, 99, 101, 102, 103]            | [0.0200, 0.1000, 0.1200, 0.0500, 0.2500, 0.2000, 0.0200, 0.1300, 0.0600, 0.0500]                 | 6.9339   | 0.7200  | 0.8554 
3     | 8           | [97, 98, 99, 100, 101, 102, 103, 104]                  | [0.0400, 0.1600, 0.1700, 0.0300, 0.1000, 0.2900, 0.2000, 0.0100]                                 | 3.8859   | 0.9200  | 0.8170 
4     | 10          | [96, 97, 98, 99, 100, 101, 102, 103, 104, 105]         | [0.1200, 0.1000, 0.3500, 0.0400, 0.0900, 0.0100, 0.0100, 0.1900, 0.0800, 0.0100]                 | 7.2475   | 0.8200  | 0.8087 
5     | 10          | [97, 98, 99, 100, 101, 102, 103, 104, 105, 106]        | [0.0300, 0.0700, 0.3500, 0.0800, 0.1000, 0.1500, 0.0200, 0.1000, 0.0800, 0.0200]                 | 5.4600   | 0.8200  | 0.8238 
6     | 9           | [98, 99, 100, 101, 102, 103, 104, 105, 106]            | [0.0500, 0.2500, 0.1700, 0.1900, 0.1700, 0.0200, 0.1000, 0.0100, 0.0400]                         | 3.9251   | 0.8600  | 0.8374 
7     | 8           | [96, 97, 98, 99, 100, 101, 102, 103]                   | [0.0100, 0.0400, 0.1200, 0.2300, 0.2000, 0.1600, 0.1900, 0.0500]                                 | 2.5964   | 0.9000  | 0.8351 
8     | 11          | [94, 95, 96, 97, 98, 99, 100, 101, 102, 103, 104]      | [0.0800, 0.1700, 0.0300, 0.0400, 0.1300, 0.0100, 0.1000, 0.2400, 0.1000, 0.0300, 0.0700]         | 9.4691   | 0.8600  | 0.8705 
9     | 7           | [96, 97, 98, 99, 100, 101, 102]                        | [0.0400, 0.1100, 0.2800, 0.3000, 0.1600, 0.0700, 0.0400]                                         | 1.8400   | 0.7800  | 0.7937 
10    | 6           | [97, 98, 99, 100, 101, 102]                            | [0.0500, 0.2600, 0.3200, 0.2700, 0.0800, 0.0200]                                                 | 1.2131   | 0.6400  | 0.7553 
11    | 11          | [97, 98, 99, 100, 101, 102, 103, 104, 105, 106, 107]   | [0.0800, 0.0800, 0.4400, 0.0600, 0.0200, 0.1100, 0.1000, 0.0300, 0.0300, 0.0300, 0.0200]         | 6.0459   | 0.8000  | 0.7721 
12    | 10          | [95, 96, 97, 98, 99, 100, 101, 102, 103, 104]          | [0.0400, 0.2000, 0.1700, 0.1500, 0.2000, 0.0900, 0.0600, 0.0300, 0.0500, 0.0100]                 | 4.4300   | 0.9400  | 0.8604 
13    | 7           | [97, 98, 99, 100, 101, 102, 103]                       | [0.0100, 0.1800, 0.2100, 0.2500, 0.1600, 0.1500, 0.0400]                                         | 2.1396   | 0.7000  | 0.8194 
14    | 7           | [96, 97, 98, 99, 100, 101, 102]                        | [0.0800, 0.0100, 0.3400, 0.2600, 0.2000, 0.0800, 0.0300]                                         | 1.8675   | 0.8000  | 0.7707 
15    | 6           | [98, 99, 100, 101, 102, 103]                           | [0.0300, 0.1200, 0.1700, 0.2900, 0.2200, 0.1700]                                                 | 1.8164   | 0.7600  | 0.8024 
16    | 7           | [96, 97, 98, 99, 100, 101, 104]                        | [0.0900, 0.0100, 0.0800, 0.3400, 0.2900, 0.1600, 0.0300]                                         | 2.4579   | 0.7000  | 0.7669 
17    | 7           | [98, 99, 100, 101, 102, 103, 104]                      | [0.1400, 0.2300, 0.3500, 0.0300, 0.0400, 0.1600, 0.0500]                                         | 3.1416   | 0.8000  | 0.7822 
18    | 8           | [94, 95, 96, 97, 98, 99, 101, 102]                     | [0.0100, 0.0300, 0.0100, 0.1800, 0.4400, 0.2700, 0.0300, 0.0300]                                 | 1.6475   | 0.7600  | 0.7053 
19    | 10          | [94, 95, 96, 97, 98, 99, 100, 101, 102, 103]           | [0.0500, 0.1000, 0.0900, 0.0600, 0.0700, 0.2500, 0.1800, 0.1600, 0.0300, 0.0100]                 | 4.9896   | 0.9200  | 0.8580 
20    | 9           | [96, 98, 99, 100, 101, 102, 103, 104, 105]             | [0.0400, 0.0200, 0.0200, 0.2600, 0.2300, 0.1600, 0.1200, 0.1000, 0.0500]                         | 3.7444   | 0.8400  | 0.8329 
21    | 10          | [96, 97, 98, 99, 100, 101, 102, 103, 104, 105]         | [0.0300, 0.2300, 0.0500, 0.1600, 0.1800, 0.0600, 0.0700, 0.0900, 0.0900, 0.0400]                 | 6.4984   | 0.9000  | 0.8681 

[Per-locus summary - Population 2]
Locus | Num_Alleles | Alleles                                                | Frequencies                                                                                      | Variance | Obs_Het | Exp_Het
------+-------------+--------------------------------------------------------+--------------------------------------------------------------------------------------------------+----------+---------+--------
1     | 12          | [94, 95, 96, 97, 98, 99, 100, 101, 102, 103, 104, 105] | [0.0300, 0.1700, 0.0400, 0.0100, 0.1800, 0.0900, 0.0500, 0.0700, 0.1900, 0.0800, 0.0300, 0.0600] | 10.0864  | 0.9200  | 0.8824 
2     | 10          | [94, 95, 96, 97, 98, 99, 101, 102, 103, 104]           | [0.0500, 0.1700, 0.0800, 0.2500, 0.2000, 0.0300, 0.0600, 0.1000, 0.0500, 0.0100]                 | 6.6400   | 0.9000  | 0.8511 
3     | 7           | [97, 98, 99, 100, 101, 102, 103]                       | [0.0700, 0.1500, 0.1300, 0.0100, 0.1600, 0.2300, 0.2500]                                         | 4.1571   | 0.8800  | 0.8228 
4     | 10          | [96, 97, 98, 99, 100, 101, 102, 103, 104, 105]         | [0.0600, 0.1000, 0.4000, 0.0700, 0.0600, 0.0300, 0.0300, 0.1600, 0.0800, 0.0100]                 | 6.4291   | 0.7400  | 0.7919 
5     | 10          | [97, 98, 99, 100, 101, 102, 103, 104, 105, 106]        | [0.0300, 0.0700, 0.3700, 0.0600, 0.1300, 0.1600, 0.0100, 0.1000, 0.0600, 0.0100]                 | 4.8304   | 0.7400  | 0.8054 
6     | 7           | [99, 100, 101, 102, 103, 104, 106]                     | [0.3600, 0.1900, 0.1700, 0.1100, 0.0300, 0.0900, 0.0500]                                         | 3.8716   | 0.7800  | 0.7897 
7     | 7           | [97, 98, 99, 100, 101, 102, 103]                       | [0.0200, 0.1300, 0.3100, 0.1700, 0.1500, 0.1200, 0.1000]                                         | 2.5364   | 0.8600  | 0.8190 
8     | 11          | [94, 95, 96, 97, 98, 99, 100, 101, 102, 103, 104]      | [0.0500, 0.1600, 0.0800, 0.0400, 0.1200, 0.0100, 0.0800, 0.2500, 0.0800, 0.0800, 0.0500]         | 9.1364   | 0.8600  | 0.8739 
9     | 9           | [95, 96, 97, 98, 99, 100, 101, 102, 103]               | [0.0100, 0.0300, 0.1200, 0.2900, 0.2900, 0.1400, 0.0700, 0.0400, 0.0100]                         | 2.0916   | 0.8200  | 0.7982 
10    | 5           | [97, 98, 99, 100, 101]                                 | [0.0100, 0.2100, 0.3000, 0.3700, 0.1100]                                                         | 0.9304   | 0.7400  | 0.7240 
11    | 11          | [97, 98, 99, 100, 101, 102, 103, 104, 105, 106, 107]   | [0.0900, 0.1300, 0.4100, 0.0200, 0.0100, 0.1200, 0.0900, 0.0200, 0.0300, 0.0500, 0.0300]         | 7.2776   | 0.8600  | 0.7871 
12    | 10          | [95, 96, 97, 98, 99, 100, 101, 102, 103, 104]          | [0.0400, 0.2600, 0.1400, 0.1500, 0.1900, 0.1000, 0.0600, 0.0300, 0.0200, 0.0100]                 | 4.0051   | 0.8600  | 0.8461 
13    | 6           | [98, 99, 100, 101, 102, 103]                           | [0.1700, 0.1500, 0.3000, 0.1500, 0.2100, 0.0200]                                                 | 1.9804   | 0.8400  | 0.7996 
14    | 7           | [96, 97, 98, 99, 100, 101, 102]                        | [0.0300, 0.0200, 0.2400, 0.3300, 0.3000, 0.0700, 0.0100]                                         | 1.2500   | 0.7600  | 0.7447 
15    | 6           | [98, 99, 100, 101, 102, 103]                           | [0.0400, 0.0700, 0.1600, 0.3400, 0.2200, 0.1700]                                                 | 1.6804   | 0.7400  | 0.7828 
16    | 8           | [96, 98, 99, 100, 101, 102, 103, 104]                  | [0.0500, 0.1000, 0.2400, 0.3100, 0.2300, 0.0300, 0.0100, 0.0300]                                 | 2.3200   | 0.7600  | 0.7869 
17    | 8           | [97, 98, 99, 100, 101, 102, 103, 104]                  | [0.0100, 0.1400, 0.2400, 0.2300, 0.0300, 0.1300, 0.2100, 0.0100]                                 | 3.3219   | 0.8400  | 0.8160 
18    | 8           | [95, 96, 97, 98, 99, 100, 101, 102]                    | [0.0500, 0.0100, 0.1600, 0.5000, 0.2100, 0.0400, 0.0200, 0.0100]                                 | 1.3564   | 0.7600  | 0.6824 
19    | 10          | [93, 94, 95, 96, 97, 98, 99, 100, 101, 103]            | [0.0200, 0.0500, 0.0900, 0.1200, 0.0600, 0.0600, 0.2700, 0.1400, 0.1600, 0.0300]                 | 5.5739   | 0.8400  | 0.8570 
20    | 9           | [96, 98, 99, 100, 101, 102, 103, 104, 105]             | [0.0300, 0.0300, 0.0400, 0.2600, 0.1300, 0.2300, 0.0800, 0.1400, 0.0600]                         | 3.9891   | 0.7600  | 0.8380 
21    | 10          | [96, 97, 98, 99, 100, 101, 102, 103, 104, 105]         | [0.0700, 0.2400, 0.0700, 0.0700, 0.1400, 0.0800, 0.0900, 0.1100, 0.0900, 0.0400]                 | 7.4964   | 0.9200  | 0.8806 
