
[Simulation Info]
simulation_id = sim_0003639
timestamp     = 20250428_084823
seed          = 903166
output_folder = /home/lejeunet/Bureau/simulations/Ref_table/sim_0003639

[Model Parameters]
pop_size           = 9633
num_loci           = 20
sample1_generation = 30
sample2_generation = 10
low_repeats        = 1
high_repeats       = 200
mutation_rate      = 0.001
recap_Ne           = 9633

[Sampling Design]
sample1_size_Ne  = 50
sample2_size_Ne  = 50
sample1_size_CMR = 50
sample2_size_CMR = 50

[Capture-Marquage-Recapture]
census_N   =  0
MatchCount =  0
# There were no match between sampling of individuals during CMR.

[Ne Estimates - One Sample - Decreasing critical values [0.050, 0.020, 0.010, 0+]]

[Linkage Desequilibrium]
LD_Ne_Pop1 = [2084.7, None, None, None]
LD_r2_Pop1 = [0.021436, 0.021111, 0.021239, 0.021239]
LD_Ne_Pop2 = [674.7, 896.3, 1225.2, 1225.2]
LD_r2_Pop2 = [0.021769, 0.021647, 0.021548, 0.021548]

[Heterozygote excess]
HE_Neb_mean_Pop1        = [60.2, 47.7, 54.7, 54.7]
HE_weighted_D_mean_Pop1 = [0.00837, 0.01058, 0.00922, 0.00922]
HE_Neb_mean_Pop2        = [None, None, None, None]
HE_weighted_D_mean_Pop2 = [-0.00599, -0.00528, -0.00363, -0.00363]

[Molecular Coancestry]
Coan_Neb_n_Pop1 = None
Coan_f1_Pop1    = -0.00649
Coan_Neb_n_Pop2 = 30.8
Coan_f1_Pop2    = 0.01622

[Ne Estimates - Temporal - Decreasing critical values (0.050, 0.020, 0.010, 0+)]

[Pollak]
P_Ne     = [-1907.4, -1832.0, -2048.2, -2306.6]
P_Fk     = [0.01738, 0.01727, 0.01756, 0.01783]
P_Fprime = [-0.00262, -0.00273, -0.00244, -0.00217]

[Nei/Tajima]
N_Ne     = [-1957.3, -1854.1, -2042.0, -2276.2]
N_Fc     = [0.01745, 0.0173, 0.01755, 0.0178]
N_Fprime = [-0.00255, -0.0027, -0.00245, -0.0022]

[Jorde/Ryman]
J_Ne     = [-5460.5, -10252.1, -10003.1, -10707.0]
J_Fs     = [0.01919, 0.01961, 0.0196, 0.01963]
J_Fprime = [-0.00092, -0.00049, -0.0005, -0.00047]

[Genetic Diversity - Heterozygosity]
mean_exp_het_pop1 = 0.8614
mean_obs_het_pop1 = 0.88
mean_exp_het_pop2 = 0.8558
mean_obs_het_pop2 = 0.8448

[Genetic Diversity - Allele Counts]
mean_alleles_pop1 = 11.86
var_alleles_pop1  = 2.93
sum_alleles_pop1  = 249
mean_alleles_pop2 = 12.48
var_alleles_pop2  = 3.57
sum_alleles_pop2  = 524

[Genetic Diversity - Allelic Size Variance]
var_allele_size_pop1 = 8.7699
var_allele_size_pop2 = 8.9956

[Per-locus summary - Population 1]
Locus | Num_Alleles | Alleles                                                             | Frequencies                                                                                                              | Variance | Obs_Het | Exp_Het
------+-------------+---------------------------------------------------------------------+--------------------------------------------------------------------------------------------------------------------------+----------+---------+--------
1     | 10          | [97, 98, 99, 100, 101, 102, 103, 104, 105, 106]                     | [0.1200, 0.1400, 0.0800, 0.1100, 0.0300, 0.1000, 0.1900, 0.0800, 0.1100, 0.0400]                                         | 7.9139   | 0.8600  | 0.8893 
2     | 13          | [89, 90, 91, 92, 93, 94, 95, 96, 97, 98, 99, 100, 101]              | [0.0200, 0.1700, 0.1700, 0.0900, 0.1500, 0.1400, 0.0700, 0.0100, 0.0100, 0.0400, 0.1000, 0.0200, 0.0100]                 | 9.3875   | 0.9000  | 0.8832 
3     | 13          | [96, 97, 98, 99, 100, 101, 102, 103, 104, 105, 106, 107, 109]       | [0.0400, 0.1100, 0.0500, 0.1600, 0.1400, 0.1600, 0.1000, 0.0300, 0.0300, 0.0300, 0.0800, 0.0600, 0.0100]                 | 9.7584   | 0.9400  | 0.8992 
4     | 13          | [102, 103, 104, 105, 106, 107, 108, 109, 110, 111, 112, 113, 116]   | [0.0400, 0.2800, 0.1900, 0.1300, 0.1400, 0.0900, 0.0400, 0.0100, 0.0100, 0.0300, 0.0100, 0.0200, 0.0100]                 | 6.9676   | 0.8600  | 0.8444 
5     | 15          | [92, 93, 94, 95, 96, 97, 98, 99, 100, 101, 102, 103, 104, 106, 107] | [0.0900, 0.1600, 0.1200, 0.2100, 0.1300, 0.1100, 0.0500, 0.0100, 0.0200, 0.0100, 0.0200, 0.0200, 0.0200, 0.0100, 0.0200] | 10.9076  | 0.9400  | 0.8828 
6     | 12          | [91, 92, 93, 94, 96, 97, 98, 99, 100, 101, 102, 103]                | [0.0400, 0.0700, 0.0300, 0.0100, 0.0500, 0.0700, 0.1000, 0.2100, 0.2300, 0.1200, 0.0600, 0.0100]                         | 9.0124   | 0.8400  | 0.8687 
7     | 12          | [89, 90, 91, 93, 94, 95, 96, 97, 98, 99, 100, 101]                  | [0.0100, 0.0100, 0.0200, 0.0300, 0.0700, 0.0700, 0.0900, 0.1200, 0.2400, 0.2300, 0.0800, 0.0300]                         | 5.6371   | 0.8600  | 0.8570 
8     | 12          | [97, 98, 99, 100, 101, 102, 103, 104, 105, 106, 107, 108]           | [0.0200, 0.0600, 0.0200, 0.0100, 0.0800, 0.0200, 0.0500, 0.0600, 0.1400, 0.3400, 0.1600, 0.0400]                         | 7.9899   | 0.8600  | 0.8285 
9     | 14          | [94, 95, 96, 97, 98, 99, 101, 102, 103, 104, 105, 106, 107, 108]    | [0.0100, 0.0500, 0.1700, 0.1200, 0.1100, 0.0300, 0.0600, 0.2200, 0.0900, 0.0900, 0.0100, 0.0200, 0.0100, 0.0100]         | 11.1475  | 0.8400  | 0.8810 
10    | 9           | [97, 98, 99, 100, 101, 102, 104, 105, 106]                          | [0.0600, 0.1500, 0.1000, 0.1000, 0.2400, 0.2500, 0.0400, 0.0500, 0.0100]                                                 | 4.3331   | 0.9200  | 0.8380 
11    | 11          | [96, 97, 98, 99, 100, 101, 102, 103, 104, 105, 106]                 | [0.0300, 0.1600, 0.0900, 0.0700, 0.0600, 0.0200, 0.0600, 0.1400, 0.2200, 0.0700, 0.0800]                                 | 10.0036  | 0.9000  | 0.8824 
12    | 13          | [96, 97, 98, 99, 100, 101, 102, 103, 104, 105, 106, 108, 109]       | [0.0100, 0.0200, 0.1400, 0.1700, 0.2700, 0.1800, 0.0900, 0.0100, 0.0200, 0.0100, 0.0200, 0.0200, 0.0400]                 | 7.1379   | 0.8600  | 0.8430 
13    | 10          | [97, 98, 99, 100, 101, 102, 103, 104, 105, 106]                     | [0.0100, 0.0900, 0.0400, 0.1100, 0.1700, 0.1000, 0.2300, 0.2000, 0.0200, 0.0300]                                         | 4.3379   | 0.8400  | 0.8535 
14    | 9           | [105, 106, 107, 108, 109, 110, 111, 112, 113]                       | [0.0500, 0.2900, 0.2700, 0.1400, 0.0400, 0.0500, 0.0800, 0.0200, 0.0600]                                                 | 4.6024   | 0.8800  | 0.8145 
15    | 11          | [97, 98, 99, 100, 105, 106, 107, 108, 109, 110, 111]                | [0.0300, 0.0100, 0.0500, 0.0400, 0.0200, 0.0500, 0.2100, 0.2600, 0.2900, 0.0200, 0.0200]                                 | 10.9876  | 0.7400  | 0.8034 
16    | 10          | [96, 97, 98, 99, 100, 101, 102, 103, 104, 105]                      | [0.0300, 0.0300, 0.2000, 0.1700, 0.1800, 0.2200, 0.0200, 0.1000, 0.0300, 0.0200]                                         | 3.9000   | 0.9800  | 0.8452 
17    | 14          | [92, 93, 94, 95, 99, 101, 102, 103, 104, 105, 106, 107, 108, 109]   | [0.0300, 0.0400, 0.0500, 0.0500, 0.0100, 0.0600, 0.0600, 0.0200, 0.0600, 0.2500, 0.1500, 0.0800, 0.0900, 0.0500]         | 23.0016  | 0.8400  | 0.8881 
18    | 13          | [94, 95, 96, 97, 102, 103, 104, 105, 106, 107, 108, 109, 110]       | [0.0200, 0.0200, 0.0500, 0.0600, 0.0200, 0.0300, 0.1600, 0.1600, 0.1400, 0.1500, 0.0400, 0.1400, 0.0100]                 | 16.1484  | 0.8800  | 0.8861 
19    | 12          | [93, 94, 97, 98, 99, 100, 101, 102, 103, 104, 105, 106]             | [0.0100, 0.0100, 0.0300, 0.0400, 0.0400, 0.1800, 0.1700, 0.2600, 0.1000, 0.0700, 0.0600, 0.0300]                         | 5.1419   | 0.9000  | 0.8560 
20    | 10          | [94, 95, 96, 97, 99, 100, 101, 102, 103, 104]                       | [0.0500, 0.0500, 0.0300, 0.1700, 0.1200, 0.2500, 0.2400, 0.0700, 0.0100, 0.0100]                                         | 5.2275   | 0.9000  | 0.8339 
21    | 13          | [97, 98, 99, 100, 101, 102, 103, 104, 105, 106, 107, 108, 110]      | [0.0600, 0.0500, 0.0800, 0.0300, 0.1100, 0.0500, 0.1600, 0.1300, 0.0500, 0.1100, 0.0700, 0.0900, 0.0100]                 | 10.6251  | 0.9400  | 0.9109 

[Per-locus summary - Population 2]
Locus | Num_Alleles | Alleles                                                                | Frequencies                                                                                                              | Variance | Obs_Het | Exp_Het
------+-------------+------------------------------------------------------------------------+--------------------------------------------------------------------------------------------------------------------------+----------+---------+--------
1     | 11          | [95, 97, 98, 99, 100, 101, 102, 103, 104, 105, 106]                    | [0.0100, 0.0700, 0.1600, 0.1100, 0.0900, 0.0100, 0.1500, 0.1500, 0.0600, 0.1400, 0.0500]                                 | 8.1339   | 0.9400  | 0.8873 
2     | 14          | [89, 90, 91, 92, 93, 94, 95, 96, 97, 98, 99, 100, 101, 108]            | [0.0300, 0.1300, 0.1600, 0.1200, 0.0900, 0.1000, 0.0700, 0.0100, 0.0100, 0.0600, 0.1800, 0.0200, 0.0100, 0.0100]         | 13.6579  | 0.9000  | 0.8913 
3     | 13          | [95, 96, 97, 98, 99, 100, 101, 102, 103, 104, 106, 107, 110]           | [0.0100, 0.0600, 0.0800, 0.0700, 0.1900, 0.1500, 0.1600, 0.1000, 0.0400, 0.0200, 0.0500, 0.0600, 0.0100]                 | 9.1096   | 0.9000  | 0.8915 
4     | 13          | [100, 102, 103, 104, 105, 106, 107, 108, 109, 110, 111, 115, 116]      | [0.0100, 0.0400, 0.2400, 0.2500, 0.1100, 0.1500, 0.0500, 0.0600, 0.0300, 0.0300, 0.0100, 0.0100, 0.0100]                 | 6.5051   | 0.8000  | 0.8438 
5     | 14          | [91, 92, 93, 94, 95, 96, 97, 98, 99, 100, 101, 103, 105, 107]          | [0.0200, 0.0800, 0.1700, 0.1000, 0.2000, 0.1500, 0.0900, 0.0700, 0.0100, 0.0300, 0.0300, 0.0100, 0.0200, 0.0200]         | 10.0211  | 0.9200  | 0.8849 
6     | 13          | [90, 91, 92, 93, 94, 96, 97, 98, 99, 100, 101, 102, 103]               | [0.0200, 0.0200, 0.0900, 0.0200, 0.0100, 0.0200, 0.0500, 0.1200, 0.2100, 0.2700, 0.1100, 0.0500, 0.0100]                 | 9.5524   | 0.8000  | 0.8501 
7     | 10          | [89, 93, 94, 95, 96, 97, 98, 99, 100, 101]                             | [0.0300, 0.0400, 0.0900, 0.1100, 0.0700, 0.0600, 0.2900, 0.2100, 0.0800, 0.0200]                                         | 6.0451   | 0.8600  | 0.8422 
8     | 10          | [98, 99, 101, 102, 103, 104, 105, 106, 107, 108]                       | [0.1000, 0.0300, 0.0200, 0.0200, 0.0300, 0.0700, 0.2100, 0.3000, 0.1800, 0.0400]                                         | 7.9131   | 0.8000  | 0.8226 
9     | 14          | [95, 96, 97, 98, 99, 100, 101, 102, 103, 104, 105, 106, 107, 108]      | [0.0300, 0.1300, 0.0800, 0.0900, 0.0300, 0.0100, 0.0100, 0.2700, 0.1100, 0.1300, 0.0300, 0.0400, 0.0300, 0.0100]         | 11.4784  | 0.8200  | 0.8699 
10    | 11          | [96, 97, 98, 99, 100, 101, 102, 103, 104, 105, 106]                    | [0.0200, 0.0700, 0.2000, 0.1100, 0.1000, 0.1300, 0.2500, 0.0300, 0.0400, 0.0300, 0.0200]                                 | 5.2475   | 0.9000  | 0.8580 
11    | 11          | [96, 97, 98, 99, 100, 101, 102, 103, 104, 105, 106]                    | [0.0100, 0.1700, 0.1200, 0.0600, 0.0300, 0.0300, 0.0400, 0.2400, 0.1600, 0.1100, 0.0300]                                 | 9.1475   | 0.7800  | 0.8620 
12    | 13          | [96, 97, 98, 99, 100, 101, 102, 104, 105, 106, 107, 108, 109]          | [0.0300, 0.0100, 0.1300, 0.2300, 0.3100, 0.0700, 0.0800, 0.0300, 0.0100, 0.0200, 0.0200, 0.0200, 0.0400]                 | 8.3684   | 0.8000  | 0.8263 
13    | 10          | [98, 99, 100, 101, 102, 103, 104, 105, 106, 107]                       | [0.0600, 0.0500, 0.1200, 0.2000, 0.0800, 0.3200, 0.1300, 0.0200, 0.0100, 0.0100]                                         | 3.5100   | 0.8800  | 0.8214 
14    | 11          | [104, 105, 106, 107, 108, 109, 110, 111, 112, 113, 114]                | [0.0100, 0.0800, 0.2200, 0.1700, 0.2000, 0.0600, 0.0600, 0.0900, 0.0400, 0.0400, 0.0300]                                 | 5.7500   | 0.8000  | 0.8655 
15    | 11          | [97, 98, 99, 100, 105, 106, 107, 108, 109, 110, 111]                   | [0.1100, 0.0100, 0.0600, 0.0500, 0.0400, 0.0400, 0.2000, 0.1400, 0.3100, 0.0300, 0.0100]                                 | 18.5475  | 0.8600  | 0.8301 
16    | 10          | [96, 97, 98, 99, 100, 101, 102, 103, 104, 105]                         | [0.0100, 0.0300, 0.2100, 0.2200, 0.2600, 0.1500, 0.0200, 0.0600, 0.0300, 0.0100]                                         | 2.9371   | 0.7800  | 0.8196 
17    | 15          | [91, 92, 94, 95, 99, 100, 101, 102, 103, 104, 105, 106, 107, 108, 109] | [0.0100, 0.0100, 0.0500, 0.0400, 0.0300, 0.0100, 0.0600, 0.0800, 0.0100, 0.1000, 0.2900, 0.0800, 0.0600, 0.1400, 0.0300] | 17.1939  | 0.7600  | 0.8687 
18    | 13          | [95, 96, 97, 102, 103, 104, 105, 106, 107, 108, 109, 110, 111]         | [0.0700, 0.0300, 0.0400, 0.0300, 0.0600, 0.1700, 0.2100, 0.1700, 0.0600, 0.0100, 0.0900, 0.0500, 0.0100]                 | 15.7576  | 0.9000  | 0.8806 
19    | 10          | [97, 98, 99, 100, 101, 102, 103, 104, 105, 106]                        | [0.0200, 0.1000, 0.0900, 0.1300, 0.1600, 0.1900, 0.0800, 0.1400, 0.0600, 0.0300]                                         | 4.9691   | 0.9400  | 0.8812 
20    | 11          | [94, 95, 96, 97, 98, 99, 100, 101, 102, 103, 105]                      | [0.0400, 0.0400, 0.0300, 0.0600, 0.0600, 0.1300, 0.1500, 0.4300, 0.0400, 0.0100, 0.0100]                                 | 4.6000   | 0.7400  | 0.7703 
21    | 14          | [95, 97, 98, 99, 100, 101, 102, 103, 104, 105, 106, 107, 108, 109]     | [0.0200, 0.0500, 0.0300, 0.0900, 0.0300, 0.0900, 0.0800, 0.1200, 0.2100, 0.0900, 0.0500, 0.0400, 0.0700, 0.0300]         | 10.4619  | 0.8600  | 0.9052 
