
[Simulation Info]
simulation_id = sim_0000826
timestamp     = 20250428_074958
seed          = 991850
output_folder = /home/lejeunet/Bureau/simulations/Ref_table/sim_0000826

[Model Parameters]
pop_size           = 3324
num_loci           = 20
sample1_generation = 30
sample2_generation = 10
low_repeats        = 1
high_repeats       = 200
mutation_rate      = 0.001
recap_Ne           = 3324

[Sampling Design]
sample1_size_Ne  = 50
sample2_size_Ne  = 50
sample1_size_CMR = 50
sample2_size_CMR = 50

[Capture-Marquage-Recapture]
census_N   =  2601
MatchCount =  1

[Ne Estimates - One Sample - Decreasing critical values [0.050, 0.020, 0.010, 0+]]

[Linkage Desequilibrium]
LD_Ne_Pop1 = [5268.9, 1437.8, None, None]
LD_r2_Pop1 = [0.021339, 0.021507, 0.021185, 0.021185]
LD_Ne_Pop2 = [2392.3, None, None, None]
LD_r2_Pop2 = [0.021415, 0.021274, 0.021177, 0.021177]

[Heterozygote excess]
HE_Neb_mean_Pop1        = [68.2, 60.3, 67.4, 67.4]
HE_weighted_D_mean_Pop1 = [0.00739, 0.00836, 0.00748, 0.00748]
HE_Neb_mean_Pop2        = [None, None, None, None]
HE_weighted_D_mean_Pop2 = [-0.01292, -0.00663, -0.00687, -0.00687]

[Molecular Coancestry]
Coan_Neb_n_Pop1 = None
Coan_f1_Pop1    = -0.00623
Coan_Neb_n_Pop2 = None
Coan_f1_Pop2    = -0.01468

[Ne Estimates - Temporal - Decreasing critical values (0.050, 0.020, 0.010, 0+)]

[Pollak]
P_Ne     = [1671.4, 2146.9, 2526.1, 2908.9]
P_Fk     = [0.02299, 0.02233, 0.02198, 0.02172]
P_Fprime = [0.00299, 0.00233, 0.00198, 0.00172]

[Nei/Tajima]
N_Ne     = [1597.6, 1998.8, 2306.3, 2590.0]
N_Fc     = [0.02313, 0.0225, 0.02217, 0.02193]
N_Fprime = [0.00313, 0.0025, 0.00217, 0.00193]

[Jorde/Ryman]
J_Ne     = [760.1, 743.9, 740.7, 744.6]
J_Fs     = [0.02669, 0.02683, 0.02686, 0.02683]
J_Fprime = [0.00658, 0.00672, 0.00675, 0.00672]

[Genetic Diversity - Heterozygosity]
mean_exp_het_pop1 = 0.8261
mean_obs_het_pop1 = 0.8371
mean_exp_het_pop2 = 0.8223
mean_obs_het_pop2 = 0.8105

[Genetic Diversity - Allele Counts]
mean_alleles_pop1 = 9.05
var_alleles_pop1  = 4.05
sum_alleles_pop1  = 190
mean_alleles_pop2 = 9.52
var_alleles_pop2  = 3.77
sum_alleles_pop2  = 400

[Genetic Diversity - Allelic Size Variance]
var_allele_size_pop1 = 6.9631
var_allele_size_pop2 = 6.942

[Per-locus summary - Population 1]
Locus | Num_Alleles | Alleles                                                  | Frequencies                                                                                              | Variance | Obs_Het | Exp_Het
------+-------------+----------------------------------------------------------+----------------------------------------------------------------------------------------------------------+----------+---------+--------
1     | 9           | [91, 93, 94, 95, 96, 97, 98, 99, 100]                    | [0.0100, 0.0700, 0.1800, 0.1400, 0.1500, 0.1100, 0.1700, 0.1000, 0.0700]                                 | 4.4771   | 0.9000  | 0.8733 
2     | 7           | [99, 100, 101, 102, 103, 104, 105]                       | [0.0400, 0.3000, 0.2200, 0.1800, 0.1500, 0.1000, 0.0100]                                                 | 2.1064   | 0.8000  | 0.8030 
3     | 7           | [100, 101, 103, 104, 105, 106, 107]                      | [0.1100, 0.0100, 0.1300, 0.4100, 0.1400, 0.1800, 0.0200]                                                 | 3.0184   | 0.7600  | 0.7580 
4     | 11          | [96, 97, 98, 99, 100, 101, 102, 103, 104, 105, 106]      | [0.0500, 0.0500, 0.0600, 0.2000, 0.1500, 0.0600, 0.0400, 0.1400, 0.1400, 0.1000, 0.0100]                 | 7.2499   | 0.8800  | 0.8832 
5     | 8           | [97, 98, 99, 100, 101, 102, 103, 104]                    | [0.2100, 0.3300, 0.1600, 0.1100, 0.0200, 0.0600, 0.0900, 0.0200]                                         | 3.8384   | 0.7600  | 0.8048 
6     | 8           | [95, 96, 97, 98, 99, 100, 101, 102]                      | [0.0100, 0.0500, 0.1100, 0.0600, 0.4200, 0.1600, 0.1800, 0.0100]                                         | 2.0736   | 0.8000  | 0.7548 
7     | 11          | [90, 91, 92, 93, 94, 99, 100, 101, 102, 103, 104]        | [0.0100, 0.0700, 0.0900, 0.1500, 0.0500, 0.0100, 0.1600, 0.2600, 0.0800, 0.0900, 0.0300]                 | 19.4600  | 0.8000  | 0.8618 
8     | 11          | [93, 95, 96, 97, 98, 99, 100, 102, 103, 104, 105]        | [0.0100, 0.0900, 0.1400, 0.2000, 0.0700, 0.0100, 0.0100, 0.0100, 0.0800, 0.3400, 0.0400]                 | 14.2699  | 0.8000  | 0.8115 
9     | 10          | [97, 98, 99, 100, 101, 102, 103, 104, 105, 106]          | [0.0100, 0.1400, 0.1800, 0.0900, 0.0100, 0.1600, 0.0200, 0.2900, 0.0900, 0.0100]                         | 6.4451   | 0.8800  | 0.8297 
10    | 13          | [91, 92, 93, 94, 95, 96, 97, 98, 99, 100, 101, 102, 103] | [0.0100, 0.0400, 0.0500, 0.0200, 0.0300, 0.1300, 0.2400, 0.1300, 0.0600, 0.0800, 0.1300, 0.0500, 0.0300] | 7.5571   | 0.8800  | 0.8816 
11    | 9           | [94, 95, 96, 97, 98, 99, 100, 101, 102]                  | [0.0300, 0.1900, 0.0200, 0.0400, 0.1200, 0.2300, 0.0400, 0.2000, 0.1300]                                 | 6.1444   | 0.9400  | 0.8436 
12    | 6           | [96, 97, 98, 99, 100, 101]                               | [0.1200, 0.0800, 0.2000, 0.3500, 0.1800, 0.0700]                                                         | 1.9000   | 0.8200  | 0.7873 
13    | 11          | [93, 94, 95, 96, 99, 100, 101, 102, 103, 104, 105]       | [0.0200, 0.2900, 0.0900, 0.0200, 0.1100, 0.1000, 0.1700, 0.0700, 0.1000, 0.0200, 0.0100]                 | 12.8516  | 0.8400  | 0.8491 
14    | 11          | [94, 95, 96, 97, 98, 99, 100, 103, 104, 105, 106]        | [0.0100, 0.0100, 0.0800, 0.0900, 0.1600, 0.1800, 0.0600, 0.1100, 0.1100, 0.0600, 0.1300]                 | 12.0275  | 0.8400  | 0.8879 
15    | 9           | [95, 96, 97, 98, 99, 103, 104, 105, 106]                 | [0.1300, 0.0400, 0.0900, 0.1700, 0.1600, 0.0800, 0.1900, 0.1100, 0.0300]                                 | 13.1075  | 0.9200  | 0.8721 
16    | 10          | [95, 97, 98, 99, 100, 101, 102, 103, 104, 105]           | [0.1400, 0.1400, 0.0900, 0.0100, 0.0500, 0.1600, 0.1400, 0.0700, 0.1400, 0.0600]                         | 10.1800  | 0.9400  | 0.8857 
17    | 8           | [96, 97, 98, 99, 100, 101, 102, 103]                     | [0.0100, 0.1200, 0.2700, 0.2000, 0.0600, 0.2000, 0.1300, 0.0100]                                         | 2.9075   | 0.8400  | 0.8202 
18    | 11          | [97, 98, 99, 100, 101, 102, 103, 104, 105, 106, 108]     | [0.0300, 0.1200, 0.1500, 0.1700, 0.0100, 0.0900, 0.1100, 0.1700, 0.1000, 0.0300, 0.0200]                 | 7.4064   | 0.9000  | 0.8816 
19    | 8           | [94, 95, 96, 97, 98, 99, 100, 101]                       | [0.0200, 0.0600, 0.0100, 0.3100, 0.1700, 0.3700, 0.0300, 0.0300]                                         | 1.9651   | 0.7400  | 0.7396 
20    | 6           | [93, 94, 98, 99, 100, 101]                               | [0.0900, 0.0600, 0.1700, 0.2600, 0.3700, 0.0500]                                                         | 5.1884   | 0.7200  | 0.7600 
21    | 6           | [97, 98, 99, 100, 101, 102]                              | [0.1500, 0.1200, 0.0900, 0.4100, 0.1800, 0.0500]                                                         | 2.0500   | 0.8200  | 0.7596 

[Per-locus summary - Population 2]
Locus | Num_Alleles | Alleles                                                   | Frequencies                                                                                              | Variance | Obs_Het | Exp_Het
------+-------------+-----------------------------------------------------------+----------------------------------------------------------------------------------------------------------+----------+---------+--------
1     | 9           | [92, 93, 94, 95, 96, 97, 98, 99, 100]                     | [0.0400, 0.0500, 0.1100, 0.1400, 0.0800, 0.0700, 0.4000, 0.0700, 0.0400]                                 | 4.2851   | 0.7800  | 0.7943 
2     | 7           | [99, 100, 101, 102, 103, 104, 105]                        | [0.0100, 0.1400, 0.2600, 0.2900, 0.1300, 0.1400, 0.0300]                                                 | 1.8651   | 0.8600  | 0.7992 
3     | 7           | [100, 101, 103, 104, 105, 106, 107]                       | [0.0900, 0.0100, 0.0500, 0.4600, 0.1700, 0.1900, 0.0300]                                                 | 2.7400   | 0.6400  | 0.7190 
4     | 11          | [96, 97, 98, 99, 100, 101, 102, 103, 104, 105, 106]       | [0.0100, 0.0400, 0.0400, 0.2200, 0.2200, 0.0400, 0.0600, 0.1300, 0.1000, 0.1200, 0.0200]                 | 6.2059   | 0.9200  | 0.8616 
5     | 9           | [96, 97, 98, 99, 100, 101, 102, 103, 104]                 | [0.0100, 0.1000, 0.3800, 0.1400, 0.0900, 0.0700, 0.0700, 0.1300, 0.0100]                                 | 4.0400   | 0.7600  | 0.7990 
6     | 7           | [96, 97, 98, 99, 100, 101, 102]                           | [0.0600, 0.0900, 0.1200, 0.3800, 0.1400, 0.2000, 0.0100]                                                 | 2.0419   | 0.6800  | 0.7776 
7     | 11          | [90, 91, 92, 93, 94, 99, 100, 101, 102, 103, 104]         | [0.0100, 0.0700, 0.1600, 0.1200, 0.0200, 0.0100, 0.1800, 0.2700, 0.1300, 0.0200, 0.0100]                 | 19.1275  | 0.7400  | 0.8402 
8     | 10          | [93, 95, 96, 97, 98, 99, 102, 103, 104, 105]              | [0.0100, 0.0600, 0.1100, 0.3700, 0.1000, 0.0100, 0.0200, 0.0500, 0.2100, 0.0600]                         | 12.2400  | 0.8000  | 0.7945 
9     | 8           | [98, 99, 100, 102, 103, 104, 105, 106]                    | [0.1400, 0.1900, 0.1900, 0.1200, 0.0300, 0.1900, 0.1200, 0.0200]                                         | 6.4644   | 0.9200  | 0.8505 
10    | 13          | [92, 93, 94, 95, 96, 97, 98, 99, 100, 101, 102, 103, 104] | [0.0400, 0.0700, 0.0100, 0.0400, 0.1500, 0.2300, 0.0700, 0.1300, 0.1200, 0.0900, 0.0200, 0.0200, 0.0100] | 6.9800   | 0.8800  | 0.8800 
11    | 9           | [94, 95, 97, 98, 99, 100, 101, 102, 103]                  | [0.0400, 0.1300, 0.0200, 0.1700, 0.2000, 0.0900, 0.2300, 0.1100, 0.0100]                                 | 5.4899   | 0.8000  | 0.8475 
12    | 7           | [96, 97, 98, 99, 100, 101, 102]                           | [0.1400, 0.1200, 0.3200, 0.2600, 0.0900, 0.0600, 0.0100]                                                 | 1.9324   | 0.8600  | 0.7921 
13    | 10          | [93, 94, 95, 99, 100, 101, 102, 103, 104, 105]            | [0.0400, 0.2200, 0.1300, 0.1300, 0.0300, 0.1900, 0.1100, 0.1200, 0.0200, 0.0100]                         | 13.3496  | 0.8400  | 0.8608 
14    | 10          | [95, 96, 97, 98, 99, 100, 103, 104, 105, 106]             | [0.0300, 0.0300, 0.1200, 0.1700, 0.1200, 0.0600, 0.0500, 0.2700, 0.0800, 0.0700]                         | 11.4784  | 0.7800  | 0.8588 
15    | 12          | [94, 95, 96, 97, 98, 99, 101, 102, 103, 104, 105, 106]    | [0.0100, 0.1200, 0.0300, 0.0600, 0.1200, 0.1200, 0.0100, 0.0100, 0.0700, 0.1600, 0.2400, 0.0500]         | 14.8964  | 0.8600  | 0.8701 
16    | 11          | [94, 95, 97, 98, 100, 101, 102, 103, 104, 105, 106]       | [0.0200, 0.1500, 0.0700, 0.0300, 0.0100, 0.2800, 0.1700, 0.0500, 0.1200, 0.0700, 0.0300]                 | 10.9704  | 0.8400  | 0.8497 
17    | 9           | [95, 96, 97, 98, 99, 100, 101, 102, 103]                  | [0.0400, 0.0100, 0.1200, 0.2800, 0.1900, 0.0900, 0.1700, 0.0900, 0.0100]                                 | 3.2291   | 0.7800  | 0.8325 
18    | 12          | [97, 98, 99, 100, 101, 102, 103, 104, 105, 106, 107, 108] | [0.0300, 0.0900, 0.2000, 0.1100, 0.0100, 0.1200, 0.1600, 0.1100, 0.0900, 0.0400, 0.0200, 0.0200]         | 7.6139   | 0.9400  | 0.8851 
19    | 8           | [94, 95, 96, 97, 98, 99, 100, 101]                        | [0.0200, 0.0600, 0.0200, 0.2600, 0.1600, 0.4000, 0.0400, 0.0400]                                         | 2.1184   | 0.7400  | 0.7467 
20    | 8           | [93, 94, 96, 97, 98, 99, 100, 101]                        | [0.0900, 0.1100, 0.0200, 0.0100, 0.1500, 0.2200, 0.3400, 0.0600]                                         | 6.2004   | 0.8200  | 0.7972 
21    | 7           | [96, 97, 98, 99, 100, 101, 102]                           | [0.0100, 0.1100, 0.1500, 0.1000, 0.3200, 0.1600, 0.1500]                                                 | 2.5139   | 0.7800  | 0.8129 
