
[Simulation Info]
simulation_id = sim_0003566
timestamp     = 20250428_084649
seed          = 201562
output_folder = /home/lejeunet/Bureau/simulations/Ref_table/sim_0003566

[Model Parameters]
pop_size           = 9565
num_loci           = 20
sample1_generation = 30
sample2_generation = 10
low_repeats        = 1
high_repeats       = 200
mutation_rate      = 0.001
recap_Ne           = 9565

[Sampling Design]
sample1_size_Ne  = 50
sample2_size_Ne  = 50
sample1_size_CMR = 50
sample2_size_CMR = 50

[Capture-Marquage-Recapture]
census_N   =  0
MatchCount =  0
# There were no match between sampling of individuals during CMR.

[Ne Estimates - One Sample - Decreasing critical values [0.050, 0.020, 0.010, 0+]]

[Linkage Desequilibrium]
LD_Ne_Pop1 = [None, None, None, None]
LD_r2_Pop1 = [0.021158, 0.021221, 0.021244, 0.021244]
LD_Ne_Pop2 = [4544.7, None, 41817.5, 41817.5]
LD_r2_Pop2 = [0.021349, 0.021256, 0.021284, 0.021284]

[Heterozygote excess]
HE_Neb_mean_Pop1        = [24.1, 45.4, 55.3, 55.3]
HE_weighted_D_mean_Pop1 = [0.02114, 0.01114, 0.00913, 0.00913]
HE_Neb_mean_Pop2        = [114.9, 89.6, 111.6, 111.6]
HE_weighted_D_mean_Pop2 = [0.00437, 0.00561, 0.0045, 0.0045]

[Molecular Coancestry]
Coan_Neb_n_Pop1 = 79.6
Coan_f1_Pop1    = 0.00628
Coan_Neb_n_Pop2 = None
Coan_f1_Pop2    = -0.00126

[Ne Estimates - Temporal - Decreasing critical values (0.050, 0.020, 0.010, 0+)]

[Pollak]
P_Ne     = [-2093.2, -4057.1, -5090.6, -4678.5]
P_Fk     = [0.01761, 0.01877, 0.01902, 0.01893]
P_Fprime = [-0.00239, -0.00123, -0.00098, -0.00107]

[Nei/Tajima]
N_Ne     = [-1865.7, -3289.0, -3928.8, -3730.0]
N_Fc     = [0.01732, 0.01848, 0.01873, 0.01866]
N_Fprime = [-0.00268, -0.00152, -0.00127, -0.00134]

[Jorde/Ryman]
J_Ne     = [-1642.2, -2645.6, -2693.1, -2602.2]
J_Fs     = [0.01706, 0.01821, 0.01824, 0.01818]
J_Fprime = [-0.00304, -0.00189, -0.00186, -0.00192]

[Genetic Diversity - Heterozygosity]
mean_exp_het_pop1 = 0.9028
mean_obs_het_pop1 = 0.9181
mean_exp_het_pop2 = 0.906
mean_obs_het_pop2 = 0.9076

[Genetic Diversity - Allele Counts]
mean_alleles_pop1 = 15.62
var_alleles_pop1  = 6.35
sum_alleles_pop1  = 328
mean_alleles_pop2 = 16.31
var_alleles_pop2  = 6.07
sum_alleles_pop2  = 685

[Genetic Diversity - Allelic Size Variance]
var_allele_size_pop1 = 35.018
var_allele_size_pop2 = 36.8318

[Per-locus summary - Population 1]
Locus | Num_Alleles | Alleles                                                                                      | Frequencies                                                                                                                                                              | Variance | Obs_Het | Exp_Het
------+-------------+----------------------------------------------------------------------------------------------+--------------------------------------------------------------------------------------------------------------------------------------------------------------------------+----------+---------+--------
1     | 19          | [83, 85, 86, 87, 88, 89, 90, 91, 95, 96, 97, 98, 99, 100, 101, 102, 103, 104, 105]           | [0.0200, 0.0300, 0.0600, 0.1200, 0.0300, 0.0100, 0.0100, 0.0100, 0.0100, 0.0100, 0.1000, 0.1600, 0.0800, 0.1300, 0.0600, 0.0800, 0.0500, 0.0100, 0.0200]                 | 38.3731  | 0.9400  | 0.9166 
2     | 17          | [96, 98, 99, 100, 101, 102, 103, 104, 105, 106, 107, 108, 109, 110, 114, 115, 116]           | [0.0200, 0.0300, 0.0100, 0.0500, 0.0300, 0.3000, 0.0800, 0.0600, 0.0900, 0.1000, 0.0700, 0.0200, 0.0500, 0.0200, 0.0100, 0.0200, 0.0400]                                 | 17.3979  | 0.9000  | 0.8756 
3     | 21          | [84, 85, 86, 87, 88, 89, 90, 91, 93, 94, 95, 96, 99, 100, 101, 102, 103, 104, 105, 106, 108] | [0.0100, 0.0100, 0.0300, 0.0600, 0.1800, 0.1300, 0.0100, 0.0100, 0.1100, 0.1000, 0.0100, 0.0100, 0.0200, 0.1200, 0.0900, 0.0300, 0.0100, 0.0100, 0.0200, 0.0200, 0.0100] | 36.9675  | 0.9400  | 0.9077 
4     | 13          | [99, 100, 101, 102, 103, 104, 105, 106, 107, 108, 109, 110, 111]                             | [0.0800, 0.1000, 0.1800, 0.1100, 0.0500, 0.0400, 0.0800, 0.1500, 0.1200, 0.0300, 0.0100, 0.0300, 0.0200]                                                                 | 10.1156  | 0.9400  | 0.8984 
5     | 15          | [91, 92, 93, 94, 95, 96, 97, 98, 99, 101, 106, 107, 108, 109, 110]                           | [0.0300, 0.1700, 0.0700, 0.0800, 0.0200, 0.0300, 0.0200, 0.0900, 0.1000, 0.0100, 0.0200, 0.1000, 0.1200, 0.1000, 0.0400]                                                 | 46.6451  | 0.9000  | 0.9117 
6     | 15          | [86, 87, 88, 89, 91, 92, 93, 94, 95, 96, 97, 104, 105, 106, 107]                             | [0.0200, 0.1500, 0.1100, 0.0900, 0.1000, 0.0200, 0.0500, 0.0700, 0.0600, 0.0300, 0.0600, 0.0300, 0.0500, 0.1300, 0.0300]                                                 | 49.2779  | 0.9600  | 0.9190 
7     | 18          | [96, 97, 98, 99, 100, 101, 102, 103, 104, 105, 106, 107, 108, 109, 110, 111, 114, 115]       | [0.0100, 0.1400, 0.0200, 0.0300, 0.0300, 0.0200, 0.0300, 0.1300, 0.1200, 0.1100, 0.1000, 0.0500, 0.0300, 0.0100, 0.0500, 0.0500, 0.0600, 0.0100]                         | 22.9459  | 0.9200  | 0.9204 
8     | 20          | [90, 91, 92, 93, 94, 95, 96, 97, 98, 99, 101, 104, 105, 106, 107, 108, 109, 110, 111, 112]   | [0.0100, 0.0300, 0.0600, 0.0300, 0.0200, 0.0600, 0.1300, 0.0600, 0.0800, 0.0700, 0.0100, 0.0100, 0.0100, 0.0800, 0.0800, 0.0600, 0.0600, 0.1200, 0.0100, 0.0100]         | 43.1476  | 0.9800  | 0.9331 
9     | 14          | [95, 96, 97, 98, 99, 100, 101, 102, 103, 104, 106, 107, 108, 109]                            | [0.0400, 0.1400, 0.0200, 0.0400, 0.1200, 0.0900, 0.1000, 0.0900, 0.0100, 0.0400, 0.0400, 0.0900, 0.1100, 0.0700]                                                         | 20.1011  | 0.9400  | 0.9170 
10    | 14          | [89, 90, 92, 93, 94, 95, 97, 100, 101, 102, 103, 104, 105, 106]                              | [0.0400, 0.0200, 0.0600, 0.0600, 0.1000, 0.0100, 0.0100, 0.0200, 0.0400, 0.0500, 0.2000, 0.2400, 0.1400, 0.0100]                                                         | 27.2424  | 0.9200  | 0.8675 
11    | 16          | [95, 96, 97, 98, 99, 100, 101, 102, 103, 104, 105, 115, 116, 117, 118, 119]                  | [0.0200, 0.0100, 0.0100, 0.0500, 0.1600, 0.1000, 0.1500, 0.0300, 0.0900, 0.0500, 0.0700, 0.0200, 0.0800, 0.0900, 0.0500, 0.0200]                                         | 54.2499  | 0.9400  | 0.9137 
12    | 18          | [94, 95, 96, 98, 99, 100, 102, 103, 104, 105, 106, 107, 108, 109, 110, 111, 112, 113]        | [0.0200, 0.1000, 0.0300, 0.0600, 0.0400, 0.0200, 0.0200, 0.1000, 0.0100, 0.0300, 0.0400, 0.0100, 0.0900, 0.0900, 0.1600, 0.1000, 0.0500, 0.0300]                         | 34.5944  | 0.8800  | 0.9240 
13    | 12          | [90, 91, 92, 93, 94, 95, 96, 97, 98, 99, 100, 101]                                           | [0.0200, 0.1000, 0.1700, 0.0600, 0.0800, 0.0700, 0.0500, 0.0600, 0.1500, 0.1800, 0.0500, 0.0100]                                                                         | 9.8864   | 0.8600  | 0.8911 
14    | 12          | [95, 96, 97, 98, 99, 100, 101, 102, 103, 104, 105, 106]                                      | [0.0200, 0.0800, 0.0800, 0.0400, 0.0400, 0.0600, 0.1400, 0.0700, 0.1500, 0.2000, 0.0600, 0.0600]                                                                         | 9.3419   | 0.8800  | 0.8948 
15    | 17          | [90, 91, 92, 93, 94, 95, 96, 97, 98, 99, 100, 101, 122, 123, 124, 125, 126]                  | [0.0500, 0.0100, 0.0100, 0.0300, 0.0500, 0.0400, 0.1000, 0.0700, 0.1500, 0.1100, 0.0700, 0.0300, 0.0600, 0.0100, 0.0700, 0.0700, 0.0700]                                 | 159.7851 | 0.9000  | 0.9279 
16    | 14          | [82, 83, 84, 85, 86, 94, 95, 96, 97, 98, 99, 100, 101, 102]                                  | [0.0100, 0.0700, 0.0500, 0.0600, 0.0100, 0.0700, 0.0800, 0.0400, 0.0200, 0.0300, 0.0900, 0.1900, 0.2200, 0.0600]                                                         | 41.2564  | 0.8600  | 0.8873 
17    | 13          | [95, 96, 97, 98, 99, 100, 101, 102, 103, 104, 105, 107, 108]                                 | [0.0100, 0.0200, 0.0400, 0.0500, 0.0600, 0.1200, 0.2100, 0.2000, 0.0800, 0.1100, 0.0400, 0.0400, 0.0200]                                                                 | 6.6096   | 0.9000  | 0.8800 
18    | 16          | [91, 92, 93, 94, 95, 96, 97, 98, 99, 100, 102, 103, 104, 105, 106, 107]                      | [0.0500, 0.0500, 0.0900, 0.1500, 0.1500, 0.0300, 0.0800, 0.1300, 0.0400, 0.0200, 0.0100, 0.0100, 0.0300, 0.0900, 0.0200, 0.0500]                                         | 21.3100  | 0.9600  | 0.9127 
19    | 14          | [93, 95, 96, 97, 98, 99, 100, 101, 102, 103, 104, 105, 106, 107]                             | [0.0700, 0.0100, 0.0500, 0.0400, 0.0600, 0.0100, 0.0100, 0.0200, 0.0500, 0.0700, 0.2900, 0.2200, 0.0800, 0.0200]                                                         | 15.0116  | 0.8600  | 0.8485 
20    | 15          | [85, 86, 87, 88, 89, 94, 96, 97, 98, 99, 100, 101, 102, 103, 104]                            | [0.0600, 0.0700, 0.0200, 0.1000, 0.0200, 0.0200, 0.0700, 0.0900, 0.0400, 0.0600, 0.0600, 0.0700, 0.0600, 0.2300, 0.0300]                                                 | 41.7931  | 0.9400  | 0.9052 
21    | 15          | [88, 89, 90, 91, 92, 93, 94, 95, 96, 97, 100, 103, 105, 106, 108]                            | [0.0200, 0.1100, 0.1000, 0.1200, 0.1500, 0.1500, 0.0200, 0.0200, 0.0200, 0.0600, 0.0400, 0.1000, 0.0400, 0.0400, 0.0100]                                                 | 29.3264  | 0.9600  | 0.9075 

[Per-locus summary - Population 2]
Locus | Num_Alleles | Alleles                                                                                    | Frequencies                                                                                                                                                      | Variance | Obs_Het | Exp_Het
------+-------------+--------------------------------------------------------------------------------------------+------------------------------------------------------------------------------------------------------------------------------------------------------------------+----------+---------+--------
1     | 16          | [85, 86, 87, 88, 89, 90, 91, 97, 98, 99, 100, 101, 102, 103, 104, 105]                     | [0.0200, 0.0800, 0.0800, 0.1000, 0.0100, 0.0200, 0.0100, 0.1100, 0.1300, 0.0500, 0.0900, 0.0800, 0.0800, 0.0900, 0.0200, 0.0300]                                 | 40.2784  | 0.9000  | 0.9236 
2     | 17          | [97, 98, 100, 101, 102, 103, 104, 105, 106, 107, 108, 109, 110, 113, 114, 115, 116]        | [0.0100, 0.0200, 0.0500, 0.0900, 0.2600, 0.0800, 0.0100, 0.0700, 0.0800, 0.1100, 0.0200, 0.0400, 0.0200, 0.0400, 0.0100, 0.0600, 0.0300]                         | 21.7876  | 0.8600  | 0.8917 
3     | 17          | [84, 86, 87, 88, 89, 90, 93, 94, 95, 99, 100, 101, 102, 103, 104, 105, 106]                | [0.0300, 0.0500, 0.0700, 0.1200, 0.1600, 0.0200, 0.0800, 0.1000, 0.0500, 0.0100, 0.0800, 0.0600, 0.0600, 0.0400, 0.0100, 0.0500, 0.0100]                         | 39.9724  | 0.8400  | 0.9236 
4     | 13          | [99, 100, 101, 102, 103, 104, 105, 106, 107, 108, 109, 110, 111]                           | [0.0500, 0.1000, 0.1800, 0.1600, 0.0500, 0.0600, 0.1000, 0.1500, 0.0900, 0.0100, 0.0100, 0.0200, 0.0200]                                                         | 8.4884   | 0.9000  | 0.8907 
5     | 15          | [91, 92, 93, 94, 95, 96, 97, 98, 99, 100, 106, 107, 108, 109, 110]                         | [0.0200, 0.1300, 0.0400, 0.0300, 0.0200, 0.0400, 0.0500, 0.0900, 0.0900, 0.0100, 0.0200, 0.2200, 0.1500, 0.0400, 0.0500]                                         | 42.5104  | 0.9000  | 0.8929 
6     | 16          | [86, 87, 88, 89, 90, 91, 93, 94, 95, 96, 97, 98, 104, 105, 106, 107]                       | [0.0200, 0.0800, 0.1500, 0.1200, 0.0500, 0.0300, 0.0400, 0.0700, 0.0300, 0.0600, 0.0200, 0.0100, 0.0200, 0.1100, 0.1600, 0.0300]                                 | 56.7236  | 0.8800  | 0.9115 
7     | 17          | [97, 98, 99, 100, 101, 102, 103, 104, 105, 106, 107, 108, 109, 110, 111, 112, 113]         | [0.0900, 0.0800, 0.0300, 0.0500, 0.0100, 0.0500, 0.1400, 0.0900, 0.1100, 0.0800, 0.0300, 0.0500, 0.0100, 0.1000, 0.0500, 0.0100, 0.0200]                         | 19.3219  | 0.9600  | 0.9261 
8     | 17          | [91, 92, 93, 95, 96, 97, 98, 99, 104, 105, 106, 107, 108, 109, 110, 111, 113]              | [0.0200, 0.1000, 0.0600, 0.1000, 0.1300, 0.0700, 0.0800, 0.0400, 0.0200, 0.0400, 0.0300, 0.1200, 0.0700, 0.0100, 0.0800, 0.0200, 0.0100]                         | 42.1371  | 0.9400  | 0.9263 
9     | 15          | [95, 96, 98, 99, 100, 101, 102, 103, 104, 105, 106, 107, 108, 109, 110]                    | [0.0400, 0.0800, 0.0400, 0.0800, 0.0900, 0.0600, 0.0400, 0.0500, 0.0600, 0.0500, 0.0300, 0.0300, 0.2500, 0.0800, 0.0200]                                         | 20.8019  | 0.9000  | 0.9000 
10    | 12          | [90, 91, 92, 93, 94, 95, 100, 101, 102, 103, 104, 105]                                     | [0.1000, 0.0200, 0.0300, 0.0400, 0.0400, 0.0300, 0.0400, 0.0500, 0.0900, 0.2500, 0.2000, 0.1100]                                                                 | 26.2424  | 0.8800  | 0.8665 
11    | 17          | [94, 95, 96, 97, 98, 99, 100, 101, 102, 103, 104, 105, 115, 116, 117, 118, 119]            | [0.0100, 0.0200, 0.0300, 0.0400, 0.0200, 0.1600, 0.0600, 0.1300, 0.1100, 0.0800, 0.0200, 0.0600, 0.0100, 0.1000, 0.0600, 0.0800, 0.0100]                         | 57.0171  | 0.9200  | 0.9170 
12    | 17          | [95, 96, 98, 99, 100, 102, 103, 104, 105, 106, 107, 108, 109, 110, 111, 112, 113]          | [0.0800, 0.0400, 0.0600, 0.0700, 0.0100, 0.0300, 0.0700, 0.0300, 0.0200, 0.0600, 0.0400, 0.0700, 0.0700, 0.1100, 0.1400, 0.0900, 0.0100]                         | 32.1636  | 0.9600  | 0.9307 
13    | 12          | [89, 90, 91, 92, 93, 94, 95, 96, 97, 98, 99, 100]                                          | [0.0100, 0.0100, 0.1000, 0.1200, 0.1000, 0.1000, 0.0700, 0.0900, 0.0500, 0.1200, 0.1500, 0.0800]                                                                 | 9.4156   | 0.9600  | 0.9057 
14    | 12          | [95, 96, 97, 98, 99, 100, 101, 102, 103, 104, 105, 106]                                    | [0.0200, 0.0900, 0.0800, 0.0900, 0.0300, 0.1300, 0.0500, 0.1000, 0.1000, 0.1800, 0.1100, 0.0200]                                                                 | 9.6891   | 0.9200  | 0.9008 
15    | 20          | [90, 91, 92, 93, 94, 95, 96, 97, 98, 99, 100, 101, 102, 121, 122, 123, 124, 125, 126, 127] | [0.0200, 0.0400, 0.0200, 0.0500, 0.0200, 0.0900, 0.0700, 0.1300, 0.1000, 0.0600, 0.0500, 0.0200, 0.0100, 0.0100, 0.0800, 0.0300, 0.0500, 0.0500, 0.0900, 0.0100] | 174.9939 | 0.9600  | 0.9370 
16    | 16          | [82, 83, 84, 85, 86, 92, 94, 95, 96, 97, 98, 99, 100, 101, 102, 104]                       | [0.0100, 0.1100, 0.0700, 0.0800, 0.0400, 0.0200, 0.0700, 0.0700, 0.0400, 0.0200, 0.0300, 0.0500, 0.2000, 0.1000, 0.0800, 0.0100]                                 | 51.2179  | 0.9000  | 0.9119 
17    | 14          | [95, 96, 97, 98, 99, 100, 101, 102, 103, 104, 105, 106, 107, 108]                          | [0.0200, 0.0300, 0.0300, 0.0700, 0.0400, 0.1100, 0.1300, 0.2900, 0.0800, 0.0800, 0.0100, 0.0200, 0.0700, 0.0200]                                                 | 7.9800   | 0.9000  | 0.8683 
18    | 17          | [91, 92, 93, 94, 95, 96, 97, 98, 99, 100, 103, 104, 105, 106, 107, 108, 109]               | [0.0100, 0.0400, 0.1000, 0.1400, 0.1200, 0.0100, 0.0500, 0.1300, 0.0700, 0.0400, 0.0100, 0.0900, 0.1000, 0.0200, 0.0300, 0.0100, 0.0300]                         | 24.5500  | 0.9600  | 0.9170 
19    | 14          | [93, 94, 95, 96, 97, 98, 99, 100, 101, 102, 103, 104, 105, 106]                            | [0.0700, 0.0100, 0.0400, 0.0600, 0.0400, 0.0100, 0.0100, 0.0200, 0.0200, 0.0700, 0.1200, 0.2800, 0.1700, 0.0800]                                                 | 15.8011  | 0.8200  | 0.8628 
20    | 18          | [83, 85, 86, 87, 88, 89, 90, 94, 96, 97, 98, 99, 100, 101, 102, 103, 104, 105]             | [0.0100, 0.0600, 0.0400, 0.1100, 0.0700, 0.0200, 0.0300, 0.0200, 0.0500, 0.0800, 0.0700, 0.0400, 0.0300, 0.0700, 0.0500, 0.2200, 0.0200, 0.0100]                 | 46.0600  | 0.8600  | 0.9125 
21    | 17          | [88, 89, 90, 91, 92, 93, 94, 95, 96, 97, 99, 100, 102, 103, 104, 105, 106]                 | [0.0200, 0.1200, 0.0800, 0.1200, 0.1700, 0.1400, 0.0100, 0.0300, 0.0200, 0.0600, 0.0100, 0.0700, 0.0200, 0.0400, 0.0200, 0.0200, 0.0500]                         | 26.3156  | 0.9400  | 0.9097 
