
[Simulation Info]
simulation_id = sim_0009877
timestamp     = 20250428_113322
seed          = 604550
output_folder = /home/lejeunet/Bureau/simulations/Ref_table/sim_0009877

[Model Parameters]
pop_size           = 1739
num_loci           = 20
sample1_generation = 30
sample2_generation = 10
low_repeats        = 1
high_repeats       = 200
mutation_rate      = 0.001
recap_Ne           = 1739

[Sampling Design]
sample1_size_Ne  = 50
sample2_size_Ne  = 50
sample1_size_CMR = 50
sample2_size_CMR = 50

[Capture-Marquage-Recapture]
census_N   =  867
MatchCount =  3

[Ne Estimates - One Sample - Decreasing critical values [0.050, 0.020, 0.010, 0+]]

[Linkage Desequilibrium]
LD_Ne_Pop1 = [1797.0, 790.3, 980.0, 980.0]
LD_r2_Pop1 = [0.021461, 0.021697, 0.021615, 0.021615]
LD_Ne_Pop2 = [None, None, None, None]
LD_r2_Pop2 = [0.020247, 0.020756, 0.020728, 0.020728]

[Heterozygote excess]
HE_Neb_mean_Pop1        = [None, None, None, None]
HE_weighted_D_mean_Pop1 = [-0.02114, -0.01661, -0.01646, -0.01646]
HE_Neb_mean_Pop2        = [None, None, None, None]
HE_weighted_D_mean_Pop2 = [-0.01805, -0.01767, -0.01777, -0.01777]

[Molecular Coancestry]
Coan_Neb_n_Pop1 = None
Coan_f1_Pop1    = -0.0034
Coan_Neb_n_Pop2 = None
Coan_f1_Pop2    = -0.02261

[Ne Estimates - Temporal - Decreasing critical values (0.050, 0.020, 0.010, 0+)]

[Pollak]
P_Ne     = [1143.8, 1440.6, 1756.9, 1865.4]
P_Fk     = [0.02437, 0.02347, 0.02285, 0.02268]
P_Fprime = [0.00437, 0.00347, 0.00285, 0.00268]

[Nei/Tajima]
N_Ne     = [1197.5, 1487.6, 1778.2, 1873.8]
N_Fc     = [0.02418, 0.02336, 0.02281, 0.02267]
N_Fprime = [0.00418, 0.00336, 0.00281, 0.00267]

[Jorde/Ryman]
J_Ne     = [984.5, 1059.7, 1094.6, 1097.8]
J_Fs     = [0.02519, 0.02482, 0.02467, 0.02466]
J_Fprime = [0.00508, 0.00472, 0.00457, 0.00455]

[Genetic Diversity - Heterozygosity]
mean_exp_het_pop1 = 0.7196
mean_obs_het_pop1 = 0.7029
mean_exp_het_pop2 = 0.7032
mean_obs_het_pop2 = 0.6924

[Genetic Diversity - Allele Counts]
mean_alleles_pop1 = 7.19
var_alleles_pop1  = 2.96
sum_alleles_pop1  = 151
mean_alleles_pop2 = 7.36
var_alleles_pop2  = 3.41
sum_alleles_pop2  = 309

[Genetic Diversity - Allelic Size Variance]
var_allele_size_pop1 = 5.2554
var_allele_size_pop2 = 4.8536

[Per-locus summary - Population 1]
Locus | Num_Alleles | Alleles                                              | Frequencies                                                                              | Variance | Obs_Het | Exp_Het
------+-------------+------------------------------------------------------+------------------------------------------------------------------------------------------+----------+---------+--------
1     | 7           | [102, 103, 104, 105, 106, 107, 108]                  | [0.0400, 0.1800, 0.3000, 0.2000, 0.0600, 0.1900, 0.0300]                                 | 2.4075   | 0.7200  | 0.8034 
2     | 8           | [99, 100, 101, 102, 105, 106, 107, 108]              | [0.0100, 0.2100, 0.3500, 0.1300, 0.1200, 0.1000, 0.0600, 0.0200]                         | 6.0356   | 0.7600  | 0.7960 
3     | 11          | [96, 98, 99, 100, 101, 106, 107, 108, 109, 110, 111] | [0.0100, 0.0400, 0.1000, 0.0200, 0.0700, 0.0500, 0.3500, 0.2400, 0.0300, 0.0100, 0.0800] | 14.6171  | 0.8000  | 0.8010 
4     | 5           | [101, 102, 103, 104, 105]                            | [0.0200, 0.6400, 0.1600, 0.1600, 0.0200]                                                 | 0.7296   | 0.5600  | 0.5438 
5     | 6           | [100, 101, 102, 103, 104, 105]                       | [0.0100, 0.4000, 0.2600, 0.1100, 0.1100, 0.1100]                                         | 1.9224   | 0.6400  | 0.7434 
6     | 6           | [98, 99, 100, 101, 103, 104]                         | [0.0800, 0.0700, 0.0900, 0.0500, 0.6000, 0.1100]                                         | 3.3564   | 0.5800  | 0.6121 
7     | 6           | [94, 95, 96, 97, 98, 99]                             | [0.0300, 0.4100, 0.1600, 0.0700, 0.1000, 0.2300]                                         | 2.8299   | 0.7200  | 0.7450 
8     | 9           | [88, 89, 90, 91, 92, 103, 104, 105, 106]             | [0.0200, 0.1200, 0.2400, 0.3700, 0.0100, 0.0100, 0.0100, 0.1100, 0.1100]                 | 41.8819  | 0.7600  | 0.7739 
9     | 9           | [94, 95, 96, 98, 99, 100, 101, 102, 103]             | [0.0200, 0.0700, 0.0600, 0.0400, 0.1000, 0.0900, 0.4000, 0.2100, 0.0100]                 | 5.0184   | 0.7400  | 0.7750 
10    | 6           | [99, 100, 101, 103, 104, 105]                        | [0.0300, 0.1500, 0.0400, 0.0300, 0.3800, 0.3700]                                         | 3.6291   | 0.7600  | 0.6998 
11    | 7           | [95, 96, 97, 98, 99, 100, 101]                       | [0.0200, 0.1500, 0.3800, 0.2400, 0.1400, 0.0500, 0.0200]                                 | 1.4864   | 0.8200  | 0.7602 
12    | 8           | [94, 95, 96, 97, 98, 99, 100, 101]                   | [0.0200, 0.0100, 0.2200, 0.4500, 0.1900, 0.0100, 0.0900, 0.0100]                         | 1.5916   | 0.6400  | 0.7113 
13    | 5           | [100, 101, 102, 103, 104]                            | [0.0400, 0.4600, 0.2800, 0.1400, 0.0800]                                                 | 1.0224   | 0.6800  | 0.6893 
14    | 6           | [97, 98, 99, 100, 101, 102]                          | [0.0400, 0.0700, 0.3000, 0.2800, 0.1500, 0.1600]                                         | 1.7219   | 0.7400  | 0.7849 
15    | 9           | [95, 96, 97, 98, 99, 100, 101, 102, 103]             | [0.0200, 0.1100, 0.0400, 0.1200, 0.1700, 0.3900, 0.0200, 0.1200, 0.0100]                 | 3.2516   | 0.7400  | 0.7834 
16    | 8           | [100, 101, 102, 103, 104, 105, 106, 107]             | [0.0300, 0.1400, 0.0300, 0.4000, 0.3100, 0.0400, 0.0400, 0.0100]                         | 1.8275   | 0.7800  | 0.7265 
17    | 8           | [100, 101, 102, 103, 104, 106, 107, 108]             | [0.0500, 0.0500, 0.1000, 0.2100, 0.1600, 0.0400, 0.3000, 0.0900]                         | 5.8236   | 0.8800  | 0.8238 
18    | 8           | [95, 96, 97, 98, 99, 100, 101, 102]                  | [0.1400, 0.3400, 0.0300, 0.2900, 0.0800, 0.0800, 0.0300, 0.0100]                         | 2.9024   | 0.6600  | 0.7737 
19    | 6           | [96, 97, 98, 99, 100, 101]                           | [0.0500, 0.0200, 0.1300, 0.1300, 0.5700, 0.1000]                                         | 1.4275   | 0.7000  | 0.6348 
20    | 9           | [96, 97, 98, 99, 100, 101, 102, 103, 104]            | [0.0400, 0.0700, 0.1600, 0.0300, 0.0800, 0.0100, 0.1100, 0.3400, 0.1600]                 | 6.6411   | 0.7800  | 0.8154 
21    | 4           | [98, 99, 100, 101]                                   | [0.0200, 0.0500, 0.8200, 0.1100]                                                         | 0.2396   | 0.3000  | 0.3158 

[Per-locus summary - Population 2]
Locus | Num_Alleles | Alleles                                                       | Frequencies                                                                                              | Variance | Obs_Het | Exp_Het
------+-------------+---------------------------------------------------------------+----------------------------------------------------------------------------------------------------------+----------+---------+--------
1     | 7           | [102, 103, 104, 105, 106, 107, 108]                           | [0.0500, 0.1000, 0.4600, 0.1800, 0.0400, 0.1300, 0.0400]                                                 | 2.0779   | 0.6800  | 0.7307 
2     | 8           | [99, 100, 101, 102, 105, 106, 107, 108]                       | [0.0200, 0.2100, 0.4300, 0.0500, 0.1000, 0.1200, 0.0400, 0.0300]                                         | 6.2875   | 0.7400  | 0.7487 
3     | 13          | [96, 97, 98, 99, 100, 101, 103, 106, 107, 108, 109, 110, 111] | [0.0100, 0.0300, 0.0200, 0.1300, 0.0400, 0.0400, 0.0200, 0.0400, 0.4000, 0.1400, 0.0300, 0.0800, 0.0200] | 16.1475  | 0.7600  | 0.7972 
4     | 5           | [101, 102, 103, 104, 105]                                     | [0.0300, 0.5400, 0.2200, 0.1600, 0.0500]                                                                 | 0.9044   | 0.6400  | 0.6374 
5     | 6           | [100, 101, 102, 103, 104, 105]                                | [0.0100, 0.6100, 0.1600, 0.0800, 0.0600, 0.0800]                                                         | 1.6539   | 0.5800  | 0.5917 
6     | 8           | [98, 99, 100, 101, 102, 103, 104, 105]                        | [0.0900, 0.0500, 0.0700, 0.0500, 0.0600, 0.5800, 0.0800, 0.0200]                                         | 3.2900   | 0.6000  | 0.6416 
7     | 7           | [93, 94, 95, 96, 97, 98, 99]                                  | [0.0100, 0.0500, 0.4300, 0.1900, 0.0900, 0.1000, 0.1300]                                                 | 2.3656   | 0.7800  | 0.7489 
8     | 7           | [88, 89, 90, 91, 92, 105, 106]                                | [0.0100, 0.1100, 0.2200, 0.4500, 0.0300, 0.1100, 0.0700]                                                 | 33.4675  | 0.7200  | 0.7263 
9     | 8           | [94, 95, 96, 98, 99, 100, 101, 102]                           | [0.0700, 0.0900, 0.0200, 0.0500, 0.0900, 0.0900, 0.4100, 0.1800]                                         | 6.3731   | 0.7600  | 0.7752 
10    | 7           | [99, 100, 101, 102, 103, 104, 105]                            | [0.0100, 0.1400, 0.0200, 0.0100, 0.0300, 0.4400, 0.3500]                                                 | 2.9531   | 0.6800  | 0.6695 
11    | 6           | [96, 97, 98, 99, 100, 101]                                    | [0.1400, 0.4400, 0.2600, 0.1000, 0.0300, 0.0300]                                                         | 1.2691   | 0.7800  | 0.7146 
12    | 7           | [94, 95, 96, 97, 98, 99, 100]                                 | [0.0300, 0.0100, 0.2400, 0.4000, 0.1600, 0.0100, 0.1500]                                                 | 2.0216   | 0.6000  | 0.7406 
13    | 6           | [99, 100, 101, 102, 103, 104]                                 | [0.0300, 0.0600, 0.5700, 0.2600, 0.0500, 0.0300]                                                         | 0.8011   | 0.5600  | 0.6057 
14    | 6           | [97, 98, 99, 100, 101, 102]                                   | [0.0100, 0.0400, 0.2600, 0.2700, 0.3400, 0.0800]                                                         | 1.1531   | 0.8600  | 0.7432 
15    | 9           | [95, 96, 97, 98, 99, 100, 101, 102, 103]                      | [0.0200, 0.1000, 0.0500, 0.0600, 0.1700, 0.4100, 0.0400, 0.1100, 0.0400]                                 | 3.4864   | 0.8400  | 0.7790 
16    | 6           | [101, 102, 103, 104, 105, 106]                                | [0.1400, 0.0700, 0.3700, 0.2400, 0.1000, 0.0800]                                                         | 1.8811   | 0.7400  | 0.7723 
17    | 9           | [100, 101, 102, 103, 104, 105, 106, 107, 108]                 | [0.0200, 0.0500, 0.1300, 0.1700, 0.1400, 0.0100, 0.0400, 0.4100, 0.0300]                                 | 5.1916   | 0.8200  | 0.7687 
18    | 7           | [95, 96, 97, 98, 99, 100, 101]                                | [0.0800, 0.4400, 0.0700, 0.2400, 0.0300, 0.1000, 0.0400]                                                 | 2.6344   | 0.7400  | 0.7323 
19    | 6           | [96, 97, 98, 99, 100, 101]                                    | [0.0900, 0.0500, 0.1900, 0.1100, 0.5200, 0.0400]                                                         | 1.8784   | 0.6400  | 0.6760 
20    | 8           | [96, 97, 98, 99, 100, 102, 103, 104]                          | [0.0600, 0.0200, 0.1500, 0.0400, 0.1000, 0.2100, 0.3400, 0.0800]                                         | 5.7056   | 0.7000  | 0.8038 
21    | 4           | [98, 99, 100, 101]                                            | [0.0600, 0.0600, 0.7900, 0.0900]                                                                         | 0.3819   | 0.3200  | 0.3642 
