
[Simulation Info]
simulation_id = sim_0002474
timestamp     = 20250428_082252
seed          = 645736
output_folder = /home/lejeunet/Bureau/simulations/Ref_table/sim_0002474

[Model Parameters]
pop_size           = 5459
num_loci           = 20
sample1_generation = 30
sample2_generation = 10
low_repeats        = 1
high_repeats       = 200
mutation_rate      = 0.001
recap_Ne           = 5459

[Sampling Design]
sample1_size_Ne  = 50
sample2_size_Ne  = 50
sample1_size_CMR = 50
sample2_size_CMR = 50

[Capture-Marquage-Recapture]
census_N   =  2601
MatchCount =  1

[Ne Estimates - One Sample - Decreasing critical values [0.050, 0.020, 0.010, 0+]]

[Linkage Desequilibrium]
LD_Ne_Pop1 = [2100.6, 9542.0, None, None]
LD_r2_Pop1 = [0.021435, 0.021311, 0.021243, 0.021243]
LD_Ne_Pop2 = [None, None, None, None]
LD_r2_Pop2 = [0.021224, 0.021144, 0.021165, 0.021165]

[Heterozygote excess]
HE_Neb_mean_Pop1        = [None, None, 316.7, 316.7]
HE_weighted_D_mean_Pop1 = [-0.0082, -0.00103, 0.00158, 0.00158]
HE_Neb_mean_Pop2        = [79.7, 217.2, 383.9, 383.9]
HE_weighted_D_mean_Pop2 = [0.00632, 0.00231, 0.0013, 0.0013]

[Molecular Coancestry]
Coan_Neb_n_Pop1 = None
Coan_f1_Pop1    = -0.00791
Coan_Neb_n_Pop2 = None
Coan_f1_Pop2    = -0.00895

[Ne Estimates - Temporal - Decreasing critical values (0.050, 0.020, 0.010, 0+)]

[Pollak]
P_Ne     = [9300.2, 3122.7, 1770.5, 2077.3]
P_Fk     = [0.02054, 0.0216, 0.02282, 0.02241]
P_Fprime = [0.00054, 0.0016, 0.00282, 0.00241]

[Nei/Tajima]
N_Ne     = [25691.6, 4343.9, 2179.9, 2588.7]
N_Fc     = [0.02019, 0.02115, 0.02229, 0.02193]
N_Fprime = [0.00019, 0.00115, 0.00229, 0.00193]

[Jorde/Ryman]
J_Ne     = [-16795.8, -25301.6, 41066.2, 57611.4]
J_Fs     = [0.0198, 0.0199, 0.02022, 0.02019]
J_Fprime = [-0.0003, -0.0002, 0.00012, 9e-05]

[Genetic Diversity - Heterozygosity]
mean_exp_het_pop1 = 0.8352
mean_obs_het_pop1 = 0.8371
mean_exp_het_pop2 = 0.8318
mean_obs_het_pop2 = 0.8371

[Genetic Diversity - Allele Counts]
mean_alleles_pop1 = 10.14
var_alleles_pop1  = 3.83
sum_alleles_pop1  = 213
mean_alleles_pop2 = 10.79
var_alleles_pop2  = 4.07
sum_alleles_pop2  = 453

[Genetic Diversity - Allelic Size Variance]
var_allele_size_pop1 = 8.9997
var_allele_size_pop2 = 8.4852

[Per-locus summary - Population 1]
Locus | Num_Alleles | Alleles                                                       | Frequencies                                                                                              | Variance | Obs_Het | Exp_Het
------+-------------+---------------------------------------------------------------+----------------------------------------------------------------------------------------------------------+----------+---------+--------
1     | 11          | [96, 99, 100, 101, 102, 103, 104, 105, 106, 107, 108]         | [0.0100, 0.1100, 0.0200, 0.0900, 0.1100, 0.0400, 0.0900, 0.2000, 0.1000, 0.1400, 0.0900]                 | 8.2964   | 0.9000  | 0.8887 
2     | 8           | [92, 95, 96, 97, 98, 99, 100, 101]                            | [0.0200, 0.0800, 0.0700, 0.1200, 0.1100, 0.1900, 0.2500, 0.1600]                                         | 4.1675   | 0.8000  | 0.8461 
3     | 10          | [95, 96, 97, 98, 99, 100, 101, 102, 103, 104]                 | [0.0400, 0.1800, 0.3600, 0.1200, 0.1300, 0.0500, 0.0500, 0.0300, 0.0200, 0.0200]                         | 3.9056   | 0.8400  | 0.8065 
4     | 7           | [102, 103, 104, 105, 106, 107, 108]                           | [0.0100, 0.1100, 0.1200, 0.3600, 0.2500, 0.1400, 0.0100]                                                 | 1.5139   | 0.7600  | 0.7693 
5     | 13          | [91, 97, 98, 99, 100, 101, 102, 103, 104, 105, 106, 107, 109] | [0.0500, 0.0100, 0.0700, 0.0800, 0.0900, 0.0500, 0.1300, 0.0400, 0.1100, 0.2200, 0.0300, 0.1100, 0.0100] | 14.6339  | 0.8600  | 0.8923 
6     | 10          | [96, 97, 98, 99, 100, 101, 102, 103, 104, 105]                | [0.0200, 0.1000, 0.2000, 0.2200, 0.1400, 0.0500, 0.1700, 0.0200, 0.0700, 0.0100]                         | 4.4716   | 0.7800  | 0.8533 
7     | 11          | [96, 97, 98, 101, 107, 108, 109, 110, 111, 112, 113]          | [0.0100, 0.1000, 0.0400, 0.0100, 0.0200, 0.0500, 0.2900, 0.2100, 0.1400, 0.1200, 0.0100]                 | 22.6075  | 0.8800  | 0.8313 
8     | 12          | [93, 94, 95, 96, 97, 98, 99, 100, 101, 102, 106, 107]         | [0.0100, 0.0100, 0.1000, 0.0900, 0.1300, 0.1700, 0.2900, 0.0600, 0.0400, 0.0300, 0.0100, 0.0600]         | 8.3451   | 0.8000  | 0.8505 
9     | 6           | [103, 104, 105, 106, 107, 109]                                | [0.0500, 0.1900, 0.3100, 0.2300, 0.0800, 0.1400]                                                         | 2.7444   | 0.7600  | 0.7943 
10    | 10          | [91, 92, 101, 102, 103, 104, 105, 106, 107, 108]              | [0.0100, 0.1700, 0.0200, 0.0200, 0.0700, 0.0900, 0.4600, 0.1100, 0.0400, 0.0100]                         | 25.6700  | 0.6800  | 0.7392 
11    | 11          | [90, 91, 92, 100, 102, 103, 104, 105, 106, 107, 108]          | [0.0300, 0.0500, 0.0200, 0.1000, 0.2300, 0.1000, 0.0800, 0.0200, 0.2500, 0.1000, 0.0200]                 | 20.1931  | 0.9000  | 0.8521 
12    | 10          | [95, 98, 99, 100, 101, 102, 103, 104, 106, 107]               | [0.0200, 0.0800, 0.1200, 0.0100, 0.1600, 0.1900, 0.2100, 0.0600, 0.0100, 0.1400]                         | 7.6451   | 0.8800  | 0.8582 
13    | 13          | [91, 92, 93, 95, 96, 97, 98, 99, 100, 101, 102, 103, 105]     | [0.0100, 0.0400, 0.0100, 0.0100, 0.0300, 0.1900, 0.0500, 0.1300, 0.2100, 0.2000, 0.0900, 0.0200, 0.0100] | 6.6984   | 0.8600  | 0.8576 
14    | 9           | [95, 96, 97, 98, 99, 100, 101, 102, 103]                      | [0.0300, 0.0900, 0.1800, 0.1600, 0.1000, 0.1400, 0.0300, 0.1400, 0.1300]                                 | 5.7171   | 0.9400  | 0.8748 
15    | 11          | [99, 101, 102, 103, 104, 105, 106, 107, 108, 109, 110]        | [0.0100, 0.0600, 0.0400, 0.0400, 0.0400, 0.1200, 0.2100, 0.0900, 0.2200, 0.0700, 0.1000]                 | 6.3859   | 0.8600  | 0.8703 
16    | 11          | [92, 94, 95, 97, 98, 99, 100, 101, 102, 103, 104]             | [0.0500, 0.0500, 0.0400, 0.0200, 0.0800, 0.3800, 0.0900, 0.1200, 0.1200, 0.0300, 0.0200]                 | 7.1291   | 0.7800  | 0.8121 
17    | 9           | [96, 97, 98, 99, 100, 101, 102, 103, 104]                     | [0.0300, 0.0600, 0.1200, 0.2000, 0.1700, 0.1200, 0.1500, 0.1400, 0.0100]                                 | 3.8204   | 0.8800  | 0.8642 
18    | 7           | [94, 95, 96, 97, 98, 99, 100]                                 | [0.0100, 0.2700, 0.3500, 0.1200, 0.0600, 0.1300, 0.0600]                                                 | 2.4636   | 0.7400  | 0.7737 
19    | 10          | [86, 87, 88, 93, 94, 95, 96, 97, 98, 99]                      | [0.0500, 0.1300, 0.0300, 0.1800, 0.2400, 0.0600, 0.0800, 0.1600, 0.0400, 0.0300]                         | 13.6044  | 0.8600  | 0.8602 
20    | 13          | [90, 92, 93, 94, 95, 96, 97, 98, 99, 100, 101, 102, 105]      | [0.0100, 0.0400, 0.0800, 0.0200, 0.0100, 0.0500, 0.2100, 0.0100, 0.1200, 0.1900, 0.1900, 0.0400, 0.0300] | 9.5100   | 0.8800  | 0.8642 
21    | 11          | [93, 94, 95, 96, 105, 106, 107, 108, 109, 110, 111]           | [0.0100, 0.0100, 0.0100, 0.0200, 0.0100, 0.1600, 0.3500, 0.1400, 0.2400, 0.0200, 0.0300]                 | 9.4699   | 0.9400  | 0.7804 

[Per-locus summary - Population 2]
Locus | Num_Alleles | Alleles                                                           | Frequencies                                                                                                      | Variance | Obs_Het | Exp_Het
------+-------------+-------------------------------------------------------------------+------------------------------------------------------------------------------------------------------------------+----------+---------+--------
1     | 12          | [96, 98, 99, 100, 101, 102, 103, 104, 105, 106, 107, 108]         | [0.0100, 0.0200, 0.1000, 0.0100, 0.0600, 0.1000, 0.0300, 0.0900, 0.1800, 0.1400, 0.1800, 0.0800]                 | 8.6011   | 0.7800  | 0.8849 
2     | 8           | [95, 96, 97, 98, 99, 100, 101, 102]                               | [0.0400, 0.0400, 0.1200, 0.1500, 0.1500, 0.2600, 0.1800, 0.0600]                                                 | 3.1331   | 0.8600  | 0.8422 
3     | 11          | [94, 95, 96, 97, 98, 99, 100, 101, 102, 103, 104]                 | [0.0100, 0.0900, 0.0900, 0.2600, 0.1600, 0.2100, 0.0800, 0.0200, 0.0300, 0.0100, 0.0400]                         | 4.4619   | 0.9200  | 0.8455 
4     | 8           | [100, 103, 104, 105, 106, 107, 108, 109]                          | [0.0100, 0.1400, 0.0900, 0.3400, 0.1700, 0.2300, 0.0100, 0.0100]                                                 | 2.1616   | 0.7600  | 0.7824 
5     | 14          | [91, 92, 97, 98, 99, 100, 101, 102, 103, 104, 105, 106, 107, 108] | [0.0300, 0.0200, 0.0300, 0.1400, 0.0700, 0.0400, 0.1000, 0.1100, 0.0400, 0.1100, 0.1700, 0.0500, 0.0600, 0.0300] | 14.8676  | 0.9200  | 0.9091 
6     | 10          | [96, 97, 98, 99, 100, 101, 102, 103, 104, 105]                    | [0.0500, 0.0900, 0.1500, 0.1600, 0.1100, 0.0500, 0.2600, 0.0400, 0.0800, 0.0100]                                 | 5.3331   | 0.8600  | 0.8596 
7     | 9           | [96, 97, 98, 107, 108, 109, 110, 111, 112]                        | [0.0400, 0.0300, 0.0200, 0.0500, 0.0500, 0.2600, 0.2900, 0.1300, 0.1300]                                         | 15.6339  | 0.8600  | 0.8147 
8     | 13          | [92, 93, 94, 95, 96, 97, 98, 99, 100, 101, 102, 106, 107]         | [0.0100, 0.0100, 0.0500, 0.1200, 0.1200, 0.0700, 0.1500, 0.2600, 0.1000, 0.0300, 0.0300, 0.0300, 0.0200]         | 7.9779   | 0.8800  | 0.8691 
9     | 9           | [101, 102, 103, 104, 105, 106, 107, 108, 109]                     | [0.0400, 0.0100, 0.0600, 0.2500, 0.2700, 0.2600, 0.0600, 0.0100, 0.0400]                                         | 2.4499   | 0.8200  | 0.7943 
10    | 9           | [91, 92, 101, 103, 104, 105, 106, 107, 108]                       | [0.0200, 0.0900, 0.0100, 0.0500, 0.1000, 0.5600, 0.1400, 0.0200, 0.0100]                                         | 17.7096  | 0.6200  | 0.6517 
11    | 14          | [89, 90, 91, 92, 99, 100, 101, 102, 103, 104, 105, 106, 107, 108] | [0.0100, 0.0100, 0.0800, 0.0100, 0.0300, 0.0700, 0.0200, 0.1600, 0.0400, 0.0900, 0.0800, 0.2900, 0.1000, 0.0100] | 22.5100  | 0.7800  | 0.8598 
12    | 11          | [95, 96, 98, 99, 100, 101, 102, 103, 104, 105, 107]               | [0.0100, 0.0300, 0.0300, 0.0900, 0.0400, 0.1700, 0.2600, 0.1700, 0.0800, 0.0100, 0.1100]                         | 6.5196   | 0.9200  | 0.8529 
13    | 11          | [92, 93, 96, 97, 98, 99, 100, 101, 102, 103, 105]                 | [0.0200, 0.0100, 0.0400, 0.2400, 0.0100, 0.1600, 0.2300, 0.1300, 0.1300, 0.0200, 0.0100]                         | 5.2259   | 0.8000  | 0.8358 
14    | 10          | [94, 95, 96, 97, 98, 99, 100, 102, 103, 104]                      | [0.0300, 0.0800, 0.0700, 0.0900, 0.2200, 0.0800, 0.2200, 0.0900, 0.1000, 0.0200]                                 | 6.3619   | 0.8400  | 0.8667 
15    | 11          | [99, 101, 102, 103, 104, 105, 106, 107, 108, 109, 110]            | [0.0100, 0.0500, 0.0800, 0.0600, 0.0400, 0.1100, 0.1800, 0.0700, 0.1900, 0.1500, 0.0600]                         | 6.9531   | 0.9000  | 0.8830 
16    | 10          | [92, 95, 97, 98, 99, 100, 101, 102, 103, 104]                     | [0.0100, 0.0600, 0.0100, 0.0600, 0.4900, 0.1100, 0.1000, 0.1100, 0.0400, 0.0100]                                 | 3.7284   | 0.7600  | 0.7238 
17    | 8           | [97, 98, 99, 100, 101, 102, 103, 104]                             | [0.0700, 0.1000, 0.1900, 0.1500, 0.1400, 0.2400, 0.1000, 0.0100]                                                 | 3.2504   | 0.9000  | 0.8477 
18    | 7           | [94, 95, 96, 97, 98, 99, 100]                                     | [0.0800, 0.2300, 0.3600, 0.1100, 0.0500, 0.1600, 0.0100]                                                         | 2.3444   | 0.8000  | 0.7786 
19    | 12          | [86, 87, 91, 92, 93, 94, 95, 96, 97, 98, 99, 101]                 | [0.0100, 0.1300, 0.0400, 0.0200, 0.0600, 0.1800, 0.1000, 0.1700, 0.1500, 0.0500, 0.0600, 0.0300]                 | 13.2579  | 0.8600  | 0.8854 
20    | 12          | [92, 93, 94, 96, 97, 98, 99, 100, 101, 102, 103, 105]             | [0.0500, 0.1100, 0.0600, 0.0700, 0.2200, 0.0100, 0.0900, 0.1100, 0.1200, 0.1100, 0.0200, 0.0300]                 | 11.3491  | 0.9600  | 0.8893 
21    | 9           | [94, 95, 96, 106, 107, 108, 109, 110, 111]                        | [0.0200, 0.0500, 0.0200, 0.2000, 0.3600, 0.1200, 0.1600, 0.0500, 0.0200]                                         | 14.3579  | 0.7800  | 0.7921 
