
[Simulation Info]
simulation_id = sim_0005679
timestamp     = 20250428_093811
seed          = 778068
output_folder = /home/lejeunet/Bureau/simulations/Ref_table/sim_0005679

[Model Parameters]
pop_size           = 1177
num_loci           = 20
sample1_generation = 30
sample2_generation = 10
low_repeats        = 1
high_repeats       = 200
mutation_rate      = 0.001
recap_Ne           = 1177

[Sampling Design]
sample1_size_Ne  = 50
sample2_size_Ne  = 50
sample1_size_CMR = 50
sample2_size_CMR = 50

[Capture-Marquage-Recapture]
census_N   =  650
MatchCount =  4

[Ne Estimates - One Sample - Decreasing critical values [0.050, 0.020, 0.010, 0+]]

[Linkage Desequilibrium]
LD_Ne_Pop1 = [None, None, None, None]
LD_r2_Pop1 = [0.020732, 0.021191, 0.021156, 0.021156]
LD_Ne_Pop2 = [None, None, None, None]
LD_r2_Pop2 = [0.02044, 0.021028, 0.020836, 0.020836]

[Heterozygote excess]
HE_Neb_mean_Pop1        = [284.3, None, None, None]
HE_weighted_D_mean_Pop1 = [0.00176, -0.00056, -0.00095, -0.00095]
HE_Neb_mean_Pop2        = [21.2, 33.6, 34.1, 34.1]
HE_weighted_D_mean_Pop2 = [0.02409, 0.01511, 0.01487, 0.01487]

[Molecular Coancestry]
Coan_Neb_n_Pop1 = 25.9
Coan_f1_Pop1    = 0.01933
Coan_Neb_n_Pop2 = None
Coan_f1_Pop2    = -0.01468

[Ne Estimates - Temporal - Decreasing critical values (0.050, 0.020, 0.010, 0+)]

[Pollak]
P_Ne     = [1765.2, 2106.0, 2313.9, 2149.6]
P_Fk     = [0.02283, 0.02237, 0.02216, 0.02233]
P_Fprime = [0.00283, 0.00237, 0.00216, 0.00233]

[Nei/Tajima]
N_Ne     = [2106.6, 2480.1, 2705.5, 2514.1]
N_Fc     = [0.02237, 0.02202, 0.02185, 0.02199]
N_Fprime = [0.00237, 0.00202, 0.00185, 0.00199]

[Jorde/Ryman]
J_Ne     = [1645.1, 1656.3, 1657.2, 1649.8]
J_Fs     = [0.02314, 0.02312, 0.02312, 0.02313]
J_Fprime = [0.00304, 0.00302, 0.00302, 0.00303]

[Genetic Diversity - Heterozygosity]
mean_exp_het_pop1 = 0.6945
mean_obs_het_pop1 = 0.6933
mean_exp_het_pop2 = 0.7005
mean_obs_het_pop2 = 0.7171

[Genetic Diversity - Allele Counts]
mean_alleles_pop1 = 5.67
var_alleles_pop1  = 2.33
sum_alleles_pop1  = 119
mean_alleles_pop2 = 6.0
var_alleles_pop2  = 2.39
sum_alleles_pop2  = 252

[Genetic Diversity - Allelic Size Variance]
var_allele_size_pop1 = 2.4755
var_allele_size_pop2 = 2.4521

[Per-locus summary - Population 1]
Locus | Num_Alleles | Alleles                                   | Frequencies                                                              | Variance | Obs_Het | Exp_Het
------+-------------+-------------------------------------------+--------------------------------------------------------------------------+----------+---------+--------
1     | 6           | [98, 99, 100, 101, 102, 103]              | [0.0500, 0.3500, 0.2200, 0.0100, 0.2800, 0.0900]                         | 2.3379   | 0.8000  | 0.7475 
2     | 4           | [98, 99, 100, 101]                        | [0.3200, 0.3600, 0.2900, 0.0300]                                         | 0.7291   | 0.7400  | 0.6899 
3     | 6           | [100, 101, 102, 103, 104, 105]            | [0.1900, 0.4600, 0.1300, 0.1000, 0.0800, 0.0400]                         | 1.7884   | 0.7000  | 0.7247 
4     | 5           | [96, 98, 99, 100, 101]                    | [0.0600, 0.1800, 0.4000, 0.1600, 0.2000]                                 | 1.6400   | 0.6800  | 0.7459 
5     | 6           | [98, 99, 100, 101, 102, 103]              | [0.3200, 0.0100, 0.4500, 0.0700, 0.1200, 0.0300]                         | 2.0475   | 0.7200  | 0.6816 
6     | 5           | [97, 98, 99, 100, 101]                    | [0.1300, 0.4200, 0.3800, 0.0500, 0.0200]                                 | 0.7219   | 0.7000  | 0.6661 
7     | 4           | [98, 99, 100, 101]                        | [0.0500, 0.5000, 0.4200, 0.0300]                                         | 0.4051   | 0.6000  | 0.5760 
8     | 9           | [96, 97, 98, 99, 100, 101, 102, 103, 104] | [0.0100, 0.2200, 0.0600, 0.0500, 0.0400, 0.1400, 0.1500, 0.2800, 0.0500] | 6.1179   | 0.8400  | 0.8291 
9     | 5           | [98, 99, 100, 101, 102]                   | [0.0500, 0.2700, 0.5600, 0.1100, 0.0100]                                 | 0.5624   | 0.6600  | 0.6048 
10    | 3           | [100, 101, 102]                           | [0.1000, 0.4400, 0.4600]                                                 | 0.4304   | 0.6400  | 0.5907 
11    | 4           | [100, 101, 102, 104]                      | [0.0500, 0.4600, 0.1700, 0.3200]                                         | 1.9336   | 0.6600  | 0.6612 
12    | 5           | [99, 101, 102, 103, 104]                  | [0.0300, 0.0100, 0.6600, 0.2000, 0.1000]                                 | 0.7900   | 0.4800  | 0.5186 
13    | 8           | [96, 97, 98, 99, 100, 101, 102, 103]      | [0.0200, 0.0100, 0.2700, 0.3300, 0.0900, 0.2300, 0.0400, 0.0100]         | 1.8904   | 0.7200  | 0.7626 
14    | 5           | [95, 96, 97, 98, 99]                      | [0.0500, 0.2300, 0.3300, 0.3000, 0.0900]                                 | 1.0675   | 0.7200  | 0.7450 
15    | 7           | [99, 100, 101, 102, 103, 104, 105]        | [0.0300, 0.0300, 0.1900, 0.0100, 0.1300, 0.5400, 0.0700]                 | 2.3336   | 0.6800  | 0.6552 
16    | 5           | [100, 101, 102, 103, 104]                 | [0.0100, 0.3000, 0.3300, 0.2800, 0.0800]                                 | 0.9256   | 0.7200  | 0.7234 
17    | 7           | [93, 94, 95, 96, 98, 99, 101]             | [0.0200, 0.1400, 0.3900, 0.0900, 0.0300, 0.3100, 0.0200]                 | 4.4104   | 0.7600  | 0.7297 
18    | 7           | [93, 94, 100, 101, 102, 103, 104]         | [0.0200, 0.1300, 0.1000, 0.1600, 0.4100, 0.1600, 0.0200]                 | 8.8356   | 0.7200  | 0.7606 
19    | 7           | [96, 97, 99, 100, 101, 102, 104]          | [0.0200, 0.1500, 0.1200, 0.2200, 0.2800, 0.2000, 0.0100]                 | 3.0251   | 0.7200  | 0.8038 
20    | 4           | [97, 100, 101, 102]                       | [0.1800, 0.2600, 0.4200, 0.1400]                                         | 2.5744   | 0.7800  | 0.7111 
21    | 7           | [96, 97, 98, 100, 102, 103, 104]          | [0.0400, 0.5000, 0.1400, 0.0100, 0.0200, 0.2800, 0.0100]                 | 7.4196   | 0.5200  | 0.6564 

[Per-locus summary - Population 2]
Locus | Num_Alleles | Alleles                                   | Frequencies                                                              | Variance | Obs_Het | Exp_Het
------+-------------+-------------------------------------------+--------------------------------------------------------------------------+----------+---------+--------
1     | 6           | [98, 99, 100, 101, 102, 103]              | [0.0400, 0.4600, 0.2200, 0.0300, 0.1900, 0.0600]                         | 1.9475   | 0.7800  | 0.7048 
2     | 4           | [98, 99, 100, 101]                        | [0.3000, 0.3500, 0.3300, 0.0200]                                         | 0.7051   | 0.7200  | 0.6851 
3     | 5           | [100, 101, 102, 103, 104]                 | [0.2000, 0.4600, 0.1200, 0.0800, 0.1400]                                 | 1.6500   | 0.6600  | 0.7151 
4     | 5           | [97, 98, 99, 100, 101]                    | [0.0200, 0.2900, 0.2600, 0.2100, 0.2200]                                 | 1.3576   | 0.7400  | 0.7630 
5     | 7           | [97, 98, 99, 100, 101, 102, 103]          | [0.0100, 0.2500, 0.0300, 0.4300, 0.1800, 0.0400, 0.0600]                 | 1.9856   | 0.8000  | 0.7212 
6     | 5           | [97, 98, 99, 100, 101]                    | [0.1400, 0.4500, 0.3500, 0.0500, 0.0100]                                 | 0.6644   | 0.6200  | 0.6594 
7     | 4           | [98, 99, 100, 101]                        | [0.0900, 0.4200, 0.4700, 0.0200]                                         | 0.4636   | 0.6200  | 0.6002 
8     | 9           | [96, 97, 98, 99, 100, 101, 102, 103, 104] | [0.0200, 0.0700, 0.1300, 0.0300, 0.0200, 0.1900, 0.2000, 0.3100, 0.0300] | 4.6364   | 0.9200  | 0.8115 
9     | 5           | [97, 98, 99, 100, 101]                    | [0.0100, 0.0400, 0.2600, 0.6100, 0.0800]                                 | 0.5059   | 0.6200  | 0.5578 
10    | 3           | [100, 101, 102]                           | [0.1500, 0.4700, 0.3800]                                                 | 0.4771   | 0.6200  | 0.6184 
11    | 6           | [100, 101, 102, 103, 104, 105]            | [0.0600, 0.5200, 0.1500, 0.0100, 0.2400, 0.0200]                         | 1.9019   | 0.7000  | 0.6519 
12    | 5           | [99, 101, 102, 103, 104]                  | [0.0400, 0.0400, 0.6700, 0.1800, 0.0700]                                 | 0.8344   | 0.4800  | 0.5158 
13    | 8           | [96, 97, 98, 99, 100, 101, 102, 103]      | [0.0200, 0.0500, 0.2100, 0.2800, 0.1300, 0.2600, 0.0400, 0.0100]         | 2.0864   | 0.8600  | 0.7964 
14    | 6           | [95, 96, 97, 98, 99, 100]                 | [0.0200, 0.2500, 0.2900, 0.3600, 0.0700, 0.0100]                         | 1.0024   | 0.7600  | 0.7257 
15    | 8           | [99, 100, 101, 102, 103, 104, 105, 106]   | [0.0200, 0.0200, 0.4000, 0.0300, 0.1100, 0.3200, 0.0900, 0.0100]         | 2.7064   | 0.6800  | 0.7228 
16    | 4           | [101, 102, 103, 104]                      | [0.3800, 0.2100, 0.3200, 0.0900]                                         | 1.0456   | 0.7200  | 0.7081 
17    | 7           | [93, 94, 95, 96, 97, 98, 99]              | [0.0400, 0.1200, 0.3800, 0.1000, 0.0400, 0.0800, 0.2400]                 | 3.7076   | 0.7800  | 0.7717 
18    | 7           | [93, 94, 100, 101, 102, 103, 104]         | [0.0100, 0.1700, 0.0800, 0.1700, 0.3400, 0.2200, 0.0100]                 | 10.0684  | 0.7600  | 0.7794 
19    | 7           | [96, 97, 98, 99, 100, 101, 102]           | [0.0100, 0.1500, 0.0200, 0.0700, 0.2200, 0.3400, 0.1900]                 | 2.7456   | 0.8200  | 0.7798 
20    | 5           | [96, 97, 100, 101, 102]                   | [0.0300, 0.2100, 0.2100, 0.4200, 0.1300]                                 | 3.3051   | 0.7600  | 0.7248 
21    | 7           | [96, 97, 98, 100, 102, 103, 104]          | [0.0300, 0.4500, 0.1600, 0.0200, 0.0300, 0.2800, 0.0300]                 | 7.6971   | 0.6400  | 0.6974 
