
[Simulation Info]
simulation_id = sim_0010003
timestamp     = 20250429_082935
seed          = 98766
output_folder = /home/lejeunet/Bureau/simulations/Ref_table/sim_0010003

[Model Parameters]
pop_size           = 791
num_loci           = 20
sample1_generation = 30
sample2_generation = 10
low_repeats        = 1
high_repeats       = 200
mutation_rate      = 0.001
recap_Ne           = 791

[Sampling Design]
sample1_size_Ne  = 50
sample2_size_Ne  = 50
sample1_size_CMR = 50
sample2_size_CMR = 50

[Capture-Marquage-Recapture]
census_N   =  520
MatchCount =  5

[Ne Estimates - One Sample - Decreasing critical values [0.050, 0.020, 0.010, 0+]]

[Linkage Desequilibrium]
LD_Ne_Pop1 = [265.4, 737.3, None, None]
LD_r2_Pop1 = [0.022522, 0.021727, 0.021259, 0.021259]
LD_Ne_Pop2 = [24850.4, None, None, None]
LD_r2_Pop2 = [0.021289, 0.021208, 0.021112, 0.021112]

[Heterozygote excess]
HE_Neb_mean_Pop1        = [59.0, 47.7, 50.5, 50.5]
HE_weighted_D_mean_Pop1 = [0.00854, 0.01059, 0.00999, 0.00999]
HE_Neb_mean_Pop2        = [1044.3, 397.0, 444.1, 444.1]
HE_weighted_D_mean_Pop2 = [0.00048, 0.00126, 0.00113, 0.00113]

[Molecular Coancestry]
Coan_Neb_n_Pop1 = 20.8
Coan_f1_Pop1    = 0.02404
Coan_Neb_n_Pop2 = None
Coan_f1_Pop2    = -0.05405

[Ne Estimates - Temporal - Decreasing critical values (0.050, 0.020, 0.010, 0+)]

[Pollak]
P_Ne     = [568.8, 636.4, 662.6, 736.6]
P_Fk     = [0.02879, 0.02786, 0.02755, 0.02679]
P_Fprime = [0.00879, 0.00786, 0.00755, 0.00679]

[Nei/Tajima]
N_Ne     = [611.7, 673.5, 697.3, 764.1]
N_Fc     = [0.02817, 0.02742, 0.02717, 0.02654]
N_Fprime = [0.00817, 0.00742, 0.00717, 0.00654]

[Jorde/Ryman]
J_Ne     = [604.3, 617.9, 621.1, 624.2]
J_Fs     = [0.02839, 0.02821, 0.02817, 0.02813]
J_Fprime = [0.00827, 0.00809, 0.00805, 0.00801]

[Genetic Diversity - Heterozygosity]
mean_exp_het_pop1 = 0.7049
mean_obs_het_pop1 = 0.7095
mean_exp_het_pop2 = 0.7174
mean_obs_het_pop2 = 0.7181

[Genetic Diversity - Allele Counts]
mean_alleles_pop1 = 5.76
var_alleles_pop1  = 2.79
sum_alleles_pop1  = 121
mean_alleles_pop2 = 5.93
var_alleles_pop2  = 2.46
sum_alleles_pop2  = 249

[Genetic Diversity - Allelic Size Variance]
var_allele_size_pop1 = 2.5804
var_allele_size_pop2 = 2.6533

[Per-locus summary - Population 1]
Locus | Num_Alleles | Alleles                                  | Frequencies                                                              | Variance | Obs_Het | Exp_Het
------+-------------+------------------------------------------+--------------------------------------------------------------------------+----------+---------+--------
1     | 6           | [96, 97, 98, 99, 100, 101]               | [0.0100, 0.4100, 0.1600, 0.1800, 0.2300, 0.0100]                         | 1.5824   | 0.7800  | 0.7281 
2     | 9           | [95, 96, 97, 98, 99, 100, 101, 102, 103] | [0.0100, 0.1000, 0.1300, 0.0200, 0.3600, 0.0700, 0.0400, 0.2100, 0.0600] | 4.5200   | 0.7600  | 0.7968 
3     | 3           | [100, 101, 102]                          | [0.6100, 0.2900, 0.1000]                                                 | 0.4499   | 0.5200  | 0.5392 
4     | 9           | [94, 95, 96, 97, 99, 100, 101, 102, 104] | [0.0100, 0.0800, 0.2600, 0.1200, 0.0300, 0.1600, 0.1800, 0.1500, 0.0100] | 6.6931   | 0.8000  | 0.8384 
5     | 5           | [98, 100, 101, 102, 103]                 | [0.0200, 0.2700, 0.1500, 0.0500, 0.5100]                                 | 1.9924   | 0.6400  | 0.6481 
6     | 4           | [99, 100, 101, 102]                      | [0.1700, 0.2500, 0.3400, 0.2400]                                         | 1.0475   | 0.6600  | 0.7428 
7     | 6           | [98, 99, 100, 101, 103, 104]             | [0.0200, 0.3700, 0.0600, 0.1000, 0.3800, 0.0700]                         | 3.8579   | 0.7200  | 0.7069 
8     | 8           | [95, 96, 97, 98, 100, 101, 102, 103]     | [0.0100, 0.0400, 0.3200, 0.1800, 0.0400, 0.3800, 0.0200, 0.0100]         | 3.8736   | 0.7600  | 0.7242 
9     | 7           | [97, 98, 99, 100, 101, 102, 103]         | [0.0400, 0.1400, 0.0600, 0.0800, 0.4600, 0.2100, 0.0100]                 | 2.1675   | 0.7000  | 0.7202 
10    | 5           | [99, 100, 101, 102, 103]                 | [0.2000, 0.1800, 0.2700, 0.3200, 0.0300]                                 | 1.3800   | 0.8600  | 0.7590 
11    | 6           | [97, 98, 99, 100, 101, 102]              | [0.0100, 0.0600, 0.5100, 0.2600, 0.1500, 0.0100]                         | 0.7899   | 0.6800  | 0.6525 
12    | 8           | [99, 100, 101, 102, 103, 104, 105, 106]  | [0.0500, 0.3200, 0.1500, 0.3300, 0.0200, 0.0100, 0.0800, 0.0400]         | 3.0500   | 0.7800  | 0.7628 
13    | 4           | [99, 100, 101, 102]                      | [0.0100, 0.4600, 0.4400, 0.0900]                                         | 0.4379   | 0.5800  | 0.5925 
14    | 5           | [98, 99, 100, 101, 102]                  | [0.0700, 0.2100, 0.2400, 0.4400, 0.0400]                                 | 1.0611   | 0.7800  | 0.7053 
15    | 6           | [97, 98, 99, 100, 103, 104]              | [0.0800, 0.1800, 0.2900, 0.0200, 0.4000, 0.0300]                         | 5.6251   | 0.7800  | 0.7230 
16    | 4           | [98, 99, 100, 102]                       | [0.0200, 0.5800, 0.0100, 0.3900]                                         | 2.1944   | 0.5400  | 0.5162 
17    | 5           | [100, 101, 102, 103, 104]                | [0.3700, 0.1000, 0.4800, 0.0400, 0.0100]                                 | 1.0516   | 0.5800  | 0.6273 
18    | 5           | [98, 99, 100, 101, 102]                  | [0.2500, 0.1700, 0.0800, 0.2900, 0.2100]                                 | 2.2984   | 0.7000  | 0.7818 
19    | 6           | [99, 100, 101, 103, 104, 105]            | [0.0100, 0.1300, 0.3700, 0.0400, 0.2700, 0.1800]                         | 3.5084   | 0.7200  | 0.7467 
20    | 6           | [97, 98, 101, 102, 103, 104]             | [0.3000, 0.1200, 0.2600, 0.1400, 0.1500, 0.0300]                         | 5.8291   | 0.9000  | 0.7929 
21    | 4           | [100, 101, 102, 103]                     | [0.0900, 0.3900, 0.3400, 0.1800]                                         | 0.7779   | 0.6600  | 0.6988 

[Per-locus summary - Population 2]
Locus | Num_Alleles | Alleles                                | Frequencies                                                      | Variance | Obs_Het | Exp_Het
------+-------------+----------------------------------------+------------------------------------------------------------------+----------+---------+--------
1     | 5           | [96, 97, 98, 99, 100]                  | [0.0200, 0.3100, 0.1900, 0.1800, 0.3000]                         | 1.5851   | 0.7800  | 0.7525 
2     | 8           | [96, 97, 98, 99, 100, 101, 102, 103]   | [0.0200, 0.0400, 0.0300, 0.2800, 0.0400, 0.0900, 0.3200, 0.1800] | 3.5371   | 0.7800  | 0.7820 
3     | 4           | [99, 100, 101, 102]                    | [0.0200, 0.4500, 0.3300, 0.2000]                                 | 0.6459   | 0.5600  | 0.6548 
4     | 8           | [94, 95, 96, 97, 100, 101, 102, 104]   | [0.0100, 0.0800, 0.3400, 0.1300, 0.1600, 0.1200, 0.1300, 0.0300] | 7.1659   | 0.8200  | 0.8113 
5     | 5           | [98, 100, 101, 102, 103]               | [0.0300, 0.3300, 0.0600, 0.0500, 0.5300]                         | 2.2939   | 0.7000  | 0.6093 
6     | 4           | [99, 100, 101, 102]                    | [0.2500, 0.2500, 0.1500, 0.3500]                                 | 1.4400   | 0.7800  | 0.7374 
7     | 8           | [98, 99, 100, 101, 102, 103, 104, 105] | [0.0200, 0.2900, 0.0400, 0.1400, 0.0100, 0.3600, 0.1300, 0.0100] | 3.9296   | 0.6800  | 0.7551 
8     | 5           | [96, 97, 98, 100, 101]                 | [0.0500, 0.4400, 0.1700, 0.0100, 0.3300]                         | 3.4291   | 0.6600  | 0.6727 
9     | 7           | [97, 98, 99, 100, 101, 102, 103]       | [0.0500, 0.1500, 0.0500, 0.0900, 0.4000, 0.2300, 0.0300]         | 2.4875   | 0.7200  | 0.7582 
10    | 6           | [98, 99, 100, 101, 102, 103]           | [0.0200, 0.2000, 0.2100, 0.2500, 0.2900, 0.0300]                 | 1.4976   | 0.7600  | 0.7758 
11    | 4           | [98, 99, 100, 101]                     | [0.0500, 0.4200, 0.3600, 0.1700]                                 | 0.6675   | 0.6400  | 0.6693 
12    | 7           | [99, 100, 101, 102, 103, 105, 106]     | [0.0800, 0.1800, 0.1700, 0.2900, 0.0300, 0.2200, 0.0300]         | 4.0984   | 0.8200  | 0.8061 
13    | 3           | [100, 101, 102]                        | [0.4600, 0.4000, 0.1400]                                         | 0.4976   | 0.5400  | 0.6149 
14    | 4           | [98, 99, 100, 101]                     | [0.0400, 0.2300, 0.3200, 0.4100]                                 | 0.7900   | 0.7200  | 0.6818 
15    | 6           | [97, 98, 99, 100, 103, 104]            | [0.0400, 0.1000, 0.3000, 0.0400, 0.4800, 0.0400]                 | 5.0596   | 0.6800  | 0.6715 
16    | 4           | [98, 99, 100, 102]                     | [0.0200, 0.5000, 0.0600, 0.4200]                                 | 2.1700   | 0.6800  | 0.5754 
17    | 6           | [99, 100, 101, 102, 103, 104]          | [0.0100, 0.3900, 0.1600, 0.3000, 0.0800, 0.0600]                 | 1.5371   | 0.7600  | 0.7295 
18    | 6           | [97, 98, 99, 100, 101, 102]            | [0.0100, 0.3400, 0.2300, 0.0400, 0.2400, 0.1400]                 | 2.3036   | 0.7400  | 0.7602 
19    | 7           | [99, 100, 101, 102, 103, 104, 105]     | [0.0400, 0.1300, 0.4300, 0.0100, 0.0300, 0.1800, 0.1800]         | 3.6656   | 0.8200  | 0.7382 
20    | 7           | [96, 97, 98, 101, 102, 103, 104]       | [0.0200, 0.2500, 0.0400, 0.3200, 0.1200, 0.1900, 0.0600]         | 5.9884   | 0.7000  | 0.7869 
21    | 5           | [100, 101, 102, 103, 104]              | [0.1500, 0.3900, 0.2900, 0.1600, 0.0100]                         | 0.9299   | 0.7400  | 0.7228 
