
[Simulation Info]
simulation_id = sim_0010764
timestamp     = 20250429_085116
seed          = 877810
output_folder = /home/lejeunet/Bureau/simulations/Ref_table/sim_0010764

[Model Parameters]
pop_size           = 8605
num_loci           = 20
sample1_generation = 30
sample2_generation = 10
low_repeats        = 1
high_repeats       = 200
mutation_rate      = 0.001
recap_Ne           = 8605

[Sampling Design]
sample1_size_Ne  = 50
sample2_size_Ne  = 50
sample1_size_CMR = 50
sample2_size_CMR = 50

[Capture-Marquage-Recapture]
census_N   =  0
MatchCount =  0
# There were no match between sampling of individuals during CMR.

[Ne Estimates - One Sample - Decreasing critical values [0.050, 0.020, 0.010, 0+]]

[Linkage Desequilibrium]
LD_Ne_Pop1 = [1530.5, None, None, None]
LD_r2_Pop1 = [0.021494, 0.021061, 0.021037, 0.021037]
LD_Ne_Pop2 = [765.3, 5063.5, 8679.3, 8679.3]
LD_r2_Pop2 = [0.02171, 0.021342, 0.021314, 0.021314]

[Heterozygote excess]
HE_Neb_mean_Pop1        = [None, None, None, None]
HE_weighted_D_mean_Pop1 = [-0.01154, -0.00729, -0.00565, -0.00565]
HE_Neb_mean_Pop2        = [None, 605.6, 9048.4, 9048.4]
HE_weighted_D_mean_Pop2 = [-0.00515, 0.00083, 6e-05, 6e-05]

[Molecular Coancestry]
Coan_Neb_n_Pop1 = 113.8
Coan_f1_Pop1    = 0.00439
Coan_Neb_n_Pop2 = 113.1
Coan_f1_Pop2    = 0.00442

[Ne Estimates - Temporal - Decreasing critical values (0.050, 0.020, 0.010, 0+)]

[Pollak]
P_Ne     = [8582.1, 2367.0, 1956.2, 2245.9]
P_Fk     = [0.02058, 0.02211, 0.02256, 0.02223]
P_Fprime = [0.00058, 0.00211, 0.00256, 0.00223]

[Nei/Tajima]
N_Ne     = [52480.5, 2938.6, 2335.4, 2702.1]
N_Fc     = [0.0201, 0.0217, 0.02214, 0.02185]
N_Fprime = [0.0001, 0.0017, 0.00214, 0.00185]

[Jorde/Ryman]
J_Ne     = [-5325.9, 5059.8, 4204.7, 4368.6]
J_Fs     = [0.01916, 0.02109, 0.02129, 0.02125]
J_Fprime = [-0.00094, 0.00099, 0.00119, 0.00114]

[Genetic Diversity - Heterozygosity]
mean_exp_het_pop1 = 0.8756
mean_obs_het_pop1 = 0.861
mean_exp_het_pop2 = 0.8755
mean_obs_het_pop2 = 0.8762

[Genetic Diversity - Allele Counts]
mean_alleles_pop1 = 12.9
var_alleles_pop1  = 4.49
sum_alleles_pop1  = 271
mean_alleles_pop2 = 13.57
var_alleles_pop2  = 7.23
sum_alleles_pop2  = 570

[Genetic Diversity - Allelic Size Variance]
var_allele_size_pop1 = 13.4553
var_allele_size_pop2 = 13.5242

[Per-locus summary - Population 1]
Locus | Num_Alleles | Alleles                                                                       | Frequencies                                                                                                                              | Variance | Obs_Het | Exp_Het
------+-------------+-------------------------------------------------------------------------------+------------------------------------------------------------------------------------------------------------------------------------------+----------+---------+--------
1     | 11          | [98, 99, 100, 101, 102, 103, 105, 106, 107, 108, 110]                         | [0.1400, 0.1900, 0.2900, 0.1100, 0.1100, 0.0300, 0.0400, 0.0200, 0.0300, 0.0300, 0.0100]                                                 | 7.0076   | 0.8200  | 0.8396 
2     | 13          | [88, 89, 90, 91, 92, 93, 96, 97, 98, 99, 100, 101, 102]                       | [0.0200, 0.0800, 0.1600, 0.1700, 0.0400, 0.0100, 0.0100, 0.0600, 0.2500, 0.0400, 0.0700, 0.0300, 0.0600]                                 | 19.8275  | 0.8400  | 0.8685 
3     | 11          | [94, 95, 96, 97, 98, 99, 100, 101, 102, 103, 104]                             | [0.0300, 0.0300, 0.1500, 0.1500, 0.1600, 0.0300, 0.0500, 0.2000, 0.0700, 0.1000, 0.0300]                                                 | 7.1691   | 0.8800  | 0.8772 
4     | 14          | [87, 88, 89, 90, 91, 92, 93, 94, 95, 96, 97, 98, 101, 102]                    | [0.0100, 0.0400, 0.0300, 0.0100, 0.0500, 0.1500, 0.1500, 0.1200, 0.1300, 0.0900, 0.1500, 0.0300, 0.0300, 0.0100]                         | 8.4651   | 0.8800  | 0.8950 
5     | 13          | [92, 93, 94, 95, 96, 97, 98, 99, 100, 101, 102, 105, 106]                     | [0.0800, 0.0600, 0.0800, 0.0100, 0.0100, 0.0400, 0.1900, 0.3100, 0.1300, 0.0100, 0.0100, 0.0400, 0.0300]                                 | 10.7891  | 0.8200  | 0.8384 
6     | 9           | [96, 97, 98, 99, 100, 101, 102, 103, 104]                                     | [0.0300, 0.0500, 0.2000, 0.2700, 0.0500, 0.0400, 0.0600, 0.1200, 0.1800]                                                                 | 6.1500   | 0.8200  | 0.8376 
7     | 13          | [91, 92, 93, 94, 95, 96, 97, 98, 99, 100, 101, 102, 103]                      | [0.1000, 0.0500, 0.0100, 0.1400, 0.1400, 0.0300, 0.1300, 0.2000, 0.0500, 0.0100, 0.0700, 0.0500, 0.0200]                                 | 10.0304  | 0.9000  | 0.8889 
8     | 16          | [94, 95, 96, 97, 98, 99, 100, 101, 102, 103, 104, 105, 106, 107, 108, 109]    | [0.0200, 0.0200, 0.0100, 0.0400, 0.0300, 0.0100, 0.0500, 0.0600, 0.1200, 0.0500, 0.1800, 0.1400, 0.0800, 0.1000, 0.0700, 0.0200]         | 11.9644  | 0.8800  | 0.9089 
9     | 12          | [90, 91, 92, 93, 94, 95, 96, 97, 98, 99, 102, 103]                            | [0.1300, 0.1600, 0.1200, 0.2500, 0.0600, 0.0900, 0.0300, 0.0300, 0.0200, 0.0800, 0.0100, 0.0200]                                         | 9.0499   | 0.8400  | 0.8685 
10    | 10          | [101, 102, 103, 104, 105, 106, 107, 108, 109, 110]                            | [0.0200, 0.0800, 0.0700, 0.0300, 0.0500, 0.1200, 0.0600, 0.2300, 0.2700, 0.0700]                                                         | 6.3531   | 0.8000  | 0.8447 
11    | 12          | [97, 98, 99, 100, 101, 102, 103, 104, 105, 106, 107, 108]                     | [0.0800, 0.0100, 0.0200, 0.0400, 0.2100, 0.2200, 0.1600, 0.1000, 0.0500, 0.0900, 0.0100, 0.0100]                                         | 5.7339   | 0.9200  | 0.8612 
12    | 15          | [92, 93, 94, 96, 97, 98, 99, 100, 101, 102, 103, 104, 105, 106, 107]          | [0.0400, 0.0300, 0.0300, 0.0100, 0.1000, 0.0700, 0.1800, 0.1400, 0.0900, 0.1000, 0.0800, 0.0600, 0.0400, 0.0200, 0.0100]                 | 10.9659  | 0.9000  | 0.9085 
13    | 12          | [97, 98, 99, 100, 101, 102, 103, 104, 105, 106, 107, 108]                     | [0.0100, 0.1700, 0.0700, 0.1000, 0.1000, 0.2100, 0.1300, 0.1200, 0.0500, 0.0200, 0.0100, 0.0100]                                         | 5.8091   | 0.8200  | 0.8764 
14    | 16          | [96, 97, 99, 101, 102, 103, 104, 105, 106, 107, 108, 111, 112, 113, 114, 115] | [0.0100, 0.0200, 0.0100, 0.0100, 0.0700, 0.1300, 0.0400, 0.1300, 0.2000, 0.0700, 0.0700, 0.1400, 0.0400, 0.0200, 0.0200, 0.0200]         | 14.9875  | 0.9000  | 0.8958 
15    | 11          | [94, 95, 96, 97, 98, 99, 100, 101, 102, 103, 104]                             | [0.0200, 0.0500, 0.0500, 0.1600, 0.2900, 0.1300, 0.0800, 0.1200, 0.0200, 0.0600, 0.0200]                                                 | 4.7644   | 0.8000  | 0.8513 
16    | 15          | [92, 93, 94, 95, 96, 97, 98, 99, 100, 101, 102, 106, 107, 108, 109]           | [0.0600, 0.0900, 0.0200, 0.1800, 0.1200, 0.0900, 0.0600, 0.1000, 0.0200, 0.0700, 0.0200, 0.0800, 0.0500, 0.0200, 0.0200]                 | 21.6076  | 0.9000  | 0.9131 
17    | 17          | [88, 89, 90, 91, 92, 93, 94, 95, 96, 97, 98, 99, 100, 101, 104, 106, 107]     | [0.0200, 0.0200, 0.0400, 0.0200, 0.0300, 0.0400, 0.0600, 0.0200, 0.0500, 0.1400, 0.0300, 0.2000, 0.1600, 0.0400, 0.0200, 0.0600, 0.0500] | 20.5251  | 0.9000  | 0.9030 
18    | 11          | [94, 95, 96, 97, 98, 99, 100, 101, 102, 103, 104]                             | [0.0200, 0.0100, 0.0400, 0.0100, 0.0700, 0.1700, 0.3100, 0.1700, 0.1500, 0.0400, 0.0100]                                                 | 3.4384   | 0.7600  | 0.8230 
19    | 12          | [89, 92, 93, 94, 95, 96, 97, 98, 99, 100, 101, 102]                           | [0.0600, 0.0200, 0.0300, 0.1200, 0.0200, 0.0700, 0.1500, 0.1600, 0.1500, 0.1600, 0.0400, 0.0200]                                         | 9.3891   | 0.8800  | 0.8861 
20    | 14          | [83, 84, 85, 86, 87, 88, 89, 90, 94, 95, 96, 97, 99, 100]                     | [0.0100, 0.0600, 0.1500, 0.1500, 0.0800, 0.1000, 0.1000, 0.0200, 0.0100, 0.0800, 0.1100, 0.0700, 0.0500, 0.0100]                         | 24.5876  | 0.8600  | 0.9075 
21    | 14          | [89, 91, 92, 93, 94, 95, 96, 97, 98, 99, 108, 110, 111, 112]                  | [0.0200, 0.0100, 0.1300, 0.0200, 0.0400, 0.0800, 0.1700, 0.0800, 0.0100, 0.0100, 0.0700, 0.1700, 0.1100, 0.0800]                         | 63.9475  | 0.9600  | 0.8953 

[Per-locus summary - Population 2]
Locus | Num_Alleles | Alleles                                                                             | Frequencies                                                                                                                                      | Variance | Obs_Het | Exp_Het
------+-------------+-------------------------------------------------------------------------------------+--------------------------------------------------------------------------------------------------------------------------------------------------+----------+---------+--------
1     | 12          | [97, 98, 99, 100, 101, 102, 103, 104, 105, 106, 107, 108]                           | [0.0100, 0.1300, 0.2600, 0.2500, 0.1300, 0.1100, 0.0100, 0.0500, 0.0200, 0.0100, 0.0100, 0.0100]                                                 | 4.2044   | 0.8000  | 0.8289 
2     | 15          | [87, 88, 89, 90, 91, 92, 93, 96, 97, 98, 99, 100, 101, 102, 105]                    | [0.0200, 0.0100, 0.0500, 0.1400, 0.1200, 0.0300, 0.0200, 0.0200, 0.0900, 0.2900, 0.0600, 0.0600, 0.0500, 0.0300, 0.0100]                         | 18.9156  | 0.8000  | 0.8671 
3     | 11          | [94, 95, 96, 97, 98, 99, 100, 101, 102, 103, 104]                                   | [0.0400, 0.1000, 0.1300, 0.1000, 0.2000, 0.0700, 0.0600, 0.1400, 0.0300, 0.0800, 0.0500]                                                         | 7.6379   | 0.9200  | 0.8925 
4     | 14          | [88, 89, 90, 91, 92, 93, 94, 95, 96, 97, 98, 99, 101, 102]                          | [0.0800, 0.0300, 0.0200, 0.0200, 0.1100, 0.2000, 0.1400, 0.1700, 0.0800, 0.0600, 0.0300, 0.0300, 0.0200, 0.0100]                                 | 8.6139   | 0.9200  | 0.8879 
5     | 11          | [92, 93, 94, 97, 98, 99, 100, 101, 105, 106, 107]                                   | [0.0500, 0.0300, 0.0200, 0.0400, 0.2600, 0.2800, 0.1600, 0.0400, 0.0600, 0.0400, 0.0200]                                                         | 10.1651  | 0.8000  | 0.8240 
6     | 10          | [96, 97, 98, 99, 100, 101, 102, 103, 104, 105]                                      | [0.0100, 0.0300, 0.1900, 0.1900, 0.1200, 0.0200, 0.1400, 0.1800, 0.0900, 0.0300]                                                                 | 5.3475   | 0.8200  | 0.8596 
7     | 15          | [89, 90, 91, 92, 93, 94, 95, 96, 97, 98, 99, 100, 101, 102, 103]                    | [0.0100, 0.0100, 0.0600, 0.1200, 0.0300, 0.0400, 0.1700, 0.0900, 0.0400, 0.1900, 0.0500, 0.0700, 0.0800, 0.0200, 0.0200]                         | 10.8724  | 0.9200  | 0.8990 
8     | 18          | [93, 94, 95, 96, 97, 98, 99, 100, 101, 102, 103, 104, 105, 106, 107, 108, 109, 110] | [0.0100, 0.0200, 0.0200, 0.0300, 0.0100, 0.0600, 0.0200, 0.0400, 0.0400, 0.1200, 0.0400, 0.1400, 0.1400, 0.1100, 0.1000, 0.0600, 0.0300, 0.0100] | 14.4659  | 0.9600  | 0.9182 
9     | 12          | [89, 90, 91, 92, 93, 94, 95, 97, 98, 99, 102, 103]                                  | [0.0200, 0.1500, 0.2200, 0.0800, 0.2100, 0.0700, 0.1400, 0.0400, 0.0100, 0.0300, 0.0100, 0.0200]                                                 | 8.0396   | 0.8600  | 0.8592 
10    | 11          | [100, 101, 102, 103, 104, 105, 106, 107, 108, 109, 110]                             | [0.0200, 0.0100, 0.0800, 0.1000, 0.0500, 0.0600, 0.0500, 0.0800, 0.2600, 0.2500, 0.0400]                                                         | 7.1064   | 0.8800  | 0.8448 
11    | 10          | [97, 98, 99, 100, 101, 102, 103, 104, 105, 106]                                     | [0.0400, 0.0500, 0.0600, 0.0400, 0.2100, 0.1800, 0.0900, 0.1000, 0.1500, 0.0800]                                                                 | 5.7939   | 0.9000  | 0.8760 
12    | 16          | [90, 91, 92, 93, 94, 95, 96, 97, 98, 99, 100, 101, 102, 103, 104, 105]              | [0.0200, 0.0200, 0.0400, 0.0400, 0.0200, 0.0100, 0.0100, 0.0800, 0.0500, 0.1900, 0.2100, 0.1200, 0.0800, 0.0600, 0.0400, 0.0100]                 | 11.1475  | 0.8600  | 0.8891 
13    | 11          | [97, 98, 99, 100, 101, 102, 103, 104, 105, 106, 108]                                | [0.0700, 0.0600, 0.0700, 0.1300, 0.1900, 0.1600, 0.1400, 0.1100, 0.0200, 0.0200, 0.0300]                                                         | 5.8851   | 0.8800  | 0.8834 
14    | 17          | [96, 97, 98, 99, 100, 102, 103, 104, 105, 106, 107, 108, 109, 111, 112, 114, 115]   | [0.0100, 0.0700, 0.0200, 0.0200, 0.0100, 0.0600, 0.1500, 0.0700, 0.1100, 0.1200, 0.0200, 0.1100, 0.0200, 0.1000, 0.0300, 0.0600, 0.0200]         | 21.5179  | 0.8800  | 0.9180 
15    | 11          | [93, 95, 96, 97, 98, 99, 100, 101, 102, 103, 104]                                   | [0.0100, 0.0200, 0.0800, 0.2000, 0.1800, 0.1000, 0.1300, 0.1400, 0.0600, 0.0700, 0.0100]                                                         | 4.9784   | 0.9400  | 0.8743 
16    | 15          | [92, 93, 94, 95, 96, 97, 98, 99, 100, 101, 102, 106, 107, 108, 109]                 | [0.1100, 0.1100, 0.0300, 0.1600, 0.0700, 0.0600, 0.0300, 0.0400, 0.0300, 0.1600, 0.0500, 0.0600, 0.0200, 0.0500, 0.0200]                         | 24.2275  | 0.8400  | 0.9115 
17    | 17          | [88, 89, 90, 91, 92, 93, 95, 96, 97, 98, 99, 100, 101, 104, 105, 106, 107]          | [0.0100, 0.0200, 0.0700, 0.0400, 0.0300, 0.0500, 0.0300, 0.0600, 0.0600, 0.0300, 0.1900, 0.1700, 0.0700, 0.0600, 0.0100, 0.0700, 0.0300]         | 22.9876  | 0.8600  | 0.9103 
18    | 9           | [96, 97, 98, 99, 100, 101, 102, 103, 104]                                           | [0.0500, 0.0600, 0.0500, 0.1400, 0.2900, 0.2600, 0.1300, 0.0100, 0.0100]                                                                         | 2.7091   | 0.8400  | 0.8111 
19    | 12          | [90, 92, 93, 94, 95, 96, 97, 98, 99, 100, 101, 102]                                 | [0.0200, 0.0200, 0.0300, 0.1100, 0.0200, 0.0700, 0.1200, 0.2000, 0.1900, 0.1500, 0.0600, 0.0100]                                                 | 6.3496   | 0.9400  | 0.8729 
20    | 12          | [84, 85, 86, 87, 88, 89, 90, 94, 95, 96, 97, 99]                                    | [0.0200, 0.2400, 0.0700, 0.0800, 0.0800, 0.0200, 0.0500, 0.0500, 0.1100, 0.2200, 0.0500, 0.0100]                                                 | 23.3899  | 0.9200  | 0.8644 
21    | 15          | [90, 91, 92, 93, 94, 95, 96, 97, 98, 107, 108, 110, 111, 112, 113]                  | [0.0100, 0.0100, 0.0700, 0.0200, 0.0700, 0.1200, 0.1900, 0.0300, 0.0700, 0.0100, 0.0500, 0.1200, 0.1700, 0.0500, 0.0100]                         | 59.6531  | 0.8600  | 0.8937 
