
[Simulation Info]
simulation_id = sim_0000140
timestamp     = 20250428_073730
seed          = 131998
output_folder = /home/lejeunet/Bureau/simulations/Ref_table/sim_0000140

[Model Parameters]
pop_size           = 1144
num_loci           = 20
sample1_generation = 30
sample2_generation = 10
low_repeats        = 1
high_repeats       = 200
mutation_rate      = 0.001
recap_Ne           = 1144

[Sampling Design]
sample1_size_Ne  = 50
sample2_size_Ne  = 50
sample1_size_CMR = 50
sample2_size_CMR = 50

[Capture-Marquage-Recapture]
census_N   =  1300
MatchCount =  2

[Ne Estimates - One Sample - Decreasing critical values [0.050, 0.020, 0.010, 0+]]

[Linkage Desequilibrium]
LD_Ne_Pop1 = [836.3, 384.7, 489.2, 489.2]
LD_r2_Pop1 = [0.021674, 0.022138, 0.021955, 0.021955]
LD_Ne_Pop2 = [None, None, None, None]
LD_r2_Pop2 = [0.020601, 0.021099, 0.021149, 0.021149]

[Heterozygote excess]
HE_Neb_mean_Pop1        = [285.3, 58.1, 63.4, 63.4]
HE_weighted_D_mean_Pop1 = [0.00176, 0.00868, 0.00795, 0.00795]
HE_Neb_mean_Pop2        = [38.0, 56.6, 62.9, 62.9]
HE_weighted_D_mean_Pop2 = [0.01333, 0.00891, 0.00802, 0.00802]

[Molecular Coancestry]
Coan_Neb_n_Pop1 = 18.5
Coan_f1_Pop1    = 0.02703
Coan_Neb_n_Pop2 = None
Coan_f1_Pop2    = -0.00756

[Ne Estimates - Temporal - Decreasing critical values (0.050, 0.020, 0.010, 0+)]

[Pollak]
P_Ne     = [1224.2, 1310.3, 1342.7, 1566.1]
P_Fk     = [0.02408, 0.02382, 0.02372, 0.02319]
P_Fprime = [0.00408, 0.00382, 0.00372, 0.00319]

[Nei/Tajima]
N_Ne     = [1224.0, 1313.9, 1344.3, 1533.5]
N_Fc     = [0.02408, 0.02381, 0.02372, 0.02326]
N_Fprime = [0.00408, 0.00381, 0.00372, 0.00326]

[Jorde/Ryman]
J_Ne     = [948.6, 956.9, 953.0, 960.1]
J_Fs     = [0.02538, 0.02533, 0.02535, 0.02531]
J_Fprime = [0.00527, 0.00523, 0.00525, 0.00521]

[Genetic Diversity - Heterozygosity]
mean_exp_het_pop1 = 0.7425
mean_obs_het_pop1 = 0.7467
mean_exp_het_pop2 = 0.7506
mean_obs_het_pop2 = 0.7629

[Genetic Diversity - Allele Counts]
mean_alleles_pop1 = 6.62
var_alleles_pop1  = 1.45
sum_alleles_pop1  = 139
mean_alleles_pop2 = 7.17
var_alleles_pop2  = 1.85
sum_alleles_pop2  = 301

[Genetic Diversity - Allelic Size Variance]
var_allele_size_pop1 = 4.3977
var_allele_size_pop2 = 4.1569

[Per-locus summary - Population 1]
Locus | Num_Alleles | Alleles                                        | Frequencies                                                                      | Variance | Obs_Het | Exp_Het
------+-------------+------------------------------------------------+----------------------------------------------------------------------------------+----------+---------+--------
1     | 6           | [97, 98, 99, 100, 101, 102]                    | [0.0600, 0.2200, 0.4100, 0.0500, 0.1100, 0.1500]                                 | 2.1556   | 0.7600  | 0.7503 
2     | 5           | [97, 98, 99, 100, 101]                         | [0.1600, 0.2900, 0.1600, 0.1500, 0.2400]                                         | 2.0396   | 0.8200  | 0.7925 
3     | 7           | [95, 96, 98, 99, 100, 101, 103]                | [0.1300, 0.1300, 0.2400, 0.2600, 0.1700, 0.0200, 0.0500]                         | 3.9924   | 0.8800  | 0.8174 
4     | 8           | [98, 99, 100, 101, 102, 103, 104, 105]         | [0.0100, 0.1400, 0.1500, 0.0900, 0.0400, 0.3900, 0.1700, 0.0100]                 | 3.2619   | 0.7600  | 0.7748 
5     | 10          | [96, 97, 98, 99, 100, 101, 102, 103, 104, 105] | [0.1000, 0.1700, 0.0400, 0.2100, 0.0100, 0.1100, 0.0200, 0.1400, 0.0600, 0.1400] | 9.3139   | 0.8800  | 0.8687 
6     | 7           | [99, 100, 101, 102, 103, 104, 105]             | [0.2100, 0.1600, 0.0600, 0.0700, 0.3100, 0.1700, 0.0200]                         | 3.6700   | 0.7800  | 0.8044 
7     | 5           | [98, 100, 101, 102, 103]                       | [0.0200, 0.2400, 0.4400, 0.2500, 0.0500]                                         | 0.8675   | 0.6400  | 0.6903 
8     | 5           | [97, 98, 99, 100, 101]                         | [0.0200, 0.0100, 0.4600, 0.1500, 0.3600]                                         | 1.0076   | 0.6600  | 0.6422 
9     | 6           | [95, 96, 97, 98, 99, 100]                      | [0.0500, 0.0300, 0.3300, 0.2700, 0.1100, 0.2100]                                 | 1.8499   | 0.8000  | 0.7663 
10    | 8           | [98, 99, 100, 101, 102, 103, 105, 106]         | [0.0200, 0.0500, 0.5500, 0.0900, 0.0100, 0.0500, 0.2200, 0.0100]                 | 4.8011   | 0.6800  | 0.6418 
11    | 8           | [96, 97, 98, 99, 100, 101, 102, 103]           | [0.0500, 0.0200, 0.0100, 0.3300, 0.0600, 0.3400, 0.1600, 0.0300]                 | 2.5804   | 0.8200  | 0.7499 
12    | 6           | [92, 93, 94, 99, 100, 101]                     | [0.0600, 0.4800, 0.0200, 0.0400, 0.2500, 0.1500]                                 | 13.4475  | 0.6200  | 0.6859 
13    | 6           | [95, 96, 98, 99, 100, 101]                     | [0.0200, 0.1200, 0.1700, 0.2200, 0.3900, 0.0800]                                 | 2.2764   | 0.7400  | 0.7570 
14    | 6           | [99, 100, 101, 102, 103, 104]                  | [0.3200, 0.2300, 0.0400, 0.2000, 0.1700, 0.0400]                                 | 2.7059   | 0.8200  | 0.7804 
15    | 6           | [99, 100, 101, 102, 103, 104]                  | [0.0400, 0.2800, 0.3900, 0.1500, 0.1100, 0.0300]                                 | 1.2900   | 0.8000  | 0.7398 
16    | 6           | [99, 100, 101, 102, 103, 104]                  | [0.5500, 0.1600, 0.0100, 0.2300, 0.0400, 0.0100]                                 | 1.9936   | 0.5400  | 0.6234 
17    | 6           | [98, 99, 100, 101, 102, 103]                   | [0.0100, 0.0200, 0.1100, 0.1800, 0.6300, 0.0500]                                 | 0.8075   | 0.5600  | 0.5612 
18    | 7           | [92, 93, 94, 101, 102, 103, 104]               | [0.1400, 0.3500, 0.0600, 0.1700, 0.1700, 0.0900, 0.0200]                         | 20.8251  | 0.8600  | 0.7960 
19    | 7           | [96, 97, 98, 100, 101, 102, 103]               | [0.0400, 0.0300, 0.3200, 0.0300, 0.2200, 0.1200, 0.2400]                         | 4.9659   | 0.8000  | 0.7816 
20    | 7           | [97, 98, 99, 100, 101, 103, 104]               | [0.1100, 0.2600, 0.0400, 0.0900, 0.1400, 0.2500, 0.1100]                         | 6.0264   | 0.7600  | 0.8246 
21    | 7           | [96, 97, 99, 100, 101, 102, 103]               | [0.0100, 0.0600, 0.0100, 0.4000, 0.1200, 0.2500, 0.1500]                         | 2.4744   | 0.7000  | 0.7442 

[Per-locus summary - Population 2]
Locus | Num_Alleles | Alleles                                        | Frequencies                                                                      | Variance | Obs_Het | Exp_Het
------+-------------+------------------------------------------------+----------------------------------------------------------------------------------+----------+---------+--------
1     | 6           | [97, 98, 99, 100, 101, 102]                    | [0.0600, 0.2700, 0.3800, 0.0500, 0.1100, 0.1300]                                 | 2.0971   | 0.7400  | 0.7551 
2     | 7           | [95, 96, 97, 98, 99, 100, 101]                 | [0.0100, 0.0400, 0.2100, 0.1400, 0.2200, 0.1300, 0.2500]                         | 2.6219   | 0.7600  | 0.8149 
3     | 8           | [95, 96, 97, 98, 99, 100, 101, 103]            | [0.0700, 0.1100, 0.0100, 0.3100, 0.2700, 0.1400, 0.0100, 0.0800]                 | 3.7084   | 0.8000  | 0.7958 
4     | 6           | [99, 100, 101, 102, 103, 104]                  | [0.1900, 0.1700, 0.0700, 0.0600, 0.2700, 0.2400]                                 | 3.6371   | 0.8400  | 0.8040 
5     | 10          | [96, 97, 98, 99, 100, 101, 102, 103, 104, 105] | [0.0600, 0.1000, 0.0400, 0.3100, 0.0300, 0.1300, 0.0200, 0.1700, 0.0600, 0.0800] | 6.8779   | 0.9000  | 0.8400 
6     | 6           | [99, 100, 101, 102, 103, 104]                  | [0.1900, 0.1100, 0.1200, 0.1100, 0.2400, 0.2300]                                 | 3.3859   | 0.8800  | 0.8230 
7     | 5           | [98, 100, 101, 102, 103]                       | [0.0500, 0.2900, 0.3400, 0.2400, 0.0800]                                         | 1.2984   | 0.7400  | 0.7412 
8     | 5           | [97, 98, 99, 100, 101]                         | [0.0200, 0.0100, 0.5700, 0.1300, 0.2700]                                         | 0.9156   | 0.6400  | 0.5907 
9     | 7           | [95, 96, 97, 98, 99, 100, 101]                 | [0.0200, 0.0200, 0.3600, 0.1700, 0.1300, 0.2900, 0.0100]                         | 1.9216   | 0.7200  | 0.7471 
10    | 9           | [98, 99, 100, 101, 102, 103, 104, 105, 106]    | [0.0400, 0.1600, 0.5200, 0.1000, 0.0100, 0.0700, 0.0100, 0.0800, 0.0100]         | 3.2619   | 0.6400  | 0.6877 
11    | 6           | [96, 97, 99, 100, 101, 102]                    | [0.0200, 0.0100, 0.4300, 0.1300, 0.2000, 0.2100]                                 | 1.8736   | 0.7200  | 0.7208 
12    | 7           | [92, 93, 94, 99, 100, 101, 102]                | [0.0900, 0.4100, 0.0100, 0.0400, 0.2800, 0.1500, 0.0200]                         | 14.2300  | 0.8000  | 0.7281 
13    | 6           | [96, 97, 98, 99, 100, 101]                     | [0.1400, 0.0100, 0.1200, 0.2000, 0.4300, 0.1000]                                 | 2.2451   | 0.7600  | 0.7384 
14    | 7           | [98, 99, 100, 101, 102, 103, 104]              | [0.0300, 0.2500, 0.2700, 0.0400, 0.2100, 0.1700, 0.0300]                         | 2.6516   | 0.8600  | 0.7962 
15    | 7           | [98, 99, 100, 101, 102, 103, 104]              | [0.0100, 0.0600, 0.1900, 0.3300, 0.2200, 0.1400, 0.0500]                         | 1.6539   | 0.7400  | 0.7887 
16    | 5           | [98, 99, 100, 102, 103]                        | [0.0600, 0.4000, 0.2000, 0.3000, 0.0400]                                         | 2.1600   | 0.7400  | 0.7119 
17    | 6           | [98, 99, 100, 101, 102, 103]                   | [0.0200, 0.0100, 0.2300, 0.1600, 0.5500, 0.0300]                                 | 1.0300   | 0.7000  | 0.6238 
18    | 9           | [91, 92, 93, 94, 100, 101, 102, 103, 104]      | [0.0100, 0.1300, 0.4200, 0.0500, 0.0500, 0.1100, 0.1700, 0.0500, 0.0100]         | 18.9971  | 0.7400  | 0.7657 
19    | 8           | [96, 97, 98, 99, 100, 101, 102, 103]           | [0.0800, 0.0800, 0.3300, 0.0300, 0.0200, 0.1500, 0.1000, 0.2100]                 | 5.7171   | 0.8000  | 0.8085 
20    | 9           | [96, 97, 98, 99, 100, 101, 102, 103, 104]      | [0.0100, 0.1000, 0.2400, 0.0900, 0.1700, 0.1000, 0.0100, 0.2100, 0.0700]         | 5.2456   | 0.9000  | 0.8447 
21    | 7           | [97, 98, 99, 100, 101, 102, 103]               | [0.0200, 0.0200, 0.0100, 0.5400, 0.0400, 0.2500, 0.1200]                         | 1.7659   | 0.6000  | 0.6353 
