
[Simulation Info]
simulation_id = sim_0006901
timestamp     = 20250428_100854
seed          = 108382
output_folder = /home/lejeunet/Bureau/simulations/Ref_table/sim_0006901

[Model Parameters]
pop_size           = 6878
num_loci           = 20
sample1_generation = 30
sample2_generation = 10
low_repeats        = 1
high_repeats       = 200
mutation_rate      = 0.001
recap_Ne           = 6878

[Sampling Design]
sample1_size_Ne  = 50
sample2_size_Ne  = 50
sample1_size_CMR = 50
sample2_size_CMR = 50

[Capture-Marquage-Recapture]
census_N   =  0
MatchCount =  0
# There were no match between sampling of individuals during CMR.

[Ne Estimates - One Sample - Decreasing critical values [0.050, 0.020, 0.010, 0+]]

[Linkage Desequilibrium]
LD_Ne_Pop1 = [None, None, None, None]
LD_r2_Pop1 = [0.021189, 0.021185, 0.021234, 0.021234]
LD_Ne_Pop2 = [None, None, None, None]
LD_r2_Pop2 = [0.020668, 0.021029, 0.020898, 0.020898]

[Heterozygote excess]
HE_Neb_mean_Pop1        = [None, None, None, None]
HE_weighted_D_mean_Pop1 = [-0.02264, -0.01438, -0.01398, -0.01398]
HE_Neb_mean_Pop2        = [288.2, 144.5, 207.9, 207.9]
HE_weighted_D_mean_Pop2 = [0.00174, 0.00347, 0.00241, 0.00241]

[Molecular Coancestry]
Coan_Neb_n_Pop1 = 251.1
Coan_f1_Pop1    = 0.00199
Coan_Neb_n_Pop2 = None
Coan_f1_Pop2    = -0.02232

[Ne Estimates - Temporal - Decreasing critical values (0.050, 0.020, 0.010, 0+)]

[Pollak]
P_Ne     = [1299.4, 2611.5, 4664.1, 5152.8]
P_Fk     = [0.02385, 0.02191, 0.02107, 0.02097]
P_Fprime = [0.00385, 0.00191, 0.00107, 0.00097]

[Nei/Tajima]
N_Ne     = [1415.6, 3188.5, 6047.6, 6725.1]
N_Fc     = [0.02353, 0.02157, 0.02083, 0.02074]
N_Fprime = [0.00353, 0.00157, 0.00083, 0.00074]

[Jorde/Ryman]
J_Ne     = [1227.2, 3696.8, 3751.1, 3755.2]
J_Fs     = [0.02418, 0.02145, 0.02143, 0.02143]
J_Fprime = [0.00407, 0.00135, 0.00133, 0.00133]

[Genetic Diversity - Heterozygosity]
mean_exp_het_pop1 = 0.8484
mean_obs_het_pop1 = 0.8305
mean_exp_het_pop2 = 0.8507
mean_obs_het_pop2 = 0.8457

[Genetic Diversity - Allele Counts]
mean_alleles_pop1 = 11.43
var_alleles_pop1  = 6.76
sum_alleles_pop1  = 240
mean_alleles_pop2 = 12.07
var_alleles_pop2  = 9.78
sum_alleles_pop2  = 507

[Genetic Diversity - Allelic Size Variance]
var_allele_size_pop1 = 15.3829
var_allele_size_pop2 = 16.2212

[Per-locus summary - Population 1]
Locus | Num_Alleles | Alleles                                                                   | Frequencies                                                                                                                      | Variance | Obs_Het | Exp_Het
------+-------------+---------------------------------------------------------------------------+----------------------------------------------------------------------------------------------------------------------------------+----------+---------+--------
1     | 12          | [94, 95, 96, 97, 98, 99, 101, 102, 103, 104, 105, 107]                    | [0.0200, 0.2100, 0.2900, 0.0800, 0.0500, 0.0300, 0.0600, 0.0500, 0.1500, 0.0400, 0.0100, 0.0100]                                 | 11.2739  | 0.7800  | 0.8396 
2     | 11          | [90, 91, 92, 93, 94, 95, 96, 97, 98, 99, 100]                             | [0.0100, 0.1100, 0.1400, 0.4500, 0.1200, 0.0600, 0.0300, 0.0400, 0.0100, 0.0200, 0.0100]                                         | 3.2844   | 0.6600  | 0.7521 
3     | 8           | [97, 98, 99, 100, 101, 102, 103, 104]                                     | [0.1000, 0.1300, 0.1700, 0.1800, 0.2000, 0.1300, 0.0700, 0.0200]                                                                 | 3.2596   | 0.7200  | 0.8582 
4     | 16          | [92, 93, 94, 95, 96, 97, 99, 102, 103, 104, 105, 108, 109, 111, 112, 113] | [0.0100, 0.0200, 0.2200, 0.1300, 0.2000, 0.0300, 0.0900, 0.1200, 0.0300, 0.0500, 0.0100, 0.0100, 0.0300, 0.0200, 0.0100, 0.0200] | 25.7704  | 0.9200  | 0.8741 
5     | 16          | [92, 93, 94, 95, 96, 97, 98, 99, 100, 105, 108, 109, 110, 111, 112, 113]  | [0.0100, 0.0700, 0.0500, 0.0900, 0.0900, 0.2300, 0.1300, 0.0100, 0.0100, 0.0400, 0.0100, 0.0300, 0.0300, 0.0600, 0.1200, 0.0200] | 46.8251  | 0.9000  | 0.8933 
6     | 10          | [98, 99, 100, 101, 102, 103, 104, 105, 106, 107]                          | [0.0100, 0.1800, 0.1100, 0.2200, 0.1100, 0.1100, 0.1300, 0.0300, 0.0800, 0.0200]                                                 | 5.1004   | 0.8600  | 0.8669 
7     | 10          | [99, 100, 101, 102, 103, 104, 105, 106, 107, 108]                         | [0.0900, 0.1500, 0.0600, 0.2500, 0.1700, 0.0400, 0.0200, 0.1300, 0.0400, 0.0500]                                                 | 6.3700   | 0.8600  | 0.8600 
8     | 13          | [90, 91, 92, 93, 94, 95, 96, 97, 98, 99, 100, 101, 102]                   | [0.0100, 0.0200, 0.1600, 0.0800, 0.1400, 0.0900, 0.0800, 0.0700, 0.1300, 0.0400, 0.0100, 0.1300, 0.0400]                         | 10.5891  | 0.7600  | 0.9004 
9     | 14          | [94, 95, 96, 98, 99, 100, 104, 105, 106, 107, 108, 109, 110, 111]         | [0.1800, 0.0500, 0.0200, 0.0200, 0.0200, 0.0200, 0.0800, 0.0100, 0.0900, 0.1600, 0.2000, 0.1100, 0.0200, 0.0200]                 | 34.1451  | 0.9000  | 0.8792 
10    | 7           | [96, 97, 98, 99, 100, 101, 102]                                           | [0.0300, 0.0700, 0.1100, 0.2100, 0.4300, 0.0800, 0.0700]                                                                         | 1.8284   | 0.7200  | 0.7493 
11    | 14          | [89, 90, 91, 92, 95, 96, 97, 103, 104, 105, 106, 107, 109, 110]           | [0.0200, 0.0300, 0.1200, 0.0300, 0.0100, 0.0700, 0.0300, 0.0200, 0.1400, 0.0800, 0.1900, 0.0500, 0.1100, 0.1000]                 | 46.3024  | 0.9000  | 0.8994 
12    | 12          | [92, 94, 95, 96, 97, 98, 99, 100, 101, 102, 103, 104]                     | [0.0100, 0.0400, 0.0100, 0.0100, 0.0100, 0.0100, 0.1000, 0.1600, 0.3200, 0.2600, 0.0500, 0.0200]                                 | 4.5899   | 0.8600  | 0.7974 
13    | 13          | [96, 99, 100, 101, 103, 104, 106, 107, 108, 109, 110, 111, 112]           | [0.0200, 0.1400, 0.1300, 0.0400, 0.0100, 0.0400, 0.0700, 0.1000, 0.1100, 0.1300, 0.1500, 0.0400, 0.0200]                         | 20.2104  | 0.8800  | 0.9004 
14    | 12          | [93, 94, 95, 96, 98, 99, 100, 101, 102, 103, 106, 107]                    | [0.0400, 0.2100, 0.2700, 0.1100, 0.0900, 0.0400, 0.0300, 0.0800, 0.0500, 0.0600, 0.0100, 0.0100]                                 | 10.7364  | 0.7200  | 0.8546 
15    | 8           | [94, 95, 96, 97, 98, 99, 100, 103]                                        | [0.0200, 0.2000, 0.1200, 0.2500, 0.2100, 0.1400, 0.0500, 0.0100]                                                                 | 2.6656   | 0.8800  | 0.8246 
16    | 9           | [94, 95, 96, 97, 98, 99, 100, 101, 102]                                   | [0.0800, 0.2500, 0.2300, 0.0800, 0.0400, 0.0700, 0.1000, 0.1100, 0.0400]                                                         | 5.9075   | 0.9000  | 0.8501 
17    | 11          | [99, 100, 101, 102, 103, 111, 113, 114, 115, 116, 117]                    | [0.1000, 0.1300, 0.2200, 0.2800, 0.0300, 0.0300, 0.0200, 0.0300, 0.0800, 0.0500, 0.0300]                                         | 35.6659  | 0.8600  | 0.8418 
18    | 12          | [90, 93, 95, 96, 97, 98, 99, 100, 101, 105, 106, 107]                     | [0.0100, 0.0100, 0.0300, 0.0100, 0.0300, 0.1700, 0.2900, 0.1300, 0.0600, 0.0100, 0.1200, 0.1300]                                 | 14.2044  | 0.8000  | 0.8414 
19    | 8           | [96, 97, 98, 99, 100, 101, 102, 104]                                      | [0.0100, 0.0400, 0.2300, 0.3600, 0.2200, 0.0500, 0.0800, 0.0100]                                                                 | 1.7971   | 0.7800  | 0.7661 
20    | 10          | [90, 91, 92, 93, 94, 95, 99, 100, 101, 102]                               | [0.1700, 0.2000, 0.1100, 0.1300, 0.0900, 0.0500, 0.0700, 0.0700, 0.0700, 0.0400]                                                 | 15.4000  | 0.9000  | 0.8840 
21    | 14          | [88, 91, 93, 94, 96, 97, 98, 100, 101, 102, 103, 104, 105, 106]           | [0.0500, 0.0100, 0.0100, 0.0100, 0.0300, 0.1000, 0.0200, 0.0900, 0.2000, 0.0900, 0.0900, 0.1900, 0.1000, 0.0100]                 | 17.1139  | 0.8800  | 0.8842 

[Per-locus summary - Population 2]
Locus | Num_Alleles | Alleles                                                                           | Frequencies                                                                                                                                      | Variance | Obs_Het | Exp_Het
------+-------------+-----------------------------------------------------------------------------------+--------------------------------------------------------------------------------------------------------------------------------------------------+----------+---------+--------
1     | 11          | [94, 95, 96, 97, 98, 99, 101, 102, 103, 104, 105]                                 | [0.0100, 0.2600, 0.2500, 0.1300, 0.1000, 0.0200, 0.0200, 0.0800, 0.0800, 0.0200, 0.0300]                                                         | 9.1976   | 0.8000  | 0.8364 
2     | 10          | [91, 92, 93, 94, 95, 96, 97, 98, 99, 100]                                         | [0.1000, 0.0900, 0.3400, 0.1300, 0.1000, 0.0500, 0.0700, 0.0300, 0.0700, 0.0200]                                                                 | 5.4476   | 0.7800  | 0.8341 
3     | 9           | [96, 97, 98, 99, 100, 101, 102, 103, 104]                                         | [0.0100, 0.0600, 0.1200, 0.2300, 0.1500, 0.2700, 0.1000, 0.0500, 0.0100]                                                                         | 2.6891   | 0.8400  | 0.8293 
4     | 17          | [93, 94, 95, 96, 97, 99, 100, 102, 103, 104, 105, 107, 108, 109, 111, 112, 113]   | [0.0300, 0.2000, 0.2200, 0.1300, 0.0200, 0.0300, 0.0200, 0.1200, 0.0600, 0.0400, 0.0100, 0.0300, 0.0300, 0.0200, 0.0200, 0.0100, 0.0100]         | 26.9979  | 0.8600  | 0.8784 
5     | 14          | [93, 94, 95, 96, 97, 98, 99, 103, 105, 108, 109, 110, 111, 112]                   | [0.0500, 0.0600, 0.0400, 0.2300, 0.1300, 0.1800, 0.0100, 0.0100, 0.0200, 0.0200, 0.0200, 0.0300, 0.0600, 0.1400]                                 | 44.8296  | 0.8800  | 0.8733 
6     | 9           | [99, 100, 101, 102, 103, 104, 105, 106, 107]                                      | [0.1400, 0.1600, 0.1600, 0.1300, 0.1200, 0.1800, 0.0200, 0.0600, 0.0300]                                                                         | 4.7891   | 0.8000  | 0.8693 
7     | 11          | [98, 99, 100, 101, 102, 103, 104, 105, 106, 107, 108]                             | [0.0100, 0.1300, 0.0800, 0.0900, 0.1900, 0.1300, 0.0300, 0.0300, 0.1700, 0.0800, 0.0600]                                                         | 8.0584   | 0.8600  | 0.8836 
8     | 12          | [91, 92, 93, 94, 95, 96, 97, 98, 99, 100, 101, 102]                               | [0.0500, 0.0900, 0.1100, 0.1900, 0.0800, 0.0500, 0.1700, 0.0500, 0.0200, 0.0500, 0.1300, 0.0100]                                                 | 9.4544   | 0.9200  | 0.8899 
9     | 16          | [93, 94, 95, 96, 98, 99, 100, 104, 105, 106, 107, 108, 109, 110, 111, 112]        | [0.0200, 0.1600, 0.0200, 0.0600, 0.0500, 0.0200, 0.0300, 0.0500, 0.0300, 0.0500, 0.0600, 0.1900, 0.1500, 0.0400, 0.0500, 0.0200]                 | 39.2051  | 0.9000  | 0.9026 
10    | 8           | [96, 97, 98, 99, 100, 101, 102, 103]                                              | [0.0400, 0.1000, 0.1300, 0.1500, 0.4900, 0.0300, 0.0400, 0.0200]                                                                                 | 2.0900   | 0.6800  | 0.7131 
11    | 18          | [89, 90, 91, 92, 93, 94, 95, 96, 97, 103, 104, 105, 106, 107, 108, 109, 110, 111] | [0.0700, 0.0100, 0.1400, 0.0300, 0.0100, 0.0100, 0.0100, 0.0500, 0.0500, 0.0400, 0.0400, 0.0400, 0.1300, 0.0900, 0.0500, 0.0700, 0.1500, 0.0100] | 58.5931  | 0.9200  | 0.9186 
12    | 9           | [92, 94, 96, 98, 99, 100, 101, 102, 103]                                          | [0.0100, 0.0100, 0.0200, 0.0100, 0.1600, 0.2200, 0.3000, 0.2400, 0.0300]                                                                         | 2.8291   | 0.8000  | 0.7846 
13    | 14          | [96, 99, 100, 101, 102, 103, 104, 106, 107, 108, 109, 110, 111, 112]              | [0.0100, 0.2100, 0.0900, 0.0400, 0.0100, 0.0100, 0.0400, 0.0100, 0.1100, 0.1500, 0.1800, 0.0900, 0.0400, 0.0100]                                 | 20.2779  | 0.8600  | 0.8762 
14    | 12          | [92, 93, 94, 95, 96, 98, 99, 100, 101, 102, 103, 107]                             | [0.0100, 0.0200, 0.1200, 0.2900, 0.1300, 0.1100, 0.0300, 0.1200, 0.0400, 0.0700, 0.0500, 0.0100]                                                 | 9.3824   | 0.8400  | 0.8562 
15    | 8           | [94, 95, 96, 97, 98, 99, 100, 103]                                                | [0.0100, 0.2000, 0.0800, 0.2000, 0.2500, 0.1600, 0.0800, 0.0200]                                                                                 | 3.1236   | 0.8200  | 0.8269 
16    | 10          | [93, 94, 95, 96, 97, 98, 99, 100, 101, 102]                                       | [0.0300, 0.1200, 0.2500, 0.2500, 0.1600, 0.0400, 0.0300, 0.0700, 0.0300, 0.0200]                                                                 | 4.0900   | 0.8600  | 0.8337 
17    | 13          | [98, 99, 100, 101, 102, 103, 111, 112, 113, 114, 115, 116, 117]                   | [0.0300, 0.1000, 0.1200, 0.2300, 0.1700, 0.0700, 0.0100, 0.0100, 0.0500, 0.0100, 0.0900, 0.0600, 0.0500]                                         | 41.8400  | 0.8800  | 0.8798 
18    | 10          | [95, 96, 97, 98, 99, 100, 101, 102, 106, 107]                                     | [0.0400, 0.0400, 0.0600, 0.2100, 0.3100, 0.1400, 0.0300, 0.0100, 0.1000, 0.0600]                                                                 | 9.9000   | 0.8400  | 0.8271 
19    | 7           | [97, 98, 99, 100, 101, 102, 104]                                                  | [0.0600, 0.2800, 0.3300, 0.1900, 0.0900, 0.0400, 0.0100]                                                                                         | 1.6604   | 0.7000  | 0.7709 
20    | 12          | [89, 90, 91, 92, 93, 94, 95, 98, 99, 100, 101, 102]                               | [0.0200, 0.1900, 0.1400, 0.1100, 0.0600, 0.0900, 0.0500, 0.0200, 0.0800, 0.0400, 0.0900, 0.1100]                                                 | 20.0416  | 0.9600  | 0.8980 
21    | 14          | [88, 90, 91, 93, 95, 97, 98, 99, 100, 101, 102, 103, 104, 105]                    | [0.0400, 0.0100, 0.0100, 0.0200, 0.0100, 0.0600, 0.0100, 0.0100, 0.1900, 0.1100, 0.1200, 0.1200, 0.1400, 0.1500]                                 | 16.1475  | 0.9600  | 0.8836 
