
[Simulation Info]
simulation_id = sim_0001198
timestamp     = 20250428_075726
seed          = 862710
output_folder = /home/lejeunet/Bureau/simulations/Ref_table/sim_0001198

[Model Parameters]
pop_size           = 3984
num_loci           = 20
sample1_generation = 30
sample2_generation = 10
low_repeats        = 1
high_repeats       = 200
mutation_rate      = 0.001
recap_Ne           = 3984

[Sampling Design]
sample1_size_Ne  = 50
sample2_size_Ne  = 50
sample1_size_CMR = 50
sample2_size_CMR = 50

[Capture-Marquage-Recapture]
census_N   =  0
MatchCount =  0
# There were no match between sampling of individuals during CMR.

[Ne Estimates - One Sample - Decreasing critical values [0.050, 0.020, 0.010, 0+]]

[Linkage Desequilibrium]
LD_Ne_Pop1 = [652.9, 796.8, 1072.6, 1072.6]
LD_r2_Pop1 = [0.021785, 0.021693, 0.021586, 0.021586]
LD_Ne_Pop2 = [None, None, None, None]
LD_r2_Pop2 = [0.021259, 0.021236, 0.021055, 0.021055]

[Heterozygote excess]
HE_Neb_mean_Pop1        = [29.4, 49.1, 45.3, 45.3]
HE_weighted_D_mean_Pop1 = [0.01731, 0.01028, 0.01116, 0.01116]
HE_Neb_mean_Pop2        = [136.3, 93.9, 113.5, 113.5]
HE_weighted_D_mean_Pop2 = [0.00368, 0.00536, 0.00442, 0.00442]

[Molecular Coancestry]
Coan_Neb_n_Pop1 = None
Coan_f1_Pop1    = -0.00431
Coan_Neb_n_Pop2 = None
Coan_f1_Pop2    = -0.02213

[Ne Estimates - Temporal - Decreasing critical values (0.050, 0.020, 0.010, 0+)]

[Pollak]
P_Ne     = [3084.9, 4239.1, 7543.3, 5164.4]
P_Fk     = [0.02162, 0.02118, 0.02066, 0.02097]
P_Fprime = [0.00162, 0.00118, 0.00066, 0.00097]

[Nei/Tajima]
N_Ne     = [3554.9, 5091.1, 9388.8, 6177.9]
N_Fc     = [0.02141, 0.02098, 0.02053, 0.02081]
N_Fprime = [0.00141, 0.00098, 0.00053, 0.00081]

[Jorde/Ryman]
J_Ne     = [2558.4, 2928.5, 2903.7, 2846.5]
J_Fs     = [0.02206, 0.02181, 0.02182, 0.02186]
J_Fprime = [0.00195, 0.00171, 0.00172, 0.00176]

[Genetic Diversity - Heterozygosity]
mean_exp_het_pop1 = 0.8238
mean_obs_het_pop1 = 0.841
mean_exp_het_pop2 = 0.8247
mean_obs_het_pop2 = 0.8267

[Genetic Diversity - Allele Counts]
mean_alleles_pop1 = 9.48
var_alleles_pop1  = 3.76
sum_alleles_pop1  = 199
mean_alleles_pop2 = 9.71
var_alleles_pop2  = 3.67
sum_alleles_pop2  = 408

[Genetic Diversity - Allelic Size Variance]
var_allele_size_pop1 = 6.7006
var_allele_size_pop2 = 7.0922

[Per-locus summary - Population 1]
Locus | Num_Alleles | Alleles                                                         | Frequencies                                                                                                      | Variance | Obs_Het | Exp_Het
------+-------------+-----------------------------------------------------------------+------------------------------------------------------------------------------------------------------------------+----------+---------+--------
1     | 9           | [96, 97, 98, 99, 100, 101, 102, 104, 105]                       | [0.0400, 0.0800, 0.2100, 0.3200, 0.1200, 0.1400, 0.0700, 0.0100, 0.0100]                                         | 2.7571   | 0.8400  | 0.8145 
2     | 8           | [100, 101, 102, 103, 104, 105, 106, 107]                        | [0.0400, 0.0400, 0.2500, 0.1600, 0.1300, 0.2300, 0.1300, 0.0200]                                                 | 2.9379   | 0.8600  | 0.8299 
3     | 10          | [98, 99, 100, 101, 102, 103, 104, 106, 107, 108]                | [0.0200, 0.0300, 0.1900, 0.3400, 0.1000, 0.0200, 0.0200, 0.0600, 0.1200, 0.1000]                                 | 8.9779   | 0.9000  | 0.8164 
4     | 13          | [98, 99, 100, 101, 102, 103, 104, 105, 106, 107, 108, 109, 110] | [0.0500, 0.1900, 0.0500, 0.1000, 0.1100, 0.0400, 0.0900, 0.0900, 0.0200, 0.0300, 0.1700, 0.0400, 0.0200]         | 12.9859  | 0.8400  | 0.8958 
5     | 10          | [93, 94, 95, 96, 97, 98, 99, 100, 101, 102]                     | [0.0100, 0.0100, 0.0400, 0.3200, 0.1500, 0.1300, 0.2300, 0.0800, 0.0100, 0.0200]                                 | 2.9100   | 0.8800  | 0.8046 
6     | 7           | [93, 94, 95, 96, 97, 98, 99]                                    | [0.0200, 0.1100, 0.3800, 0.2600, 0.1000, 0.1100, 0.0200]                                                         | 1.6416   | 0.7200  | 0.7606 
7     | 10          | [90, 91, 92, 93, 94, 95, 96, 98, 99, 100]                       | [0.0100, 0.1000, 0.1600, 0.2400, 0.1600, 0.0500, 0.1500, 0.1100, 0.0100, 0.0100]                                 | 4.9600   | 0.9000  | 0.8523 
8     | 10          | [95, 96, 97, 98, 99, 100, 101, 102, 103, 104]                   | [0.0600, 0.1300, 0.1100, 0.1000, 0.0900, 0.1900, 0.1500, 0.0900, 0.0500, 0.0300]                                 | 5.7944   | 0.9200  | 0.8881 
9     | 10          | [93, 94, 95, 96, 97, 98, 100, 101, 102, 104]                    | [0.0600, 0.2700, 0.2200, 0.1000, 0.0400, 0.0600, 0.0200, 0.1200, 0.1000, 0.0100]                                 | 9.3436   | 0.8400  | 0.8434 
10    | 11          | [94, 95, 96, 97, 98, 99, 100, 103, 105, 106, 107]               | [0.0100, 0.1200, 0.2600, 0.1500, 0.1000, 0.2900, 0.0100, 0.0100, 0.0300, 0.0100, 0.0100]                         | 5.8211   | 0.8400  | 0.8081 
11    | 11          | [94, 95, 96, 97, 98, 100, 101, 102, 103, 104, 105]              | [0.0200, 0.0100, 0.0900, 0.0600, 0.0600, 0.1100, 0.1400, 0.2400, 0.1900, 0.0400, 0.0400]                         | 7.1216   | 0.8600  | 0.8642 
12    | 10          | [98, 99, 100, 101, 102, 103, 104, 105, 106, 107]                | [0.0100, 0.1200, 0.0800, 0.0600, 0.4300, 0.1400, 0.0900, 0.0300, 0.0100, 0.0300]                                 | 3.2996   | 0.8000  | 0.7687 
13    | 11          | [93, 94, 95, 96, 97, 98, 99, 100, 101, 105, 108]                | [0.1500, 0.1600, 0.2000, 0.0400, 0.0100, 0.0300, 0.1300, 0.1600, 0.0800, 0.0300, 0.0100]                         | 11.0736  | 0.8400  | 0.8681 
14    | 7           | [97, 98, 99, 100, 101, 102, 103]                                | [0.1200, 0.0400, 0.2100, 0.1600, 0.2900, 0.1100, 0.0700]                                                         | 2.8051   | 0.8800  | 0.8214 
15    | 8           | [98, 99, 100, 101, 102, 103, 104, 105]                          | [0.1200, 0.3400, 0.2000, 0.0700, 0.0400, 0.1100, 0.1000, 0.0200]                                                 | 3.9800   | 0.7600  | 0.8091 
16    | 14          | [89, 90, 91, 92, 93, 94, 97, 99, 100, 101, 102, 103, 104, 105]  | [0.0200, 0.0300, 0.1000, 0.0400, 0.2200, 0.0100, 0.0500, 0.0200, 0.0600, 0.0800, 0.0500, 0.1700, 0.1200, 0.0300] | 27.3739  | 0.8800  | 0.8879 
17    | 8           | [102, 103, 104, 105, 106, 107, 108, 109]                        | [0.0900, 0.1200, 0.2300, 0.0700, 0.0500, 0.2700, 0.1400, 0.0300]                                                 | 4.2379   | 0.8600  | 0.8321 
18    | 8           | [96, 97, 98, 99, 100, 101, 102, 103]                            | [0.1100, 0.0100, 0.0800, 0.1300, 0.0800, 0.4700, 0.0800, 0.0400]                                                 | 3.4499   | 0.7200  | 0.7366 
19    | 10          | [95, 96, 97, 98, 102, 103, 104, 105, 106, 107]                  | [0.0100, 0.0700, 0.2300, 0.0100, 0.0800, 0.1000, 0.1800, 0.2000, 0.1000, 0.0200]                                 | 13.6256  | 0.8200  | 0.8513 
20    | 7           | [102, 106, 107, 108, 109, 110, 111]                             | [0.0500, 0.0500, 0.2000, 0.0300, 0.2500, 0.3600, 0.0600]                                                         | 4.1275   | 0.8800  | 0.7661 
21    | 7           | [96, 97, 98, 99, 100, 101, 102]                                 | [0.0100, 0.0200, 0.2000, 0.2900, 0.2800, 0.1500, 0.0500]                                                         | 1.4884   | 0.8200  | 0.7798 

[Per-locus summary - Population 2]
Locus | Num_Alleles | Alleles                                                    | Frequencies                                                                                      | Variance | Obs_Het | Exp_Het
------+-------------+------------------------------------------------------------+--------------------------------------------------------------------------------------------------+----------+---------+--------
1     | 10          | [96, 97, 98, 99, 100, 101, 102, 105, 106, 107]             | [0.0500, 0.1400, 0.1800, 0.2400, 0.2000, 0.1400, 0.0100, 0.0100, 0.0200, 0.0100]                 | 3.9876   | 0.8600  | 0.8360 
2     | 9           | [96, 100, 101, 102, 103, 104, 105, 106, 107]               | [0.0100, 0.0300, 0.0300, 0.1700, 0.2300, 0.1600, 0.2500, 0.1100, 0.0100]                         | 2.9504   | 0.8400  | 0.8242 
3     | 10          | [98, 99, 100, 101, 102, 103, 106, 107, 108, 110]           | [0.0100, 0.0400, 0.2100, 0.2100, 0.1900, 0.0500, 0.0800, 0.1300, 0.0700, 0.0100]                 | 8.7771   | 0.7600  | 0.8517 
4     | 12          | [98, 99, 100, 101, 102, 103, 104, 105, 107, 108, 109, 112] | [0.0800, 0.0800, 0.1100, 0.1800, 0.1200, 0.0400, 0.0900, 0.0400, 0.0100, 0.1500, 0.0800, 0.0200] | 13.7619  | 0.9400  | 0.8966 
5     | 10          | [93, 94, 95, 96, 97, 98, 99, 100, 101, 102]                | [0.0200, 0.0100, 0.0100, 0.3300, 0.1200, 0.1300, 0.3000, 0.0600, 0.0100, 0.0100]                 | 2.7684   | 0.8000  | 0.7731 
6     | 7           | [93, 94, 95, 96, 97, 98, 99]                               | [0.0100, 0.1400, 0.3200, 0.3200, 0.0800, 0.1000, 0.0300]                                         | 1.6524   | 0.7400  | 0.7659 
7     | 10          | [90, 91, 92, 93, 94, 95, 96, 97, 98, 99]                   | [0.0300, 0.0600, 0.1300, 0.2300, 0.2300, 0.1100, 0.0800, 0.0200, 0.0900, 0.0200]                 | 4.3200   | 0.9000  | 0.8539 
8     | 9           | [95, 96, 97, 98, 99, 100, 101, 102, 103]                   | [0.0600, 0.1000, 0.0600, 0.2300, 0.0700, 0.2200, 0.0900, 0.1000, 0.0700]                         | 4.9219   | 0.9200  | 0.8622 
9     | 10          | [93, 94, 95, 96, 97, 98, 100, 101, 102, 103]               | [0.1100, 0.3300, 0.1800, 0.0800, 0.0100, 0.0200, 0.0300, 0.1400, 0.0900, 0.0100]                 | 10.1939  | 0.8400  | 0.8192 
10    | 10          | [94, 95, 96, 97, 98, 99, 103, 105, 106, 107]               | [0.0100, 0.1700, 0.1900, 0.1900, 0.1100, 0.2400, 0.0200, 0.0300, 0.0100, 0.0300]                 | 7.8716   | 0.7800  | 0.8351 
11    | 12          | [94, 95, 96, 97, 98, 100, 101, 102, 103, 104, 105, 106]    | [0.0700, 0.0100, 0.1100, 0.0700, 0.0600, 0.1300, 0.0400, 0.1900, 0.2100, 0.0700, 0.0300, 0.0100] | 10.2300  | 0.8600  | 0.8786 
12    | 10          | [98, 99, 100, 101, 102, 103, 104, 105, 106, 107]           | [0.0100, 0.1100, 0.1000, 0.0500, 0.3900, 0.1600, 0.0600, 0.0600, 0.0100, 0.0500]                 | 3.9331   | 0.7800  | 0.7958 
13    | 12          | [93, 94, 95, 96, 97, 98, 99, 100, 101, 103, 104, 105]      | [0.1300, 0.1900, 0.2100, 0.0800, 0.0400, 0.0300, 0.1100, 0.1000, 0.0400, 0.0100, 0.0200, 0.0400] | 10.4904  | 0.8600  | 0.8770 
14    | 7           | [97, 98, 99, 100, 101, 102, 103]                           | [0.1200, 0.0300, 0.1700, 0.2800, 0.1800, 0.1400, 0.0800]                                         | 2.8179   | 0.8600  | 0.8273 
15    | 9           | [97, 98, 99, 100, 101, 102, 103, 104, 105]                 | [0.0100, 0.0700, 0.4100, 0.1800, 0.1100, 0.0900, 0.1000, 0.0200, 0.0100]                         | 2.7004   | 0.6800  | 0.7715 
16    | 10          | [90, 91, 92, 93, 100, 101, 102, 103, 104, 105]             | [0.0300, 0.0400, 0.0700, 0.3000, 0.0600, 0.0300, 0.0600, 0.1100, 0.2100, 0.0900]                 | 29.8875  | 0.8400  | 0.8386 
17    | 9           | [101, 102, 103, 104, 105, 106, 107, 108, 109]              | [0.0400, 0.1000, 0.1300, 0.2400, 0.0100, 0.0500, 0.2600, 0.1000, 0.0700]                         | 5.3739   | 0.9000  | 0.8372 
18    | 7           | [96, 98, 99, 100, 101, 102, 103]                           | [0.0500, 0.0800, 0.2300, 0.1300, 0.3500, 0.1500, 0.0100]                                         | 2.3819   | 0.8000  | 0.7840 
19    | 10          | [95, 96, 97, 98, 102, 103, 104, 105, 106, 107]             | [0.0200, 0.0400, 0.2600, 0.0100, 0.1000, 0.1200, 0.1100, 0.1300, 0.1600, 0.0500]                 | 14.6100  | 0.8000  | 0.8574 
20    | 7           | [102, 106, 107, 108, 109, 110, 111]                        | [0.0500, 0.0300, 0.3100, 0.0400, 0.2600, 0.2700, 0.0400]                                         | 3.8675   | 0.8400  | 0.7644 
21    | 7           | [96, 97, 98, 99, 100, 101, 102]                            | [0.0100, 0.0300, 0.2100, 0.3300, 0.2700, 0.1000, 0.0500]                                         | 1.4376   | 0.7600  | 0.7683 
