
[Simulation Info]
simulation_id = sim_0009438
timestamp     = 20250428_112005
seed          = 721457
output_folder = /home/lejeunet/Bureau/simulations/Ref_table/sim_0009438

[Model Parameters]
pop_size           = 5996
num_loci           = 20
sample1_generation = 30
sample2_generation = 10
low_repeats        = 1
high_repeats       = 200
mutation_rate      = 0.001
recap_Ne           = 5996

[Sampling Design]
sample1_size_Ne  = 50
sample2_size_Ne  = 50
sample1_size_CMR = 50
sample2_size_CMR = 50

[Capture-Marquage-Recapture]
census_N   =  2601
MatchCount =  1

[Ne Estimates - One Sample - Decreasing critical values [0.050, 0.020, 0.010, 0+]]

[Linkage Desequilibrium]
LD_Ne_Pop1 = [None, None, None, None]
LD_r2_Pop1 = [0.020952, 0.021181, 0.021172, 0.021172]
LD_Ne_Pop2 = [None, None, None, None]
LD_r2_Pop2 = [0.020962, 0.021155, 0.021194, 0.021194]

[Heterozygote excess]
HE_Neb_mean_Pop1        = [49.7, 50.9, 45.1, 45.1]
HE_weighted_D_mean_Pop1 = [0.01017, 0.00992, 0.01122, 0.01122]
HE_Neb_mean_Pop2        = [253.8, None, None, None]
HE_weighted_D_mean_Pop2 = [0.00197, -0.00324, -0.00195, -0.00195]

[Molecular Coancestry]
Coan_Neb_n_Pop1 = None
Coan_f1_Pop1    = -0.01082
Coan_Neb_n_Pop2 = None
Coan_f1_Pop2    = -0.00804

[Ne Estimates - Temporal - Decreasing critical values (0.050, 0.020, 0.010, 0+)]

[Pollak]
P_Ne     = [7973.4, 3188.3, 3511.5, 3636.0]
P_Fk     = [0.02063, 0.02157, 0.02142, 0.02138]
P_Fprime = [0.00063, 0.00157, 0.00142, 0.00138]

[Nei/Tajima]
N_Ne     = [12137.7, 3825.2, 4281.6, 4412.7]
N_Fc     = [0.02041, 0.02131, 0.02117, 0.02113]
N_Fprime = [0.00041, 0.00131, 0.00117, 0.00113]

[Jorde/Ryman]
J_Ne     = [5981.4, 3213.3, 3542.7, 3518.4]
J_Fs     = [0.02094, 0.02166, 0.02151, 0.02152]
J_Fprime = [0.00084, 0.00156, 0.00141, 0.00142]

[Genetic Diversity - Heterozygosity]
mean_exp_het_pop1 = 0.879
mean_obs_het_pop1 = 0.8886
mean_exp_het_pop2 = 0.8833
mean_obs_het_pop2 = 0.8895

[Genetic Diversity - Allele Counts]
mean_alleles_pop1 = 12.67
var_alleles_pop1  = 5.53
sum_alleles_pop1  = 266
mean_alleles_pop2 = 13.5
var_alleles_pop2  = 5.72
sum_alleles_pop2  = 567

[Genetic Diversity - Allelic Size Variance]
var_allele_size_pop1 = 17.7272
var_allele_size_pop2 = 17.1785

[Per-locus summary - Population 1]
Locus | Num_Alleles | Alleles                                                                         | Frequencies                                                                                                                              | Variance | Obs_Het | Exp_Het
------+-------------+---------------------------------------------------------------------------------+------------------------------------------------------------------------------------------------------------------------------------------+----------+---------+--------
1     | 12          | [95, 96, 97, 98, 99, 100, 101, 103, 104, 105, 106, 107]                         | [0.0100, 0.2100, 0.1500, 0.0400, 0.0500, 0.0200, 0.0400, 0.1900, 0.1600, 0.0600, 0.0300, 0.0400]                                         | 13.7284  | 0.8200  | 0.8681 
2     | 14          | [93, 94, 97, 98, 99, 100, 101, 104, 105, 106, 107, 108, 109, 110]               | [0.0300, 0.0200, 0.0100, 0.0700, 0.0700, 0.0700, 0.0800, 0.1000, 0.1300, 0.0400, 0.1800, 0.0800, 0.0900, 0.0300]                         | 18.7139  | 0.9400  | 0.9103 
3     | 13          | [82, 83, 84, 86, 87, 88, 102, 103, 104, 106, 107, 108, 109]                     | [0.0400, 0.1200, 0.0800, 0.0500, 0.0100, 0.0100, 0.0400, 0.2000, 0.0400, 0.0500, 0.1900, 0.1500, 0.0200]                                 | 104.6804 | 0.9200  | 0.8790 
4     | 10          | [94, 95, 96, 97, 98, 99, 100, 101, 102, 103]                                    | [0.0600, 0.0500, 0.1500, 0.1200, 0.1300, 0.2300, 0.0900, 0.1200, 0.0400, 0.0100]                                                         | 4.6611   | 0.8600  | 0.8717 
5     | 10          | [96, 97, 98, 99, 100, 101, 102, 103, 104, 107]                                  | [0.0500, 0.1000, 0.1700, 0.0600, 0.1700, 0.1500, 0.1400, 0.0900, 0.0300, 0.0400]                                                         | 6.3600   | 0.9000  | 0.8822 
6     | 17          | [93, 94, 96, 97, 98, 99, 100, 101, 102, 103, 104, 105, 106, 107, 108, 109, 110] | [0.0100, 0.0200, 0.0100, 0.0500, 0.2000, 0.1900, 0.0300, 0.0100, 0.0200, 0.0700, 0.0100, 0.1400, 0.1100, 0.0200, 0.0300, 0.0600, 0.0200] | 17.6339  | 0.9600  | 0.8863 
7     | 14          | [93, 94, 95, 96, 97, 98, 99, 101, 103, 104, 105, 106, 107, 108]                 | [0.0100, 0.0400, 0.0100, 0.0700, 0.1700, 0.1100, 0.1300, 0.0700, 0.0100, 0.1900, 0.0800, 0.0700, 0.0200, 0.0200]                         | 15.1496  | 0.9200  | 0.8911 
8     | 13          | [98, 99, 100, 101, 102, 103, 104, 105, 107, 108, 109, 110, 111]                 | [0.0500, 0.0400, 0.0800, 0.0700, 0.2300, 0.1800, 0.0600, 0.0300, 0.0100, 0.1100, 0.0300, 0.0700, 0.0400]                                 | 12.8176  | 0.9200  | 0.8840 
9     | 10          | [91, 95, 96, 97, 98, 99, 100, 101, 108, 109]                                    | [0.0300, 0.0500, 0.2200, 0.1500, 0.2200, 0.1200, 0.0300, 0.1000, 0.0200, 0.0600]                                                         | 13.1979  | 0.9000  | 0.8566 
10    | 9           | [95, 96, 97, 98, 99, 100, 101, 102, 103]                                        | [0.0100, 0.0300, 0.1600, 0.1400, 0.2200, 0.0900, 0.1300, 0.1200, 0.1000]                                                                 | 4.2296   | 0.9200  | 0.8647 
11    | 12          | [98, 99, 100, 101, 102, 103, 104, 105, 106, 107, 108, 109]                      | [0.0300, 0.0400, 0.0400, 0.0300, 0.0700, 0.1900, 0.1400, 0.1200, 0.2300, 0.0500, 0.0400, 0.0200]                                         | 6.0891   | 0.9200  | 0.8713 
12    | 15          | [93, 94, 95, 96, 97, 98, 100, 101, 102, 103, 104, 105, 106, 107, 108]           | [0.0600, 0.1400, 0.0100, 0.0300, 0.0400, 0.0500, 0.0400, 0.0500, 0.1900, 0.1600, 0.1000, 0.0500, 0.0300, 0.0300, 0.0200]                 | 17.9884  | 0.9800  | 0.9002 
13    | 11          | [94, 95, 96, 97, 98, 99, 100, 101, 104, 105, 106]                               | [0.0500, 0.1400, 0.1200, 0.0800, 0.1400, 0.1500, 0.2000, 0.0100, 0.0300, 0.0400, 0.0400]                                                 | 9.0836   | 0.8400  | 0.8796 
14    | 16          | [90, 93, 94, 95, 96, 97, 98, 99, 100, 101, 102, 103, 104, 116, 117, 118]        | [0.0200, 0.0200, 0.0700, 0.1400, 0.2100, 0.0700, 0.0400, 0.0100, 0.1400, 0.0400, 0.0800, 0.0400, 0.0100, 0.0400, 0.0500, 0.0200]         | 45.0579  | 0.9200  | 0.8992 
15    | 14          | [85, 86, 87, 88, 89, 90, 91, 92, 93, 94, 95, 96, 97, 99]                        | [0.0100, 0.0600, 0.1000, 0.0300, 0.0700, 0.1200, 0.0200, 0.0700, 0.0200, 0.1500, 0.1200, 0.1700, 0.0100, 0.0500]                         | 13.8224  | 0.8600  | 0.9010 
16    | 16          | [99, 100, 101, 102, 103, 104, 105, 106, 107, 108, 110, 112, 113, 116, 117, 118] | [0.0300, 0.0200, 0.0600, 0.0500, 0.0100, 0.2500, 0.1100, 0.1700, 0.0500, 0.0400, 0.0100, 0.0200, 0.0400, 0.0300, 0.0800, 0.0300]         | 25.3304  | 0.9200  | 0.8834 
17    | 15          | [90, 91, 95, 97, 98, 99, 100, 101, 102, 103, 104, 105, 106, 107, 108]           | [0.0100, 0.0100, 0.0100, 0.0200, 0.1100, 0.0800, 0.0200, 0.1200, 0.0600, 0.2200, 0.0300, 0.1000, 0.1400, 0.0300, 0.0400]                 | 11.9059  | 0.8600  | 0.8899 
18    | 12          | [89, 90, 91, 92, 93, 94, 95, 96, 97, 103, 105, 106]                             | [0.0100, 0.0200, 0.1200, 0.1500, 0.0200, 0.1500, 0.1100, 0.2400, 0.1200, 0.0100, 0.0400, 0.0100]                                         | 10.8859  | 0.7400  | 0.8624 
19    | 10          | [93, 94, 95, 96, 97, 98, 99, 100, 101, 104]                                     | [0.0600, 0.0300, 0.1400, 0.1700, 0.1400, 0.3000, 0.1100, 0.0100, 0.0300, 0.0100]                                                         | 3.7584   | 0.8000  | 0.8325 
20    | 10          | [97, 98, 99, 100, 101, 102, 103, 104, 105, 106]                                 | [0.0300, 0.0600, 0.0800, 0.1000, 0.2000, 0.0400, 0.0100, 0.2800, 0.1900, 0.0100]                                                         | 6.0075   | 0.8800  | 0.8311 
21    | 13          | [96, 97, 98, 99, 100, 101, 102, 103, 104, 105, 106, 107, 109]                   | [0.0300, 0.0900, 0.1300, 0.1200, 0.0400, 0.1100, 0.0700, 0.1400, 0.0700, 0.0400, 0.0900, 0.0400, 0.0300]                                 | 11.1691  | 0.8800  | 0.9135 

[Per-locus summary - Population 2]
Locus | Num_Alleles | Alleles                                                                         | Frequencies                                                                                                                              | Variance | Obs_Het | Exp_Het
------+-------------+---------------------------------------------------------------------------------+------------------------------------------------------------------------------------------------------------------------------------------+----------+---------+--------
1     | 12          | [95, 96, 97, 98, 99, 100, 101, 102, 103, 104, 105, 107]                         | [0.0600, 0.2400, 0.2400, 0.0900, 0.0500, 0.0700, 0.0200, 0.0100, 0.1000, 0.1000, 0.0100, 0.0100]                                         | 9.3875   | 0.8400  | 0.8535 
2     | 14          | [93, 96, 98, 99, 100, 101, 102, 104, 105, 106, 107, 108, 109, 110]              | [0.0100, 0.0100, 0.0700, 0.0700, 0.0800, 0.0500, 0.0100, 0.1100, 0.1800, 0.1100, 0.1600, 0.0600, 0.0700, 0.0100]                         | 13.0136  | 0.9200  | 0.8992 
3     | 14          | [82, 83, 84, 86, 88, 102, 103, 104, 105, 106, 107, 108, 109, 110]               | [0.0300, 0.1300, 0.0500, 0.0600, 0.0200, 0.0700, 0.2400, 0.0500, 0.0200, 0.0100, 0.1100, 0.1800, 0.0200, 0.0100]                         | 97.5136  | 0.8600  | 0.8739 
4     | 10          | [94, 95, 96, 97, 98, 99, 100, 101, 102, 103]                                    | [0.0800, 0.0300, 0.1600, 0.1100, 0.0700, 0.2400, 0.1000, 0.1800, 0.0200, 0.0100]                                                         | 5.0571   | 0.8600  | 0.8582 
5     | 12          | [95, 96, 97, 98, 99, 100, 101, 102, 103, 104, 106, 107]                         | [0.0100, 0.0700, 0.0700, 0.1300, 0.0900, 0.1800, 0.2700, 0.0900, 0.0300, 0.0100, 0.0100, 0.0400]                                         | 5.9891   | 0.9200  | 0.8576 
6     | 17          | [92, 94, 96, 97, 98, 99, 100, 101, 103, 104, 105, 106, 107, 108, 109, 110, 111] | [0.0100, 0.0200, 0.0100, 0.0500, 0.1200, 0.1200, 0.0500, 0.0100, 0.0700, 0.0200, 0.1500, 0.1000, 0.0300, 0.0300, 0.1200, 0.0600, 0.0300] | 22.3304  | 0.9200  | 0.9162 
7     | 15          | [92, 93, 94, 96, 97, 98, 99, 101, 102, 103, 104, 105, 106, 107, 108]            | [0.0100, 0.0200, 0.0200, 0.1000, 0.1200, 0.1700, 0.0500, 0.1100, 0.0100, 0.0400, 0.2200, 0.0700, 0.0100, 0.0300, 0.0200]                 | 14.4636  | 0.8800  | 0.8836 
8     | 14          | [98, 99, 100, 101, 102, 103, 104, 105, 107, 108, 109, 110, 111, 112]            | [0.0500, 0.0800, 0.0700, 0.0700, 0.1800, 0.1500, 0.1000, 0.0500, 0.0400, 0.0800, 0.0100, 0.0800, 0.0300, 0.0100]                         | 13.1979  | 0.8600  | 0.9075 
9     | 11          | [90, 91, 94, 95, 96, 97, 98, 99, 100, 101, 109]                                 | [0.0100, 0.0500, 0.0100, 0.0900, 0.1200, 0.1400, 0.2400, 0.1300, 0.0900, 0.0700, 0.0500]                                                 | 11.8475  | 0.9000  | 0.8739 
10    | 9           | [96, 97, 98, 99, 100, 101, 102, 103, 104]                                       | [0.0600, 0.2100, 0.1400, 0.1300, 0.0300, 0.1300, 0.1800, 0.0800, 0.0400]                                                                 | 5.5979   | 0.8200  | 0.8663 
11    | 13          | [97, 98, 99, 101, 102, 103, 104, 105, 106, 107, 108, 109, 110]                  | [0.0100, 0.0200, 0.0800, 0.0700, 0.0500, 0.0700, 0.2200, 0.1700, 0.1700, 0.0900, 0.0200, 0.0200, 0.0100]                                 | 6.9475   | 0.9400  | 0.8743 
12    | 17          | [93, 94, 95, 96, 97, 98, 99, 100, 101, 102, 103, 104, 105, 106, 107, 108, 110]  | [0.0700, 0.1200, 0.0400, 0.0100, 0.0300, 0.0400, 0.0100, 0.0700, 0.0900, 0.1000, 0.1300, 0.1500, 0.0300, 0.0200, 0.0500, 0.0200, 0.0200] | 20.2131  | 0.9000  | 0.9186 
13    | 11          | [94, 95, 96, 97, 98, 99, 100, 101, 104, 105, 106]                               | [0.1100, 0.1600, 0.0900, 0.1000, 0.0900, 0.1400, 0.1600, 0.0400, 0.0200, 0.0800, 0.0100]                                                 | 10.0604  | 0.9000  | 0.8913 
14    | 15          | [90, 93, 94, 95, 96, 97, 98, 99, 100, 101, 102, 103, 116, 117, 118]             | [0.0300, 0.0100, 0.1100, 0.1700, 0.2300, 0.0900, 0.0400, 0.0400, 0.1100, 0.0300, 0.0100, 0.0300, 0.0500, 0.0400, 0.0100]                 | 42.3979  | 0.9000  | 0.8844 
15    | 13          | [84, 86, 87, 89, 90, 91, 92, 93, 94, 95, 96, 97, 99]                            | [0.0100, 0.0500, 0.1500, 0.0400, 0.1700, 0.0300, 0.0200, 0.0300, 0.1300, 0.1500, 0.1000, 0.0300, 0.0900]                                 | 15.8300  | 0.9400  | 0.8927 
16    | 15          | [100, 101, 102, 103, 104, 105, 106, 107, 108, 110, 112, 113, 114, 116, 117]     | [0.0200, 0.0600, 0.0500, 0.0400, 0.1900, 0.1700, 0.2000, 0.0700, 0.0100, 0.0100, 0.0300, 0.0400, 0.0100, 0.0500, 0.0500]                 | 19.1251  | 0.8800  | 0.8830 
17    | 13          | [91, 94, 97, 98, 99, 101, 102, 103, 104, 105, 106, 107, 108]                    | [0.0100, 0.0400, 0.0400, 0.0800, 0.1100, 0.0900, 0.0700, 0.1300, 0.0300, 0.2200, 0.0700, 0.0700, 0.0400]                                 | 13.5475  | 0.9200  | 0.8966 
18    | 14          | [90, 91, 92, 93, 94, 95, 96, 97, 98, 102, 103, 105, 106, 107]                   | [0.0400, 0.1100, 0.1000, 0.0700, 0.1400, 0.1300, 0.2500, 0.0700, 0.0100, 0.0100, 0.0100, 0.0300, 0.0200, 0.0100]                         | 12.6899  | 0.8800  | 0.8746 
19    | 12          | [93, 94, 95, 96, 97, 98, 99, 100, 101, 102, 103, 104]                           | [0.0400, 0.1100, 0.1200, 0.1900, 0.1600, 0.1800, 0.0800, 0.0100, 0.0400, 0.0300, 0.0300, 0.0100]                                         | 5.8499   | 0.8800  | 0.8766 
20    | 10          | [97, 98, 99, 100, 101, 102, 103, 104, 105, 106]                                 | [0.0300, 0.0200, 0.0500, 0.1800, 0.2100, 0.0800, 0.0900, 0.2000, 0.1000, 0.0400]                                                         | 4.8800   | 0.8800  | 0.8622 
21    | 13          | [96, 97, 98, 99, 100, 101, 102, 103, 104, 105, 106, 107, 109]                   | [0.0300, 0.1000, 0.1600, 0.1400, 0.0800, 0.1200, 0.0300, 0.1100, 0.0400, 0.0400, 0.0700, 0.0700, 0.0100]                                 | 10.8099  | 0.8800  | 0.9061 
