
[Simulation Info]
simulation_id = sim_0001724
timestamp     = 20250428_080838
seed          = 486769
output_folder = /home/lejeunet/Bureau/simulations/Ref_table/sim_0001724

[Model Parameters]
pop_size           = 4424
num_loci           = 20
sample1_generation = 30
sample2_generation = 10
low_repeats        = 1
high_repeats       = 200
mutation_rate      = 0.001
recap_Ne           = 4424

[Sampling Design]
sample1_size_Ne  = 50
sample2_size_Ne  = 50
sample1_size_CMR = 50
sample2_size_CMR = 50

[Capture-Marquage-Recapture]
census_N   =  0
MatchCount =  0
# There were no match between sampling of individuals during CMR.

[Ne Estimates - One Sample - Decreasing critical values [0.050, 0.020, 0.010, 0+]]

[Linkage Desequilibrium]
LD_Ne_Pop1 = [1234.8, 1584.5, 2004.8, 2004.8]
LD_r2_Pop1 = [0.021546, 0.021486, 0.021442, 0.021442]
LD_Ne_Pop2 = [None, None, None, None]
LD_r2_Pop2 = [0.020985, 0.021179, 0.020967, 0.020967]

[Heterozygote excess]
HE_Neb_mean_Pop1        = [478.7, 185.4, 230.0, 230.0]
HE_weighted_D_mean_Pop1 = [0.00105, 0.0027, 0.00218, 0.00218]
HE_Neb_mean_Pop2        = [77.0, 67.9, 77.5, 77.5]
HE_weighted_D_mean_Pop2 = [0.00653, 0.00742, 0.00649, 0.00649]

[Molecular Coancestry]
Coan_Neb_n_Pop1 = 241.2
Coan_f1_Pop1    = 0.00207
Coan_Neb_n_Pop2 = None
Coan_f1_Pop2    = -0.01219

[Ne Estimates - Temporal - Decreasing critical values (0.050, 0.020, 0.010, 0+)]

[Pollak]
P_Ne     = [1657.9, 1910.8, 1775.3, 2094.3]
P_Fk     = [0.02302, 0.02262, 0.02282, 0.02239]
P_Fprime = [0.00302, 0.00262, 0.00282, 0.00239]

[Nei/Tajima]
N_Ne     = [1706.7, 2044.6, 1930.4, 2269.9]
N_Fc     = [0.02293, 0.02245, 0.02259, 0.0222]
N_Fprime = [0.00293, 0.00245, 0.00259, 0.0022]

[Jorde/Ryman]
J_Ne     = [1115.5, 1298.7, 1519.4, 1546.1]
J_Fs     = [0.02459, 0.02395, 0.02339, 0.02334]
J_Fprime = [0.00448, 0.00385, 0.00329, 0.00323]

[Genetic Diversity - Heterozygosity]
mean_exp_het_pop1 = 0.8524
mean_obs_het_pop1 = 0.8467
mean_exp_het_pop2 = 0.8499
mean_obs_het_pop2 = 0.86

[Genetic Diversity - Allele Counts]
mean_alleles_pop1 = 11.19
var_alleles_pop1  = 4.76
sum_alleles_pop1  = 235
mean_alleles_pop2 = 12.07
var_alleles_pop2  = 9.09
sum_alleles_pop2  = 507

[Genetic Diversity - Allelic Size Variance]
var_allele_size_pop1 = 14.4065
var_allele_size_pop2 = 15.1959

[Per-locus summary - Population 1]
Locus | Num_Alleles | Alleles                                                                     | Frequencies                                                                                                                      | Variance | Obs_Het | Exp_Het
------+-------------+-----------------------------------------------------------------------------+----------------------------------------------------------------------------------------------------------------------------------+----------+---------+--------
1     | 10          | [97, 98, 99, 100, 101, 102, 103, 104, 105, 106]                             | [0.0200, 0.0100, 0.0600, 0.1700, 0.1800, 0.1300, 0.1900, 0.1000, 0.1000, 0.0400]                                                 | 4.1899   | 0.7600  | 0.8687 
2     | 9           | [100, 101, 102, 103, 104, 105, 106, 107, 108]                               | [0.0100, 0.0900, 0.0600, 0.0700, 0.1300, 0.2900, 0.2100, 0.1000, 0.0400]                                                         | 3.5011   | 0.8000  | 0.8349 
3     | 14          | [94, 95, 96, 97, 98, 99, 101, 102, 103, 104, 105, 106, 107, 108]            | [0.0500, 0.1800, 0.1500, 0.0800, 0.0900, 0.0100, 0.0400, 0.0400, 0.0800, 0.0100, 0.0100, 0.0600, 0.1800, 0.0200]                 | 23.3800  | 0.9400  | 0.8907 
4     | 12          | [100, 101, 102, 103, 104, 107, 108, 109, 110, 112, 115, 117]                | [0.0300, 0.0100, 0.2200, 0.0300, 0.0400, 0.1300, 0.1500, 0.2300, 0.0200, 0.0900, 0.0400, 0.0100]                                 | 15.2251  | 0.8200  | 0.8541 
5     | 9           | [94, 95, 96, 97, 98, 99, 100, 101, 102]                                     | [0.0500, 0.1300, 0.0800, 0.0700, 0.0700, 0.0500, 0.2000, 0.2900, 0.0600]                                                         | 6.2324   | 0.9200  | 0.8426 
6     | 13          | [88, 90, 91, 92, 93, 94, 95, 96, 105, 106, 107, 108, 109]                   | [0.0100, 0.0200, 0.0800, 0.1900, 0.0300, 0.0600, 0.0200, 0.0600, 0.0400, 0.1500, 0.0900, 0.0600, 0.1900]                         | 57.0075  | 0.8600  | 0.8854 
7     | 13          | [85, 86, 87, 88, 89, 91, 93, 95, 96, 97, 98, 99, 100]                       | [0.0300, 0.0900, 0.0500, 0.1800, 0.0100, 0.0200, 0.0500, 0.0500, 0.1100, 0.1200, 0.1300, 0.1400, 0.0200]                         | 25.0979  | 0.9200  | 0.8962 
8     | 11          | [94, 95, 96, 97, 98, 99, 100, 101, 102, 103, 104]                           | [0.0500, 0.0200, 0.1800, 0.0800, 0.1200, 0.0900, 0.0600, 0.0300, 0.1500, 0.1700, 0.0500]                                         | 9.0075   | 0.8800  | 0.8863 
9     | 9           | [98, 99, 100, 101, 102, 103, 104, 105, 106]                                 | [0.0500, 0.1200, 0.1200, 0.1300, 0.1000, 0.2700, 0.1400, 0.0600, 0.0100]                                                         | 3.9944   | 0.8200  | 0.8541 
10    | 14          | [91, 92, 93, 94, 95, 97, 101, 102, 103, 104, 105, 106, 107, 108]            | [0.0400, 0.1700, 0.1000, 0.0900, 0.0400, 0.0500, 0.0200, 0.0500, 0.0100, 0.1500, 0.1100, 0.1000, 0.0600, 0.0100]                 | 35.5219  | 0.8800  | 0.9051 
11    | 11          | [94, 95, 96, 98, 99, 100, 101, 102, 103, 104, 105]                          | [0.0700, 0.1500, 0.0600, 0.0200, 0.0600, 0.0600, 0.2200, 0.2300, 0.1100, 0.0100, 0.0100]                                         | 9.7419   | 0.8800  | 0.8564 
12    | 16          | [94, 96, 97, 98, 99, 100, 101, 103, 104, 105, 106, 107, 108, 109, 110, 111] | [0.0300, 0.0900, 0.0700, 0.0700, 0.0300, 0.0400, 0.0200, 0.0400, 0.0800, 0.1400, 0.0500, 0.1000, 0.0900, 0.0300, 0.1100, 0.0100] | 23.8864  | 0.9800  | 0.9263 
13    | 8           | [96, 97, 98, 99, 100, 101, 103, 104]                                        | [0.1000, 0.0400, 0.2400, 0.3200, 0.1800, 0.0600, 0.0200, 0.0400]                                                                 | 3.0384   | 0.7600  | 0.7984 
14    | 11          | [94, 95, 100, 101, 102, 103, 104, 105, 106, 107, 108]                       | [0.0100, 0.0900, 0.0600, 0.0900, 0.1500, 0.1300, 0.0800, 0.1100, 0.0800, 0.1600, 0.0400]                                         | 12.4164  | 0.9200  | 0.8976 
15    | 11          | [94, 95, 96, 97, 98, 99, 100, 101, 102, 103, 104]                           | [0.0200, 0.2100, 0.2900, 0.0400, 0.3100, 0.0100, 0.0100, 0.0100, 0.0200, 0.0600, 0.0200]                                         | 5.4971   | 0.7600  | 0.7768 
16    | 12          | [90, 91, 92, 93, 94, 100, 102, 103, 104, 105, 108, 109]                     | [0.0200, 0.0400, 0.2300, 0.0600, 0.0100, 0.0600, 0.2600, 0.0700, 0.1800, 0.0400, 0.0200, 0.0100]                                 | 29.9396  | 0.8800  | 0.8392 
17    | 14          | [89, 90, 91, 92, 93, 95, 96, 97, 98, 99, 101, 104, 106, 107]                | [0.0100, 0.0600, 0.1900, 0.0800, 0.0600, 0.0200, 0.0100, 0.0600, 0.3700, 0.0300, 0.0300, 0.0100, 0.0300, 0.0400]                 | 20.2784  | 0.8200  | 0.8129 
18    | 10          | [92, 93, 94, 96, 97, 98, 99, 100, 101, 103]                                 | [0.0200, 0.1100, 0.0200, 0.0800, 0.3200, 0.2900, 0.0500, 0.0500, 0.0500, 0.0100]                                                 | 4.6056   | 0.7200  | 0.7945 
19    | 8           | [100, 101, 102, 103, 104, 105, 106, 107]                                    | [0.0300, 0.0300, 0.1800, 0.2700, 0.1700, 0.1400, 0.0900, 0.0900]                                                                 | 2.9875   | 0.8600  | 0.8366 
20    | 10          | [97, 98, 99, 100, 101, 102, 103, 104, 105, 106]                             | [0.0300, 0.0200, 0.0400, 0.0900, 0.2800, 0.3500, 0.0900, 0.0500, 0.0400, 0.0100]                                                 | 2.6684   | 0.7400  | 0.7836 
21    | 10          | [97, 100, 101, 102, 103, 104, 105, 106, 107, 108]                           | [0.0100, 0.0200, 0.0600, 0.1800, 0.1300, 0.1400, 0.2400, 0.0900, 0.0800, 0.0500]                                                 | 4.3184   | 0.8600  | 0.8610 

[Per-locus summary - Population 2]
Locus | Num_Alleles | Alleles                                                                          | Frequencies                                                                                                                                      | Variance | Obs_Het | Exp_Het
------+-------------+----------------------------------------------------------------------------------+--------------------------------------------------------------------------------------------------------------------------------------------------+----------+---------+--------
1     | 10          | [97, 98, 99, 100, 101, 102, 103, 104, 105, 106]                                  | [0.0100, 0.0400, 0.0400, 0.2400, 0.1400, 0.1500, 0.1200, 0.1200, 0.0600, 0.0800]                                                                 | 4.7619   | 0.9000  | 0.8669 
2     | 9           | [100, 101, 102, 103, 104, 105, 106, 107, 108]                                    | [0.0200, 0.0900, 0.0700, 0.0700, 0.1800, 0.3000, 0.1500, 0.0800, 0.0400]                                                                         | 3.5464   | 0.8000  | 0.8372 
3     | 13          | [94, 95, 96, 97, 98, 99, 100, 101, 102, 103, 105, 106, 107]                      | [0.0600, 0.1100, 0.1700, 0.0900, 0.0900, 0.0300, 0.0200, 0.0200, 0.0100, 0.0400, 0.0300, 0.1000, 0.2300]                                         | 24.6675  | 0.9600  | 0.8808 
4     | 16          | [101, 102, 103, 104, 107, 108, 109, 110, 111, 112, 113, 115, 116, 117, 118, 119] | [0.0900, 0.1600, 0.0200, 0.0100, 0.0700, 0.1400, 0.2300, 0.0500, 0.0400, 0.0500, 0.0100, 0.0500, 0.0100, 0.0200, 0.0300, 0.0200]                 | 22.8691  | 0.8600  | 0.8863 
5     | 10          | [94, 95, 96, 97, 98, 99, 100, 101, 102, 103]                                     | [0.0600, 0.1100, 0.0900, 0.0700, 0.0800, 0.0900, 0.2200, 0.2000, 0.0700, 0.0100]                                                                 | 6.1104   | 0.8800  | 0.8721 
6     | 13          | [88, 90, 91, 92, 93, 94, 95, 96, 105, 106, 107, 108, 109]                        | [0.0200, 0.0300, 0.0600, 0.2000, 0.0100, 0.1000, 0.0400, 0.0500, 0.0400, 0.0900, 0.0300, 0.0300, 0.3000]                                         | 61.3404  | 0.9000  | 0.8479 
7     | 18          | [85, 86, 87, 88, 89, 90, 91, 92, 93, 94, 95, 96, 97, 98, 99, 100, 101, 103]      | [0.0400, 0.0900, 0.0600, 0.1100, 0.0800, 0.0100, 0.0100, 0.0100, 0.0300, 0.0200, 0.0300, 0.1100, 0.0300, 0.1600, 0.1400, 0.0300, 0.0100, 0.0300] | 28.7896  | 0.9200  | 0.9147 
8     | 12          | [93, 94, 95, 96, 97, 98, 99, 100, 101, 102, 103, 104]                            | [0.0100, 0.0700, 0.0300, 0.0900, 0.0400, 0.2000, 0.0500, 0.1000, 0.0200, 0.2100, 0.1500, 0.0300]                                                 | 8.7864   | 0.8400  | 0.8727 
9     | 9           | [98, 99, 100, 101, 102, 103, 104, 105, 108]                                      | [0.0100, 0.1900, 0.1900, 0.0600, 0.0600, 0.2300, 0.1600, 0.0900, 0.0100]                                                                         | 4.7011   | 0.8800  | 0.8422 
10    | 17          | [91, 92, 93, 94, 95, 97, 98, 99, 100, 101, 102, 103, 104, 105, 106, 107, 108]    | [0.0500, 0.0800, 0.0600, 0.1300, 0.0500, 0.0300, 0.0300, 0.0100, 0.0100, 0.0100, 0.0900, 0.0100, 0.1800, 0.0800, 0.1000, 0.0600, 0.0200]         | 31.5676  | 0.9800  | 0.9141 
11    | 11          | [93, 94, 95, 96, 98, 99, 100, 101, 102, 103, 104]                                | [0.0200, 0.0500, 0.0900, 0.0800, 0.0700, 0.0500, 0.0900, 0.2300, 0.1900, 0.0900, 0.0400]                                                         | 8.9504   | 0.9000  | 0.8772 
12    | 14          | [94, 96, 97, 98, 100, 101, 103, 104, 105, 106, 107, 108, 109, 110]               | [0.0400, 0.1100, 0.0200, 0.0500, 0.1200, 0.0100, 0.0600, 0.0700, 0.1900, 0.0200, 0.1300, 0.0700, 0.0500, 0.0600]                                 | 21.2516  | 0.9000  | 0.9051 
13    | 9           | [96, 97, 98, 99, 100, 101, 102, 103, 104]                                        | [0.0900, 0.0300, 0.1300, 0.3700, 0.2400, 0.0900, 0.0100, 0.0200, 0.0200]                                                                         | 2.5411   | 0.6400  | 0.7784 
14    | 11          | [94, 95, 100, 101, 102, 103, 104, 105, 106, 107, 108]                            | [0.0100, 0.1100, 0.0200, 0.1100, 0.1300, 0.0500, 0.0400, 0.0400, 0.1900, 0.1800, 0.1200]                                                         | 15.9931  | 0.9800  | 0.8786 
15    | 10          | [94, 95, 96, 97, 98, 99, 102, 103, 104, 106]                                     | [0.0100, 0.1700, 0.2200, 0.0700, 0.2900, 0.0100, 0.0400, 0.0800, 0.0600, 0.0500]                                                                 | 10.5771  | 0.8600  | 0.8277 
16    | 16          | [90, 91, 92, 93, 94, 95, 100, 101, 102, 103, 104, 105, 106, 107, 108, 110]       | [0.0200, 0.0200, 0.0900, 0.1100, 0.0200, 0.0100, 0.0400, 0.0200, 0.2100, 0.0800, 0.1900, 0.0100, 0.0300, 0.0300, 0.0800, 0.0400]                 | 31.5056  | 0.8400  | 0.8889 
17    | 12          | [89, 90, 91, 92, 93, 95, 97, 98, 99, 101, 106, 107]                              | [0.0100, 0.0600, 0.2100, 0.0500, 0.0500, 0.0200, 0.0900, 0.3400, 0.0400, 0.0800, 0.0300, 0.0200]                                                 | 18.3984  | 0.8000  | 0.8220 
18    | 9           | [93, 94, 96, 97, 98, 99, 100, 101, 103]                                          | [0.1000, 0.0100, 0.0900, 0.2900, 0.3100, 0.1000, 0.0100, 0.0700, 0.0200]                                                                         | 4.2436   | 0.8000  | 0.7941 
19    | 8           | [100, 101, 102, 103, 104, 105, 106, 107]                                         | [0.0200, 0.0100, 0.0800, 0.3100, 0.2700, 0.1500, 0.0800, 0.0800]                                                                                 | 2.2291   | 0.8000  | 0.7968 
20    | 10          | [97, 98, 99, 100, 101, 102, 103, 104, 105, 106]                                  | [0.0100, 0.0400, 0.0300, 0.0300, 0.1400, 0.5300, 0.1200, 0.0600, 0.0100, 0.0300]                                                                 | 2.3379   | 0.7600  | 0.6838 
21    | 10          | [97, 100, 101, 102, 103, 104, 105, 106, 107, 108]                                | [0.0100, 0.0200, 0.0500, 0.1200, 0.2000, 0.1800, 0.2000, 0.0900, 0.0900, 0.0400]                                                                 | 3.9451   | 0.8600  | 0.8610 
