
[Simulation Info]
simulation_id = sim_0011677
timestamp     = 20250429_091827
seed          = 990280
output_folder = /home/lejeunet/Bureau/simulations/Ref_table/sim_0011677

[Model Parameters]
pop_size           = 1197
num_loci           = 20
sample1_generation = 30
sample2_generation = 10
low_repeats        = 1
high_repeats       = 200
mutation_rate      = 0.001
recap_Ne           = 1197

[Sampling Design]
sample1_size_Ne  = 50
sample2_size_Ne  = 50
sample1_size_CMR = 50
sample2_size_CMR = 50

[Capture-Marquage-Recapture]
census_N   =  867
MatchCount =  3

[Ne Estimates - One Sample - Decreasing critical values [0.050, 0.020, 0.010, 0+]]

[Linkage Desequilibrium]
LD_Ne_Pop1 = [None, None, None, None]
LD_r2_Pop1 = [0.020912, 0.02114, 0.021258, 0.021258]
LD_Ne_Pop2 = [1054.2, None, None, None]
LD_r2_Pop2 = [0.021592, 0.021148, 0.020601, 0.020601]

[Heterozygote excess]
HE_Neb_mean_Pop1        = [None, None, None, None]
HE_weighted_D_mean_Pop1 = [-0.02346, -0.02181, -0.01447, -0.01447]
HE_Neb_mean_Pop2        = [None, None, None, None]
HE_weighted_D_mean_Pop2 = [-0.01956, -0.01633, -0.01655, -0.01655]

[Molecular Coancestry]
Coan_Neb_n_Pop1 = None
Coan_f1_Pop1    = -0.01038
Coan_Neb_n_Pop2 = None
Coan_f1_Pop2    = -0.00508

[Ne Estimates - Temporal - Decreasing critical values (0.050, 0.020, 0.010, 0+)]

[Pollak]
P_Ne     = [-1758.2, -2616.9, -2673.2, -2319.5]
P_Fk     = [0.01716, 0.01809, 0.01813, 0.01784]
P_Fprime = [-0.00284, -0.00191, -0.00187, -0.00216]

[Nei/Tajima]
N_Ne     = [-1694.1, -2306.2, -2359.6, -2125.4]
N_Fc     = [0.01705, 0.01783, 0.01788, 0.01765]
N_Fprime = [-0.00295, -0.00217, -0.00212, -0.00235]

[Jorde/Ryman]
J_Ne     = [-2787.4, -3203.4, -3344.1, -3283.4]
J_Fs     = [0.01831, 0.01854, 0.01861, 0.01858]
J_Fprime = [-0.00179, -0.00156, -0.0015, -0.00152]

[Genetic Diversity - Heterozygosity]
mean_exp_het_pop1 = 0.7011
mean_obs_het_pop1 = 0.6867
mean_exp_het_pop2 = 0.6977
mean_obs_het_pop2 = 0.6771

[Genetic Diversity - Allele Counts]
mean_alleles_pop1 = 6.0
var_alleles_pop1  = 2.6
sum_alleles_pop1  = 126
mean_alleles_pop2 = 6.24
var_alleles_pop2  = 3.02
sum_alleles_pop2  = 262

[Genetic Diversity - Allelic Size Variance]
var_allele_size_pop1 = 4.6084
var_allele_size_pop2 = 4.6306

[Per-locus summary - Population 1]
Locus | Num_Alleles | Alleles                                  | Frequencies                                                              | Variance | Obs_Het | Exp_Het
------+-------------+------------------------------------------+--------------------------------------------------------------------------+----------+---------+--------
1     | 6           | [94, 95, 96, 97, 98, 99]                 | [0.0100, 0.1200, 0.0700, 0.1600, 0.1600, 0.4800]                         | 2.1116   | 0.7600  | 0.7061 
2     | 6           | [98, 99, 100, 102, 103, 104]             | [0.0900, 0.1000, 0.1800, 0.0500, 0.5200, 0.0600]                         | 3.6756   | 0.5800  | 0.6798 
3     | 5           | [98, 99, 100, 101, 102]                  | [0.1000, 0.2000, 0.6100, 0.0800, 0.0100]                                 | 0.6300   | 0.5800  | 0.5772 
4     | 9           | [94, 95, 96, 97, 98, 102, 103, 104, 105] | [0.0100, 0.1900, 0.2000, 0.0300, 0.1300, 0.0600, 0.1800, 0.1900, 0.0100] | 13.7739  | 0.9200  | 0.8422 
5     | 5           | [100, 101, 102, 103, 104]                | [0.2600, 0.2100, 0.0400, 0.3600, 0.1300]                                 | 2.1179   | 0.7200  | 0.7477 
6     | 8           | [95, 96, 97, 102, 103, 104, 105, 106]    | [0.0100, 0.4800, 0.0700, 0.0300, 0.0300, 0.0800, 0.2200, 0.0800]         | 18.5931  | 0.8200  | 0.7087 
7     | 6           | [94, 95, 96, 97, 98, 99]                 | [0.0100, 0.2500, 0.1700, 0.0200, 0.4600, 0.0900]                         | 2.0764   | 0.8000  | 0.6954 
8     | 5           | [97, 98, 99, 100, 101]                   | [0.0100, 0.1900, 0.2900, 0.5000, 0.0100]                                 | 0.6739   | 0.6000  | 0.6360 
9     | 7           | [96, 97, 98, 99, 100, 101, 102]          | [0.0800, 0.2100, 0.2300, 0.1900, 0.0600, 0.0100, 0.2200]                 | 3.8475   | 0.7200  | 0.8166 
10    | 9           | [92, 93, 94, 95, 97, 98, 101, 102, 104]  | [0.0200, 0.2100, 0.2100, 0.0100, 0.0300, 0.2300, 0.1600, 0.1100, 0.0200] | 12.3091  | 0.7400  | 0.8277 
11    | 4           | [97, 98, 99, 100]                        | [0.2200, 0.4500, 0.0600, 0.2700]                                         | 1.2156   | 0.8000  | 0.6794 
12    | 4           | [100, 101, 102, 103]                     | [0.0100, 0.2300, 0.7400, 0.0200]                                         | 0.2371   | 0.3800  | 0.4030 
13    | 7           | [95, 96, 97, 98, 101, 102, 103]          | [0.0200, 0.3000, 0.2000, 0.0300, 0.0400, 0.3300, 0.0800]                 | 8.2596   | 0.6400  | 0.7594 
14    | 4           | [100, 101, 102, 103]                     | [0.1300, 0.4500, 0.3100, 0.1100]                                         | 0.7200   | 0.4600  | 0.6792 
15    | 8           | [97, 98, 99, 100, 101, 102, 103, 104]    | [0.1200, 0.1500, 0.0300, 0.1400, 0.2000, 0.0100, 0.1700, 0.1800]         | 5.7824   | 0.8200  | 0.8497 
16    | 7           | [95, 96, 98, 99, 100, 101, 102]          | [0.0100, 0.4300, 0.2000, 0.2400, 0.0400, 0.0600, 0.0200]                 | 2.9739   | 0.6800  | 0.7190 
17    | 4           | [94, 95, 96, 97]                         | [0.0800, 0.3500, 0.5300, 0.0400]                                         | 0.4891   | 0.6600  | 0.5946 
18    | 5           | [99, 100, 101, 102, 103]                 | [0.0100, 0.1700, 0.3900, 0.4200, 0.0100]                                 | 0.6075   | 0.5400  | 0.6489 
19    | 7           | [96, 97, 98, 101, 104, 105, 106]         | [0.0200, 0.0200, 0.1100, 0.2400, 0.1200, 0.2200, 0.2700]                 | 8.8336   | 0.7400  | 0.8018 
20    | 5           | [98, 99, 100, 101, 102]                  | [0.1900, 0.5600, 0.1400, 0.1000, 0.0100]                                 | 0.7876   | 0.6200  | 0.6269 
21    | 5           | [97, 98, 99, 103, 104]                   | [0.0500, 0.3400, 0.2800, 0.0400, 0.2900]                                 | 7.0611   | 0.8400  | 0.7250 

[Per-locus summary - Population 2]
Locus | Num_Alleles | Alleles                                   | Frequencies                                                              | Variance | Obs_Het | Exp_Het
------+-------------+-------------------------------------------+--------------------------------------------------------------------------+----------+---------+--------
1     | 7           | [94, 95, 96, 97, 98, 99, 100]             | [0.0400, 0.1500, 0.0200, 0.1500, 0.1600, 0.4600, 0.0200]                 | 2.6700   | 0.7200  | 0.7226 
2     | 6           | [98, 99, 100, 102, 103, 104]              | [0.1900, 0.0600, 0.2300, 0.0300, 0.4600, 0.0300]                         | 4.3056   | 0.7800  | 0.7010 
3     | 5           | [98, 99, 100, 101, 102]                   | [0.1000, 0.1600, 0.6000, 0.1200, 0.0200]                                 | 0.7200   | 0.5000  | 0.5956 
4     | 8           | [95, 96, 97, 98, 102, 103, 104, 105]      | [0.1100, 0.2900, 0.0500, 0.0900, 0.0700, 0.1400, 0.2300, 0.0200]         | 13.7084  | 0.8600  | 0.8236 
5     | 5           | [100, 101, 102, 103, 104]                 | [0.2800, 0.2100, 0.0500, 0.3700, 0.0900]                                 | 2.0116   | 0.6600  | 0.7374 
6     | 7           | [96, 97, 102, 103, 104, 105, 106]         | [0.3600, 0.0600, 0.0600, 0.0900, 0.0800, 0.3000, 0.0500]                 | 17.1379  | 0.8000  | 0.7638 
7     | 5           | [95, 96, 97, 98, 99]                      | [0.2300, 0.2400, 0.0100, 0.3500, 0.1700]                                 | 2.1899   | 0.7800  | 0.7454 
8     | 4           | [97, 98, 99, 100]                         | [0.0100, 0.1900, 0.2500, 0.5500]                                         | 0.6644   | 0.5200  | 0.6048 
9     | 7           | [96, 97, 98, 99, 100, 101, 102]           | [0.0900, 0.0900, 0.2400, 0.2200, 0.1400, 0.0100, 0.2100]                 | 3.4700   | 0.7800  | 0.8222 
10    | 9           | [92, 93, 94, 95, 97, 98, 101, 102, 104]   | [0.0200, 0.2200, 0.2800, 0.0200, 0.0300, 0.2000, 0.0800, 0.1400, 0.0100] | 11.7651  | 0.7800  | 0.8135 
11    | 6           | [95, 97, 98, 99, 100, 101]                | [0.0100, 0.2200, 0.4600, 0.0700, 0.2300, 0.0100]                         | 1.2939   | 0.7000  | 0.6889 
12    | 4           | [100, 101, 102, 103]                      | [0.0100, 0.2300, 0.7500, 0.0100]                                         | 0.2224   | 0.3000  | 0.3883 
13    | 7           | [95, 96, 97, 98, 101, 102, 103]           | [0.0200, 0.3000, 0.1700, 0.0300, 0.0100, 0.4200, 0.0500]                 | 8.3331   | 0.6200  | 0.7079 
14    | 4           | [100, 101, 102, 103]                      | [0.0900, 0.4600, 0.3700, 0.0800]                                         | 0.5864   | 0.5800  | 0.6434 
15    | 8           | [96, 97, 98, 99, 100, 101, 103, 104]      | [0.0100, 0.1800, 0.1700, 0.0400, 0.0700, 0.1800, 0.1400, 0.2100]         | 7.0696   | 0.9000  | 0.8444 
16    | 8           | [95, 96, 97, 98, 99, 100, 101, 102]       | [0.0100, 0.3900, 0.0200, 0.1900, 0.2500, 0.0700, 0.0600, 0.0100]         | 2.8516   | 0.6600  | 0.7477 
17    | 4           | [94, 95, 96, 97]                          | [0.1200, 0.2800, 0.5500, 0.0500]                                         | 0.5891   | 0.6200  | 0.6083 
18    | 4           | [99, 100, 101, 102]                       | [0.0300, 0.1800, 0.4800, 0.3100]                                         | 0.6051   | 0.6600  | 0.6467 
19    | 9           | [96, 97, 98, 99, 100, 101, 104, 105, 106] | [0.0100, 0.0300, 0.1200, 0.0100, 0.0100, 0.3700, 0.0800, 0.1600, 0.2100] | 8.5131   | 0.6800  | 0.7792 
20    | 4           | [98, 99, 100, 101]                        | [0.2100, 0.5900, 0.0800, 0.1200]                                         | 0.7579   | 0.6400  | 0.5929 
21    | 6           | [97, 98, 99, 100, 104, 105]               | [0.0200, 0.2400, 0.2700, 0.0100, 0.4500, 0.0100]                         | 7.7784   | 0.6800  | 0.6731 
