
[Simulation Info]
simulation_id = sim_0005958
timestamp     = 20250428_094441
seed          = 292209
output_folder = /home/lejeunet/Bureau/simulations/Ref_table/sim_0005958

[Model Parameters]
pop_size           = 80
num_loci           = 20
sample1_generation = 30
sample2_generation = 10
low_repeats        = 1
high_repeats       = 200
mutation_rate      = 0.001
recap_Ne           = 80

[Sampling Design]
sample1_size_Ne  = 50
sample2_size_Ne  = 50
sample1_size_CMR = 50
sample2_size_CMR = 50

[Capture-Marquage-Recapture]
census_N   =  74
MatchCount =  35

[Ne Estimates - One Sample - Decreasing critical values [0.050, 0.020, 0.010, 0+]]

[Linkage Desequilibrium]
LD_Ne_Pop1 = [71.2, 99.4, 132.9, 132.9]
LD_r2_Pop1 = [0.02582, 0.024559, 0.023744, 0.023744]
LD_Ne_Pop2 = [62.0, 441.0, 595.0, 595.0]
LD_r2_Pop2 = [0.026474, 0.022028, 0.021834, 0.021834]

[Heterozygote excess]
HE_Neb_mean_Pop1        = [17.5, 19.4, 19.4, 19.4]
HE_weighted_D_mean_Pop1 = [0.02944, 0.02646, 0.02646, 0.02646]
HE_Neb_mean_Pop2        = [228.3, 107.9, 118.2, 118.2]
HE_weighted_D_mean_Pop2 = [0.00219, 0.00466, 0.00425, 0.00425]

[Molecular Coancestry]
Coan_Neb_n_Pop1 = 3.8
Coan_f1_Pop1    = 0.13025
Coan_Neb_n_Pop2 = 6.9
Coan_f1_Pop2    = 0.07223

[Ne Estimates - Temporal - Decreasing critical values (0.050, 0.020, 0.010, 0+)]

[Pollak]
P_Ne     = [155.5, 158.5, 168.5, 168.5]
P_Fk     = [0.05215, 0.05154, 0.04968, 0.04968]
P_Fprime = [0.03215, 0.03154, 0.02968, 0.02968]

[Nei/Tajima]
N_Ne     = [156.2, 155.7, 161.3, 161.3]
N_Fc     = [0.05201, 0.05212, 0.051, 0.051]
N_Fprime = [0.03201, 0.03212, 0.031, 0.031]

[Jorde/Ryman]
J_Ne     = [175.2, 170.9, 170.8, 170.8]
J_Fs     = [0.04884, 0.04957, 0.04959, 0.04959]
J_Fprime = [0.02854, 0.02925, 0.02928, 0.02928]

[Genetic Diversity - Heterozygosity]
mean_exp_het_pop1 = 0.3401
mean_obs_het_pop1 = 0.3489
mean_exp_het_pop2 = 0.3152
mean_obs_het_pop2 = 0.3111

[Genetic Diversity - Allele Counts]
mean_alleles_pop1 = 2.42
var_alleles_pop1  = 0.48
sum_alleles_pop1  = 46
mean_alleles_pop2 = 2.76
var_alleles_pop2  = 0.51
sum_alleles_pop2  = 105

[Genetic Diversity - Allelic Size Variance]
var_allele_size_pop1 = 0.238
var_allele_size_pop2 = 0.2202

[Per-locus summary - Population 1]
Locus | Num_Alleles | Alleles            | Frequencies                      | Variance | Obs_Het | Exp_Het
------+-------------+--------------------+----------------------------------+----------+---------+--------
1     | 2           | [100, 101]         | [0.8500, 0.1500]                 | 0.1275   | 0.1800  | 0.2576 
2     | 2           | [99, 100]          | [0.3000, 0.7000]                 | 0.2100   | 0.4400  | 0.4242 
3     | 3           | [100, 101, 102]    | [0.0200, 0.9500, 0.0300]         | 0.0499   | 0.1000  | 0.0972 
4     | 3           | [100, 101, 102]    | [0.9100, 0.0600, 0.0300]         | 0.1656   | 0.1800  | 0.1691 
5     | 3           | [100, 101, 102]    | [0.2000, 0.6700, 0.1300]         | 0.3251   | 0.5400  | 0.4992 
6     | 3           | [98, 100, 101]     | [0.2800, 0.4400, 0.2800]         | 1.3216   | 0.6200  | 0.6562 
7     | 4           | [98, 99, 100, 101] | [0.1400, 0.1100, 0.7400, 0.0100] | 0.5356   | 0.4800  | 0.4249 
8     | 2           | [100, 101]         | [0.9800, 0.0200]                 | 0.0196   | 0.0400  | 0.0396 
9     | 3           | [100, 101, 102]    | [0.1900, 0.8000, 0.0100]         | 0.1676   | 0.3600  | 0.3271 
10    | 2           | [100, 101]         | [0.6900, 0.3100]                 | 0.2139   | 0.3400  | 0.4321 
11    | 3           | [99, 100, 101]     | [0.0100, 0.9700, 0.0200]         | 0.0299   | 0.0600  | 0.0592 
12    | 2           | [100, 101]         | [0.7900, 0.2100]                 | 0.1659   | 0.3800  | 0.3352 
13    | 2           | [100, 101]         | [0.5200, 0.4800]                 | 0.2496   | 0.5600  | 0.5042 
14    | 2           | [100, 101]         | [0.1900, 0.8100]                 | 0.1539   | 0.3800  | 0.3109 
15    | 3           | [99, 100, 101]     | [0.0600, 0.9300, 0.0100]         | 0.0675   | 0.1400  | 0.1327 
16    | 2           | [100, 101]         | [0.6300, 0.3700]                 | 0.2331   | 0.5400  | 0.4709 
17    | 2           | [99, 100]          | [0.3900, 0.6100]                 | 0.2379   | 0.5000  | 0.4806 
18    | 2           | [100, 101]         | [0.5400, 0.4600]                 | 0.2484   | 0.4400  | 0.5018 
19    | 1           | [100]              | [1.0000]                         | 0.0000   | NA      | NA     

[Per-locus summary - Population 2]
Locus | Num_Alleles | Alleles             | Frequencies                      | Variance | Obs_Het | Exp_Het
------+-------------+---------------------+----------------------------------+----------+---------+--------
1     | 2           | [100, 101]          | [0.8200, 0.1800]                 | 0.1476   | 0.3200  | 0.2982 
2     | 3           | [99, 100, 101]      | [0.1800, 0.8000, 0.0200]         | 0.1744   | 0.2600  | 0.3305 
3     | 4           | [99, 100, 101, 102] | [0.0100, 0.0100, 0.9600, 0.0200] | 0.0699   | 0.0800  | 0.0786 
4     | 3           | [99, 100, 102]      | [0.0400, 0.9400, 0.0200]         | 0.1200   | 0.1200  | 0.1156 
5     | 3           | [100, 101, 102]     | [0.2100, 0.6700, 0.1200]         | 0.3219   | 0.4600  | 0.4976 
6     | 3           | [98, 100, 101]      | [0.3200, 0.4600, 0.2200]         | 1.3236   | 0.6600  | 0.6440 
7     | 4           | [98, 99, 100, 101]  | [0.0600, 0.3300, 0.5700, 0.0400] | 0.4419   | 0.6600  | 0.5667 
8     | 3           | [99, 100, 101]      | [0.0100, 0.9500, 0.0400]         | 0.0491   | 0.1000  | 0.0968 
9     | 2           | [101, 102]          | [0.9900, 0.0100]                 | 0.0099   | 0.0200  | 0.0200 
10    | 2           | [100, 101]          | [0.5900, 0.4100]                 | 0.2419   | 0.6200  | 0.4887 
11    | 1           | [100]               | [1.0000]                         | 0.0000   | NA      | NA     
12    | 3           | [99, 100, 101]      | [0.0100, 0.9100, 0.0800]         | 0.0851   | 0.1800  | 0.1671 
13    | 2           | [100, 101]          | [0.6000, 0.4000]                 | 0.2400   | 0.4800  | 0.4849 
14    | 3           | [100, 101, 102]     | [0.1000, 0.8900, 0.0100]         | 0.1019   | 0.2200  | 0.1998 
15    | 2           | [99, 100]           | [0.0400, 0.9600]                 | 0.0384   | 0.0800  | 0.0776 
16    | 2           | [100, 101]          | [0.6100, 0.3900]                 | 0.2379   | 0.3800  | 0.4806 
17    | 3           | [98, 99, 100]       | [0.0100, 0.3700, 0.6200]         | 0.2579   | 0.3200  | 0.4834 
18    | 2           | [100, 101]          | [0.5800, 0.4200]                 | 0.2436   | 0.4800  | 0.4921 
19    | 3           | [99, 100, 101]      | [0.0300, 0.9200, 0.0500]         | 0.0796   | 0.1600  | 0.1517 
