
[Simulation Info]
simulation_id = sim_0012936
timestamp     = 20250429_100820
seed          = 224132
output_folder = /home/lejeunet/Bureau/simulations/Ref_table/sim_0012936

[Model Parameters]
pop_size           = 1518
num_loci           = 20
sample1_generation = 30
sample2_generation = 10
low_repeats        = 1
high_repeats       = 200
mutation_rate      = 0.001
recap_Ne           = 1518

[Sampling Design]
sample1_size_Ne  = 50
sample2_size_Ne  = 50
sample1_size_CMR = 50
sample2_size_CMR = 50

[Capture-Marquage-Recapture]
census_N   =  2601
MatchCount =  1

[Ne Estimates - One Sample - Decreasing critical values [0.050, 0.020, 0.010, 0+]]

[Linkage Desequilibrium]
LD_Ne_Pop1 = [1425.6, 2179.3, 1207.7, 1207.7]
LD_r2_Pop1 = [0.021509, 0.021429, 0.021552, 0.021552]
LD_Ne_Pop2 = [7067.4, None, 1274.5, 1274.5]
LD_r2_Pop2 = [0.021323, 0.021099, 0.021537, 0.021537]

[Heterozygote excess]
HE_Neb_mean_Pop1        = [27.7, 27.1, 27.7, 27.7]
HE_weighted_D_mean_Pop1 = [0.01837, 0.01879, 0.0184, 0.0184]
HE_Neb_mean_Pop2        = [109.7, 149.5, 159.9, 159.9]
HE_weighted_D_mean_Pop2 = [0.00458, 0.00336, 0.00314, 0.00314]

[Molecular Coancestry]
Coan_Neb_n_Pop1 = 53.1
Coan_f1_Pop1    = 0.00941
Coan_Neb_n_Pop2 = 53.2
Coan_f1_Pop2    = 0.00939

[Ne Estimates - Temporal - Decreasing critical values (0.050, 0.020, 0.010, 0+)]

[Pollak]
P_Ne     = [1317.1, 1303.5, 1714.6, 1842.8]
P_Fk     = [0.0238, 0.02384, 0.02292, 0.02271]
P_Fprime = [0.0038, 0.00384, 0.00292, 0.00271]

[Nei/Tajima]
N_Ne     = [1613.7, 1583.0, 2069.1, 2223.0]
N_Fc     = [0.0231, 0.02316, 0.02242, 0.02225]
N_Fprime = [0.0031, 0.00316, 0.00242, 0.00225]

[Jorde/Ryman]
J_Ne     = [1969.4, 1966.3, 2052.9, 2064.1]
J_Fs     = [0.02264, 0.02264, 0.02254, 0.02252]
J_Fprime = [0.00254, 0.00254, 0.00244, 0.00242]

[Genetic Diversity - Heterozygosity]
mean_exp_het_pop1 = 0.72
mean_obs_het_pop1 = 0.7448
mean_exp_het_pop2 = 0.7324
mean_obs_het_pop2 = 0.7286

[Genetic Diversity - Allele Counts]
mean_alleles_pop1 = 5.86
var_alleles_pop1  = 1.83
sum_alleles_pop1  = 123
mean_alleles_pop2 = 6.29
var_alleles_pop2  = 2.36
sum_alleles_pop2  = 264

[Genetic Diversity - Allelic Size Variance]
var_allele_size_pop1 = 2.2747
var_allele_size_pop2 = 2.3909

[Per-locus summary - Population 1]
Locus | Num_Alleles | Alleles                               | Frequencies                                                      | Variance | Obs_Het | Exp_Het
------+-------------+---------------------------------------+------------------------------------------------------------------+----------+---------+--------
1     | 6           | [96, 97, 98, 99, 100, 101]            | [0.0100, 0.1300, 0.2500, 0.4900, 0.1100, 0.0100]                 | 0.8419   | 0.6200  | 0.6750 
2     | 6           | [100, 101, 102, 103, 104, 105]        | [0.0100, 0.1400, 0.2800, 0.4100, 0.1300, 0.0300]                 | 1.0200   | 0.8000  | 0.7232 
3     | 8           | [95, 96, 97, 98, 99, 100, 101, 102]   | [0.0600, 0.0300, 0.1400, 0.0900, 0.0200, 0.0700, 0.5600, 0.0300] | 4.1236   | 0.7000  | 0.6545 
4     | 6           | [98, 99, 100, 101, 102, 103]          | [0.0300, 0.0400, 0.2800, 0.1200, 0.4800, 0.0500]                 | 1.3731   | 0.6600  | 0.6786 
5     | 7           | [95, 96, 97, 98, 99, 100, 101]        | [0.0200, 0.1800, 0.3800, 0.0600, 0.1900, 0.1200, 0.0500]         | 2.3516   | 0.8600  | 0.7739 
6     | 8           | [97, 98, 99, 100, 101, 102, 103, 105] | [0.1000, 0.1600, 0.1400, 0.0300, 0.0700, 0.3100, 0.0900, 0.1000] | 5.8100   | 0.8200  | 0.8331 
7     | 6           | [99, 100, 101, 102, 103, 104]         | [0.0300, 0.3300, 0.2000, 0.1500, 0.2300, 0.0600]                 | 1.9000   | 0.7400  | 0.7790 
8     | 7           | [96, 97, 98, 99, 100, 101, 102]       | [0.0100, 0.1900, 0.0800, 0.0300, 0.1700, 0.4700, 0.0500]         | 2.8371   | 0.6800  | 0.7113 
9     | 5           | [99, 100, 101, 102, 103]              | [0.1800, 0.4500, 0.2700, 0.0500, 0.0500]                         | 0.9844   | 0.8200  | 0.6941 
10    | 6           | [96, 97, 100, 102, 103, 104]          | [0.0800, 0.3500, 0.1300, 0.2700, 0.1200, 0.0500]                 | 7.3171   | 0.8600  | 0.7721 
11    | 4           | [100, 101, 102, 103]                  | [0.4800, 0.3100, 0.2000, 0.0100]                                 | 0.6524   | 0.6600  | 0.6398 
12    | 6           | [99, 100, 101, 102, 103, 104]         | [0.0400, 0.1600, 0.0700, 0.2200, 0.3800, 0.1300]                 | 1.9531   | 0.7400  | 0.7659 
13    | 6           | [98, 99, 100, 101, 102, 103]          | [0.0200, 0.2200, 0.5200, 0.1200, 0.0400, 0.0800]                 | 1.2676   | 0.6800  | 0.6651 
14    | 8           | [96, 97, 98, 99, 100, 101, 102, 103]  | [0.0400, 0.0900, 0.0600, 0.2100, 0.0800, 0.2400, 0.1300, 0.1500] | 3.9739   | 0.8200  | 0.8477 
15    | 4           | [96, 97, 98, 99]                      | [0.2000, 0.3700, 0.3000, 0.1300]                                 | 0.8904   | 0.8200  | 0.7234 
16    | 4           | [96, 97, 98, 99]                      | [0.0700, 0.2300, 0.3700, 0.3300]                                 | 0.8384   | 0.7400  | 0.7034 
17    | 7           | [99, 100, 101, 103, 104, 105, 106]    | [0.1600, 0.2600, 0.2700, 0.0100, 0.1400, 0.0200, 0.1400]         | 5.6104   | 0.7800  | 0.8022 
18    | 4           | [96, 97, 98, 99]                      | [0.0700, 0.3600, 0.5500, 0.0200]                                 | 0.4296   | 0.6800  | 0.5683 
19    | 6           | [95, 96, 97, 98, 99, 100]             | [0.0700, 0.2000, 0.3400, 0.2900, 0.0700, 0.0300]                 | 1.2876   | 0.8400  | 0.7572 
20    | 4           | [96, 97, 98, 99]                      | [0.0800, 0.2300, 0.4300, 0.2600]                                 | 0.7931   | 0.7000  | 0.6952 
21    | 5           | [98, 99, 100, 101, 102]               | [0.0200, 0.1500, 0.3500, 0.0300, 0.4500]                         | 1.5124   | 0.6200  | 0.6578 

[Per-locus summary - Population 2]
Locus | Num_Alleles | Alleles                                         | Frequencies                                                                      | Variance | Obs_Het | Exp_Het
------+-------------+-------------------------------------------------+----------------------------------------------------------------------------------+----------+---------+--------
1     | 6           | [96, 97, 98, 99, 100, 101]                      | [0.0100, 0.1500, 0.2900, 0.4400, 0.1000, 0.0100]                                 | 0.8700   | 0.7600  | 0.6966 
2     | 4           | [101, 102, 103, 104]                            | [0.1900, 0.2700, 0.3800, 0.1600]                                                 | 0.9499   | 0.7400  | 0.7283 
3     | 8           | [95, 96, 97, 98, 99, 100, 101, 102]             | [0.0600, 0.0200, 0.1600, 0.0500, 0.0800, 0.0600, 0.5100, 0.0600]                 | 4.1219   | 0.6200  | 0.7012 
4     | 6           | [98, 99, 100, 101, 102, 103]                    | [0.0300, 0.0200, 0.3400, 0.1400, 0.4500, 0.0200]                                 | 1.2196   | 0.7000  | 0.6673 
5     | 7           | [95, 96, 97, 98, 99, 100, 101]                  | [0.0200, 0.1500, 0.2900, 0.0900, 0.1500, 0.2800, 0.0200]                         | 2.5056   | 0.9200  | 0.7915 
6     | 10          | [97, 98, 99, 100, 101, 102, 103, 104, 105, 106] | [0.1000, 0.1200, 0.2000, 0.0100, 0.0400, 0.2900, 0.1400, 0.0200, 0.0600, 0.0200] | 5.9400   | 0.8800  | 0.8341 
7     | 6           | [99, 100, 101, 102, 103, 104]                   | [0.0900, 0.2500, 0.0900, 0.1900, 0.3100, 0.0700]                                 | 2.3219   | 0.7600  | 0.7921 
8     | 7           | [96, 97, 98, 99, 100, 101, 102]                 | [0.0700, 0.1500, 0.0600, 0.0300, 0.3000, 0.3400, 0.0500]                         | 3.0864   | 0.8400  | 0.7677 
9     | 5           | [99, 100, 101, 102, 103]                        | [0.1300, 0.3500, 0.4100, 0.0800, 0.0300]                                         | 0.8491   | 0.7000  | 0.6921 
10    | 8           | [96, 97, 98, 100, 101, 102, 103, 104]           | [0.2200, 0.2500, 0.0300, 0.1400, 0.0100, 0.2000, 0.0900, 0.0600]                 | 7.8771   | 0.8400  | 0.8250 
11    | 5           | [99, 100, 101, 102, 103]                        | [0.0200, 0.3800, 0.3100, 0.2500, 0.0400]                                         | 0.8619   | 0.6800  | 0.7020 
12    | 6           | [99, 100, 101, 102, 103, 104]                   | [0.0200, 0.2300, 0.1100, 0.2100, 0.3200, 0.1100]                                 | 1.9619   | 0.7200  | 0.7838 
13    | 7           | [98, 99, 100, 101, 102, 103, 104]               | [0.0300, 0.2300, 0.4800, 0.0900, 0.0700, 0.0900, 0.0100]                         | 1.6275   | 0.6800  | 0.7016 
14    | 8           | [97, 98, 99, 100, 101, 102, 103, 104]           | [0.1900, 0.0700, 0.1900, 0.1200, 0.2100, 0.1000, 0.1100, 0.0100]                 | 3.9256   | 0.8800  | 0.8507 
15    | 6           | [95, 96, 97, 98, 99, 100]                       | [0.0100, 0.1400, 0.3800, 0.2900, 0.1700, 0.0100]                                 | 0.9900   | 0.6800  | 0.7301 
16    | 3           | [97, 98, 99]                                    | [0.2700, 0.3400, 0.3900]                                                         | 0.6456   | 0.5400  | 0.6661 
17    | 7           | [99, 100, 101, 103, 104, 105, 106]              | [0.1800, 0.1600, 0.2000, 0.0200, 0.2400, 0.0100, 0.1900]                         | 6.5171   | 0.7600  | 0.8160 
18    | 5           | [95, 96, 97, 98, 99]                            | [0.0100, 0.0500, 0.3200, 0.6000, 0.0200]                                         | 0.4451   | 0.4600  | 0.5400 
19    | 6           | [95, 96, 97, 98, 99, 100]                       | [0.1100, 0.1400, 0.3200, 0.3600, 0.0600, 0.0100]                                 | 1.2475   | 0.6400  | 0.7400 
20    | 4           | [96, 97, 98, 99]                                | [0.0600, 0.3500, 0.3700, 0.2200]                                                 | 0.7475   | 0.8000  | 0.6956 
21    | 6           | [98, 99, 100, 101, 102, 103]                    | [0.0100, 0.1600, 0.3700, 0.0200, 0.4300, 0.0100]                                 | 1.4971   | 0.7000  | 0.6586 
