
[Simulation Info]
simulation_id = sim_0012479
timestamp     = 20250429_095340
seed          = 550437
output_folder = /home/lejeunet/Bureau/simulations/Ref_table/sim_0012479

[Model Parameters]
pop_size           = 176
num_loci           = 20
sample1_generation = 30
sample2_generation = 10
low_repeats        = 1
high_repeats       = 200
mutation_rate      = 0.001
recap_Ne           = 176

[Sampling Design]
sample1_size_Ne  = 50
sample2_size_Ne  = 50
sample1_size_CMR = 50
sample2_size_CMR = 50

[Capture-Marquage-Recapture]
census_N   =  130
MatchCount =  20

[Ne Estimates - One Sample - Decreasing critical values [0.050, 0.020, 0.010, 0+]]

[Linkage Desequilibrium]
LD_Ne_Pop1 = [171.6, 473.7, 644.6, 644.6]
LD_r2_Pop1 = [0.023195, 0.021977, 0.021791, 0.021791]
LD_Ne_Pop2 = [331.5, 1009.8, 251.9, 251.9]
LD_r2_Pop2 = [0.022275, 0.021605, 0.022588, 0.022588]

[Heterozygote excess]
HE_Neb_mean_Pop1        = [15.9, 16.1, 16.1, 16.1]
HE_weighted_D_mean_Pop1 = [0.03252, 0.03195, 0.03195, 0.03195]
HE_Neb_mean_Pop2        = [None, None, None, None]
HE_weighted_D_mean_Pop2 = [-0.00524, -0.00434, -0.00434, -0.00434]

[Molecular Coancestry]
Coan_Neb_n_Pop1 = None
Coan_f1_Pop1    = -0.00703
Coan_Neb_n_Pop2 = 8.9
Coan_f1_Pop2    = 0.05618

[Ne Estimates - Temporal - Decreasing critical values (0.050, 0.020, 0.010, 0+)]

[Pollak]
P_Ne     = [224.2, 244.6, 244.6, 244.6]
P_Fk     = [0.0423, 0.04044, 0.04044, 0.04044]
P_Fprime = [0.0223, 0.02044, 0.02044, 0.02044]

[Nei/Tajima]
N_Ne     = [211.9, 225.3, 225.3, 225.3]
N_Fc     = [0.0436, 0.04219, 0.04219, 0.04219]
N_Fprime = [0.0236, 0.02219, 0.02219, 0.02219]

[Jorde/Ryman]
J_Ne     = [170.8, 169.9, 169.9, 169.9]
J_Fs     = [0.04958, 0.04974, 0.04974, 0.04974]
J_Fprime = [0.02927, 0.02942, 0.02942, 0.02942]

[Genetic Diversity - Heterozygosity]
mean_exp_het_pop1 = 0.4755
mean_obs_het_pop1 = 0.4952
mean_exp_het_pop2 = 0.4662
mean_obs_het_pop2 = 0.4676

[Genetic Diversity - Allele Counts]
mean_alleles_pop1 = 3.19
var_alleles_pop1  = 0.36
sum_alleles_pop1  = 67
mean_alleles_pop2 = 3.31
var_alleles_pop2  = 0.37
sum_alleles_pop2  = 139

[Genetic Diversity - Allelic Size Variance]
var_allele_size_pop1 = 0.5205
var_allele_size_pop2 = 0.4886

[Per-locus summary - Population 1]
Locus | Num_Alleles | Alleles             | Frequencies                      | Variance | Obs_Het | Exp_Het
------+-------------+---------------------+----------------------------------+----------+---------+--------
1     | 3           | [99, 100, 101]      | [0.1400, 0.1000, 0.7600]         | 0.5156   | 0.3800  | 0.3968 
2     | 3           | [100, 101, 102]     | [0.1900, 0.7900, 0.0200]         | 0.1811   | 0.3800  | 0.3428 
3     | 3           | [100, 101, 102]     | [0.2200, 0.7700, 0.0100]         | 0.1859   | 0.3800  | 0.3622 
4     | 3           | [99, 100, 101]      | [0.7800, 0.2100, 0.0100]         | 0.1971   | 0.3600  | 0.3509 
5     | 4           | [97, 98, 101, 102]  | [0.1100, 0.4200, 0.3100, 0.1600] | 3.3284   | 0.7200  | 0.6968 
6     | 4           | [98, 99, 100, 101]  | [0.0200, 0.2400, 0.5600, 0.1800] | 0.4900   | 0.6400  | 0.6020 
7     | 3           | [100, 101, 102]     | [0.2700, 0.7200, 0.0100]         | 0.2124   | 0.4000  | 0.4127 
8     | 3           | [100, 101, 102]     | [0.5400, 0.4500, 0.0100]         | 0.2691   | 0.6800  | 0.5109 
9     | 2           | [99, 100]           | [0.5000, 0.5000]                 | 0.2500   | 0.4800  | 0.5050 
10    | 3           | [100, 101, 102]     | [0.9500, 0.0200, 0.0300]         | 0.1336   | 0.1000  | 0.0972 
11    | 3           | [99, 100, 101]      | [0.2200, 0.7400, 0.0400]         | 0.2276   | 0.4000  | 0.4065 
12    | 3           | [98, 99, 100]       | [0.0400, 0.7600, 0.2000]         | 0.2144   | 0.4200  | 0.3846 
13    | 4           | [98, 99, 100, 101]  | [0.0200, 0.1900, 0.5700, 0.2200] | 0.4899   | 0.6400  | 0.5962 
14    | 2           | [99, 100]           | [0.3200, 0.6800]                 | 0.2176   | 0.4800  | 0.4396 
15    | 3           | [98, 99, 100]       | [0.0100, 0.7100, 0.2800]         | 0.2171   | 0.5000  | 0.4216 
16    | 3           | [100, 101, 102]     | [0.2600, 0.2100, 0.5300]         | 0.7171   | 0.6600  | 0.6135 
17    | 4           | [99, 100, 101, 102] | [0.0200, 0.2300, 0.5000, 0.2500] | 0.5596   | 0.6400  | 0.6406 
18    | 3           | [98, 99, 100]       | [0.0700, 0.5400, 0.3900]         | 0.3576   | 0.5400  | 0.5570 
19    | 3           | [99, 100, 101]      | [0.3100, 0.2300, 0.4600]         | 0.7475   | 0.5400  | 0.6459 
20    | 4           | [98, 100, 101, 102] | [0.0500, 0.1300, 0.7900, 0.0300] | 0.5475   | 0.4000  | 0.3592 
21    | 4           | [97, 98, 99, 100]   | [0.1800, 0.5400, 0.1200, 0.1600] | 0.8724   | 0.6600  | 0.6424 

[Per-locus summary - Population 2]
Locus | Num_Alleles | Alleles             | Frequencies                      | Variance | Obs_Het | Exp_Het
------+-------------+---------------------+----------------------------------+----------+---------+--------
1     | 3           | [99, 100, 101]      | [0.0700, 0.2000, 0.7300]         | 0.3644   | 0.5200  | 0.4265 
2     | 3           | [100, 101, 102]     | [0.1100, 0.8200, 0.0700]         | 0.1784   | 0.3200  | 0.3137 
3     | 4           | [99, 100, 101, 102] | [0.0100, 0.2600, 0.7000, 0.0300] | 0.2675   | 0.5000  | 0.4459 
4     | 2           | [99, 100]           | [0.7800, 0.2200]                 | 0.1716   | 0.4000  | 0.3467 
5     | 4           | [97, 98, 101, 102]  | [0.1300, 0.4300, 0.3800, 0.0600] | 2.9475   | 0.6200  | 0.6568 
6     | 4           | [98, 99, 100, 101]  | [0.0800, 0.2600, 0.5500, 0.1100] | 0.5939   | 0.5000  | 0.6176 
7     | 3           | [100, 101, 102]     | [0.4100, 0.5500, 0.0400]         | 0.3131   | 0.5000  | 0.5331 
8     | 3           | [100, 101, 102]     | [0.7400, 0.2500, 0.0100]         | 0.2171   | 0.4000  | 0.3937 
9     | 2           | [99, 100]           | [0.6600, 0.3400]                 | 0.2244   | 0.4400  | 0.4533 
10    | 4           | [99, 100, 101, 102] | [0.0100, 0.9400, 0.0300, 0.0200] | 0.1164   | 0.1200  | 0.1162 
11    | 3           | [99, 100, 101]      | [0.1200, 0.8700, 0.0100]         | 0.1179   | 0.2200  | 0.2309 
12    | 3           | [98, 99, 100]       | [0.0300, 0.8700, 0.1000]         | 0.1251   | 0.2600  | 0.2346 
13    | 4           | [98, 99, 100, 101]  | [0.0600, 0.3600, 0.4600, 0.1200] | 0.5904   | 0.6800  | 0.6473 
14    | 3           | [99, 100, 101]      | [0.3300, 0.6600, 0.0100]         | 0.2376   | 0.4800  | 0.4600 
15    | 3           | [99, 100, 101]      | [0.6300, 0.3100, 0.0600]         | 0.3651   | 0.5400  | 0.5085 
16    | 3           | [100, 101, 102]     | [0.2400, 0.1700, 0.5900]         | 0.7075   | 0.5600  | 0.5711 
17    | 3           | [100, 101, 102]     | [0.1500, 0.6000, 0.2500]         | 0.3900   | 0.4600  | 0.5606 
18    | 3           | [98, 99, 100]       | [0.0500, 0.4500, 0.5000]         | 0.3475   | 0.5600  | 0.5505 
19    | 3           | [99, 100, 101]      | [0.2400, 0.1600, 0.6000]         | 0.7104   | 0.5000  | 0.5624 
20    | 4           | [98, 100, 101, 102] | [0.0300, 0.3100, 0.6100, 0.0500] | 0.5075   | 0.6200  | 0.5337 
21    | 4           | [97, 98, 99, 100]   | [0.1600, 0.5600, 0.1500, 0.1300] | 0.7675   | 0.6200  | 0.6277 
