
[Simulation Info]
simulation_id = sim_0004970
timestamp     = 20250428_092059
seed          = 246655
output_folder = /home/lejeunet/Bureau/simulations/Ref_table/sim_0004970

[Model Parameters]
pop_size           = 721
num_loci           = 20
sample1_generation = 30
sample2_generation = 10
low_repeats        = 1
high_repeats       = 200
mutation_rate      = 0.001
recap_Ne           = 721

[Sampling Design]
sample1_size_Ne  = 50
sample2_size_Ne  = 50
sample1_size_CMR = 50
sample2_size_CMR = 50

[Capture-Marquage-Recapture]
census_N   =  650
MatchCount =  4

[Ne Estimates - One Sample - Decreasing critical values [0.050, 0.020, 0.010, 0+]]

[Linkage Desequilibrium]
LD_Ne_Pop1 = [582.3, None, None, None]
LD_r2_Pop1 = [0.021846, 0.021123, 0.021034, 0.021034]
LD_Ne_Pop2 = [369.8, 3763.3, 1352.9, 1352.9]
LD_r2_Pop2 = [0.022172, 0.021365, 0.021522, 0.021522]

[Heterozygote excess]
HE_Neb_mean_Pop1        = [49.8, 89.4, 105.1, 105.1]
HE_weighted_D_mean_Pop1 = [0.01013, 0.00562, 0.00478, 0.00478]
HE_Neb_mean_Pop2        = [588.4, 1317.2, 1317.2, 1317.2]
HE_weighted_D_mean_Pop2 = [0.00085, 0.00038, 0.00038, 0.00038]

[Molecular Coancestry]
Coan_Neb_n_Pop1 = None
Coan_f1_Pop1    = -0.00712
Coan_Neb_n_Pop2 = None
Coan_f1_Pop2    = -0.03608

[Ne Estimates - Temporal - Decreasing critical values (0.050, 0.020, 0.010, 0+)]

[Pollak]
P_Ne     = [1519.2, 2559.8, 2628.0, 2342.4]
P_Fk     = [0.02329, 0.02195, 0.0219, 0.02213]
P_Fprime = [0.00329, 0.00195, 0.0019, 0.00213]

[Nei/Tajima]
N_Ne     = [1238.0, 1701.5, 1736.9, 1638.5]
N_Fc     = [0.02404, 0.02294, 0.02288, 0.02305]
N_Fprime = [0.00404, 0.00294, 0.00288, 0.00305]

[Jorde/Ryman]
J_Ne     = [690.8, 689.6, 688.1, 686.6]
J_Fs     = [0.02735, 0.02736, 0.02738, 0.0274]
J_Fprime = [0.00724, 0.00725, 0.00727, 0.00728]

[Genetic Diversity - Heterozygosity]
mean_exp_het_pop1 = 0.5908
mean_obs_het_pop1 = 0.6
mean_exp_het_pop2 = 0.5782
mean_obs_het_pop2 = 0.5781

[Genetic Diversity - Allele Counts]
mean_alleles_pop1 = 4.67
var_alleles_pop1  = 0.63
sum_alleles_pop1  = 98
mean_alleles_pop2 = 4.6
var_alleles_pop2  = 0.78
sum_alleles_pop2  = 193

[Genetic Diversity - Allelic Size Variance]
var_allele_size_pop1 = 0.8377
var_allele_size_pop2 = 0.8348

[Per-locus summary - Population 1]
Locus | Num_Alleles | Alleles                     | Frequencies                                      | Variance | Obs_Het | Exp_Het
------+-------------+-----------------------------+--------------------------------------------------+----------+---------+--------
1     | 3           | [99, 100, 101]              | [0.1700, 0.7900, 0.0400]                         | 0.1931   | 0.3600  | 0.3489 
2     | 5           | [98, 99, 100, 101, 102]     | [0.0400, 0.3700, 0.2300, 0.2700, 0.0900]         | 1.1600   | 0.7200  | 0.7349 
3     | 4           | [98, 99, 100, 101]          | [0.0400, 0.4000, 0.5500, 0.0100]                 | 0.3491   | 0.6000  | 0.5412 
4     | 6           | [97, 98, 99, 100, 101, 102] | [0.3800, 0.0100, 0.1300, 0.2700, 0.1900, 0.0200] | 2.7364   | 0.8200  | 0.7366 
5     | 5           | [98, 99, 100, 101, 102]     | [0.1100, 0.5200, 0.2800, 0.0500, 0.0400]         | 0.7979   | 0.5600  | 0.6414 
6     | 6           | [97, 98, 99, 100, 101, 102] | [0.1000, 0.3600, 0.2200, 0.0500, 0.2300, 0.0400] | 2.0851   | 0.8200  | 0.7626 
7     | 4           | [99, 100, 101, 102]         | [0.1700, 0.4000, 0.3700, 0.0600]                 | 0.6776   | 0.6200  | 0.6774 
8     | 5           | [99, 100, 101, 102, 103]    | [0.0300, 0.0100, 0.5100, 0.4400, 0.0100]         | 0.4579   | 0.5000  | 0.5507 
9     | 4           | [100, 101, 102, 103]        | [0.0600, 0.6100, 0.2800, 0.0500]                 | 0.4376   | 0.5400  | 0.5489 
10    | 6           | [96, 97, 98, 99, 100, 101]  | [0.0100, 0.3500, 0.0800, 0.2400, 0.3100, 0.0100] | 1.6896   | 0.7200  | 0.7244 
11    | 5           | [98, 99, 100, 101, 102]     | [0.0300, 0.0900, 0.6500, 0.2100, 0.0200]         | 0.4900   | 0.5800  | 0.5293 
12    | 5           | [99, 100, 101, 102, 103]    | [0.0100, 0.1800, 0.6300, 0.1700, 0.0100]         | 0.4299   | 0.5000  | 0.5471 
13    | 4           | [100, 101, 102, 103]        | [0.0100, 0.2200, 0.7100, 0.0600]                 | 0.2876   | 0.4400  | 0.4483 
14    | 4           | [98, 99, 100, 101]          | [0.2600, 0.5300, 0.2000, 0.0100]                 | 0.4984   | 0.7400  | 0.6176 
15    | 5           | [98, 99, 100, 101, 102]     | [0.3800, 0.3200, 0.0300, 0.2400, 0.0300]         | 1.5916   | 0.6400  | 0.7008 
16    | 5           | [97, 98, 99, 100, 101]      | [0.0900, 0.1600, 0.2400, 0.4700, 0.0400]         | 1.1059   | 0.7400  | 0.6931 
17    | 5           | [97, 98, 99, 100, 101]      | [0.0100, 0.0800, 0.2100, 0.5900, 0.1100]         | 0.6459   | 0.5800  | 0.5951 
18    | 4           | [99, 100, 101, 102]         | [0.0500, 0.6700, 0.2600, 0.0200]                 | 0.3275   | 0.5200  | 0.4854 
19    | 5           | [97, 98, 99, 100, 101]      | [0.0300, 0.6900, 0.1200, 0.1300, 0.0300]         | 0.7464   | 0.5800  | 0.4958 
20    | 4           | [99, 100, 101, 102]         | [0.1200, 0.2200, 0.6200, 0.0400]                 | 0.5636   | 0.6200  | 0.5568 
21    | 4           | [98, 99, 100, 101]          | [0.0100, 0.0700, 0.6900, 0.2300]                 | 0.3204   | 0.4000  | 0.4707 

[Per-locus summary - Population 2]
Locus | Num_Alleles | Alleles                     | Frequencies                                      | Variance | Obs_Het | Exp_Het
------+-------------+-----------------------------+--------------------------------------------------+----------+---------+--------
1     | 3           | [99, 100, 101]              | [0.0800, 0.8700, 0.0500]                         | 0.1291   | 0.2400  | 0.2366 
2     | 5           | [98, 99, 100, 101, 102]     | [0.0400, 0.4900, 0.2800, 0.1200, 0.0700]         | 0.9539   | 0.6200  | 0.6673 
3     | 4           | [98, 99, 100, 101]          | [0.0300, 0.4000, 0.5300, 0.0400]                 | 0.3836   | 0.5800  | 0.5622 
4     | 6           | [96, 97, 99, 100, 101, 102] | [0.0100, 0.3800, 0.1100, 0.2100, 0.2600, 0.0300] | 3.1291   | 0.7800  | 0.7382 
5     | 5           | [98, 99, 100, 101, 102]     | [0.0300, 0.7000, 0.1900, 0.0200, 0.0600]         | 0.6956   | 0.4200  | 0.4737 
6     | 6           | [97, 98, 99, 100, 101, 102] | [0.0500, 0.3000, 0.2400, 0.1000, 0.2700, 0.0400] | 1.9104   | 0.8200  | 0.7731 
7     | 4           | [99, 100, 101, 102]         | [0.2000, 0.5400, 0.2100, 0.0500]                 | 0.5979   | 0.6600  | 0.6281 
8     | 4           | [99, 100, 101, 102]         | [0.0300, 0.0200, 0.6100, 0.3400]                 | 0.4124   | 0.5600  | 0.5162 
9     | 4           | [100, 101, 102, 103]        | [0.0200, 0.7200, 0.1900, 0.0700]                 | 0.3939   | 0.3800  | 0.4446 
10    | 6           | [96, 97, 98, 99, 100, 101]  | [0.0200, 0.3400, 0.1300, 0.2000, 0.2600, 0.0500] | 1.8699   | 0.7600  | 0.7647 
11    | 5           | [98, 99, 100, 101, 102]     | [0.0300, 0.0700, 0.6500, 0.2400, 0.0100]         | 0.4531   | 0.5800  | 0.5192 
12    | 4           | [100, 101, 102, 103]        | [0.1400, 0.5800, 0.2700, 0.0100]                 | 0.4275   | 0.5600  | 0.5768 
13    | 3           | [101, 102, 103]             | [0.2600, 0.6900, 0.0500]                         | 0.2659   | 0.4600  | 0.4584 
14    | 4           | [98, 99, 100, 101]          | [0.2400, 0.4600, 0.2900, 0.0100]                 | 0.5651   | 0.5800  | 0.6531 
15    | 5           | [98, 99, 100, 101, 102]     | [0.3800, 0.3800, 0.0300, 0.1900, 0.0200]         | 1.3419   | 0.7200  | 0.6806 
16    | 5           | [97, 98, 99, 100, 101]      | [0.0400, 0.2200, 0.2000, 0.4700, 0.0700]         | 1.0339   | 0.6600  | 0.6911 
17    | 4           | [98, 99, 100, 101]          | [0.0500, 0.1900, 0.6200, 0.1400]                 | 0.5075   | 0.5600  | 0.5630 
18    | 4           | [99, 100, 101, 102]         | [0.0400, 0.5800, 0.3000, 0.0800]                 | 0.4836   | 0.6000  | 0.5713 
19    | 5           | [97, 98, 99, 100, 101]      | [0.0200, 0.6900, 0.0400, 0.1900, 0.0600]         | 1.0236   | 0.4800  | 0.4871 
20    | 4           | [99, 100, 101, 102]         | [0.1300, 0.3600, 0.4800, 0.0300]                 | 0.5619   | 0.6400  | 0.6285 
21    | 4           | [98, 99, 100, 101]          | [0.0200, 0.0900, 0.6600, 0.2300]                 | 0.3900   | 0.4800  | 0.5081 
