
[Simulation Info]
simulation_id = sim_0010156
timestamp     = 20250429_083358
seed          = 910346
output_folder = /home/lejeunet/Bureau/simulations/Ref_table/sim_0010156

[Model Parameters]
pop_size           = 1840
num_loci           = 20
sample1_generation = 30
sample2_generation = 10
low_repeats        = 1
high_repeats       = 200
mutation_rate      = 0.001
recap_Ne           = 1840

[Sampling Design]
sample1_size_Ne  = 50
sample2_size_Ne  = 50
sample1_size_CMR = 50
sample2_size_CMR = 50

[Capture-Marquage-Recapture]
census_N   =  650
MatchCount =  4

[Ne Estimates - One Sample - Decreasing critical values [0.050, 0.020, 0.010, 0+]]

[Linkage Desequilibrium]
LD_Ne_Pop1 = [580.7, 861.4, 1200.6, 1200.6]
LD_r2_Pop1 = [0.021848, 0.021662, 0.021553, 0.021553]
LD_Ne_Pop2 = [2092.4, None, 2288.1, 2288.1]
LD_r2_Pop2 = [0.021435, 0.021238, 0.021422, 0.021422]

[Heterozygote excess]
HE_Neb_mean_Pop1        = [None, None, None, None]
HE_weighted_D_mean_Pop1 = [-0.00465, -0.00379, -0.00385, -0.00385]
HE_Neb_mean_Pop2        = [None, None, None, None]
HE_weighted_D_mean_Pop2 = [-0.01337, -0.01789, -0.01787, -0.01787]

[Molecular Coancestry]
Coan_Neb_n_Pop1 = None
Coan_f1_Pop1    = -0.00233
Coan_Neb_n_Pop2 = 169.6
Coan_f1_Pop2    = 0.00295

[Ne Estimates - Temporal - Decreasing critical values (0.050, 0.020, 0.010, 0+)]

[Pollak]
P_Ne     = [2746.8, 4962.5, 6327.2, 4912.0]
P_Fk     = [0.02182, 0.02101, 0.02079, 0.02102]
P_Fprime = [0.00182, 0.00101, 0.00079, 0.00102]

[Nei/Tajima]
N_Ne     = [5117.2, 14030.8, 26151.6, 12522.5]
N_Fc     = [0.02098, 0.02036, 0.02019, 0.0204]
N_Fprime = [0.00098, 0.00036, 0.00019, 0.0004]

[Jorde/Ryman]
J_Ne     = [-5526.6, -4821.0, -4752.7, -4868.9]
J_Fs     = [0.0192, 0.01906, 0.01905, 0.01907]
J_Fprime = [-0.0009, -0.00104, -0.00105, -0.00103]

[Genetic Diversity - Heterozygosity]
mean_exp_het_pop1 = 0.7545
mean_obs_het_pop1 = 0.7476
mean_exp_het_pop2 = 0.7564
mean_obs_het_pop2 = 0.741

[Genetic Diversity - Allele Counts]
mean_alleles_pop1 = 7.1
var_alleles_pop1  = 2.59
sum_alleles_pop1  = 149
mean_alleles_pop2 = 7.31
var_alleles_pop2  = 2.85
sum_alleles_pop2  = 307

[Genetic Diversity - Allelic Size Variance]
var_allele_size_pop1 = 4.242
var_allele_size_pop2 = 4.4687

[Per-locus summary - Population 1]
Locus | Num_Alleles | Alleles                                           | Frequencies                                                                              | Variance | Obs_Het | Exp_Het
------+-------------+---------------------------------------------------+------------------------------------------------------------------------------------------+----------+---------+--------
1     | 7           | [91, 92, 96, 97, 98, 105, 106]                    | [0.0200, 0.0800, 0.2300, 0.3600, 0.0500, 0.0100, 0.2500]                                 | 21.2331  | 0.6600  | 0.7531 
2     | 8           | [93, 95, 96, 97, 98, 99, 100, 101]                | [0.0600, 0.0200, 0.3100, 0.0900, 0.1400, 0.3400, 0.0300, 0.0100]                         | 3.1504   | 0.7800  | 0.7632 
3     | 6           | [97, 98, 99, 100, 101, 102]                       | [0.0100, 0.2800, 0.1600, 0.0800, 0.2600, 0.2100]                                         | 2.4651   | 0.8400  | 0.7857 
4     | 5           | [99, 100, 101, 102, 103]                          | [0.0400, 0.0800, 0.3200, 0.4200, 0.1400]                                                 | 0.9284   | 0.6400  | 0.7006 
5     | 6           | [96, 97, 98, 99, 100, 101]                        | [0.1400, 0.4700, 0.1300, 0.1000, 0.1500, 0.0100]                                         | 1.7176   | 0.7400  | 0.7172 
6     | 8           | [99, 100, 101, 102, 103, 104, 105, 106]           | [0.0300, 0.0100, 0.1900, 0.1200, 0.1800, 0.0300, 0.3000, 0.1400]                         | 3.7800   | 0.7600  | 0.8137 
7     | 8           | [100, 101, 102, 103, 104, 105, 106, 107]          | [0.0700, 0.0600, 0.1100, 0.1300, 0.2300, 0.1400, 0.2500, 0.0100]                         | 3.4404   | 0.8600  | 0.8358 
8     | 7           | [97, 98, 99, 100, 101, 102, 103]                  | [0.0200, 0.1900, 0.5900, 0.0400, 0.0400, 0.1000, 0.0200]                                 | 1.6171   | 0.6200  | 0.6079 
9     | 7           | [100, 101, 102, 103, 104, 105, 106]               | [0.0100, 0.2100, 0.2000, 0.1900, 0.3100, 0.0400, 0.0400]                                 | 1.9404   | 0.8000  | 0.7883 
10    | 7           | [100, 101, 102, 103, 104, 105, 106]               | [0.0200, 0.2300, 0.2200, 0.2300, 0.1500, 0.1400, 0.0100]                                 | 2.0416   | 0.9000  | 0.8113 
11    | 5           | [97, 98, 99, 100, 101]                            | [0.0800, 0.5300, 0.3100, 0.0700, 0.0100]                                                 | 0.6000   | 0.6400  | 0.6178 
12    | 7           | [97, 98, 99, 100, 101, 102, 103]                  | [0.0200, 0.0700, 0.3000, 0.0900, 0.3700, 0.1400, 0.0100]                                 | 1.7476   | 0.6600  | 0.7475 
13    | 7           | [95, 96, 97, 100, 101, 102, 103]                  | [0.1600, 0.1000, 0.0100, 0.1200, 0.1400, 0.2600, 0.2100]                                 | 8.7564   | 0.8800  | 0.8269 
14    | 9           | [97, 98, 100, 101, 102, 103, 104, 105, 106]       | [0.0300, 0.3000, 0.0800, 0.2600, 0.0700, 0.1100, 0.0400, 0.1000, 0.0100]                 | 5.9224   | 0.8400  | 0.8145 
15    | 5           | [97, 98, 99, 100, 101]                            | [0.3000, 0.1100, 0.2400, 0.2400, 0.1100]                                                 | 1.9275   | 0.7800  | 0.7784 
16    | 10          | [90, 91, 92, 93, 94, 95, 96, 98, 99, 100]         | [0.0100, 0.0100, 0.1000, 0.0600, 0.3200, 0.1000, 0.0200, 0.0600, 0.0700, 0.2500]         | 8.9900   | 0.8400  | 0.8105 
17    | 5           | [97, 98, 99, 100, 101]                            | [0.0900, 0.1900, 0.4800, 0.2100, 0.0300]                                                 | 0.8700   | 0.7200  | 0.6873 
18    | 11          | [92, 93, 94, 97, 98, 99, 100, 101, 102, 103, 104] | [0.0600, 0.0600, 0.0100, 0.1400, 0.3300, 0.0500, 0.0700, 0.0100, 0.1600, 0.0900, 0.0200] | 9.5619   | 0.8400  | 0.8309 
19    | 8           | [97, 98, 99, 100, 101, 102, 103, 104]             | [0.0200, 0.1000, 0.2300, 0.2900, 0.0400, 0.1000, 0.0300, 0.1900]                         | 4.2000   | 0.7400  | 0.8121 
20    | 6           | [97, 98, 100, 101, 102, 103]                      | [0.0100, 0.0200, 0.0400, 0.4000, 0.5000, 0.0300]                                         | 0.8236   | 0.4600  | 0.5929 
21    | 7           | [99, 100, 101, 103, 104, 105, 106]                | [0.0300, 0.0500, 0.0900, 0.0400, 0.2400, 0.4100, 0.1400]                                 | 3.3691   | 0.7000  | 0.7491 

[Per-locus summary - Population 2]
Locus | Num_Alleles | Alleles                                         | Frequencies                                                                      | Variance | Obs_Het | Exp_Het
------+-------------+-------------------------------------------------+----------------------------------------------------------------------------------+----------+---------+--------
1     | 8           | [91, 92, 94, 96, 97, 98, 106, 107]              | [0.0800, 0.0500, 0.0100, 0.2400, 0.3600, 0.0300, 0.2200, 0.0100]                 | 22.0779  | 0.6800  | 0.7620 
2     | 8           | [93, 95, 96, 97, 98, 99, 100, 101]              | [0.1100, 0.0100, 0.3200, 0.1000, 0.0900, 0.2900, 0.0600, 0.0200]                 | 4.2075   | 0.7400  | 0.7871 
3     | 6           | [97, 98, 99, 100, 101, 102]                     | [0.0200, 0.2400, 0.1400, 0.2600, 0.1800, 0.1600]                                 | 2.0676   | 0.7600  | 0.8048 
4     | 5           | [99, 100, 101, 102, 103]                        | [0.0600, 0.0300, 0.3400, 0.4500, 0.1200]                                         | 0.9084   | 0.6200  | 0.6697 
5     | 6           | [96, 97, 98, 99, 100, 101]                      | [0.2200, 0.3900, 0.1000, 0.1300, 0.1500, 0.0100]                                 | 1.9531   | 0.8400  | 0.7576 
6     | 8           | [99, 100, 101, 102, 103, 104, 105, 106]         | [0.0300, 0.0500, 0.2000, 0.1400, 0.1800, 0.0200, 0.2800, 0.1000]                 | 3.9051   | 0.8600  | 0.8240 
7     | 8           | [100, 101, 102, 103, 104, 105, 106, 107]        | [0.0100, 0.0600, 0.0700, 0.1700, 0.1800, 0.1200, 0.3700, 0.0200]                 | 2.7779   | 0.8000  | 0.7863 
8     | 7           | [97, 98, 99, 100, 101, 102, 103]                | [0.0500, 0.2200, 0.4600, 0.0900, 0.0400, 0.1200, 0.0200]                         | 1.9859   | 0.7000  | 0.7202 
9     | 5           | [101, 102, 103, 104, 105]                       | [0.2300, 0.1900, 0.1900, 0.2900, 0.1000]                                         | 1.7744   | 0.7600  | 0.7887 
10    | 7           | [100, 101, 102, 103, 104, 105, 106]             | [0.0300, 0.1900, 0.2200, 0.3100, 0.1400, 0.1000, 0.0100]                         | 1.7776   | 0.7600  | 0.7968 
11    | 5           | [97, 98, 99, 100, 101]                          | [0.0700, 0.5600, 0.2700, 0.0900, 0.0100]                                         | 0.6219   | 0.6200  | 0.6065 
12    | 7           | [97, 98, 99, 100, 101, 102, 103]                | [0.0300, 0.0500, 0.3300, 0.1300, 0.3700, 0.0700, 0.0200]                         | 1.6275   | 0.7400  | 0.7360 
13    | 8           | [95, 96, 100, 101, 102, 103, 104, 105]          | [0.2000, 0.1500, 0.1100, 0.1900, 0.1000, 0.2200, 0.0200, 0.0100]                 | 10.3636  | 0.8800  | 0.8388 
14    | 10          | [97, 98, 99, 100, 101, 102, 103, 104, 105, 106] | [0.0700, 0.3200, 0.0200, 0.1000, 0.1900, 0.1400, 0.0600, 0.0300, 0.0600, 0.0100] | 5.4924   | 0.8400  | 0.8267 
15    | 7           | [96, 97, 98, 99, 100, 101, 102]                 | [0.0200, 0.3000, 0.1300, 0.1600, 0.2600, 0.1100, 0.0200]                         | 2.3275   | 0.7400  | 0.7950 
16    | 10          | [90, 91, 92, 93, 94, 95, 98, 99, 100, 101]      | [0.0400, 0.0500, 0.0700, 0.0600, 0.3500, 0.1500, 0.0400, 0.0300, 0.1700, 0.0400] | 9.4875   | 0.7800  | 0.8176 
17    | 5           | [97, 98, 99, 100, 101]                          | [0.0600, 0.2400, 0.5900, 0.1000, 0.0100]                                         | 0.5624   | 0.5200  | 0.5865 
18    | 10          | [92, 93, 94, 97, 98, 99, 100, 101, 102, 103]    | [0.1100, 0.1500, 0.0200, 0.0700, 0.3400, 0.0400, 0.0600, 0.0100, 0.1400, 0.0600] | 11.9499  | 0.8000  | 0.8242 
19    | 8           | [97, 98, 99, 100, 101, 102, 103, 104]           | [0.0100, 0.0600, 0.3000, 0.2700, 0.0500, 0.1300, 0.0500, 0.1300]                 | 3.4491   | 0.7200  | 0.8026 
20    | 6           | [97, 98, 100, 101, 102, 103]                    | [0.0300, 0.0200, 0.0700, 0.4200, 0.4400, 0.0200]                                 | 1.1971   | 0.6400  | 0.6297 
21    | 6           | [99, 101, 103, 104, 105, 106]                   | [0.0700, 0.0800, 0.0600, 0.2600, 0.4400, 0.0900]                                 | 3.3291   | 0.7600  | 0.7230 
