
[Simulation Info]
simulation_id = sim_0005862
timestamp     = 20250428_094226
seed          = 21165
output_folder = /home/lejeunet/Bureau/simulations/Ref_table/sim_0005862

[Model Parameters]
pop_size           = 6047
num_loci           = 20
sample1_generation = 30
sample2_generation = 10
low_repeats        = 1
high_repeats       = 200
mutation_rate      = 0.001
recap_Ne           = 6047

[Sampling Design]
sample1_size_Ne  = 50
sample2_size_Ne  = 50
sample1_size_CMR = 50
sample2_size_CMR = 50

[Capture-Marquage-Recapture]
census_N   =  2601
MatchCount =  1

[Ne Estimates - One Sample - Decreasing critical values [0.050, 0.020, 0.010, 0+]]

[Linkage Desequilibrium]
LD_Ne_Pop1 = [None, None, None, None]
LD_r2_Pop1 = [0.021128, 0.020612, 0.02073, 0.02073]
LD_Ne_Pop2 = [2726.9, None, None, None]
LD_r2_Pop2 = [0.021398, 0.020981, 0.02107, 0.02107]

[Heterozygote excess]
HE_Neb_mean_Pop1        = [None, None, None, None]
HE_weighted_D_mean_Pop1 = [-0.00463, -0.00416, -0.00107, -0.00107]
HE_Neb_mean_Pop2        = [175.1, 323.9, 427.5, 427.5]
HE_weighted_D_mean_Pop2 = [0.00286, 0.00155, 0.00117, 0.00117]

[Molecular Coancestry]
Coan_Neb_n_Pop1 = 52.2
Coan_f1_Pop1    = 0.00958
Coan_Neb_n_Pop2 = None
Coan_f1_Pop2    = -0.01851

[Ne Estimates - Temporal - Decreasing critical values (0.050, 0.020, 0.010, 0+)]

[Pollak]
P_Ne     = [1791.7, 2669.9, 2499.6, 2525.6]
P_Fk     = [0.02279, 0.02187, 0.022, 0.02198]
P_Fprime = [0.00279, 0.00187, 0.002, 0.00198]

[Nei/Tajima]
N_Ne     = [1844.5, 2766.1, 2600.6, 2625.0]
N_Fc     = [0.02271, 0.02181, 0.02192, 0.0219]
N_Fprime = [0.00271, 0.00181, 0.00192, 0.0019]

[Jorde/Ryman]
J_Ne     = [1238.4, 1461.9, 1403.9, 1403.9]
J_Fs     = [0.02414, 0.02352, 0.02367, 0.02366]
J_Fprime = [0.00404, 0.00342, 0.00356, 0.00356]

[Genetic Diversity - Heterozygosity]
mean_exp_het_pop1 = 0.8333
mean_obs_het_pop1 = 0.8305
mean_exp_het_pop2 = 0.8332
mean_obs_het_pop2 = 0.8333

[Genetic Diversity - Allele Counts]
mean_alleles_pop1 = 9.71
var_alleles_pop1  = 3.51
sum_alleles_pop1  = 204
mean_alleles_pop2 = 9.95
var_alleles_pop2  = 4.29
sum_alleles_pop2  = 418

[Genetic Diversity - Allelic Size Variance]
var_allele_size_pop1 = 4.6731
var_allele_size_pop2 = 4.6486

[Per-locus summary - Population 1]
Locus | Num_Alleles | Alleles                                                          | Frequencies                                                                                                      | Variance | Obs_Het | Exp_Het
------+-------------+------------------------------------------------------------------+------------------------------------------------------------------------------------------------------------------+----------+---------+--------
1     | 7           | [98, 99, 100, 101, 102, 103, 104]                                | [0.0300, 0.1500, 0.2100, 0.3100, 0.0900, 0.0900, 0.1200]                                                         | 2.6091   | 0.8200  | 0.8139 
2     | 8           | [94, 96, 97, 98, 99, 100, 101, 102]                              | [0.0100, 0.0300, 0.2600, 0.3300, 0.2100, 0.1300, 0.0100, 0.0200]                                                 | 1.6316   | 0.6600  | 0.7687 
3     | 11          | [98, 99, 100, 101, 102, 103, 104, 105, 106, 107, 108]            | [0.0200, 0.0500, 0.1200, 0.2800, 0.0300, 0.2200, 0.1700, 0.0500, 0.0100, 0.0100, 0.0400]                         | 4.6459   | 0.8800  | 0.8301 
4     | 8           | [98, 99, 100, 101, 102, 103, 104, 105]                           | [0.0300, 0.1800, 0.2300, 0.2600, 0.0500, 0.1100, 0.1100, 0.0300]                                                 | 3.1784   | 0.8200  | 0.8269 
5     | 10          | [94, 95, 96, 97, 98, 99, 100, 101, 102, 103]                     | [0.0200, 0.0300, 0.0500, 0.0900, 0.1300, 0.2800, 0.0800, 0.1600, 0.0500, 0.1100]                                 | 4.7539   | 0.8400  | 0.8548 
6     | 10          | [96, 97, 98, 99, 100, 101, 102, 103, 104, 105]                   | [0.0600, 0.0200, 0.0800, 0.0300, 0.0600, 0.0500, 0.1600, 0.1000, 0.3700, 0.0700]                                 | 6.7099   | 0.8400  | 0.8133 
7     | 11          | [95, 96, 97, 98, 99, 100, 101, 102, 103, 104, 106]               | [0.0200, 0.0200, 0.0100, 0.2100, 0.1100, 0.1500, 0.0600, 0.1300, 0.1800, 0.0900, 0.0200]                         | 5.8600   | 0.9200  | 0.8677 
8     | 11          | [93, 94, 95, 96, 97, 98, 99, 100, 101, 102, 103]                 | [0.0200, 0.0500, 0.1300, 0.2500, 0.0700, 0.0700, 0.0400, 0.0300, 0.1100, 0.1600, 0.0700]                         | 8.9744   | 0.8800  | 0.8715 
9     | 13          | [91, 92, 93, 94, 95, 96, 97, 98, 99, 100, 101, 102, 103]         | [0.0100, 0.0500, 0.0500, 0.0900, 0.1600, 0.2500, 0.2100, 0.0900, 0.0200, 0.0200, 0.0300, 0.0100, 0.0100]         | 4.6851   | 0.8200  | 0.8531 
10    | 10          | [99, 100, 101, 102, 103, 104, 105, 106, 107, 108]                | [0.0100, 0.0500, 0.0100, 0.0700, 0.0400, 0.1400, 0.0500, 0.4200, 0.1700, 0.0400]                                 | 4.1500   | 0.7400  | 0.7695 
11    | 8           | [96, 97, 98, 99, 100, 101, 102, 103]                             | [0.0200, 0.0800, 0.1300, 0.2900, 0.1700, 0.1300, 0.1200, 0.0600]                                                 | 2.8976   | 0.8600  | 0.8368 
12    | 9           | [97, 98, 99, 100, 101, 102, 103, 104, 105]                       | [0.0100, 0.0200, 0.0700, 0.1000, 0.0800, 0.1500, 0.4200, 0.1300, 0.0200]                                         | 2.7856   | 0.8000  | 0.7697 
13    | 8           | [96, 97, 98, 99, 100, 101, 102, 103]                             | [0.0200, 0.0600, 0.1200, 0.2100, 0.2000, 0.1700, 0.1800, 0.0400]                                                 | 2.7964   | 0.8200  | 0.8430 
14    | 10          | [96, 97, 98, 99, 100, 101, 102, 103, 104, 105]                   | [0.0800, 0.2100, 0.2100, 0.2100, 0.0400, 0.0700, 0.0400, 0.0300, 0.1000, 0.0100]                                 | 5.7779   | 0.8200  | 0.8507 
15    | 12          | [93, 94, 95, 96, 97, 98, 99, 100, 101, 102, 103, 106]            | [0.0300, 0.0700, 0.1300, 0.2200, 0.1400, 0.0600, 0.1400, 0.1200, 0.0500, 0.0100, 0.0100, 0.0200]                 | 6.4356   | 0.7800  | 0.8774 
16    | 11          | [96, 97, 98, 99, 100, 101, 102, 103, 104, 105, 106]              | [0.0300, 0.0700, 0.1600, 0.2200, 0.1100, 0.1000, 0.1600, 0.0300, 0.0700, 0.0100, 0.0400]                         | 5.7459   | 0.9200  | 0.8737 
17    | 14          | [94, 95, 96, 97, 98, 99, 100, 101, 102, 103, 104, 105, 106, 107] | [0.0200, 0.0400, 0.0700, 0.0200, 0.0400, 0.0900, 0.2000, 0.1200, 0.0500, 0.0700, 0.0600, 0.1300, 0.0800, 0.0100] | 10.7184  | 0.9000  | 0.9032 
18    | 8           | [98, 99, 100, 101, 102, 103, 104, 105]                           | [0.0200, 0.0400, 0.0600, 0.0600, 0.2000, 0.3600, 0.1900, 0.0700]                                                 | 2.4051   | 0.7000  | 0.7881 
19    | 9           | [95, 96, 97, 98, 99, 100, 101, 103, 104]                         | [0.0100, 0.0300, 0.2900, 0.2100, 0.0800, 0.2100, 0.0100, 0.0500, 0.1100]                                         | 5.5964   | 0.8600  | 0.8137 
20    | 8           | [96, 97, 98, 99, 100, 101, 102, 103]                             | [0.0100, 0.1000, 0.1900, 0.2100, 0.2100, 0.1800, 0.0500, 0.0500]                                                 | 2.6100   | 0.8600  | 0.8366 
21    | 8           | [98, 99, 100, 101, 102, 103, 104, 105]                           | [0.0200, 0.1100, 0.2000, 0.2000, 0.1500, 0.0900, 0.2200, 0.0100]                                                 | 3.1675   | 0.9000  | 0.8368 

[Per-locus summary - Population 2]
Locus | Num_Alleles | Alleles                                                          | Frequencies                                                                                                      | Variance | Obs_Het | Exp_Het
------+-------------+------------------------------------------------------------------+------------------------------------------------------------------------------------------------------------------+----------+---------+--------
1     | 9           | [97, 98, 99, 100, 101, 102, 103, 104, 106]                       | [0.0200, 0.0800, 0.1900, 0.2300, 0.2100, 0.1200, 0.0800, 0.0600, 0.0100]                                         | 3.0836   | 0.8000  | 0.8440 
2     | 7           | [96, 97, 98, 99, 100, 101, 102]                                  | [0.0800, 0.3300, 0.2700, 0.2000, 0.0700, 0.0200, 0.0300]                                                         | 1.7891   | 0.7400  | 0.7733 
3     | 11          | [98, 99, 100, 101, 102, 103, 104, 105, 106, 107, 108]            | [0.0200, 0.0600, 0.0600, 0.1600, 0.1400, 0.2600, 0.1700, 0.0200, 0.0200, 0.0100, 0.0800]                         | 5.2971   | 0.8800  | 0.8519 
4     | 8           | [98, 99, 100, 101, 102, 103, 104, 106]                           | [0.0300, 0.1200, 0.3200, 0.2800, 0.0500, 0.0900, 0.1000, 0.0100]                                                 | 2.6251   | 0.8200  | 0.7911 
5     | 9           | [95, 97, 98, 99, 100, 101, 102, 103, 104]                        | [0.0200, 0.1300, 0.1700, 0.3900, 0.0400, 0.1200, 0.0200, 0.1000, 0.0100]                                         | 3.4816   | 0.7000  | 0.7830 
6     | 10          | [96, 97, 98, 99, 100, 101, 102, 103, 104, 105]                   | [0.0300, 0.0300, 0.1000, 0.0600, 0.1200, 0.0700, 0.1400, 0.0900, 0.2600, 0.1000]                                 | 6.4539   | 0.8800  | 0.8687 
7     | 12          | [94, 95, 96, 97, 98, 99, 100, 101, 102, 103, 104, 106]           | [0.0100, 0.0100, 0.0200, 0.0500, 0.2300, 0.0800, 0.1600, 0.0600, 0.0300, 0.2200, 0.0900, 0.0400]                 | 7.1700   | 0.8600  | 0.8580 
8     | 10          | [94, 95, 96, 97, 98, 99, 100, 101, 102, 103]                     | [0.0500, 0.1000, 0.2400, 0.1000, 0.0500, 0.0300, 0.0400, 0.1400, 0.2100, 0.0400]                                 | 8.3299   | 0.8400  | 0.8582 
9     | 12          | [93, 94, 95, 96, 97, 98, 99, 100, 101, 102, 103, 104]            | [0.1300, 0.1100, 0.0800, 0.2600, 0.1500, 0.0600, 0.0700, 0.0600, 0.0200, 0.0400, 0.0100, 0.0100]                 | 6.4696   | 0.8800  | 0.8689 
10    | 11          | [99, 100, 101, 102, 103, 104, 105, 106, 107, 108, 109]           | [0.0100, 0.0500, 0.0200, 0.1500, 0.0700, 0.1400, 0.0800, 0.2500, 0.1900, 0.0300, 0.0100]                         | 5.0104   | 0.9400  | 0.8525 
11    | 9           | [96, 97, 98, 99, 100, 101, 102, 103, 104]                        | [0.0500, 0.0700, 0.0600, 0.3700, 0.2000, 0.1000, 0.1000, 0.0300, 0.0200]                                         | 2.9451   | 0.7800  | 0.7988 
12    | 9           | [97, 98, 99, 100, 101, 102, 103, 104, 105]                       | [0.0500, 0.0300, 0.0500, 0.1600, 0.1600, 0.1800, 0.2700, 0.0800, 0.0200]                                         | 3.4899   | 0.8800  | 0.8392 
13    | 7           | [97, 98, 99, 100, 101, 102, 103]                                 | [0.0500, 0.1700, 0.2800, 0.1100, 0.2300, 0.1400, 0.0200]                                                         | 2.3400   | 0.8400  | 0.8133 
14    | 10          | [96, 97, 98, 99, 100, 101, 102, 103, 104, 105]                   | [0.1000, 0.2800, 0.1700, 0.2400, 0.0500, 0.0300, 0.0100, 0.0500, 0.0400, 0.0300]                                 | 5.2339   | 0.8000  | 0.8248 
15    | 14          | [94, 95, 96, 97, 98, 99, 100, 101, 102, 103, 104, 105, 106, 107] | [0.0400, 0.1000, 0.2500, 0.0800, 0.1100, 0.1100, 0.1500, 0.0600, 0.0300, 0.0200, 0.0200, 0.0100, 0.0100, 0.0100] | 7.4931   | 0.8800  | 0.8760 
16    | 11          | [96, 97, 98, 99, 100, 101, 102, 103, 104, 105, 106]              | [0.0100, 0.0600, 0.1700, 0.0900, 0.2000, 0.1700, 0.1000, 0.0500, 0.0800, 0.0200, 0.0500]                         | 5.7219   | 0.8400  | 0.8774 
17    | 13          | [95, 96, 97, 98, 99, 100, 101, 102, 103, 104, 105, 106, 107]     | [0.0200, 0.0200, 0.0200, 0.0400, 0.0900, 0.1500, 0.1700, 0.0200, 0.0800, 0.1300, 0.1500, 0.1000, 0.0100]         | 8.2196   | 0.9400  | 0.8903 
18    | 8           | [98, 99, 100, 101, 102, 103, 104, 105]                           | [0.0500, 0.0500, 0.0200, 0.0600, 0.2100, 0.3100, 0.2700, 0.0300]                                                 | 2.8099   | 0.7800  | 0.7849 
19    | 9           | [95, 96, 97, 98, 99, 100, 101, 103, 104]                         | [0.0100, 0.0300, 0.2800, 0.2600, 0.1400, 0.1700, 0.0100, 0.0100, 0.0900]                                         | 4.3571   | 0.8000  | 0.8042 
20    | 7           | [97, 98, 99, 100, 101, 102, 103]                                 | [0.2200, 0.2000, 0.1900, 0.1600, 0.1600, 0.0500, 0.0200]                                                         | 2.6451   | 0.8000  | 0.8297 
21    | 7           | [99, 100, 101, 102, 103, 104, 105]                               | [0.0700, 0.2200, 0.2600, 0.1600, 0.0600, 0.2200, 0.0100]                                                         | 2.6556   | 0.8200  | 0.8095 
