
[Simulation Info]
simulation_id = sim_0008800
timestamp     = 20250428_110138
seed          = 895179
output_folder = /home/lejeunet/Bureau/simulations/Ref_table/sim_0008800

[Model Parameters]
pop_size           = 366
num_loci           = 20
sample1_generation = 30
sample2_generation = 10
low_repeats        = 1
high_repeats       = 200
mutation_rate      = 0.001
recap_Ne           = 366

[Sampling Design]
sample1_size_Ne  = 50
sample2_size_Ne  = 50
sample1_size_CMR = 50
sample2_size_CMR = 50

[Capture-Marquage-Recapture]
census_N   =  325
MatchCount =  8

[Ne Estimates - One Sample - Decreasing critical values [0.050, 0.020, 0.010, 0+]]

[Linkage Desequilibrium]
LD_Ne_Pop1 = [344.2, 189.5, 220.0, 220.0]
LD_r2_Pop1 = [0.022238, 0.023016, 0.022777, 0.022777]
LD_Ne_Pop2 = [None, 1711.1, None, None]
LD_r2_Pop2 = [0.020571, 0.021471, 0.02032, 0.02032]

[Heterozygote excess]
HE_Neb_mean_Pop1        = [None, None, None, None]
HE_weighted_D_mean_Pop1 = [-0.02023, -0.01623, -0.01635, -0.01635]
HE_Neb_mean_Pop2        = [47.1, 49.1, 49.9, 49.9]
HE_weighted_D_mean_Pop2 = [0.01073, 0.01028, 0.01011, 0.01011]

[Molecular Coancestry]
Coan_Neb_n_Pop1 = 10.6
Coan_f1_Pop1    = 0.04711
Coan_Neb_n_Pop2 = 18.6
Coan_f1_Pop2    = 0.02681

[Ne Estimates - Temporal - Decreasing critical values (0.050, 0.020, 0.010, 0+)]

[Pollak]
P_Ne     = [239.5, 287.6, 320.7, 320.7]
P_Fk     = [0.04087, 0.03739, 0.03559, 0.03559]
P_Fprime = [0.02087, 0.01739, 0.01559, 0.01559]

[Nei/Tajima]
N_Ne     = [244.5, 295.2, 319.4, 319.4]
N_Fc     = [0.04045, 0.03694, 0.03565, 0.03565]
N_Fprime = [0.02045, 0.01694, 0.01565, 0.01565]

[Jorde/Ryman]
J_Ne     = [176.6, 184.1, 184.6, 184.6]
J_Fs     = [0.04861, 0.04745, 0.04737, 0.04737]
J_Fprime = [0.02831, 0.02716, 0.02709, 0.02709]

[Genetic Diversity - Heterozygosity]
mean_exp_het_pop1 = 0.4168
mean_obs_het_pop1 = 0.4057
mean_exp_het_pop2 = 0.4067
mean_obs_het_pop2 = 0.4057

[Genetic Diversity - Allele Counts]
mean_alleles_pop1 = 3.38
var_alleles_pop1  = 0.35
sum_alleles_pop1  = 71
mean_alleles_pop2 = 3.45
var_alleles_pop2  = 0.55
sum_alleles_pop2  = 145

[Genetic Diversity - Allelic Size Variance]
var_allele_size_pop1 = 0.325
var_allele_size_pop2 = 0.2898

[Per-locus summary - Population 1]
Locus | Num_Alleles | Alleles              | Frequencies                      | Variance | Obs_Het | Exp_Het
------+-------------+----------------------+----------------------------------+----------+---------+--------
1     | 3           | [99, 100, 101]       | [0.0300, 0.6400, 0.3300]         | 0.2700   | 0.5800  | 0.4854 
2     | 3           | [99, 100, 101]       | [0.0100, 0.9600, 0.0300]         | 0.0396   | 0.0800  | 0.0782 
3     | 3           | [99, 100, 101]       | [0.0200, 0.6400, 0.3400]         | 0.2576   | 0.4400  | 0.4792 
4     | 4           | [98, 99, 100, 101]   | [0.0400, 0.6700, 0.2500, 0.0400] | 0.3659   | 0.4200  | 0.4903 
5     | 4           | [97, 99, 100, 101]   | [0.0200, 0.4600, 0.5100, 0.0100] | 0.3899   | 0.6000  | 0.5331 
6     | 4           | [99, 100, 101, 102]  | [0.0500, 0.8000, 0.0700, 0.0800] | 0.4076   | 0.3000  | 0.3497 
7     | 4           | [98, 99, 100, 101]   | [0.0200, 0.2300, 0.5200, 0.2300] | 0.5384   | 0.6800  | 0.6297 
8     | 4           | [101, 102, 103, 104] | [0.0700, 0.1100, 0.7900, 0.0300] | 0.3716   | 0.3800  | 0.3616 
9     | 4           | [98, 99, 100, 101]   | [0.0600, 0.5900, 0.1200, 0.2300] | 0.8296   | 0.7000  | 0.5869 
10    | 3           | [99, 100, 101]       | [0.2000, 0.7500, 0.0500]         | 0.2275   | 0.4000  | 0.3990 
11    | 4           | [100, 101, 102, 103] | [0.0900, 0.7900, 0.1100, 0.0100] | 0.2384   | 0.3400  | 0.3592 
12    | 3           | [99, 100, 101]       | [0.0700, 0.4400, 0.4900]         | 0.3836   | 0.5800  | 0.5671 
13    | 3           | [98, 99, 100]        | [0.1000, 0.2500, 0.6500]         | 0.4475   | 0.4200  | 0.5101 
14    | 3           | [98, 99, 100]        | [0.2900, 0.5200, 0.1900]         | 0.4700   | 0.4800  | 0.6156 
15    | 4           | [99, 100, 101, 102]  | [0.0400, 0.8000, 0.1400, 0.0200] | 0.2404   | 0.3600  | 0.3418 
16    | 3           | [102, 103, 104]      | [0.1100, 0.6600, 0.2300]         | 0.3256   | 0.4600  | 0.5044 
17    | 2           | [99, 100]            | [0.3300, 0.6700]                 | 0.2211   | 0.3000  | 0.4467 
18    | 4           | [96, 97, 98, 101]    | [0.1000, 0.8800, 0.0100, 0.0100] | 0.2675   | 0.2000  | 0.2176 
19    | 3           | [98, 99, 100]        | [0.1100, 0.8500, 0.0400]         | 0.1451   | 0.3000  | 0.2665 
20    | 3           | [98, 99, 102]        | [0.0300, 0.9600, 0.0100]         | 0.1200   | 0.0800  | 0.0782 
21    | 3           | [97, 98, 99]         | [0.0600, 0.7000, 0.2400]         | 0.2676   | 0.4200  | 0.4533 

[Per-locus summary - Population 2]
Locus | Num_Alleles | Alleles                 | Frequencies                              | Variance | Obs_Het | Exp_Het
------+-------------+-------------------------+------------------------------------------+----------+---------+--------
1     | 3           | [99, 100, 101]          | [0.0100, 0.5400, 0.4500]                 | 0.2664   | 0.5400  | 0.5109 
2     | 2           | [99, 100]               | [0.0300, 0.9700]                         | 0.0291   | 0.0600  | 0.0588 
3     | 3           | [99, 100, 101]          | [0.0100, 0.6200, 0.3700]                 | 0.2504   | 0.5600  | 0.4834 
4     | 3           | [99, 100, 101]          | [0.5900, 0.3800, 0.0300]                 | 0.3064   | 0.4600  | 0.5117 
5     | 2           | [99, 100]               | [0.3700, 0.6300]                         | 0.2331   | 0.3800  | 0.4709 
6     | 4           | [99, 100, 101, 102]     | [0.0400, 0.7600, 0.1200, 0.0800]         | 0.4224   | 0.4600  | 0.4040 
7     | 4           | [98, 99, 100, 101]      | [0.0300, 0.1700, 0.6900, 0.1100]         | 0.3856   | 0.4600  | 0.4869 
8     | 3           | [101, 102, 103]         | [0.0100, 0.1700, 0.8200]                 | 0.1739   | 0.3200  | 0.3016 
9     | 3           | [99, 100, 101]          | [0.5900, 0.3000, 0.1100]                 | 0.4696   | 0.5600  | 0.5554 
10    | 4           | [98, 99, 100, 101]      | [0.0100, 0.3000, 0.6400, 0.0500]         | 0.3171   | 0.5600  | 0.5028 
11    | 3           | [100, 101, 102]         | [0.1000, 0.7000, 0.2000]                 | 0.2900   | 0.4400  | 0.4647 
12    | 3           | [99, 100, 101]          | [0.0600, 0.6500, 0.2900]                 | 0.2971   | 0.4400  | 0.4948 
13    | 3           | [98, 99, 100]           | [0.0500, 0.2100, 0.7400]                 | 0.3139   | 0.3800  | 0.4099 
14    | 3           | [98, 99, 100]           | [0.1400, 0.6100, 0.2500]                 | 0.3779   | 0.6400  | 0.5513 
15    | 5           | [98, 99, 100, 101, 102] | [0.0100, 0.0400, 0.7800, 0.1300, 0.0400] | 0.3475   | 0.3800  | 0.3751 
16    | 4           | [99, 102, 103, 104]     | [0.0100, 0.1100, 0.6100, 0.2700]         | 0.5256   | 0.4600  | 0.5483 
17    | 3           | [99, 100, 101]          | [0.2100, 0.7800, 0.0100]                 | 0.1800   | 0.3000  | 0.3509 
18    | 5           | [96, 97, 98, 100, 101]  | [0.1300, 0.8300, 0.0200, 0.0100, 0.0100] | 0.3984   | 0.3200  | 0.2966 
19    | 3           | [98, 99, 100]           | [0.1000, 0.8900, 0.0100]                 | 0.1019   | 0.2200  | 0.1998 
20    | 3           | [98, 99, 102]           | [0.0200, 0.9700, 0.0100]                 | 0.1099   | 0.0600  | 0.0592 
21    | 3           | [97, 98, 99]            | [0.0400, 0.6200, 0.3400]                 | 0.2900   | 0.5200  | 0.5034 
