
[Simulation Info]
simulation_id = sim_0012258
timestamp     = 20250429_094706
seed          = 660617
output_folder = /home/lejeunet/Bureau/simulations/Ref_table/sim_0012258

[Model Parameters]
pop_size           = 3796
num_loci           = 20
sample1_generation = 30
sample2_generation = 10
low_repeats        = 1
high_repeats       = 200
mutation_rate      = 0.001
recap_Ne           = 3796

[Sampling Design]
sample1_size_Ne  = 50
sample2_size_Ne  = 50
sample1_size_CMR = 50
sample2_size_CMR = 50

[Capture-Marquage-Recapture]
census_N   =  2601
MatchCount =  1

[Ne Estimates - One Sample - Decreasing critical values [0.050, 0.020, 0.010, 0+]]

[Linkage Desequilibrium]
LD_Ne_Pop1 = [None, None, None, None]
LD_r2_Pop1 = [0.020687, 0.021231, 0.02097, 0.02097]
LD_Ne_Pop2 = [4251.9, 3642.5, 540.7, 540.7]
LD_r2_Pop2 = [0.021354, 0.021367, 0.02189, 0.02189]

[Heterozygote excess]
HE_Neb_mean_Pop1        = [None, 86.3, 120.1, 120.1]
HE_weighted_D_mean_Pop1 = [-0.00304, 0.00583, 0.00418, 0.00418]
HE_Neb_mean_Pop2        = [95.7, 126.2, 150.6, 150.6]
HE_weighted_D_mean_Pop2 = [0.00525, 0.00398, 0.00333, 0.00333]

[Molecular Coancestry]
Coan_Neb_n_Pop1 = 52.6
Coan_f1_Pop1    = 0.0095
Coan_Neb_n_Pop2 = None
Coan_f1_Pop2    = -0.00222

[Ne Estimates - Temporal - Decreasing critical values (0.050, 0.020, 0.010, 0+)]

[Pollak]
P_Ne     = [3284.1, -345116.7, 10543.9, 13889.6]
P_Fk     = [0.02152, 0.01999, 0.02047, 0.02036]
P_Fprime = [0.00152, -1e-05, 0.00047, 0.00036]

[Nei/Tajima]
N_Ne     = [4981.9, -14448.4, 42611.0, 224426.4]
N_Fc     = [0.021, 0.01965, 0.02012, 0.02002]
N_Fprime = [0.001, -0.00035, 0.00012, 2e-05]

[Jorde/Ryman]
J_Ne     = [7100.6, 78565.4, 23346.7, 24744.3]
J_Fs     = [0.0208, 0.02016, 0.02031, 0.0203]
J_Fprime = [0.0007, 6e-05, 0.00021, 0.0002]

[Genetic Diversity - Heterozygosity]
mean_exp_het_pop1 = 0.8289
mean_obs_het_pop1 = 0.8324
mean_exp_het_pop2 = 0.8258
mean_obs_het_pop2 = 0.8257

[Genetic Diversity - Allele Counts]
mean_alleles_pop1 = 9.81
var_alleles_pop1  = 5.06
sum_alleles_pop1  = 206
mean_alleles_pop2 = 10.19
var_alleles_pop2  = 5.04
sum_alleles_pop2  = 428

[Genetic Diversity - Allelic Size Variance]
var_allele_size_pop1 = 6.0693
var_allele_size_pop2 = 6.2778

[Per-locus summary - Population 1]
Locus | Num_Alleles | Alleles                                                              | Frequencies                                                                                                      | Variance | Obs_Het | Exp_Het
------+-------------+----------------------------------------------------------------------+------------------------------------------------------------------------------------------------------------------+----------+---------+--------
1     | 12          | [96, 97, 98, 99, 100, 102, 103, 104, 105, 106, 107, 108]             | [0.1200, 0.0400, 0.0300, 0.0100, 0.0200, 0.0200, 0.1800, 0.1200, 0.2500, 0.0500, 0.1500, 0.0100]                 | 12.6451  | 0.9000  | 0.8564 
2     | 9           | [92, 93, 95, 96, 97, 98, 99, 100, 101]                               | [0.0100, 0.0100, 0.1400, 0.1400, 0.0100, 0.2700, 0.1700, 0.1600, 0.0900]                                         | 4.0564   | 0.7200  | 0.8333 
3     | 7           | [97, 98, 99, 100, 101, 102, 103]                                     | [0.1000, 0.0700, 0.2000, 0.3000, 0.1800, 0.1300, 0.0200]                                                         | 2.2404   | 0.8600  | 0.8135 
4     | 8           | [96, 97, 98, 99, 100, 101, 102, 103]                                 | [0.1700, 0.1000, 0.0400, 0.2600, 0.1500, 0.1300, 0.1300, 0.0200]                                                 | 4.1131   | 0.9000  | 0.8436 
5     | 7           | [99, 100, 101, 102, 103, 104, 106]                                   | [0.0100, 0.2000, 0.2800, 0.2700, 0.1200, 0.0900, 0.0300]                                                         | 2.0459   | 0.8000  | 0.7931 
6     | 9           | [96, 97, 98, 99, 100, 101, 102, 103, 104]                            | [0.1000, 0.1500, 0.1500, 0.1200, 0.2400, 0.1800, 0.0200, 0.0300, 0.0100]                                         | 3.5136   | 0.8400  | 0.8477 
7     | 9           | [96, 97, 98, 99, 100, 101, 102, 103, 104]                            | [0.0100, 0.0900, 0.2200, 0.1800, 0.1100, 0.0300, 0.2200, 0.1300, 0.0100]                                         | 4.2691   | 0.8000  | 0.8410 
8     | 9           | [93, 94, 95, 96, 97, 98, 99, 100, 103]                               | [0.0100, 0.0300, 0.1400, 0.5100, 0.2300, 0.0400, 0.0200, 0.0100, 0.0100]                                         | 1.5075   | 0.6400  | 0.6709 
9     | 14          | [98, 99, 100, 101, 102, 103, 104, 105, 106, 107, 108, 109, 110, 111] | [0.0200, 0.0700, 0.0300, 0.1100, 0.1800, 0.0800, 0.0400, 0.0700, 0.0200, 0.1300, 0.0400, 0.1100, 0.0500, 0.0500] | 13.4500  | 0.9200  | 0.9095 
10    | 14          | [93, 94, 95, 96, 97, 98, 100, 101, 102, 103, 104, 105, 108, 109]     | [0.0100, 0.1100, 0.0800, 0.1300, 0.1100, 0.0300, 0.0400, 0.0500, 0.2100, 0.0100, 0.1100, 0.0900, 0.0100, 0.0100] | 15.8496  | 0.8600  | 0.8917 
11    | 8           | [96, 97, 98, 99, 100, 101, 102, 103]                                 | [0.0800, 0.0400, 0.2300, 0.3300, 0.1200, 0.1200, 0.0400, 0.0400]                                                 | 2.7019   | 0.8600  | 0.8063 
12    | 8           | [98, 99, 100, 101, 102, 103, 104, 105]                               | [0.0100, 0.0100, 0.2200, 0.2000, 0.1600, 0.0900, 0.3000, 0.0100]                                                 | 2.7099   | 0.8200  | 0.7956 
13    | 7           | [96, 97, 99, 100, 101, 102, 103]                                     | [0.0300, 0.1400, 0.1200, 0.3700, 0.2600, 0.0300, 0.0500]                                                         | 2.6539   | 0.8000  | 0.7649 
14    | 13          | [97, 98, 99, 100, 101, 102, 103, 104, 105, 106, 107, 108, 109]       | [0.0400, 0.0700, 0.0500, 0.1300, 0.2500, 0.0100, 0.1900, 0.0600, 0.0200, 0.0400, 0.0200, 0.1100, 0.0100]         | 9.4916   | 0.8400  | 0.8659 
15    | 10          | [94, 97, 98, 99, 100, 101, 102, 103, 104, 106]                       | [0.0600, 0.0100, 0.2500, 0.2700, 0.1100, 0.0100, 0.0300, 0.1700, 0.0800, 0.0100]                                 | 6.7800   | 0.8600  | 0.8206 
16    | 10          | [95, 96, 97, 98, 99, 100, 103, 104, 105, 106]                        | [0.1000, 0.1100, 0.1200, 0.2300, 0.1600, 0.0200, 0.0900, 0.1000, 0.0600, 0.0100]                                 | 9.8979   | 0.9000  | 0.8715 
17    | 11          | [94, 95, 96, 97, 98, 99, 100, 101, 102, 103, 104]                    | [0.0200, 0.1200, 0.0800, 0.2500, 0.0700, 0.0800, 0.0700, 0.1000, 0.0900, 0.0900, 0.0300]                         | 7.5644   | 0.9200  | 0.8818 
18    | 10          | [93, 94, 95, 96, 97, 98, 99, 100, 101, 102]                          | [0.0100, 0.0800, 0.1700, 0.1800, 0.2600, 0.1300, 0.1000, 0.0400, 0.0200, 0.0100]                                 | 3.1516   | 0.8200  | 0.8440 
19    | 13          | [94, 95, 96, 97, 98, 99, 100, 101, 102, 103, 106, 108, 109]          | [0.0100, 0.1400, 0.1100, 0.1100, 0.1100, 0.2100, 0.0700, 0.0300, 0.1200, 0.0200, 0.0500, 0.0100, 0.0100]         | 9.8544   | 0.8600  | 0.8854 
20    | 8           | [94, 95, 96, 97, 98, 99, 100, 104]                                   | [0.0200, 0.1300, 0.1000, 0.0500, 0.4500, 0.2300, 0.0100, 0.0100]                                                 | 2.4019   | 0.7200  | 0.7218 
21    | 10          | [95, 96, 98, 99, 100, 101, 102, 103, 104, 105]                       | [0.0200, 0.1100, 0.0600, 0.0600, 0.2300, 0.1400, 0.0200, 0.2300, 0.1200, 0.0100]                                 | 6.5576   | 0.8400  | 0.8485 

[Per-locus summary - Population 2]
Locus | Num_Alleles | Alleles                                                              | Frequencies                                                                                                      | Variance | Obs_Het | Exp_Het
------+-------------+----------------------------------------------------------------------+------------------------------------------------------------------------------------------------------------------+----------+---------+--------
1     | 12          | [96, 97, 98, 99, 100, 101, 102, 103, 104, 105, 106, 107]             | [0.1400, 0.0500, 0.0700, 0.0300, 0.0200, 0.0200, 0.0100, 0.2000, 0.0700, 0.1700, 0.1200, 0.1000]                 | 14.1139  | 0.8200  | 0.8818 
2     | 12          | [92, 93, 94, 95, 96, 97, 98, 99, 100, 101, 102, 103]                 | [0.0100, 0.0400, 0.0100, 0.1300, 0.1500, 0.0200, 0.2400, 0.1300, 0.1200, 0.1200, 0.0100, 0.0200]                 | 5.6404   | 0.9000  | 0.8632 
3     | 8           | [96, 97, 98, 99, 100, 101, 102, 103]                                 | [0.0100, 0.0600, 0.0900, 0.0900, 0.3600, 0.2500, 0.1100, 0.0300]                                                 | 2.1051   | 0.7400  | 0.7828 
4     | 8           | [96, 97, 98, 99, 100, 101, 102, 103]                                 | [0.2000, 0.0800, 0.0200, 0.2100, 0.1700, 0.1600, 0.1200, 0.0400]                                                 | 4.6171   | 0.7800  | 0.8471 
5     | 8           | [98, 99, 100, 101, 102, 103, 104, 106]                               | [0.0100, 0.0400, 0.1600, 0.2600, 0.2800, 0.1300, 0.0500, 0.0700]                                                 | 2.8171   | 0.9600  | 0.8105 
6     | 10          | [94, 96, 97, 98, 99, 100, 101, 102, 103, 104]                        | [0.0100, 0.0500, 0.2100, 0.1400, 0.1900, 0.0500, 0.2100, 0.0100, 0.0900, 0.0400]                                 | 5.0100   | 0.8600  | 0.8497 
7     | 9           | [96, 97, 98, 99, 100, 101, 102, 103, 104]                            | [0.0500, 0.1200, 0.1500, 0.1300, 0.1000, 0.0500, 0.2200, 0.1600, 0.0200]                                         | 5.2964   | 0.8600  | 0.8655 
8     | 7           | [94, 95, 96, 97, 98, 99, 101]                                        | [0.0500, 0.1400, 0.4700, 0.2900, 0.0100, 0.0300, 0.0100]                                                         | 1.1459   | 0.6600  | 0.6786 
9     | 14          | [98, 99, 100, 101, 102, 103, 104, 105, 106, 107, 108, 109, 110, 111] | [0.0100, 0.0800, 0.0100, 0.1600, 0.1200, 0.0300, 0.0400, 0.1400, 0.0100, 0.1000, 0.0600, 0.1900, 0.0300, 0.0200] | 12.8016  | 0.9000  | 0.8891 
10    | 14          | [93, 94, 95, 96, 97, 98, 100, 101, 102, 103, 104, 105, 106, 108]     | [0.0400, 0.1400, 0.1200, 0.1400, 0.1500, 0.0300, 0.0600, 0.0200, 0.0700, 0.0200, 0.1200, 0.0600, 0.0100, 0.0200] | 16.7851  | 0.9800  | 0.9026 
11    | 8           | [96, 97, 98, 99, 100, 101, 102, 103]                                 | [0.1300, 0.0400, 0.2900, 0.2800, 0.0600, 0.1300, 0.0600, 0.0100]                                                 | 2.8516   | 0.7600  | 0.8028 
12    | 7           | [99, 100, 101, 102, 103, 104, 105]                                   | [0.0100, 0.2400, 0.1900, 0.1800, 0.1100, 0.2500, 0.0200]                                                         | 2.5291   | 0.8400  | 0.8069 
13    | 7           | [97, 98, 99, 100, 101, 103, 104]                                     | [0.1400, 0.0100, 0.2000, 0.2500, 0.3000, 0.0800, 0.0200]                                                         | 2.8396   | 0.7400  | 0.7889 
14    | 12          | [97, 98, 99, 100, 101, 102, 103, 104, 105, 107, 108, 109]            | [0.0300, 0.0400, 0.0400, 0.1200, 0.3200, 0.0300, 0.1300, 0.0700, 0.0100, 0.0100, 0.1900, 0.0100]                 | 10.3051  | 0.8600  | 0.8283 
15    | 10          | [94, 97, 98, 99, 100, 101, 102, 103, 104, 105]                       | [0.0700, 0.0100, 0.2600, 0.3200, 0.1400, 0.0100, 0.0100, 0.0700, 0.0800, 0.0300]                                 | 6.3436   | 0.7800  | 0.8010 
16    | 10          | [94, 95, 96, 97, 98, 99, 100, 103, 104, 105]                         | [0.0200, 0.0800, 0.1300, 0.0400, 0.2800, 0.1400, 0.0100, 0.1200, 0.1100, 0.0700]                                 | 10.5059  | 0.7800  | 0.8537 
17    | 11          | [94, 95, 96, 97, 98, 99, 100, 101, 102, 103, 104]                    | [0.0400, 0.1000, 0.1800, 0.2500, 0.0400, 0.0600, 0.1100, 0.1200, 0.0300, 0.0400, 0.0300]                         | 6.6451   | 0.9000  | 0.8671 
18    | 9           | [93, 94, 95, 96, 97, 98, 99, 100, 101]                               | [0.0100, 0.0600, 0.1500, 0.2000, 0.2300, 0.1800, 0.0600, 0.0700, 0.0400]                                         | 3.1875   | 0.9200  | 0.8469 
19    | 12          | [94, 95, 96, 97, 98, 99, 100, 101, 102, 103, 105, 106]               | [0.0500, 0.0700, 0.0600, 0.1200, 0.0500, 0.3100, 0.1000, 0.0200, 0.1300, 0.0100, 0.0300, 0.0500]                 | 8.4700   | 0.8000  | 0.8537 
20    | 8           | [94, 95, 96, 97, 98, 99, 100, 104]                                   | [0.0200, 0.0600, 0.0500, 0.0900, 0.5100, 0.2300, 0.0300, 0.0100]                                                 | 1.8500   | 0.6400  | 0.6782 
21    | 11          | [95, 96, 97, 98, 99, 100, 101, 102, 103, 104, 105]                   | [0.0300, 0.1100, 0.0200, 0.0600, 0.0700, 0.3000, 0.1400, 0.0300, 0.1700, 0.0600, 0.0100]                         | 5.9744   | 0.8600  | 0.8434 
