
[Simulation Info]
simulation_id = sim_0005481
timestamp     = 20250428_093332
seed          = 585269
output_folder = /home/lejeunet/Bureau/simulations/Ref_table/sim_0005481

[Model Parameters]
pop_size           = 453
num_loci           = 20
sample1_generation = 30
sample2_generation = 10
low_repeats        = 1
high_repeats       = 200
mutation_rate      = 0.001
recap_Ne           = 453

[Sampling Design]
sample1_size_Ne  = 50
sample2_size_Ne  = 50
sample1_size_CMR = 50
sample2_size_CMR = 50

[Capture-Marquage-Recapture]
census_N   =  433
MatchCount =  6

[Ne Estimates - One Sample - Decreasing critical values [0.050, 0.020, 0.010, 0+]]

[Linkage Desequilibrium]
LD_Ne_Pop1 = [300.9, 712.9, 543.2, 543.2]
LD_r2_Pop1 = [0.022376, 0.021742, 0.021887, 0.021887]
LD_Ne_Pop2 = [734.3, None, None, None]
LD_r2_Pop2 = [0.021729, 0.021071, 0.020996, 0.020996]

[Heterozygote excess]
HE_Neb_mean_Pop1        = [42.3, 46.7, 46.7, 46.7]
HE_weighted_D_mean_Pop1 = [0.01195, 0.01082, 0.01082, 0.01082]
HE_Neb_mean_Pop2        = [112.5, 353.9, 348.3, 348.3]
HE_weighted_D_mean_Pop2 = [0.00446, 0.00141, 0.00144, 0.00144]

[Molecular Coancestry]
Coan_Neb_n_Pop1 = 87.7
Coan_f1_Pop1    = 0.0057
Coan_Neb_n_Pop2 = 31.2
Coan_f1_Pop2    = 0.01603

[Ne Estimates - Temporal - Decreasing critical values (0.050, 0.020, 0.010, 0+)]

[Pollak]
P_Ne     = [490.9, 522.9, 506.8, 506.8]
P_Fk     = [0.03019, 0.02956, 0.02987, 0.02987]
P_Fprime = [0.01019, 0.00956, 0.00987, 0.00987]

[Nei/Tajima]
N_Ne     = [401.4, 428.0, 420.2, 420.2]
N_Fc     = [0.03246, 0.03168, 0.0319, 0.0319]
N_Fprime = [0.01246, 0.01168, 0.0119, 0.0119]

[Jorde/Ryman]
J_Ne     = [215.3, 213.2, 212.9, 212.9]
J_Fs     = [0.04345, 0.04369, 0.04372, 0.04372]
J_Fprime = [0.02322, 0.02345, 0.02348, 0.02348]

[Genetic Diversity - Heterozygosity]
mean_exp_het_pop1 = 0.5524
mean_obs_het_pop1 = 0.561
mean_exp_het_pop2 = 0.5657
mean_obs_het_pop2 = 0.5667

[Genetic Diversity - Allele Counts]
mean_alleles_pop1 = 4.43
var_alleles_pop1  = 1.06
sum_alleles_pop1  = 93
mean_alleles_pop2 = 4.64
var_alleles_pop2  = 1.41
sum_alleles_pop2  = 195

[Genetic Diversity - Allelic Size Variance]
var_allele_size_pop1 = 1.3789
var_allele_size_pop2 = 1.392

[Per-locus summary - Population 1]
Locus | Num_Alleles | Alleles                       | Frequencies                                      | Variance | Obs_Het | Exp_Het
------+-------------+-------------------------------+--------------------------------------------------+----------+---------+--------
1     | 4           | [98, 99, 100, 101]            | [0.8000, 0.0400, 0.0200, 0.1400]                 | 1.1300   | 0.3600  | 0.3418 
2     | 4           | [99, 100, 101, 102]           | [0.3900, 0.4900, 0.0600, 0.0600]                 | 0.6459   | 0.6400  | 0.6067 
3     | 3           | [97, 98, 99]                  | [0.0800, 0.2900, 0.6300]                         | 0.4075   | 0.5600  | 0.5178 
4     | 6           | [99, 100, 101, 102, 103, 104] | [0.0100, 0.2100, 0.5600, 0.0300, 0.1600, 0.0300] | 1.1459   | 0.6400  | 0.6210 
5     | 5           | [97, 98, 99, 103, 104]        | [0.5300, 0.2600, 0.0600, 0.0300, 0.1200]         | 5.5000   | 0.6800  | 0.6390 
6     | 5           | [97, 101, 102, 103, 104]      | [0.2700, 0.3100, 0.3900, 0.0200, 0.0100]         | 4.4956   | 0.7600  | 0.6853 
7     | 4           | [96, 100, 101, 102]           | [0.1200, 0.0800, 0.7300, 0.0700]                 | 2.7779   | 0.4600  | 0.4459 
8     | 5           | [97, 98, 99, 100, 101]        | [0.0600, 0.0600, 0.1400, 0.6200, 0.1200]         | 0.9376   | 0.5800  | 0.5802 
9     | 5           | [98, 99, 100, 101, 102]       | [0.0200, 0.1900, 0.0100, 0.6400, 0.1400]         | 0.9939   | 0.5800  | 0.5396 
10    | 6           | [99, 100, 101, 103, 104, 106] | [0.0100, 0.1900, 0.0900, 0.6200, 0.0400, 0.0500] | 2.3600   | 0.5800  | 0.5729 
11    | 3           | [101, 102, 103]               | [0.2900, 0.6300, 0.0800]                         | 0.3259   | 0.4600  | 0.5178 
12    | 4           | [100, 101, 102, 103]          | [0.0400, 0.7100, 0.1800, 0.0700]                 | 0.4216   | 0.4400  | 0.4616 
13    | 5           | [98, 99, 101, 102, 103]       | [0.0500, 0.1200, 0.6000, 0.0800, 0.1500]         | 1.6099   | 0.6200  | 0.6002 
14    | 6           | [96, 98, 100, 101, 102, 103]  | [0.0100, 0.0600, 0.0300, 0.6100, 0.1600, 0.1300] | 1.4744   | 0.6000  | 0.5867 
15    | 3           | [100, 101, 102]               | [0.1600, 0.5000, 0.3400]                         | 0.4676   | 0.6400  | 0.6149 
16    | 4           | [99, 100, 101, 102]           | [0.0600, 0.1900, 0.6800, 0.0700]                 | 0.4424   | 0.5200  | 0.4980 
17    | 3           | [100, 101, 102]               | [0.1100, 0.8500, 0.0400]                         | 0.1451   | 0.2400  | 0.2665 
18    | 4           | [101, 102, 103, 104]          | [0.4700, 0.2800, 0.2400, 0.0100]                 | 0.7059   | 0.6000  | 0.6495 
19    | 4           | [99, 100, 101, 102]           | [0.0800, 0.5400, 0.1900, 0.1900]                 | 0.7899   | 0.6200  | 0.6362 
20    | 6           | [95, 96, 97, 98, 99, 100]     | [0.0800, 0.0400, 0.2300, 0.4300, 0.1300, 0.0900] | 1.5424   | 0.7000  | 0.7366 
21    | 4           | [98, 99, 100, 101]            | [0.1000, 0.7000, 0.0700, 0.1300]                 | 0.6371   | 0.5000  | 0.4830 

[Per-locus summary - Population 2]
Locus | Num_Alleles | Alleles                           | Frequencies                                              | Variance | Obs_Het | Exp_Het
------+-------------+-----------------------------------+----------------------------------------------------------+----------+---------+--------
1     | 5           | [97, 98, 99, 100, 101]            | [0.0300, 0.6900, 0.0600, 0.0200, 0.2000]                 | 1.5211   | 0.4200  | 0.4838 
2     | 4           | [99, 100, 101, 102]               | [0.2800, 0.6100, 0.0700, 0.0400]                         | 0.4931   | 0.6000  | 0.5485 
3     | 3           | [97, 98, 99]                      | [0.0800, 0.3600, 0.5600]                                 | 0.4096   | 0.5400  | 0.5560 
4     | 5           | [100, 101, 102, 103, 104]         | [0.2800, 0.5200, 0.0600, 0.1300, 0.0100]                 | 0.9451   | 0.6200  | 0.6370 
5     | 5           | [97, 98, 99, 103, 104]            | [0.4600, 0.2900, 0.0700, 0.0400, 0.1400]                 | 6.1475   | 0.6600  | 0.6851 
6     | 5           | [97, 101, 102, 103, 104]          | [0.2000, 0.4100, 0.3500, 0.0300, 0.0100]                 | 3.6304   | 0.7000  | 0.6752 
7     | 4           | [96, 100, 101, 102]               | [0.1900, 0.0900, 0.6300, 0.0900]                         | 4.0275   | 0.6000  | 0.5564 
8     | 5           | [97, 98, 99, 100, 101]            | [0.0800, 0.0500, 0.2000, 0.5900, 0.0800]                 | 0.9884   | 0.6200  | 0.6026 
9     | 5           | [98, 99, 100, 101, 102]           | [0.0200, 0.1300, 0.0100, 0.6900, 0.1500]                 | 0.8276   | 0.4600  | 0.4889 
10    | 5           | [100, 101, 103, 104, 106]         | [0.1500, 0.1300, 0.6700, 0.0300, 0.0200]                 | 1.6956   | 0.5000  | 0.5156 
11    | 3           | [101, 102, 103]                   | [0.3000, 0.3500, 0.3500]                                 | 0.6475   | 0.5600  | 0.6717 
12    | 5           | [99, 100, 101, 102, 103]          | [0.0200, 0.0300, 0.6800, 0.2400, 0.0300]                 | 0.4171   | 0.4000  | 0.4826 
13    | 7           | [98, 99, 100, 101, 102, 103, 104] | [0.0200, 0.2000, 0.0400, 0.4900, 0.0900, 0.1500, 0.0100] | 1.7936   | 0.6600  | 0.6941 
14    | 6           | [96, 98, 100, 101, 102, 103]      | [0.0100, 0.0800, 0.0200, 0.6400, 0.0900, 0.1600]         | 1.7100   | 0.5800  | 0.5554 
15    | 3           | [100, 101, 102]                   | [0.0600, 0.7200, 0.2200]                                 | 0.2544   | 0.5600  | 0.4339 
16    | 4           | [99, 100, 101, 102]               | [0.0600, 0.2000, 0.6900, 0.0500]                         | 0.4171   | 0.4600  | 0.4826 
17    | 3           | [100, 101, 102]                   | [0.0900, 0.7500, 0.1600]                                 | 0.2451   | 0.4400  | 0.4079 
18    | 4           | [100, 101, 102, 103]              | [0.0200, 0.3500, 0.4800, 0.1500]                         | 0.5224   | 0.6200  | 0.6305 
19    | 4           | [99, 100, 101, 102]               | [0.0400, 0.6100, 0.2300, 0.1200]                         | 0.5651   | 0.6600  | 0.5646 
20    | 7           | [94, 95, 96, 97, 98, 99, 100]     | [0.0100, 0.0600, 0.0100, 0.1300, 0.5200, 0.2100, 0.0600] | 1.3184   | 0.7400  | 0.6679 
21    | 4           | [98, 99, 100, 101]                | [0.1500, 0.6500, 0.0900, 0.1100]                         | 0.6544   | 0.5000  | 0.5402 
