
[Simulation Info]
simulation_id = sim_0002752
timestamp     = 20250428_082910
seed          = 244810
output_folder = /home/lejeunet/Bureau/simulations/Ref_table/sim_0002752

[Model Parameters]
pop_size           = 3008
num_loci           = 20
sample1_generation = 30
sample2_generation = 10
low_repeats        = 1
high_repeats       = 200
mutation_rate      = 0.001
recap_Ne           = 3008

[Sampling Design]
sample1_size_Ne  = 50
sample2_size_Ne  = 50
sample1_size_CMR = 50
sample2_size_CMR = 50

[Capture-Marquage-Recapture]
census_N   =  2601
MatchCount =  1

[Ne Estimates - One Sample - Decreasing critical values [0.050, 0.020, 0.010, 0+]]

[Linkage Desequilibrium]
LD_Ne_Pop1 = [797.4, None, None, None]
LD_r2_Pop1 = [0.021693, 0.021185, 0.02117, 0.02117]
LD_Ne_Pop2 = [None, None, None, None]
LD_r2_Pop2 = [0.020951, 0.021141, 0.020995, 0.020995]

[Heterozygote excess]
HE_Neb_mean_Pop1        = [39.7, 49.4, 51.8, 51.8]
HE_weighted_D_mean_Pop1 = [0.01275, 0.01023, 0.00974, 0.00974]
HE_Neb_mean_Pop2        = [1684.0, None, None, None]
HE_weighted_D_mean_Pop2 = [0.0003, -0.00356, -0.00375, -0.00375]

[Molecular Coancestry]
Coan_Neb_n_Pop1 = None
Coan_f1_Pop1    = -0.00089
Coan_Neb_n_Pop2 = 39.4
Coan_f1_Pop2    = 0.01268

[Ne Estimates - Temporal - Decreasing critical values (0.050, 0.020, 0.010, 0+)]

[Pollak]
P_Ne     = [930.4, 1555.9, 1753.3, 1633.5]
P_Fk     = [0.02537, 0.02321, 0.02285, 0.02306]
P_Fprime = [0.00537, 0.00321, 0.00285, 0.00306]

[Nei/Tajima]
N_Ne     = [954.0, 1498.7, 1666.0, 1569.9]
N_Fc     = [0.02524, 0.02334, 0.023, 0.02318]
N_Fprime = [0.00524, 0.00334, 0.003, 0.00318]

[Jorde/Ryman]
J_Ne     = [717.2, 716.8, 717.2, 714.8]
J_Fs     = [0.02708, 0.02709, 0.02708, 0.02711]
J_Fprime = [0.00697, 0.00698, 0.00697, 0.007]

[Genetic Diversity - Heterozygosity]
mean_exp_het_pop1 = 0.8145
mean_obs_het_pop1 = 0.821
mean_exp_het_pop2 = 0.816
mean_obs_het_pop2 = 0.8086

[Genetic Diversity - Allele Counts]
mean_alleles_pop1 = 8.43
var_alleles_pop1  = 1.76
sum_alleles_pop1  = 177
mean_alleles_pop2 = 8.62
var_alleles_pop2  = 1.8
sum_alleles_pop2  = 362

[Genetic Diversity - Allelic Size Variance]
var_allele_size_pop1 = 4.3001
var_allele_size_pop2 = 4.5443

[Per-locus summary - Population 1]
Locus | Num_Alleles | Alleles                                           | Frequencies                                                                              | Variance | Obs_Het | Exp_Het
------+-------------+---------------------------------------------------+------------------------------------------------------------------------------------------+----------+---------+--------
1     | 9           | [99, 100, 101, 102, 103, 104, 105, 106, 107]      | [0.0100, 0.1100, 0.1200, 0.1100, 0.1500, 0.2000, 0.0900, 0.1900, 0.0200]                 | 4.2339   | 0.8800  | 0.8628 
2     | 8           | [96, 98, 99, 100, 101, 102, 103, 104]             | [0.0100, 0.0400, 0.3000, 0.2400, 0.0500, 0.1400, 0.1800, 0.0400]                         | 3.1179   | 0.7200  | 0.8026 
3     | 8           | [97, 98, 99, 100, 101, 102, 103, 104]             | [0.0400, 0.0900, 0.0800, 0.0900, 0.3100, 0.2200, 0.1400, 0.0300]                         | 2.9019   | 0.8800  | 0.8190 
4     | 10          | [97, 98, 99, 100, 101, 102, 103, 104, 105, 106]   | [0.0700, 0.0800, 0.1300, 0.0400, 0.2100, 0.0600, 0.1300, 0.0800, 0.1500, 0.0500]         | 7.0019   | 0.8400  | 0.8830 
5     | 7           | [95, 96, 97, 98, 99, 100, 101]                    | [0.0300, 0.2300, 0.1900, 0.2900, 0.0800, 0.1700, 0.0100]                                 | 2.1459   | 0.8800  | 0.7986 
6     | 9           | [94, 95, 96, 97, 98, 99, 100, 102, 103]           | [0.0300, 0.1600, 0.1000, 0.1300, 0.1000, 0.3600, 0.0600, 0.0200, 0.0400]                 | 4.3411   | 0.8800  | 0.8095 
7     | 7           | [99, 100, 101, 102, 103, 104, 105]                | [0.0300, 0.1800, 0.3400, 0.2700, 0.1100, 0.0500, 0.0200]                                 | 1.5496   | 0.7200  | 0.7709 
8     | 8           | [96, 97, 98, 99, 100, 101, 102, 103]              | [0.0200, 0.1700, 0.1800, 0.0600, 0.2300, 0.2200, 0.0900, 0.0300]                         | 3.2096   | 0.8200  | 0.8327 
9     | 8           | [96, 97, 98, 99, 100, 101, 102, 103]              | [0.0200, 0.1300, 0.0100, 0.1300, 0.1200, 0.3700, 0.1700, 0.0500]                         | 3.1024   | 0.7200  | 0.7909 
10    | 9           | [95, 96, 97, 98, 99, 100, 101, 102, 103]          | [0.0100, 0.0200, 0.1300, 0.0200, 0.1000, 0.2100, 0.1600, 0.3100, 0.0400]                 | 3.6224   | 0.7800  | 0.8129 
11    | 7           | [95, 96, 97, 98, 99, 100, 101]                    | [0.0100, 0.2300, 0.2300, 0.1100, 0.2600, 0.1500, 0.0100]                                 | 2.1731   | 0.7800  | 0.7998 
12    | 9           | [94, 95, 96, 97, 98, 99, 100, 101, 103]           | [0.0200, 0.1900, 0.2300, 0.0100, 0.1000, 0.0300, 0.2300, 0.1800, 0.0100]                 | 5.7784   | 0.8600  | 0.8224 
13    | 10          | [96, 97, 98, 99, 100, 101, 102, 103, 104, 105]    | [0.0100, 0.0700, 0.1100, 0.2900, 0.2200, 0.0100, 0.1300, 0.1100, 0.0400, 0.0100]         | 3.9275   | 0.8600  | 0.8279 
14    | 10          | [93, 94, 95, 96, 100, 101, 102, 103, 104, 105]    | [0.0900, 0.1300, 0.0700, 0.0200, 0.1400, 0.4200, 0.0400, 0.0200, 0.0200, 0.0500]         | 12.5875  | 0.7800  | 0.7766 
15    | 10          | [95, 96, 97, 98, 99, 100, 101, 102, 103, 104]     | [0.0400, 0.1300, 0.0300, 0.0400, 0.1600, 0.1500, 0.0200, 0.0400, 0.2700, 0.1200]         | 8.0844   | 0.9400  | 0.8501 
16    | 8           | [96, 97, 98, 99, 100, 101, 102, 104]              | [0.0400, 0.0800, 0.0500, 0.2700, 0.1300, 0.3800, 0.0400, 0.0100]                         | 2.4571   | 0.7600  | 0.7612 
17    | 9           | [96, 97, 98, 99, 100, 101, 102, 103, 104]         | [0.0100, 0.1900, 0.2700, 0.1300, 0.0400, 0.1800, 0.0500, 0.0800, 0.0500]                 | 4.6664   | 0.8000  | 0.8370 
18    | 7           | [98, 99, 100, 101, 102, 103, 104]                 | [0.0900, 0.1800, 0.1300, 0.1700, 0.2600, 0.1300, 0.0400]                                 | 2.7856   | 0.8600  | 0.8360 
19    | 11          | [94, 95, 96, 97, 98, 99, 100, 101, 102, 103, 104] | [0.0300, 0.0900, 0.0100, 0.2700, 0.0600, 0.0800, 0.0300, 0.1700, 0.0800, 0.1500, 0.0300] | 7.9516   | 0.9400  | 0.8570 
20    | 7           | [98, 99, 100, 101, 102, 103, 104]                 | [0.0400, 0.0700, 0.1800, 0.2400, 0.2000, 0.2400, 0.0300]                                 | 2.1411   | 0.8000  | 0.8131 
21    | 6           | [99, 100, 101, 102, 103, 104]                     | [0.1600, 0.0100, 0.1000, 0.1700, 0.4300, 0.1300]                                         | 2.5219   | 0.7400  | 0.7410 

[Per-locus summary - Population 2]
Locus | Num_Alleles | Alleles                                            | Frequencies                                                                              | Variance | Obs_Het | Exp_Het
------+-------------+----------------------------------------------------+------------------------------------------------------------------------------------------+----------+---------+--------
1     | 8           | [100, 101, 102, 103, 104, 105, 106, 107]           | [0.0800, 0.1200, 0.0900, 0.1400, 0.1100, 0.2200, 0.2300, 0.0100]                         | 4.0059   | 0.9000  | 0.8465 
2     | 7           | [98, 99, 100, 101, 102, 103, 104]                  | [0.0600, 0.2500, 0.3100, 0.0500, 0.1500, 0.1500, 0.0300]                                 | 2.6675   | 0.8000  | 0.7974 
3     | 9           | [96, 97, 98, 99, 100, 101, 102, 103, 104]          | [0.0100, 0.0400, 0.0900, 0.1700, 0.1000, 0.1400, 0.1900, 0.2000, 0.0600]                 | 3.9875   | 0.9000  | 0.8606 
4     | 10          | [97, 98, 99, 100, 101, 102, 103, 104, 105, 106]    | [0.0600, 0.1400, 0.1200, 0.0200, 0.2900, 0.0800, 0.1000, 0.0600, 0.1100, 0.0200]         | 5.9936   | 0.8200  | 0.8539 
5     | 6           | [96, 97, 98, 99, 100, 102]                         | [0.2800, 0.2300, 0.2400, 0.1200, 0.1200, 0.0100]                                         | 1.9579   | 0.7000  | 0.7901 
6     | 9           | [94, 95, 96, 97, 98, 99, 100, 102, 103]            | [0.0300, 0.1900, 0.1600, 0.0900, 0.1000, 0.2600, 0.1300, 0.0200, 0.0200]                 | 4.3600   | 0.8400  | 0.8424 
7     | 8           | [98, 99, 100, 101, 102, 103, 104, 105]             | [0.0100, 0.0500, 0.1800, 0.2800, 0.1600, 0.2000, 0.1000, 0.0200]                         | 2.2531   | 0.8200  | 0.8188 
8     | 8           | [96, 97, 98, 99, 100, 101, 102, 103]               | [0.0500, 0.1200, 0.1900, 0.0700, 0.1900, 0.1900, 0.1200, 0.0700]                         | 3.8731   | 0.9000  | 0.8592 
9     | 8           | [96, 97, 98, 99, 100, 101, 102, 103]               | [0.0200, 0.1300, 0.0700, 0.1000, 0.1000, 0.3400, 0.2000, 0.0400]                         | 3.3475   | 0.7800  | 0.8087 
10    | 9           | [95, 96, 97, 98, 99, 100, 101, 102, 103]           | [0.0100, 0.0900, 0.2600, 0.0100, 0.1000, 0.1300, 0.0700, 0.2700, 0.0600]                 | 5.5896   | 0.7400  | 0.8240 
11    | 9           | [95, 96, 97, 98, 99, 100, 101, 102, 103]           | [0.0100, 0.3200, 0.0800, 0.2300, 0.2200, 0.1000, 0.0100, 0.0200, 0.0100]                 | 2.7011   | 0.7400  | 0.7871 
12    | 9           | [94, 95, 96, 97, 98, 99, 100, 101, 103]            | [0.0300, 0.1500, 0.2100, 0.0200, 0.0700, 0.0500, 0.1600, 0.3000, 0.0100]                 | 6.2339   | 0.8000  | 0.8172 
13    | 9           | [96, 97, 98, 99, 100, 101, 102, 103, 104]          | [0.0200, 0.0700, 0.0800, 0.4100, 0.2000, 0.0400, 0.0700, 0.0200, 0.0900]                 | 3.5524   | 0.8000  | 0.7729 
14    | 11          | [93, 94, 95, 96, 99, 100, 101, 102, 103, 104, 105] | [0.0800, 0.1800, 0.1300, 0.0200, 0.0200, 0.1400, 0.2700, 0.0400, 0.0200, 0.0300, 0.0700] | 14.5499  | 0.8200  | 0.8517 
15    | 10          | [94, 95, 96, 97, 98, 99, 100, 102, 103, 104]       | [0.0100, 0.0400, 0.1300, 0.0300, 0.0300, 0.1900, 0.1700, 0.0300, 0.2900, 0.0800]         | 8.0131   | 0.9000  | 0.8315 
16    | 8           | [96, 97, 98, 99, 100, 101, 102, 104]               | [0.0300, 0.0200, 0.0300, 0.2000, 0.2000, 0.4300, 0.0600, 0.0300]                         | 2.0771   | 0.7400  | 0.7358 
17    | 9           | [97, 98, 99, 100, 101, 102, 103, 104, 105]         | [0.1400, 0.3900, 0.0700, 0.0200, 0.1400, 0.0500, 0.1000, 0.0800, 0.0100]                 | 5.5304   | 0.8600  | 0.7923 
18    | 7           | [98, 99, 100, 101, 102, 103, 104]                  | [0.1300, 0.2100, 0.0700, 0.1100, 0.2000, 0.1800, 0.1000]                                 | 3.8996   | 0.8200  | 0.8481 
19    | 10          | [94, 95, 96, 97, 98, 99, 100, 101, 102, 103]       | [0.0200, 0.1000, 0.0700, 0.3100, 0.0800, 0.1300, 0.0200, 0.0900, 0.0900, 0.0900]         | 6.3436   | 0.8000  | 0.8491 
20    | 7           | [98, 99, 100, 101, 102, 103, 104]                  | [0.0300, 0.0400, 0.2300, 0.2400, 0.2300, 0.2100, 0.0200]                                 | 1.8139   | 0.7600  | 0.7976 
21    | 6           | [99, 100, 101, 102, 103, 104]                      | [0.1400, 0.0300, 0.0200, 0.1800, 0.3600, 0.2700]                                         | 2.6800   | 0.7400  | 0.7517 
