
[Simulation Info]
simulation_id = sim_0002439
timestamp     = 20250428_082206
seed          = 532471
output_folder = /home/lejeunet/Bureau/simulations/Ref_table/sim_0002439

[Model Parameters]
pop_size           = 6136
num_loci           = 20
sample1_generation = 30
sample2_generation = 10
low_repeats        = 1
high_repeats       = 200
mutation_rate      = 0.001
recap_Ne           = 6136

[Sampling Design]
sample1_size_Ne  = 50
sample2_size_Ne  = 50
sample1_size_CMR = 50
sample2_size_CMR = 50

[Capture-Marquage-Recapture]
census_N   =  0
MatchCount =  0
# There were no match between sampling of individuals during CMR.

[Ne Estimates - One Sample - Decreasing critical values [0.050, 0.020, 0.010, 0+]]

[Linkage Desequilibrium]
LD_Ne_Pop1 = [575.7, 1085.4, 3173.5, 3173.5]
LD_r2_Pop1 = [0.021853, 0.021583, 0.021381, 0.021381]
LD_Ne_Pop2 = [5323.1, 2148.1, 1472.0, 1472.0]
LD_r2_Pop2 = [0.021339, 0.021431, 0.021502, 0.021502]

[Heterozygote excess]
HE_Neb_mean_Pop1        = [None, None, None, None]
HE_weighted_D_mean_Pop1 = [-0.01441, -0.0128, -0.01272, -0.01272]
HE_Neb_mean_Pop2        = [44.1, 91.3, 73.9, 73.9]
HE_weighted_D_mean_Pop2 = [0.01147, 0.0055, 0.00681, 0.00681]

[Molecular Coancestry]
Coan_Neb_n_Pop1 = 40.3
Coan_f1_Pop1    = 0.01242
Coan_Neb_n_Pop2 = 36.4
Coan_f1_Pop2    = 0.01374

[Ne Estimates - Temporal - Decreasing critical values (0.050, 0.020, 0.010, 0+)]

[Pollak]
P_Ne     = [5866.9, 8003.7, 6941.1, 7473.9]
P_Fk     = [0.02085, 0.02062, 0.02072, 0.02067]
P_Fprime = [0.00085, 0.00062, 0.00072, 0.00067]

[Nei/Tajima]
N_Ne     = [7682.4, 11744.9, 9743.5, 10602.2]
N_Fc     = [0.02065, 0.02043, 0.02051, 0.02047]
N_Fprime = [0.00065, 0.00043, 0.00051, 0.00047]

[Jorde/Ryman]
J_Ne     = [4337.8, 4524.2, 4422.2, 4424.0]
J_Fs     = [0.02125, 0.02121, 0.02123, 0.02123]
J_Fprime = [0.00115, 0.00111, 0.00113, 0.00113]

[Genetic Diversity - Heterozygosity]
mean_exp_het_pop1 = 0.8607
mean_obs_het_pop1 = 0.8533
mean_exp_het_pop2 = 0.8601
mean_obs_het_pop2 = 0.8695

[Genetic Diversity - Allele Counts]
mean_alleles_pop1 = 10.95
var_alleles_pop1  = 6.15
sum_alleles_pop1  = 230
mean_alleles_pop2 = 11.55
var_alleles_pop2  = 5.67
sum_alleles_pop2  = 485

[Genetic Diversity - Allelic Size Variance]
var_allele_size_pop1 = 9.6849
var_allele_size_pop2 = 9.9252

[Per-locus summary - Population 1]
Locus | Num_Alleles | Alleles                                                                 | Frequencies                                                                                                                      | Variance | Obs_Het | Exp_Het
------+-------------+-------------------------------------------------------------------------+----------------------------------------------------------------------------------------------------------------------------------+----------+---------+--------
1     | 10          | [96, 97, 98, 99, 100, 101, 102, 103, 104, 105]                          | [0.0100, 0.0300, 0.0200, 0.0500, 0.1600, 0.2500, 0.2700, 0.1700, 0.0300, 0.0100]                                                 | 2.5875   | 0.7800  | 0.8133 
2     | 13          | [88, 89, 90, 91, 92, 96, 97, 98, 99, 100, 101, 102, 103]                | [0.0300, 0.0600, 0.0900, 0.0800, 0.0100, 0.0100, 0.0500, 0.1600, 0.1300, 0.1200, 0.1600, 0.0900, 0.0100]                         | 20.7499  | 0.8200  | 0.8966 
3     | 8           | [96, 98, 99, 100, 101, 102, 103, 105]                                   | [0.0500, 0.0800, 0.2000, 0.0700, 0.1500, 0.2000, 0.2400, 0.0100]                                                                 | 4.1024   | 0.8000  | 0.8343 
4     | 10          | [95, 96, 97, 98, 99, 100, 101, 102, 103, 104]                           | [0.0600, 0.0600, 0.1700, 0.1000, 0.0900, 0.1900, 0.1700, 0.0600, 0.0900, 0.0100]                                                 | 5.3124   | 0.8600  | 0.8778 
5     | 12          | [95, 98, 99, 101, 102, 103, 104, 105, 106, 107, 108, 110]               | [0.1200, 0.0400, 0.0800, 0.0100, 0.0600, 0.1400, 0.1800, 0.1300, 0.1100, 0.0200, 0.1000, 0.0100]                                 | 15.0404  | 0.8600  | 0.8913 
6     | 10          | [98, 99, 100, 101, 102, 103, 104, 105, 107, 108]                        | [0.0100, 0.0300, 0.1500, 0.1200, 0.1300, 0.1900, 0.1500, 0.1300, 0.0400, 0.0500]                                                 | 5.2211   | 0.8600  | 0.8743 
7     | 13          | [90, 91, 93, 94, 95, 96, 98, 99, 100, 101, 102, 103, 104]               | [0.0900, 0.0400, 0.0400, 0.0100, 0.0100, 0.0200, 0.0100, 0.0800, 0.1600, 0.3300, 0.1100, 0.0800, 0.0200]                         | 16.1384  | 0.7800  | 0.8366 
8     | 14          | [87, 88, 89, 90, 91, 92, 93, 94, 95, 96, 98, 100, 101, 102]             | [0.0300, 0.0700, 0.1200, 0.0200, 0.1500, 0.0500, 0.1500, 0.0200, 0.0600, 0.0100, 0.0600, 0.0400, 0.2000, 0.0200]                 | 22.5779  | 0.9000  | 0.8911 
9     | 6           | [95, 96, 97, 98, 99, 100]                                               | [0.1000, 0.3200, 0.2700, 0.1200, 0.0700, 0.1200]                                                                                 | 2.1900   | 0.8000  | 0.7889 
10    | 16          | [91, 92, 93, 94, 95, 96, 97, 98, 99, 100, 101, 102, 103, 104, 105, 106] | [0.0100, 0.0600, 0.0200, 0.1000, 0.0700, 0.0100, 0.1600, 0.0700, 0.0700, 0.0900, 0.0900, 0.0700, 0.1100, 0.0400, 0.0200, 0.0100] | 13.5099  | 0.9800  | 0.9194 
11    | 15          | [94, 95, 96, 97, 98, 99, 100, 101, 102, 103, 104, 105, 106, 107, 108]   | [0.0300, 0.0100, 0.0300, 0.0100, 0.0900, 0.0300, 0.1100, 0.0300, 0.0700, 0.0300, 0.1900, 0.1100, 0.1600, 0.0900, 0.0100]         | 12.4475  | 0.9200  | 0.8972 
12    | 9           | [96, 97, 98, 99, 100, 101, 102, 103, 104]                               | [0.0300, 0.0700, 0.0500, 0.1400, 0.0600, 0.1300, 0.3800, 0.1000, 0.0400]                                                         | 4.0316   | 0.8000  | 0.8036 
13    | 11          | [93, 95, 96, 97, 98, 99, 100, 101, 102, 103, 104]                       | [0.0300, 0.0100, 0.1200, 0.0600, 0.0200, 0.1500, 0.1600, 0.1600, 0.2200, 0.0600, 0.0100]                                         | 6.0659   | 0.8200  | 0.8634 
14    | 11          | [98, 99, 100, 101, 102, 103, 104, 105, 106, 107, 108]                   | [0.0300, 0.0900, 0.1200, 0.0500, 0.0600, 0.1200, 0.1500, 0.1100, 0.1100, 0.1400, 0.0200]                                         | 7.7411   | 0.9200  | 0.8984 
15    | 12          | [94, 96, 97, 98, 99, 100, 101, 102, 103, 104, 105, 106]                 | [0.0100, 0.0100, 0.0200, 0.0700, 0.2500, 0.3000, 0.1400, 0.0100, 0.0600, 0.0300, 0.0700, 0.0300]                                 | 5.0664   | 0.8400  | 0.8202 
16    | 11          | [90, 91, 92, 93, 94, 95, 96, 97, 105, 106, 107]                         | [0.0700, 0.0300, 0.1200, 0.2500, 0.1500, 0.0500, 0.0500, 0.0600, 0.1900, 0.0200, 0.0100]                                         | 26.7451  | 0.9400  | 0.8582 
17    | 11          | [96, 97, 98, 99, 100, 101, 102, 103, 104, 105, 106]                     | [0.0200, 0.0300, 0.2000, 0.1000, 0.2000, 0.0500, 0.0800, 0.1200, 0.0600, 0.1000, 0.0400]                                         | 7.0656   | 0.8800  | 0.8790 
18    | 9           | [96, 97, 98, 99, 100, 101, 102, 103, 104]                               | [0.0300, 0.0900, 0.1400, 0.0700, 0.1800, 0.2000, 0.1400, 0.1300, 0.0200]                                                         | 4.1259   | 0.8000  | 0.8659 
19    | 10          | [98, 99, 100, 101, 102, 103, 105, 106, 107, 108]                        | [0.0900, 0.2500, 0.0200, 0.1000, 0.2200, 0.0100, 0.0200, 0.1000, 0.1400, 0.0500]                                                 | 10.9116  | 0.8200  | 0.8465 
20    | 7           | [96, 97, 98, 99, 100, 101, 102]                                         | [0.1200, 0.1200, 0.2100, 0.2700, 0.1600, 0.0700, 0.0500]                                                                         | 2.5304   | 0.8600  | 0.8295 
21    | 12          | [93, 94, 95, 96, 97, 98, 99, 100, 101, 102, 103, 104]                   | [0.0400, 0.0300, 0.1800, 0.1800, 0.1400, 0.0600, 0.0300, 0.1200, 0.0300, 0.0900, 0.0500, 0.0500]                                 | 9.2219   | 0.8800  | 0.8891 

[Per-locus summary - Population 2]
Locus | Num_Alleles | Alleles                                                             | Frequencies                                                                                                                      | Variance | Obs_Het | Exp_Het
------+-------------+---------------------------------------------------------------------+----------------------------------------------------------------------------------------------------------------------------------+----------+---------+--------
1     | 9           | [97, 98, 99, 100, 101, 102, 103, 104, 105]                          | [0.0300, 0.0400, 0.1300, 0.0900, 0.2400, 0.2400, 0.1400, 0.0500, 0.0400]                                                         | 3.2824   | 0.9000  | 0.8420 
2     | 13          | [88, 89, 90, 91, 92, 93, 96, 97, 98, 99, 100, 101, 102]             | [0.0300, 0.0300, 0.1200, 0.0800, 0.0100, 0.0100, 0.0100, 0.0400, 0.1200, 0.2000, 0.0600, 0.1600, 0.1300]                         | 20.7964  | 0.8600  | 0.8838 
3     | 10          | [96, 97, 98, 99, 100, 101, 102, 103, 104, 105]                      | [0.0600, 0.0200, 0.0400, 0.1400, 0.0800, 0.2100, 0.1900, 0.2300, 0.0200, 0.0100]                                                 | 4.2579   | 0.8400  | 0.8432 
4     | 11          | [94, 95, 96, 97, 98, 99, 100, 101, 102, 103, 104]                   | [0.0100, 0.0800, 0.0600, 0.1700, 0.0700, 0.0700, 0.1500, 0.2000, 0.1100, 0.0600, 0.0200]                                         | 6.1524   | 0.8000  | 0.8814 
5     | 12          | [95, 98, 99, 101, 102, 103, 104, 105, 106, 107, 108, 109]           | [0.0100, 0.1100, 0.1400, 0.0300, 0.0500, 0.1400, 0.1000, 0.1200, 0.1100, 0.0100, 0.1500, 0.0300]                                 | 12.2444  | 0.9000  | 0.8941 
6     | 11          | [98, 99, 100, 101, 102, 103, 104, 105, 106, 107, 108]               | [0.0100, 0.0100, 0.1700, 0.1700, 0.1300, 0.1900, 0.1200, 0.0400, 0.0200, 0.0600, 0.0800]                                         | 6.1411   | 0.8000  | 0.8713 
7     | 13          | [89, 90, 91, 92, 93, 94, 96, 99, 100, 101, 102, 103, 104]           | [0.0100, 0.0800, 0.0100, 0.0300, 0.0400, 0.0200, 0.0500, 0.0400, 0.2700, 0.1900, 0.1100, 0.1400, 0.0100]                         | 16.4899  | 0.9000  | 0.8541 
8     | 16          | [86, 87, 88, 89, 90, 91, 92, 93, 94, 95, 96, 97, 98, 100, 101, 102] | [0.0100, 0.0100, 0.0600, 0.0700, 0.0600, 0.1900, 0.1200, 0.0600, 0.0100, 0.0700, 0.0500, 0.0400, 0.0100, 0.0800, 0.1400, 0.0200] | 20.0596  | 0.9000  | 0.9071 
9     | 7           | [94, 95, 96, 97, 98, 99, 100]                                       | [0.0100, 0.1200, 0.2400, 0.3600, 0.1500, 0.0700, 0.0500]                                                                         | 1.6851   | 0.8800  | 0.7762 
10    | 14          | [92, 93, 94, 95, 96, 97, 98, 99, 100, 101, 102, 103, 104, 105]      | [0.0200, 0.0200, 0.0500, 0.0700, 0.0100, 0.2700, 0.0300, 0.0100, 0.0600, 0.0800, 0.1300, 0.1600, 0.0500, 0.0400]                 | 11.9475  | 0.8800  | 0.8699 
11    | 13          | [94, 96, 97, 98, 99, 100, 101, 102, 103, 104, 105, 106, 107]        | [0.0700, 0.0300, 0.0100, 0.0900, 0.0300, 0.0900, 0.0200, 0.0800, 0.0100, 0.1500, 0.1900, 0.1100, 0.1200]                         | 14.7496  | 0.9400  | 0.8939 
12    | 10          | [96, 97, 98, 99, 100, 101, 102, 103, 104, 105]                      | [0.0200, 0.0600, 0.0900, 0.2000, 0.0500, 0.1500, 0.2700, 0.0600, 0.0800, 0.0200]                                                 | 4.5475   | 0.8600  | 0.8481 
13    | 11          | [93, 94, 95, 96, 97, 98, 99, 100, 101, 102, 103]                    | [0.0100, 0.0300, 0.0300, 0.1400, 0.0400, 0.0200, 0.0900, 0.2200, 0.1600, 0.2000, 0.0600]                                         | 6.3691   | 0.7800  | 0.8594 
14    | 12          | [97, 98, 99, 100, 101, 102, 103, 104, 105, 106, 107, 108]           | [0.0500, 0.0400, 0.0400, 0.1200, 0.0300, 0.0800, 0.0800, 0.1300, 0.1500, 0.1300, 0.1000, 0.0500]                                 | 9.3739   | 0.9000  | 0.9065 
15    | 11          | [96, 97, 98, 99, 100, 101, 102, 103, 104, 105, 106]                 | [0.0200, 0.0200, 0.0500, 0.2600, 0.3600, 0.1000, 0.0400, 0.0200, 0.0300, 0.0800, 0.0200]                                         | 4.4556   | 0.8600  | 0.7877 
16    | 11          | [90, 91, 92, 93, 94, 95, 96, 97, 104, 105, 106]                     | [0.0800, 0.0400, 0.1100, 0.2800, 0.0900, 0.0200, 0.0700, 0.0500, 0.0100, 0.2300, 0.0200]                                         | 29.8024  | 0.8400  | 0.8406 
17    | 12          | [96, 97, 98, 99, 100, 101, 102, 103, 104, 105, 106, 107]            | [0.0200, 0.0200, 0.1200, 0.0500, 0.2100, 0.0800, 0.1200, 0.0600, 0.0600, 0.1800, 0.0600, 0.0200]                                 | 7.8059   | 0.9200  | 0.8826 
18    | 8           | [96, 97, 98, 99, 100, 101, 102, 103]                                | [0.0200, 0.0900, 0.1300, 0.0700, 0.2400, 0.2100, 0.1000, 0.1400]                                                                 | 3.5675   | 0.8800  | 0.8469 
19    | 13          | [96, 98, 99, 100, 101, 102, 103, 104, 105, 106, 107, 108, 109]      | [0.0100, 0.1400, 0.2000, 0.0200, 0.1200, 0.1900, 0.0100, 0.0300, 0.0200, 0.0600, 0.0800, 0.1100, 0.0100]                         | 12.3056  | 0.8400  | 0.8746 
20    | 7           | [96, 97, 98, 99, 100, 101, 102]                                     | [0.1900, 0.2000, 0.2600, 0.1600, 0.0800, 0.0600, 0.0500]                                                                         | 2.7656   | 0.9200  | 0.8265 
21    | 12          | [93, 94, 95, 96, 97, 98, 99, 100, 101, 102, 103, 104]               | [0.0600, 0.0200, 0.2000, 0.1800, 0.2000, 0.0300, 0.0200, 0.0500, 0.0800, 0.0300, 0.0800, 0.0500]                                 | 9.6304   | 0.8600  | 0.8723 
