
[Simulation Info]
simulation_id = sim_0008360
timestamp     = 20250428_104934
seed          = 703238
output_folder = /home/lejeunet/Bureau/simulations/Ref_table/sim_0008360

[Model Parameters]
pop_size           = 2211
num_loci           = 20
sample1_generation = 30
sample2_generation = 10
low_repeats        = 1
high_repeats       = 200
mutation_rate      = 0.001
recap_Ne           = 2211

[Sampling Design]
sample1_size_Ne  = 50
sample2_size_Ne  = 50
sample1_size_CMR = 50
sample2_size_CMR = 50

[Capture-Marquage-Recapture]
census_N   =  1300
MatchCount =  2

[Ne Estimates - One Sample - Decreasing critical values [0.050, 0.020, 0.010, 0+]]

[Linkage Desequilibrium]
LD_Ne_Pop1 = [None, None, None, None]
LD_r2_Pop1 = [0.020821, 0.021095, 0.020975, 0.020975]
LD_Ne_Pop2 = [None, None, None, None]
LD_r2_Pop2 = [0.021183, 0.021166, 0.021211, 0.021211]

[Heterozygote excess]
HE_Neb_mean_Pop1        = [None, None, None, None]
HE_weighted_D_mean_Pop1 = [-0.0121, -0.00889, -0.00884, -0.00884]
HE_Neb_mean_Pop2        = [125.2, 127.9, 152.2, 152.2]
HE_weighted_D_mean_Pop2 = [0.00401, 0.00392, 0.0033, 0.0033]

[Molecular Coancestry]
Coan_Neb_n_Pop1 = None
Coan_f1_Pop1    = -0.00068
Coan_Neb_n_Pop2 = 40.7
Coan_f1_Pop2    = 0.01227

[Ne Estimates - Temporal - Decreasing critical values (0.050, 0.020, 0.010, 0+)]

[Pollak]
P_Ne     = [-1994.2, -2650.9, -3172.4, -2804.6]
P_Fk     = [0.01749, 0.01811, 0.01842, 0.01822]
P_Fprime = [-0.00251, -0.00189, -0.00158, -0.00178]

[Nei/Tajima]
N_Ne     = [-1736.6, -2169.5, -2481.4, -2284.6]
N_Fc     = [0.01712, 0.0177, 0.01799, 0.01781]
N_Fprime = [-0.00288, -0.0023, -0.00201, -0.00219]

[Jorde/Ryman]
J_Ne     = [-1559.3, -1631.0, -1642.2, -1629.0]
J_Fs     = [0.0169, 0.01704, 0.01706, 0.01703]
J_Fprime = [-0.00321, -0.00307, -0.00304, -0.00307]

[Genetic Diversity - Heterozygosity]
mean_exp_het_pop1 = 0.7869
mean_obs_het_pop1 = 0.7657
mean_exp_het_pop2 = 0.7753
mean_obs_het_pop2 = 0.781

[Genetic Diversity - Allele Counts]
mean_alleles_pop1 = 8.14
var_alleles_pop1  = 3.23
sum_alleles_pop1  = 171
mean_alleles_pop2 = 8.52
var_alleles_pop2  = 3.91
sum_alleles_pop2  = 358

[Genetic Diversity - Allelic Size Variance]
var_allele_size_pop1 = 4.2977
var_allele_size_pop2 = 4.1934

[Per-locus summary - Population 1]
Locus | Num_Alleles | Alleles                                                 | Frequencies                                                                                      | Variance | Obs_Het | Exp_Het
------+-------------+---------------------------------------------------------+--------------------------------------------------------------------------------------------------+----------+---------+--------
1     | 10          | [94, 95, 96, 97, 98, 99, 100, 101, 102, 103]            | [0.0200, 0.1000, 0.0700, 0.0800, 0.0200, 0.0400, 0.1300, 0.2600, 0.2100, 0.0700]                 | 6.8011   | 0.7600  | 0.8513 
2     | 9           | [96, 97, 98, 99, 100, 103, 104, 105, 106]               | [0.0400, 0.0500, 0.1000, 0.1100, 0.0800, 0.1600, 0.2000, 0.0800, 0.1800]                         | 10.1404  | 0.8600  | 0.8717 
3     | 5           | [99, 100, 101, 102, 104]                                | [0.1000, 0.5800, 0.2000, 0.0300, 0.0900]                                                         | 1.5896   | 0.5800  | 0.6107 
4     | 6           | [98, 99, 100, 101, 102, 103]                            | [0.0600, 0.0500, 0.2400, 0.4900, 0.1200, 0.0400]                                                 | 1.1576   | 0.6200  | 0.6871 
5     | 8           | [95, 96, 97, 99, 100, 101, 102, 103]                    | [0.0200, 0.0900, 0.5100, 0.2100, 0.0900, 0.0500, 0.0200, 0.0100]                                 | 2.6336   | 0.7800  | 0.6830 
6     | 6           | [99, 100, 101, 102, 103, 104]                           | [0.0400, 0.2000, 0.2000, 0.0700, 0.1700, 0.3200]                                                 | 2.8019   | 0.7200  | 0.7901 
7     | 9           | [93, 94, 95, 96, 97, 98, 99, 100, 101]                  | [0.0900, 0.1300, 0.0700, 0.1900, 0.1000, 0.0400, 0.2200, 0.1000, 0.0600]                         | 5.8564   | 0.9200  | 0.8691 
8     | 7           | [96, 97, 98, 99, 100, 101, 102]                         | [0.0700, 0.1600, 0.1400, 0.2700, 0.0800, 0.1800, 0.1000]                                         | 3.1051   | 0.8200  | 0.8366 
9     | 10          | [95, 96, 97, 98, 99, 100, 101, 102, 103, 104]           | [0.0200, 0.0200, 0.1100, 0.4500, 0.0600, 0.1000, 0.0800, 0.0400, 0.1000, 0.0200]                 | 4.2651   | 0.8400  | 0.7602 
10    | 10          | [97, 98, 99, 100, 101, 102, 103, 104, 105, 106]         | [0.0200, 0.0800, 0.0500, 0.1800, 0.1100, 0.0200, 0.0600, 0.3300, 0.1300, 0.0200]                 | 5.9075   | 0.7600  | 0.8242 
11    | 8           | [97, 98, 99, 100, 101, 102, 103, 104]                   | [0.0300, 0.0700, 0.2400, 0.1600, 0.2000, 0.1900, 0.1000, 0.0100]                                 | 2.6075   | 0.8400  | 0.8331 
12    | 10          | [95, 96, 97, 98, 99, 100, 101, 102, 103, 104]           | [0.0600, 0.2100, 0.1500, 0.0800, 0.3400, 0.0100, 0.0500, 0.0800, 0.0100, 0.0100]                 | 4.2139   | 0.7200  | 0.8067 
13    | 10          | [94, 95, 96, 97, 98, 101, 102, 103, 104, 105]           | [0.0300, 0.0300, 0.2900, 0.2100, 0.2000, 0.0700, 0.0600, 0.0600, 0.0400, 0.0100]                 | 7.1364   | 0.8000  | 0.8244 
14    | 6           | [99, 100, 101, 102, 103, 104]                           | [0.1200, 0.2100, 0.0100, 0.0900, 0.2100, 0.3600]                                                 | 3.5604   | 0.7400  | 0.7673 
15    | 12          | [95, 96, 97, 98, 99, 100, 101, 102, 104, 105, 106, 107] | [0.0300, 0.0900, 0.0200, 0.0100, 0.2300, 0.0300, 0.0900, 0.1400, 0.0600, 0.0700, 0.2000, 0.0300] | 12.2675  | 0.8400  | 0.8683 
16    | 7           | [98, 99, 100, 101, 102, 103, 104]                       | [0.1400, 0.2000, 0.2600, 0.2700, 0.0600, 0.0600, 0.0100]                                         | 1.9531   | 0.7800  | 0.8006 
17    | 8           | [96, 97, 98, 99, 100, 101, 102, 103]                    | [0.0100, 0.0700, 0.1100, 0.2000, 0.2400, 0.3100, 0.0100, 0.0500]                                 | 2.1939   | 0.7200  | 0.7945 
18    | 8           | [99, 101, 102, 103, 104, 105, 106, 107]                 | [0.1100, 0.0100, 0.1300, 0.0200, 0.0500, 0.4900, 0.0900, 0.1000]                                 | 5.1179   | 0.6400  | 0.7170 
19    | 8           | [95, 96, 97, 98, 99, 100, 101, 102]                     | [0.0200, 0.0300, 0.1300, 0.3200, 0.1800, 0.0600, 0.0800, 0.1800]                                 | 3.4299   | 0.8200  | 0.8127 
20    | 6           | [96, 97, 98, 99, 100, 101]                              | [0.0400, 0.0200, 0.2900, 0.2400, 0.2900, 0.1200]                                                 | 1.4936   | 0.6800  | 0.7654 
21    | 8           | [95, 96, 97, 98, 99, 100, 101, 102]                     | [0.0100, 0.0100, 0.2400, 0.1700, 0.1200, 0.3900, 0.0500, 0.0100]                                 | 2.0200   | 0.8400  | 0.7517 

[Per-locus summary - Population 2]
Locus | Num_Alleles | Alleles                                                  | Frequencies                                                                                      | Variance | Obs_Het | Exp_Het
------+-------------+----------------------------------------------------------+--------------------------------------------------------------------------------------------------+----------+---------+--------
1     | 9           | [94, 95, 96, 97, 99, 100, 101, 102, 103]                 | [0.0200, 0.1000, 0.0400, 0.0800, 0.0500, 0.3100, 0.1900, 0.1800, 0.0300]                         | 5.6251   | 0.8400  | 0.8218 
2     | 10          | [96, 97, 98, 99, 100, 103, 104, 105, 106, 107]           | [0.0100, 0.0800, 0.0700, 0.0900, 0.0600, 0.1900, 0.1600, 0.0800, 0.2200, 0.0400]                 | 10.1100  | 0.8600  | 0.8675 
3     | 5           | [99, 100, 101, 102, 104]                                 | [0.0300, 0.6600, 0.2200, 0.0200, 0.0700]                                                         | 1.1899   | 0.6000  | 0.5150 
4     | 6           | [98, 99, 100, 101, 102, 103]                             | [0.0300, 0.0700, 0.1800, 0.4900, 0.1400, 0.0900]                                                 | 1.2219   | 0.6800  | 0.7010 
5     | 8           | [95, 96, 97, 98, 99, 100, 101, 102]                      | [0.0200, 0.0100, 0.5000, 0.0300, 0.2800, 0.1300, 0.0100, 0.0200]                                 | 1.9251   | 0.6400  | 0.6594 
6     | 7           | [99, 100, 101, 102, 103, 104, 105]                       | [0.0500, 0.2700, 0.1900, 0.0800, 0.0900, 0.3100, 0.0100]                                         | 3.1204   | 0.8000  | 0.7857 
7     | 10          | [92, 93, 94, 95, 96, 97, 98, 99, 100, 101]               | [0.0100, 0.1600, 0.1600, 0.0700, 0.1500, 0.1300, 0.0200, 0.1700, 0.0900, 0.0400]                 | 6.3811   | 0.8400  | 0.8741 
8     | 8           | [95, 96, 97, 98, 99, 100, 101, 102]                      | [0.0100, 0.0600, 0.1900, 0.2000, 0.1900, 0.1100, 0.1500, 0.0900]                                 | 3.1656   | 0.8800  | 0.8499 
9     | 9           | [96, 97, 98, 99, 100, 101, 102, 103, 105]                | [0.0900, 0.1000, 0.4600, 0.0500, 0.0900, 0.0600, 0.0500, 0.0900, 0.0100]                         | 4.2275   | 0.6400  | 0.7529 
10    | 10          | [97, 98, 99, 100, 101, 102, 103, 104, 105, 106]          | [0.0100, 0.1400, 0.0100, 0.1600, 0.1400, 0.0100, 0.1100, 0.2600, 0.1500, 0.0100]                 | 6.0196   | 0.8600  | 0.8410 
11    | 7           | [97, 98, 99, 100, 101, 102, 103]                         | [0.0200, 0.0400, 0.1300, 0.1700, 0.2000, 0.3000, 0.1400]                                         | 2.2275   | 0.8400  | 0.8107 
12    | 9           | [95, 96, 97, 98, 99, 100, 101, 102, 104]                 | [0.0400, 0.1400, 0.1100, 0.1300, 0.3400, 0.0400, 0.0600, 0.1200, 0.0200]                         | 4.2339   | 0.7600  | 0.8224 
13    | 12          | [94, 95, 96, 97, 98, 99, 101, 102, 103, 104, 105, 106]   | [0.0200, 0.0300, 0.2600, 0.1700, 0.1700, 0.0100, 0.0700, 0.1100, 0.0900, 0.0400, 0.0200, 0.0100] | 9.0059   | 0.8800  | 0.8546 
14    | 6           | [99, 100, 101, 102, 103, 104]                            | [0.0700, 0.2200, 0.0300, 0.1100, 0.2000, 0.3700]                                                 | 3.1524   | 0.7600  | 0.7644 
15    | 12          | [95, 96, 97, 99, 100, 101, 102, 103, 104, 105, 106, 107] | [0.0600, 0.0600, 0.0100, 0.3000, 0.0100, 0.1100, 0.1100, 0.0100, 0.0400, 0.0800, 0.1900, 0.0200] | 12.1811  | 0.8400  | 0.8422 
16    | 8           | [97, 98, 99, 100, 101, 102, 103, 104]                    | [0.0100, 0.0900, 0.1300, 0.3400, 0.3000, 0.0800, 0.0400, 0.0100]                                 | 1.6416   | 0.9000  | 0.7689 
17    | 8           | [96, 97, 98, 99, 100, 101, 102, 103]                     | [0.0100, 0.0300, 0.0300, 0.1700, 0.2100, 0.4300, 0.0600, 0.0600]                                 | 1.7931   | 0.7000  | 0.7404 
18    | 10          | [98, 99, 100, 101, 102, 103, 104, 105, 106, 107]         | [0.0100, 0.0900, 0.0100, 0.0100, 0.1000, 0.0600, 0.0700, 0.5100, 0.0700, 0.0700]                 | 4.7396   | 0.8000  | 0.7103 
19    | 8           | [95, 96, 97, 98, 99, 100, 101, 102]                      | [0.0200, 0.0400, 0.1400, 0.3600, 0.1100, 0.1000, 0.1000, 0.1300]                                 | 3.2475   | 0.7600  | 0.8079 
20    | 6           | [97, 98, 99, 100, 101, 102]                              | [0.0100, 0.2300, 0.2600, 0.3700, 0.1200, 0.0100]                                                 | 1.0579   | 0.7400  | 0.7353 
21    | 6           | [96, 97, 98, 99, 100, 101]                               | [0.0200, 0.2300, 0.1500, 0.1700, 0.3800, 0.0500]                                                 | 1.7939   | 0.7800  | 0.7560 
