
[Simulation Info]
simulation_id = sim_0002954
timestamp     = 20250428_083342
seed          = 910676
output_folder = /home/lejeunet/Bureau/simulations/Ref_table/sim_0002954

[Model Parameters]
pop_size           = 3703
num_loci           = 20
sample1_generation = 30
sample2_generation = 10
low_repeats        = 1
high_repeats       = 200
mutation_rate      = 0.001
recap_Ne           = 3703

[Sampling Design]
sample1_size_Ne  = 50
sample2_size_Ne  = 50
sample1_size_CMR = 50
sample2_size_CMR = 50

[Capture-Marquage-Recapture]
census_N   =  1300
MatchCount =  2

[Ne Estimates - One Sample - Decreasing critical values [0.050, 0.020, 0.010, 0+]]

[Linkage Desequilibrium]
LD_Ne_Pop1 = [1477.0, 3319.9, 1971.9, 1971.9]
LD_r2_Pop1 = [0.021501, 0.021376, 0.021445, 0.021445]
LD_Ne_Pop2 = [2249.9, None, None, None]
LD_r2_Pop2 = [0.021424, 0.021003, 0.020836, 0.020836]

[Heterozygote excess]
HE_Neb_mean_Pop1        = [None, None, None, None]
HE_weighted_D_mean_Pop1 = [-0.00124, -0.00151, -0.00191, -0.00191]
HE_Neb_mean_Pop2        = [None, None, None, None]
HE_weighted_D_mean_Pop2 = [-0.01135, -0.00872, -0.00877, -0.00877]

[Molecular Coancestry]
Coan_Neb_n_Pop1 = 50.2
Coan_f1_Pop1    = 0.00996
Coan_Neb_n_Pop2 = None
Coan_f1_Pop2    = -0.01554

[Ne Estimates - Temporal - Decreasing critical values (0.050, 0.020, 0.010, 0+)]

[Pollak]
P_Ne     = [6466.2, 2780.8, 1319.6, 1646.0]
P_Fk     = [0.02077, 0.0218, 0.02379, 0.02304]
P_Fprime = [0.00077, 0.0018, 0.00379, 0.00304]

[Nei/Tajima]
N_Ne     = [-161489.8, 4793.5, 1728.1, 2229.8]
N_Fc     = [0.01997, 0.02104, 0.02289, 0.02224]
N_Fprime = [-3e-05, 0.00104, 0.00289, 0.00224]

[Jorde/Ryman]
J_Ne     = [-2303.5, -3229.5, -4296.9, -4009.3]
J_Fs     = [0.01793, 0.01855, 0.01894, 0.01885]
J_Fprime = [-0.00217, -0.00155, -0.00116, -0.00125]

[Genetic Diversity - Heterozygosity]
mean_exp_het_pop1 = 0.8064
mean_obs_het_pop1 = 0.8095
mean_exp_het_pop2 = 0.8086
mean_obs_het_pop2 = 0.7943

[Genetic Diversity - Allele Counts]
mean_alleles_pop1 = 9.19
var_alleles_pop1  = 2.06
sum_alleles_pop1  = 193
mean_alleles_pop2 = 9.55
var_alleles_pop2  = 2.35
sum_alleles_pop2  = 401

[Genetic Diversity - Allelic Size Variance]
var_allele_size_pop1 = 5.6812
var_allele_size_pop2 = 5.3618

[Per-locus summary - Population 1]
Locus | Num_Alleles | Alleles                                                 | Frequencies                                                                                      | Variance | Obs_Het | Exp_Het
------+-------------+---------------------------------------------------------+--------------------------------------------------------------------------------------------------+----------+---------+--------
1     | 9           | [95, 96, 97, 98, 100, 101, 102, 103, 104]               | [0.1200, 0.1700, 0.1400, 0.1400, 0.0200, 0.0200, 0.1800, 0.1700, 0.0400]                         | 9.5851   | 0.8800  | 0.8624 
2     | 11          | [91, 92, 94, 95, 96, 97, 100, 101, 102, 103, 104]       | [0.0100, 0.0400, 0.0800, 0.3300, 0.1400, 0.0100, 0.0400, 0.0500, 0.1400, 0.1500, 0.0100]         | 13.6139  | 0.7600  | 0.8253 
3     | 9           | [100, 102, 103, 104, 105, 106, 107, 108, 109]           | [0.0400, 0.0500, 0.2200, 0.0900, 0.1000, 0.1500, 0.2500, 0.0500, 0.0500]                         | 4.8056   | 0.9000  | 0.8479 
4     | 9           | [98, 99, 100, 101, 102, 104, 105, 106, 107]             | [0.0100, 0.0800, 0.2000, 0.0400, 0.0600, 0.0400, 0.1500, 0.3300, 0.0900]                         | 8.2636   | 0.7800  | 0.8154 
5     | 9           | [97, 98, 99, 100, 101, 102, 103, 104, 105]              | [0.0400, 0.0400, 0.3700, 0.1000, 0.0600, 0.0800, 0.0100, 0.2500, 0.0500]                         | 5.7451   | 0.7800  | 0.7826 
6     | 8           | [97, 98, 99, 100, 101, 102, 103, 104]                   | [0.0300, 0.1100, 0.2000, 0.2600, 0.0800, 0.2000, 0.0900, 0.0300]                                 | 2.9504   | 0.8400  | 0.8323 
7     | 10          | [93, 94, 95, 96, 97, 98, 99, 100, 101, 104]             | [0.0500, 0.0500, 0.2700, 0.1700, 0.0300, 0.0800, 0.1100, 0.0500, 0.1800, 0.0100]                 | 6.8076   | 0.8800  | 0.8473 
8     | 9           | [100, 102, 103, 104, 105, 106, 107, 108, 109]           | [0.0100, 0.0200, 0.0900, 0.2400, 0.1600, 0.2100, 0.2200, 0.0300, 0.0200]                         | 2.6259   | 0.7800  | 0.8226 
9     | 9           | [93, 95, 96, 97, 98, 99, 100, 104, 105]                 | [0.0100, 0.0900, 0.0600, 0.0700, 0.2700, 0.3300, 0.1000, 0.0400, 0.0300]                         | 4.7891   | 0.8400  | 0.7970 
10    | 6           | [97, 98, 99, 100, 101, 102]                             | [0.0100, 0.0500, 0.1500, 0.2300, 0.4800, 0.0800]                                                 | 1.1104   | 0.6800  | 0.6921 
11    | 12          | [93, 94, 95, 96, 97, 98, 101, 102, 103, 104, 105, 106]  | [0.0100, 0.0700, 0.0200, 0.1800, 0.0900, 0.1200, 0.0200, 0.2300, 0.0500, 0.1800, 0.0100, 0.0200] | 12.8300  | 0.8600  | 0.8596 
12    | 10          | [95, 97, 98, 99, 100, 101, 102, 103, 104, 105]          | [0.0200, 0.0300, 0.1200, 0.0200, 0.2500, 0.3700, 0.0500, 0.0400, 0.0900, 0.0100]                 | 3.5875   | 0.7200  | 0.7800 
13    | 9           | [97, 98, 101, 102, 103, 104, 105, 106, 107]             | [0.0400, 0.0300, 0.0300, 0.0500, 0.3000, 0.5100, 0.0200, 0.0100, 0.0100]                         | 3.1856   | 0.7200  | 0.6499 
14    | 12          | [93, 94, 96, 97, 98, 100, 101, 102, 103, 104, 105, 106] | [0.0100, 0.0100, 0.3000, 0.0800, 0.0200, 0.0300, 0.1600, 0.0400, 0.0300, 0.1700, 0.1400, 0.0100] | 13.5944  | 0.8000  | 0.8337 
15    | 10          | [95, 96, 97, 98, 99, 100, 101, 102, 103, 104]           | [0.0100, 0.0200, 0.1200, 0.2000, 0.1100, 0.0200, 0.2400, 0.1800, 0.0300, 0.0700]                 | 4.9091   | 0.8800  | 0.8452 
16    | 8           | [96, 97, 98, 99, 100, 101, 102, 104]                    | [0.0400, 0.0500, 0.2700, 0.0600, 0.3000, 0.1600, 0.1000, 0.0200]                                 | 2.8891   | 0.8400  | 0.8014 
17    | 8           | [100, 101, 102, 103, 104, 105, 106, 107]                | [0.0100, 0.1400, 0.3000, 0.1000, 0.0200, 0.1200, 0.2100, 0.1000]                                 | 4.4776   | 0.8000  | 0.8196 
18    | 9           | [97, 98, 99, 100, 101, 102, 103, 104, 105]              | [0.0400, 0.0200, 0.0700, 0.0400, 0.2300, 0.2800, 0.2700, 0.0400, 0.0100]                         | 2.6836   | 0.7800  | 0.7935 
19    | 10          | [98, 99, 100, 101, 102, 103, 104, 105, 106, 107]        | [0.0300, 0.2700, 0.1400, 0.0200, 0.2500, 0.0500, 0.0900, 0.0900, 0.0200, 0.0400]                 | 5.8275   | 0.9200  | 0.8313 
20    | 7           | [100, 101, 102, 103, 104, 105, 106]                     | [0.1000, 0.2000, 0.4100, 0.1700, 0.0900, 0.0200, 0.0100]                                         | 1.4675   | 0.7800  | 0.7519 
21    | 9           | [97, 98, 99, 100, 101, 102, 103, 104, 105]              | [0.0100, 0.1100, 0.1800, 0.2100, 0.0700, 0.2400, 0.0800, 0.0900, 0.0100]                         | 3.5571   | 0.7800  | 0.8426 

[Per-locus summary - Population 2]
Locus | Num_Alleles | Alleles                                                 | Frequencies                                                                                      | Variance | Obs_Het | Exp_Het
------+-------------+---------------------------------------------------------+--------------------------------------------------------------------------------------------------+----------+---------+--------
1     | 10          | [94, 95, 96, 97, 98, 99, 100, 102, 103, 104]            | [0.0100, 0.0900, 0.2000, 0.1700, 0.1200, 0.0200, 0.0100, 0.1400, 0.1900, 0.0500]                 | 9.8491   | 0.7800  | 0.8584 
2     | 9           | [92, 94, 95, 96, 100, 101, 102, 103, 104]               | [0.0200, 0.0500, 0.4000, 0.1500, 0.0100, 0.0800, 0.1800, 0.0800, 0.0300]                         | 12.3724  | 0.8000  | 0.7762 
3     | 11          | [99, 100, 101, 102, 103, 104, 105, 106, 107, 108, 109]  | [0.0200, 0.0100, 0.0100, 0.0300, 0.2200, 0.1300, 0.1200, 0.1900, 0.2000, 0.0600, 0.0100]         | 4.0964   | 0.7600  | 0.8475 
4     | 9           | [99, 100, 101, 102, 103, 104, 105, 106, 107]            | [0.0600, 0.1800, 0.0500, 0.0700, 0.0200, 0.0600, 0.2000, 0.2300, 0.1300]                         | 7.3416   | 0.8600  | 0.8513 
5     | 9           | [97, 98, 99, 100, 101, 102, 103, 104, 105]              | [0.0300, 0.0200, 0.3900, 0.0700, 0.0400, 0.1100, 0.1000, 0.1400, 0.1000]                         | 5.6500   | 0.7600  | 0.7964 
6     | 9           | [97, 98, 99, 100, 101, 102, 103, 104, 105]              | [0.0400, 0.0900, 0.1900, 0.1800, 0.1600, 0.1200, 0.1500, 0.0500, 0.0200]                         | 3.7644   | 0.8800  | 0.8650 
7     | 9           | [93, 94, 95, 96, 98, 99, 100, 101, 102]                 | [0.0200, 0.0800, 0.2600, 0.1700, 0.1300, 0.0700, 0.1200, 0.1200, 0.0300]                         | 6.3475   | 0.7800  | 0.8537 
8     | 7           | [101, 103, 104, 105, 106, 107, 108]                     | [0.0200, 0.2100, 0.2200, 0.1800, 0.1800, 0.1800, 0.0100]                                         | 2.3475   | 0.8200  | 0.8180 
9     | 10          | [93, 94, 95, 96, 97, 98, 99, 100, 101, 104]             | [0.0500, 0.0100, 0.0800, 0.0800, 0.2000, 0.2600, 0.2700, 0.0300, 0.0100, 0.0100]                 | 3.2691   | 0.7600  | 0.8111 
10    | 8           | [94, 95, 96, 97, 99, 100, 101, 102]                     | [0.0100, 0.0100, 0.0100, 0.0100, 0.0700, 0.2000, 0.5100, 0.1800]                                 | 1.7756   | 0.7000  | 0.6689 
11    | 10          | [94, 95, 96, 97, 98, 99, 101, 102, 103, 104]            | [0.0700, 0.0900, 0.1200, 0.1000, 0.1700, 0.0200, 0.0400, 0.2200, 0.0500, 0.1200]                 | 10.7700  | 0.9000  | 0.8751 
12    | 8           | [95, 97, 98, 99, 100, 101, 102, 104]                    | [0.0100, 0.0200, 0.1200, 0.0700, 0.2200, 0.4100, 0.0600, 0.0900]                                 | 2.8491   | 0.7000  | 0.7596 
13    | 8           | [97, 98, 102, 103, 104, 105, 106, 107]                  | [0.0300, 0.0400, 0.0900, 0.3000, 0.4900, 0.0200, 0.0100, 0.0200]                                 | 3.1211   | 0.6800  | 0.6651 
14    | 12          | [94, 95, 96, 97, 98, 100, 101, 102, 103, 104, 105, 106] | [0.0100, 0.0200, 0.2500, 0.1300, 0.0200, 0.0100, 0.1000, 0.0200, 0.0300, 0.2300, 0.1400, 0.0400] | 14.9300  | 0.8200  | 0.8426 
15    | 11          | [94, 95, 96, 97, 98, 99, 100, 101, 102, 103, 104]       | [0.0100, 0.0100, 0.0300, 0.1300, 0.1600, 0.1300, 0.0900, 0.1700, 0.1700, 0.0200, 0.0800]         | 5.3076   | 0.9600  | 0.8756 
16    | 9           | [96, 97, 98, 99, 100, 101, 102, 103, 104]               | [0.0100, 0.0500, 0.2800, 0.0800, 0.3200, 0.1500, 0.0700, 0.0300, 0.0100]                         | 2.5019   | 0.8600  | 0.7897 
17    | 8           | [100, 101, 102, 103, 104, 105, 106, 107]                | [0.0200, 0.1800, 0.3400, 0.0700, 0.0400, 0.1900, 0.1300, 0.0300]                                 | 3.6611   | 0.7800  | 0.7992 
18    | 8           | [98, 99, 100, 101, 102, 103, 104, 105]                  | [0.0200, 0.0500, 0.0800, 0.1900, 0.3300, 0.2100, 0.1000, 0.0200]                                 | 2.0579   | 0.8000  | 0.7992 
19    | 11          | [97, 98, 99, 100, 101, 102, 103, 104, 105, 106, 107]    | [0.0100, 0.0600, 0.2600, 0.1200, 0.0200, 0.2900, 0.0800, 0.0400, 0.0700, 0.0400, 0.0100]         | 5.2475   | 0.8200  | 0.8234 
20    | 7           | [100, 101, 102, 103, 104, 105, 106]                     | [0.0700, 0.2700, 0.3300, 0.1400, 0.1400, 0.0100, 0.0400]                                         | 1.9400   | 0.6200  | 0.7802 
21    | 7           | [98, 99, 100, 101, 102, 103, 104]                       | [0.1900, 0.2400, 0.1800, 0.0300, 0.2100, 0.1100, 0.0400]                                         | 3.3976   | 0.8400  | 0.8234 
