
[Simulation Info]
simulation_id = sim_0008125
timestamp     = 20250428_104235
seed          = 788136
output_folder = /home/lejeunet/Bureau/simulations/Ref_table/sim_0008125

[Model Parameters]
pop_size           = 7646
num_loci           = 20
sample1_generation = 30
sample2_generation = 10
low_repeats        = 1
high_repeats       = 200
mutation_rate      = 0.001
recap_Ne           = 7646

[Sampling Design]
sample1_size_Ne  = 50
sample2_size_Ne  = 50
sample1_size_CMR = 50
sample2_size_CMR = 50

[Capture-Marquage-Recapture]
census_N   =  0
MatchCount =  0
# There were no match between sampling of individuals during CMR.

[Ne Estimates - One Sample - Decreasing critical values [0.050, 0.020, 0.010, 0+]]

[Linkage Desequilibrium]
LD_Ne_Pop1 = [3267.0, 3492.6, 1622.4, 1622.4]
LD_r2_Pop1 = [0.021378, 0.021371, 0.021481, 0.021481]
LD_Ne_Pop2 = [5962.6, None, None, None]
LD_r2_Pop2 = [0.021332, 0.021241, 0.021271, 0.021271]

[Heterozygote excess]
HE_Neb_mean_Pop1        = [35.9, 34.8, 36.7, 36.7]
HE_weighted_D_mean_Pop1 = [0.0141, 0.01456, 0.0138, 0.0138]
HE_Neb_mean_Pop2        = [74.8, 118.6, 140.1, 140.1]
HE_weighted_D_mean_Pop2 = [0.00673, 0.00423, 0.00358, 0.00358]

[Molecular Coancestry]
Coan_Neb_n_Pop1 = None
Coan_f1_Pop1    = -0.00566
Coan_Neb_n_Pop2 = 55.7
Coan_f1_Pop2    = 0.00898

[Ne Estimates - Temporal - Decreasing critical values (0.050, 0.020, 0.010, 0+)]

[Pollak]
P_Ne     = [-5634.9, 45019.3, 5923.5, 7589.3]
P_Fk     = [0.01911, 0.02011, 0.02084, 0.02066]
P_Fprime = [-0.00089, 0.00011, 0.00084, 0.00066]

[Nei/Tajima]
N_Ne     = [-3952.9, -13573.3, 15346.1, 31140.2]
N_Fc     = [0.01874, 0.01963, 0.02033, 0.02016]
N_Fprime = [-0.00126, -0.00037, 0.00033, 0.00016]

[Jorde/Ryman]
J_Ne     = [-2540.1, -2491.8, -2674.2, -2642.6]
J_Fs     = [0.01813, 0.0181, 0.01823, 0.01821]
J_Fprime = [-0.00197, -0.00201, -0.00187, -0.00189]

[Genetic Diversity - Heterozygosity]
mean_exp_het_pop1 = 0.8547
mean_obs_het_pop1 = 0.86
mean_exp_het_pop2 = 0.8671
mean_obs_het_pop2 = 0.8667

[Genetic Diversity - Allele Counts]
mean_alleles_pop1 = 11.0
var_alleles_pop1  = 4.4
sum_alleles_pop1  = 231
mean_alleles_pop2 = 11.4
var_alleles_pop2  = 5.37
sum_alleles_pop2  = 479

[Genetic Diversity - Allelic Size Variance]
var_allele_size_pop1 = 7.4625
var_allele_size_pop2 = 7.7802

[Per-locus summary - Population 1]
Locus | Num_Alleles | Alleles                                                                 | Frequencies                                                                                                              | Variance | Obs_Het | Exp_Het
------+-------------+-------------------------------------------------------------------------+--------------------------------------------------------------------------------------------------------------------------+----------+---------+--------
1     | 12          | [96, 97, 98, 99, 101, 102, 103, 104, 105, 106, 107, 108]                | [0.0400, 0.0600, 0.0100, 0.0100, 0.1100, 0.1700, 0.2600, 0.1600, 0.0300, 0.0400, 0.0300, 0.0800]                         | 8.1924   | 0.8800  | 0.8592 
2     | 10          | [92, 93, 94, 95, 96, 97, 98, 99, 100, 101]                              | [0.0200, 0.0100, 0.0500, 0.0800, 0.2100, 0.2100, 0.0700, 0.2800, 0.0500, 0.0200]                                         | 3.5600   | 0.8200  | 0.8244 
3     | 10          | [94, 95, 96, 97, 98, 99, 100, 101, 102, 104]                            | [0.0300, 0.0500, 0.0900, 0.1600, 0.1600, 0.2400, 0.1600, 0.0400, 0.0600, 0.0100]                                         | 3.8731   | 0.8600  | 0.8574 
4     | 10          | [96, 99, 100, 101, 102, 103, 104, 105, 106, 108]                        | [0.0400, 0.0100, 0.0600, 0.0600, 0.1400, 0.2100, 0.2600, 0.1700, 0.0400, 0.0100]                                         | 4.5899   | 0.8200  | 0.8376 
5     | 14          | [89, 91, 92, 93, 94, 95, 96, 97, 100, 101, 102, 103, 104, 105]          | [0.0200, 0.0100, 0.0500, 0.1600, 0.1800, 0.1600, 0.0100, 0.0300, 0.0200, 0.0400, 0.0800, 0.0400, 0.1800, 0.0200]         | 21.9900  | 0.9000  | 0.8784 
6     | 9           | [93, 95, 96, 98, 99, 100, 101, 102, 103]                                | [0.0300, 0.0200, 0.1000, 0.1300, 0.0700, 0.4300, 0.0900, 0.1000, 0.0300]                                                 | 4.4844   | 0.7800  | 0.7707 
7     | 9           | [97, 98, 99, 100, 101, 102, 103, 104, 105]                              | [0.0100, 0.0200, 0.0200, 0.2300, 0.2400, 0.1300, 0.0100, 0.2800, 0.0600]                                                 | 3.5604   | 0.7800  | 0.7976 
8     | 13          | [93, 94, 95, 96, 97, 98, 99, 100, 101, 102, 103, 104, 106]              | [0.0100, 0.1200, 0.0300, 0.1700, 0.0700, 0.0300, 0.0400, 0.0200, 0.2100, 0.0800, 0.0900, 0.1100, 0.0200]                 | 12.3571  | 0.9000  | 0.8857 
9     | 15          | [93, 94, 95, 96, 97, 98, 99, 100, 101, 102, 105, 106, 107, 111, 112]    | [0.0700, 0.0100, 0.0100, 0.0300, 0.1500, 0.1700, 0.2000, 0.1100, 0.0500, 0.0100, 0.0600, 0.0700, 0.0300, 0.0200, 0.0100] | 16.0531  | 0.9200  | 0.8869 
10    | 10          | [95, 96, 97, 98, 99, 100, 101, 102, 103, 104]                           | [0.0300, 0.2700, 0.1300, 0.1200, 0.0500, 0.1800, 0.0800, 0.1000, 0.0300, 0.0100]                                         | 5.4300   | 0.7200  | 0.8511 
11    | 13          | [89, 90, 91, 92, 93, 94, 95, 96, 97, 98, 99, 100, 102]                  | [0.0100, 0.0200, 0.0600, 0.0200, 0.0300, 0.0500, 0.0700, 0.2200, 0.1800, 0.1300, 0.1300, 0.0500, 0.0300]                 | 7.1756   | 0.9600  | 0.8780 
12    | 11          | [94, 95, 96, 97, 98, 99, 100, 101, 102, 103, 104]                       | [0.0500, 0.1300, 0.2800, 0.1700, 0.0600, 0.0500, 0.0500, 0.0300, 0.0400, 0.1000, 0.0400]                                 | 8.3276   | 0.8600  | 0.8592 
13    | 12          | [93, 94, 95, 96, 97, 98, 99, 100, 101, 102, 103, 104]                   | [0.0500, 0.0500, 0.0200, 0.1000, 0.0300, 0.0400, 0.1000, 0.2500, 0.1800, 0.0400, 0.0700, 0.0700]                         | 8.5211   | 0.8400  | 0.8746 
14    | 9           | [97, 98, 99, 100, 101, 102, 103, 104, 105]                              | [0.0200, 0.0600, 0.0700, 0.1200, 0.1100, 0.3700, 0.0900, 0.1500, 0.0100]                                                 | 3.2296   | 0.8600  | 0.8051 
15    | 13          | [91, 92, 93, 95, 96, 97, 98, 99, 100, 101, 102, 104, 105]               | [0.0200, 0.0400, 0.0700, 0.0500, 0.0900, 0.2500, 0.0600, 0.0800, 0.0800, 0.0600, 0.1500, 0.0300, 0.0200]                 | 10.6291  | 0.9000  | 0.8851 
16    | 9           | [91, 92, 93, 94, 95, 96, 97, 98, 99]                                    | [0.0300, 0.1000, 0.1600, 0.1200, 0.0800, 0.1900, 0.1200, 0.1200, 0.0800]                                                 | 5.1075   | 0.9000  | 0.8802 
17    | 9           | [91, 92, 93, 94, 95, 96, 97, 98, 99]                                    | [0.0700, 0.0700, 0.1200, 0.2000, 0.1200, 0.0500, 0.1600, 0.1100, 0.1000]                                                 | 5.6811   | 0.9000  | 0.8800 
18    | 9           | [101, 102, 103, 104, 105, 106, 107, 108, 109]                           | [0.0200, 0.0700, 0.2200, 0.2300, 0.1100, 0.0400, 0.1800, 0.1000, 0.0300]                                                 | 4.1804   | 0.8200  | 0.8448 
19    | 9           | [89, 90, 91, 92, 93, 94, 95, 96, 97]                                    | [0.0400, 0.1900, 0.1500, 0.1000, 0.0800, 0.0400, 0.2000, 0.1900, 0.0100]                                                 | 5.7536   | 0.7800  | 0.8541 
20    | 10          | [96, 97, 99, 100, 101, 102, 103, 104, 105, 106]                         | [0.0300, 0.0100, 0.1200, 0.0300, 0.1100, 0.2900, 0.1400, 0.1000, 0.1300, 0.0400]                                         | 4.9731   | 0.8800  | 0.8479 
21    | 15          | [96, 97, 98, 99, 100, 101, 102, 103, 104, 105, 106, 107, 108, 109, 111] | [0.0200, 0.0300, 0.0600, 0.1500, 0.2200, 0.1300, 0.1000, 0.0600, 0.0900, 0.0400, 0.0300, 0.0200, 0.0200, 0.0100, 0.0200] | 9.0436   | 0.9800  | 0.8907 

[Per-locus summary - Population 2]
Locus | Num_Alleles | Alleles                                                                      | Frequencies                                                                                                                      | Variance | Obs_Het | Exp_Het
------+-------------+------------------------------------------------------------------------------+----------------------------------------------------------------------------------------------------------------------------------+----------+---------+--------
1     | 13          | [96, 97, 98, 99, 100, 101, 102, 103, 104, 105, 106, 107, 108]                | [0.0400, 0.0800, 0.0300, 0.0100, 0.0200, 0.1500, 0.1400, 0.1500, 0.1600, 0.0900, 0.0500, 0.0500, 0.0300]                         | 8.8179   | 0.8600  | 0.8953 
2     | 9           | [93, 94, 95, 96, 97, 98, 99, 100, 101]                                       | [0.0600, 0.0500, 0.1200, 0.2100, 0.1200, 0.1300, 0.2300, 0.0700, 0.0100]                                                         | 3.9400   | 0.8600  | 0.8548 
3     | 11          | [94, 95, 96, 97, 98, 99, 100, 101, 102, 103, 104]                            | [0.0400, 0.0800, 0.0900, 0.1100, 0.1800, 0.2200, 0.0900, 0.0800, 0.0300, 0.0500, 0.0300]                                         | 5.6900   | 0.8600  | 0.8810 
4     | 10          | [98, 99, 100, 101, 102, 103, 104, 105, 106, 107]                             | [0.0300, 0.0100, 0.0500, 0.1600, 0.1100, 0.2000, 0.1800, 0.1500, 0.0400, 0.0700]                                                 | 4.3579   | 0.9200  | 0.8661 
5     | 12          | [89, 91, 92, 93, 94, 95, 96, 101, 102, 103, 104, 105]                        | [0.0100, 0.0900, 0.0500, 0.1500, 0.1500, 0.1800, 0.0200, 0.0100, 0.1200, 0.0400, 0.1600, 0.0200]                                 | 23.3204  | 0.8800  | 0.8782 
6     | 11          | [93, 94, 95, 96, 97, 98, 99, 100, 101, 102, 103]                             | [0.0500, 0.0100, 0.0100, 0.1200, 0.0800, 0.1000, 0.1000, 0.3400, 0.0700, 0.0700, 0.0500]                                         | 5.7456   | 0.8600  | 0.8370 
7     | 8           | [98, 99, 100, 101, 102, 103, 104, 105]                                       | [0.0600, 0.0700, 0.1400, 0.2300, 0.2000, 0.0100, 0.2500, 0.0400]                                                                 | 3.6411   | 0.8000  | 0.8230 
8     | 12          | [93, 94, 95, 96, 97, 98, 99, 101, 102, 103, 104, 107]                        | [0.0100, 0.0900, 0.0700, 0.1700, 0.0800, 0.0500, 0.0600, 0.1700, 0.1300, 0.0900, 0.0600, 0.0200]                                 | 11.6984  | 0.9400  | 0.8966 
9     | 13          | [93, 94, 95, 96, 97, 98, 99, 100, 101, 105, 106, 107, 111]                   | [0.0500, 0.0200, 0.0100, 0.0800, 0.1200, 0.1100, 0.1700, 0.1700, 0.0600, 0.0900, 0.0800, 0.0100, 0.0300]                         | 15.6600  | 0.9000  | 0.8962 
10    | 9           | [95, 96, 97, 98, 99, 100, 101, 102, 103]                                     | [0.0300, 0.1800, 0.1600, 0.1000, 0.0600, 0.1900, 0.1600, 0.0700, 0.0500]                                                         | 5.0744   | 0.9200  | 0.8671 
11    | 14          | [89, 90, 91, 92, 93, 94, 95, 96, 97, 98, 99, 100, 101, 102]                  | [0.0100, 0.0200, 0.0600, 0.0200, 0.0800, 0.0400, 0.0600, 0.1900, 0.1500, 0.1600, 0.1300, 0.0600, 0.0100, 0.0100]                 | 7.4324   | 0.9000  | 0.8879 
12    | 12          | [94, 95, 96, 97, 98, 99, 100, 101, 102, 103, 104, 105]                       | [0.0200, 0.0900, 0.2500, 0.2100, 0.0300, 0.0300, 0.0400, 0.1100, 0.0500, 0.0700, 0.0700, 0.0300]                                 | 9.7464   | 0.7800  | 0.8649 
13    | 14          | [92, 93, 94, 95, 96, 97, 98, 99, 100, 101, 102, 103, 104, 105]               | [0.0100, 0.0100, 0.0800, 0.1100, 0.0900, 0.0500, 0.0300, 0.1600, 0.1900, 0.1100, 0.0100, 0.0600, 0.0800, 0.0100]                 | 9.6371   | 0.8200  | 0.8948 
14    | 9           | [97, 98, 99, 100, 101, 102, 103, 104, 105]                                   | [0.0800, 0.0300, 0.1500, 0.1300, 0.0500, 0.3200, 0.1100, 0.1100, 0.0200]                                                         | 4.3379   | 0.8600  | 0.8321 
15    | 14          | [92, 93, 94, 95, 96, 97, 98, 99, 100, 101, 102, 103, 104, 105]               | [0.0200, 0.0800, 0.0400, 0.0200, 0.1400, 0.2000, 0.0800, 0.0300, 0.0800, 0.0700, 0.1600, 0.0200, 0.0100, 0.0500]                 | 11.0411  | 0.9400  | 0.8933 
16    | 9           | [91, 92, 93, 94, 95, 96, 97, 98, 99]                                         | [0.0200, 0.1400, 0.1300, 0.1300, 0.1100, 0.1500, 0.1600, 0.1400, 0.0200]                                                         | 4.5936   | 0.8800  | 0.8748 
17    | 9           | [91, 92, 93, 94, 95, 96, 97, 98, 99]                                         | [0.0700, 0.0600, 0.1100, 0.2700, 0.1400, 0.1000, 0.1500, 0.0600, 0.0400]                                                         | 4.2059   | 0.8600  | 0.8578 
18    | 9           | [101, 102, 103, 104, 105, 106, 107, 108, 109]                                | [0.0200, 0.1400, 0.2500, 0.2000, 0.1000, 0.0300, 0.1500, 0.1000, 0.0100]                                                         | 4.1891   | 0.7600  | 0.8424 
19    | 9           | [89, 90, 91, 92, 93, 94, 95, 96, 97]                                         | [0.0200, 0.3000, 0.2100, 0.0600, 0.0600, 0.0200, 0.2000, 0.1100, 0.0200]                                                         | 5.6531   | 0.8200  | 0.8135 
20    | 10          | [96, 98, 99, 100, 101, 102, 103, 104, 105, 106]                              | [0.0100, 0.0300, 0.1200, 0.0500, 0.0700, 0.2500, 0.1200, 0.1600, 0.1700, 0.0200]                                                 | 4.6976   | 0.8800  | 0.8539 
21    | 16          | [96, 97, 98, 99, 100, 101, 102, 103, 104, 105, 106, 107, 108, 109, 110, 111] | [0.0100, 0.0300, 0.0500, 0.1100, 0.2100, 0.1000, 0.1300, 0.0900, 0.1000, 0.0600, 0.0200, 0.0100, 0.0300, 0.0100, 0.0200, 0.0200] | 9.9051   | 0.9000  | 0.8984 
