
[Simulation Info]
simulation_id = sim_0001871
timestamp     = 20250428_081114
seed          = 901980
output_folder = /home/lejeunet/Bureau/simulations/Ref_table/sim_0001871

[Model Parameters]
pop_size           = 105
num_loci           = 20
sample1_generation = 30
sample2_generation = 10
low_repeats        = 1
high_repeats       = 200
mutation_rate      = 0.001
recap_Ne           = 105

[Sampling Design]
sample1_size_Ne  = 50
sample2_size_Ne  = 50
sample1_size_CMR = 50
sample2_size_CMR = 50

[Capture-Marquage-Recapture]
census_N   =  118
MatchCount =  22

[Ne Estimates - One Sample - Decreasing critical values [0.050, 0.020, 0.010, 0+]]

[Linkage Desequilibrium]
LD_Ne_Pop1 = [47.6, 73.9, 130.9, 130.9]
LD_r2_Pop1 = [0.027979, 0.025661, 0.023781, 0.023781]
LD_Ne_Pop2 = [954.5, 433.1, 270.5, 270.5]
LD_r2_Pop2 = [0.021624, 0.022042, 0.022499, 0.022499]

[Heterozygote excess]
HE_Neb_mean_Pop1        = [74.7, 73.5, 77.9, 77.9]
HE_weighted_D_mean_Pop1 = [0.00674, 0.00685, 0.00646, 0.00646]
HE_Neb_mean_Pop2        = [55.2, 59.0, 59.0, 59.0]
HE_weighted_D_mean_Pop2 = [0.00915, 0.00855, 0.00855, 0.00855]

[Molecular Coancestry]
Coan_Neb_n_Pop1 = 7.6
Coan_f1_Pop1    = 0.06595
Coan_Neb_n_Pop2 = None
Coan_f1_Pop2    = -0.00775

[Ne Estimates - Temporal - Decreasing critical values (0.050, 0.020, 0.010, 0+)]

[Pollak]
P_Ne     = [145.3, 144.9, 144.9, 144.9]
P_Fk     = [0.0544, 0.05451, 0.05451, 0.05451]
P_Fprime = [0.0344, 0.03451, 0.03451, 0.03451]

[Nei/Tajima]
N_Ne     = [126.2, 127.6, 127.6, 127.6]
N_Fc     = [0.05963, 0.0592, 0.0592, 0.0592]
N_Fprime = [0.03963, 0.0392, 0.0392, 0.0392]

[Jorde/Ryman]
J_Ne     = [75.7, 75.7, 75.7, 75.7]
J_Fs     = [0.08727, 0.08729, 0.08729, 0.08729]
J_Fprime = [0.06607, 0.06609, 0.06609, 0.06609]

[Genetic Diversity - Heterozygosity]
mean_exp_het_pop1 = 0.3746
mean_obs_het_pop1 = 0.3767
mean_exp_het_pop2 = 0.3581
mean_obs_het_pop2 = 0.3589

[Genetic Diversity - Allele Counts]
mean_alleles_pop1 = 2.83
var_alleles_pop1  = 0.38
sum_alleles_pop1  = 51
mean_alleles_pop2 = 2.83
var_alleles_pop2  = 0.31
sum_alleles_pop2  = 102

[Genetic Diversity - Allelic Size Variance]
var_allele_size_pop1 = 0.3155
var_allele_size_pop2 = 0.285

[Per-locus summary - Population 1]
Locus | Num_Alleles | Alleles             | Frequencies                      | Variance | Obs_Het | Exp_Het
------+-------------+---------------------+----------------------------------+----------+---------+--------
1     | 3           | [99, 100, 101]      | [0.0400, 0.8600, 0.1000]         | 0.1364   | 0.2800  | 0.2513 
2     | 3           | [99, 100, 101]      | [0.1800, 0.8100, 0.0100]         | 0.1611   | 0.2600  | 0.3145 
3     | 3           | [99, 100, 101]      | [0.0400, 0.8200, 0.1400]         | 0.1700   | 0.2600  | 0.3095 
4     | 2           | [99, 100]           | [0.2300, 0.7700]                 | 0.1771   | 0.4200  | 0.3578 
5     | 3           | [98, 99, 100]       | [0.0300, 0.5900, 0.3800]         | 0.2875   | 0.5200  | 0.5117 
6     | 2           | [99, 100]           | [0.2400, 0.7600]                 | 0.1824   | 0.4000  | 0.3685 
7     | 3           | [99, 100, 101]      | [0.3100, 0.6500, 0.0400]         | 0.2771   | 0.4800  | 0.4847 
8     | 3           | [99, 100, 101]      | [0.1100, 0.6900, 0.2000]         | 0.3019   | 0.4200  | 0.4766 
9     | 3           | [99, 100, 101]      | [0.1800, 0.3300, 0.4900]         | 0.5739   | 0.7200  | 0.6249 
10    | 2           | [99, 101]           | [0.8500, 0.1500]                 | 0.5100   | 0.3000  | 0.2576 
11    | 3           | [97, 98, 100]       | [0.0100, 0.5400, 0.4500]         | 1.0179   | 0.5000  | 0.5109 
12    | 2           | [100, 101]          | [0.7700, 0.2300]                 | 0.1771   | 0.3400  | 0.3578 
13    | 2           | [99, 100]           | [0.0200, 0.9800]                 | 0.0196   | 0.0400  | 0.0396 
14    | 4           | [99, 100, 101, 102] | [0.0100, 0.7100, 0.2300, 0.0500] | 0.3376   | 0.3800  | 0.4449 
15    | 3           | [99, 100, 101]      | [0.0800, 0.9100, 0.0100]         | 0.0851   | 0.1800  | 0.1671 
16    | 3           | [98, 99, 100]       | [0.0100, 0.1900, 0.8000]         | 0.1859   | 0.3800  | 0.3271 
17    | 3           | [99, 100, 101]      | [0.0400, 0.4400, 0.5200]         | 0.3296   | 0.5000  | 0.5398 
18    | 4           | [99, 100, 101, 102] | [0.0100, 0.7400, 0.0100, 0.2400] | 0.7496   | 0.4000  | 0.3986 

[Per-locus summary - Population 2]
Locus | Num_Alleles | Alleles             | Frequencies                      | Variance | Obs_Het | Exp_Het
------+-------------+---------------------+----------------------------------+----------+---------+--------
1     | 3           | [99, 100, 101]      | [0.0400, 0.9100, 0.0500]         | 0.0899   | 0.1800  | 0.1695 
2     | 2           | [99, 100]           | [0.2300, 0.7700]                 | 0.1771   | 0.3800  | 0.3578 
3     | 3           | [99, 100, 101]      | [0.0400, 0.7200, 0.2400]         | 0.2400   | 0.3800  | 0.4267 
4     | 2           | [99, 100]           | [0.1400, 0.8600]                 | 0.1204   | 0.1600  | 0.2432 
5     | 2           | [99, 100]           | [0.7600, 0.2400]                 | 0.1824   | 0.3600  | 0.3685 
6     | 2           | [99, 100]           | [0.1500, 0.8500]                 | 0.1275   | 0.3000  | 0.2576 
7     | 3           | [99, 100, 101]      | [0.2300, 0.7000, 0.0700]         | 0.2744   | 0.4600  | 0.4568 
8     | 3           | [99, 100, 101]      | [0.1500, 0.6100, 0.2400]         | 0.3819   | 0.6600  | 0.5533 
9     | 3           | [99, 100, 101]      | [0.1300, 0.3600, 0.5100]         | 0.4956   | 0.5400  | 0.5994 
10    | 3           | [99, 100, 101]      | [0.8400, 0.0200, 0.1400]         | 0.4900   | 0.2800  | 0.2772 
11    | 3           | [97, 98, 100]       | [0.0200, 0.8100, 0.1700]         | 0.5976   | 0.3400  | 0.3178 
12    | 3           | [99, 100, 101]      | [0.0100, 0.7600, 0.2300]         | 0.1916   | 0.3200  | 0.3731 
13    | 2           | [100, 101]          | [0.9300, 0.0700]                 | 0.0651   | 0.1400  | 0.1315 
14    | 3           | [99, 100, 101]      | [0.0100, 0.8100, 0.1800]         | 0.1611   | 0.3800  | 0.3145 
15    | 2           | [99, 100]           | [0.1500, 0.8500]                 | 0.1275   | 0.2200  | 0.2576 
16    | 2           | [99, 100]           | [0.3300, 0.6700]                 | 0.2211   | 0.4600  | 0.4467 
17    | 3           | [99, 100, 101]      | [0.0400, 0.7600, 0.2000]         | 0.2144   | 0.4000  | 0.3846 
18    | 4           | [99, 100, 101, 102] | [0.0400, 0.6200, 0.0100, 0.3300] | 0.9731   | 0.5000  | 0.5101 
