
[Simulation Info]
simulation_id = sim_0009509
timestamp     = 20250428_112216
seed          = 551036
output_folder = /home/lejeunet/Bureau/simulations/Ref_table/sim_0009509

[Model Parameters]
pop_size           = 80
num_loci           = 20
sample1_generation = 30
sample2_generation = 10
low_repeats        = 1
high_repeats       = 200
mutation_rate      = 0.001
recap_Ne           = 80

[Sampling Design]
sample1_size_Ne  = 50
sample2_size_Ne  = 50
sample1_size_CMR = 50
sample2_size_CMR = 50

[Capture-Marquage-Recapture]
census_N   =  86
MatchCount =  30

[Ne Estimates - One Sample - Decreasing critical values [0.050, 0.020, 0.010, 0+]]

[Linkage Desequilibrium]
LD_Ne_Pop1 = [42.5, 57.7, 79.5, 79.5]
LD_r2_Pop1 = [0.028736, 0.026845, 0.025359, 0.025359]
LD_Ne_Pop2 = [55.1, 72.4, 61.0, 61.0]
LD_r2_Pop2 = [0.027103, 0.025746, 0.026552, 0.026552]

[Heterozygote excess]
HE_Neb_mean_Pop1        = [41.1, 39.7, 43.1, 43.1]
HE_weighted_D_mean_Pop1 = [0.01231, 0.01275, 0.01173, 0.01173]
HE_Neb_mean_Pop2        = [None, None, None, None]
HE_weighted_D_mean_Pop2 = [-0.00931, -0.00691, -0.00691, -0.00691]

[Molecular Coancestry]
Coan_Neb_n_Pop1 = 243.5
Coan_f1_Pop1    = 0.00205
Coan_Neb_n_Pop2 = 4.3
Coan_f1_Pop2    = 0.11742

[Ne Estimates - Temporal - Decreasing critical values (0.050, 0.020, 0.010, 0+)]

[Pollak]
P_Ne     = [119.9, 119.9, 120.3, 128.8]
P_Fk     = [0.06168, 0.06168, 0.06158, 0.05881]
P_Fprime = [0.04168, 0.04168, 0.04158, 0.03881]

[Nei/Tajima]
N_Ne     = [116.3, 116.3, 118.1, 128.9]
N_Fc     = [0.06298, 0.06298, 0.06232, 0.05879]
N_Fprime = [0.04298, 0.04298, 0.04232, 0.03879]

[Jorde/Ryman]
J_Ne     = [99.5, 99.5, 99.4, 99.8]
J_Fs     = [0.07098, 0.07098, 0.07102, 0.07082]
J_Fprime = [0.05025, 0.05025, 0.05028, 0.05009]

[Genetic Diversity - Heterozygosity]
mean_exp_het_pop1 = 0.3086
mean_obs_het_pop1 = 0.3141
mean_exp_het_pop2 = 0.3246
mean_obs_het_pop2 = 0.3175

[Genetic Diversity - Allele Counts]
mean_alleles_pop1 = 2.32
var_alleles_pop1  = 0.45
sum_alleles_pop1  = 44
mean_alleles_pop2 = 2.45
var_alleles_pop2  = 0.52
sum_alleles_pop2  = 93

[Genetic Diversity - Allelic Size Variance]
var_allele_size_pop1 = 0.1474
var_allele_size_pop2 = 0.1528

[Per-locus summary - Population 1]
Locus | Num_Alleles | Alleles         | Frequencies              | Variance | Obs_Het | Exp_Het
------+-------------+-----------------+--------------------------+----------+---------+--------
1     | 2           | [99, 100]       | [0.0500, 0.9500]         | 0.0475   | 0.0600  | 0.0960 
2     | 1           | [100]           | [1.0000]                 | 0.0000   | NA      | NA     
3     | 3           | [100, 101, 102] | [0.5800, 0.4000, 0.0200] | 0.2864   | 0.5600  | 0.5083 
4     | 2           | [100, 101]      | [0.9900, 0.0100]         | 0.0099   | 0.0200  | 0.0200 
5     | 1           | [100]           | [1.0000]                 | 0.0000   | NA      | NA     
6     | 2           | [100, 101]      | [0.7400, 0.2600]         | 0.1924   | 0.4000  | 0.3887 
7     | 2           | [99, 100]       | [0.3700, 0.6300]         | 0.2331   | 0.5400  | 0.4709 
8     | 3           | [99, 100, 101]  | [0.4300, 0.5600, 0.0100] | 0.2636   | 0.5000  | 0.5065 
9     | 3           | [99, 100, 101]  | [0.1200, 0.8400, 0.0400] | 0.1536   | 0.2800  | 0.2812 
10    | 2           | [100, 101]      | [0.9900, 0.0100]         | 0.0099   | 0.0200  | 0.0200 
11    | 2           | [100, 101]      | [0.7400, 0.2600]         | 0.1924   | 0.4000  | 0.3887 
12    | 2           | [99, 100]       | [0.5100, 0.4900]         | 0.2499   | 0.4200  | 0.5049 
13    | 2           | [100, 101]      | [0.7000, 0.3000]         | 0.2100   | 0.4000  | 0.4242 
14    | 2           | [100, 101]      | [0.8500, 0.1500]         | 0.1275   | 0.3000  | 0.2576 
15    | 3           | [99, 100, 101]  | [0.2000, 0.5900, 0.2100] | 0.4099   | 0.5800  | 0.5735 
16    | 3           | [99, 100, 101]  | [0.0500, 0.9200, 0.0300] | 0.0796   | 0.1600  | 0.1517 
17    | 3           | [99, 100, 101]  | [0.0100, 0.8400, 0.1500] | 0.1404   | 0.3200  | 0.2746 
18    | 3           | [99, 100, 101]  | [0.1700, 0.8200, 0.0100] | 0.1544   | 0.3000  | 0.3016 
19    | 3           | [98, 99, 100]   | [0.0100, 0.9600, 0.0300] | 0.0396   | 0.0800  | 0.0782 

[Per-locus summary - Population 2]
Locus | Num_Alleles | Alleles        | Frequencies              | Variance | Obs_Het | Exp_Het
------+-------------+----------------+--------------------------+----------+---------+--------
1     | 3           | [99, 100, 101] | [0.1400, 0.8500, 0.0100] | 0.1331   | 0.2600  | 0.2604 
2     | 2           | [99, 100]      | [0.0200, 0.9800]         | 0.0196   | 0.0400  | 0.0396 
3     | 3           | [99, 100, 101] | [0.0200, 0.5200, 0.4600] | 0.2864   | 0.5000  | 0.5228 
4     | 1           | [100]          | [1.0000]                 | 0.0000   | NA      | NA     
5     | 1           | [100]          | [1.0000]                 | 0.0000   | NA      | NA     
6     | 2           | [100, 101]     | [0.7600, 0.2400]         | 0.1824   | 0.3600  | 0.3685 
7     | 3           | [99, 100, 101] | [0.3900, 0.5900, 0.0200] | 0.2731   | 0.5200  | 0.5044 
8     | 3           | [99, 100, 101] | [0.2800, 0.6400, 0.0800] | 0.3200   | 0.5600  | 0.5107 
9     | 3           | [99, 100, 101] | [0.4000, 0.5500, 0.0500] | 0.3275   | 0.5400  | 0.5404 
10    | 1           | [100]          | [1.0000]                 | 0.0000   | NA      | NA     
11    | 2           | [100, 101]     | [0.7700, 0.2300]         | 0.1771   | 0.2600  | 0.3578 
12    | 3           | [99, 100, 101] | [0.3500, 0.6100, 0.0400] | 0.2939   | 0.5000  | 0.5089 
13    | 2           | [100, 101]     | [0.8100, 0.1900]         | 0.1539   | 0.3000  | 0.3109 
14    | 2           | [100, 101]     | [0.9600, 0.0400]         | 0.0384   | 0.0800  | 0.0776 
15    | 3           | [99, 100, 101] | [0.1300, 0.6200, 0.2500] | 0.3656   | 0.5000  | 0.5416 
16    | 2           | [100, 101]     | [0.9200, 0.0800]         | 0.0736   | 0.1600  | 0.1487 
17    | 2           | [100, 101]     | [0.9300, 0.0700]         | 0.0651   | 0.1400  | 0.1315 
18    | 3           | [99, 100, 101] | [0.0700, 0.9100, 0.0200] | 0.0875   | 0.1400  | 0.1683 
19    | 3           | [98, 99, 100]  | [0.0200, 0.8900, 0.0900] | 0.1051   | 0.2200  | 0.2014 
