
[Simulation Info]
simulation_id = sim_0001609
timestamp     = 20250428_080544
seed          = 256762
output_folder = /home/lejeunet/Bureau/simulations/Ref_table/sim_0001609

[Model Parameters]
pop_size           = 1399
num_loci           = 20
sample1_generation = 30
sample2_generation = 10
low_repeats        = 1
high_repeats       = 200
mutation_rate      = 0.001
recap_Ne           = 1399

[Sampling Design]
sample1_size_Ne  = 50
sample2_size_Ne  = 50
sample1_size_CMR = 50
sample2_size_CMR = 50

[Capture-Marquage-Recapture]
census_N   =  0
MatchCount =  0
# There were no match between sampling of individuals during CMR.

[Ne Estimates - One Sample - Decreasing critical values [0.050, 0.020, 0.010, 0+]]

[Linkage Desequilibrium]
LD_Ne_Pop1 = [1059.4, 562.8, 762.1, 762.1]
LD_r2_Pop1 = [0.02159, 0.021866, 0.021712, 0.021712]
LD_Ne_Pop2 = [4006.2, 972.5, 2078.9, 2078.9]
LD_r2_Pop2 = [0.021359, 0.021618, 0.021436, 0.021436]

[Heterozygote excess]
HE_Neb_mean_Pop1        = [None, None, None, None]
HE_weighted_D_mean_Pop1 = [-0.00268, -0.00166, -0.00192, -0.00192]
HE_Neb_mean_Pop2        = [63.5, 72.8, 74.8, 74.8]
HE_weighted_D_mean_Pop2 = [0.00794, 0.00691, 0.00673, 0.00673]

[Molecular Coancestry]
Coan_Neb_n_Pop1 = 13.9
Coan_f1_Pop1    = 0.03606
Coan_Neb_n_Pop2 = 29.5
Coan_f1_Pop2    = 0.01694

[Ne Estimates - Temporal - Decreasing critical values (0.050, 0.020, 0.010, 0+)]

[Pollak]
P_Ne     = [2701.9, 1343.6, 1470.6, 1470.6]
P_Fk     = [0.02185, 0.02372, 0.0234, 0.0234]
P_Fprime = [0.00185, 0.00372, 0.0034, 0.0034]

[Nei/Tajima]
N_Ne     = [7667.2, 2070.8, 2274.0, 2274.0]
N_Fc     = [0.02065, 0.02241, 0.0222, 0.0222]
N_Fprime = [0.00065, 0.00241, 0.0022, 0.0022]

[Jorde/Ryman]
J_Ne     = [-4338.9, -12497.0, -12863.0, -12863.0]
J_Fs     = [0.01895, 0.0197, 0.01971, 0.01971]
J_Fprime = [-0.00115, -0.0004, -0.00039, -0.00039]

[Genetic Diversity - Heterozygosity]
mean_exp_het_pop1 = 0.6856
mean_obs_het_pop1 = 0.6781
mean_exp_het_pop2 = 0.6897
mean_obs_het_pop2 = 0.6952

[Genetic Diversity - Allele Counts]
mean_alleles_pop1 = 6.19
var_alleles_pop1  = 1.96
sum_alleles_pop1  = 130
mean_alleles_pop2 = 6.07
var_alleles_pop2  = 2.02
sum_alleles_pop2  = 255

[Genetic Diversity - Allelic Size Variance]
var_allele_size_pop1 = 2.1008
var_allele_size_pop2 = 2.1626

[Per-locus summary - Population 1]
Locus | Num_Alleles | Alleles                                  | Frequencies                                                              | Variance | Obs_Het | Exp_Het
------+-------------+------------------------------------------+--------------------------------------------------------------------------+----------+---------+--------
1     | 5           | [96, 98, 99, 100, 101]                   | [0.0100, 0.1000, 0.4500, 0.4200, 0.0200]                                 | 0.5811   | 0.4800  | 0.6168 
2     | 8           | [101, 102, 103, 104, 106, 107, 108, 109] | [0.0200, 0.2600, 0.2300, 0.1200, 0.0200, 0.0200, 0.3000, 0.0300]         | 6.8504   | 0.8200  | 0.7808 
3     | 6           | [95, 96, 97, 98, 99, 100]                | [0.0200, 0.0200, 0.0700, 0.2100, 0.3500, 0.3300]                         | 1.2944   | 0.7200  | 0.7261 
4     | 6           | [93, 94, 95, 96, 97, 98]                 | [0.0800, 0.0900, 0.1900, 0.5600, 0.0700, 0.0100]                         | 1.1096   | 0.6400  | 0.6372 
5     | 7           | [97, 98, 100, 101, 102, 103, 104]        | [0.0100, 0.0700, 0.0200, 0.1800, 0.1200, 0.5100, 0.0900]                 | 2.4804   | 0.6200  | 0.6865 
6     | 7           | [98, 100, 101, 102, 103, 104, 105]       | [0.0200, 0.0100, 0.2100, 0.5900, 0.1000, 0.0500, 0.0200]                 | 1.0475   | 0.5800  | 0.6004 
7     | 6           | [96, 97, 98, 99, 100, 101]               | [0.0100, 0.1100, 0.1600, 0.3000, 0.4100, 0.0100]                         | 1.1396   | 0.6200  | 0.7111 
8     | 7           | [92, 93, 97, 98, 99, 100, 101]           | [0.0100, 0.1200, 0.0200, 0.0300, 0.5200, 0.2300, 0.0700]                 | 5.1899   | 0.7200  | 0.6626 
9     | 7           | [97, 98, 99, 100, 101, 102, 103]         | [0.0300, 0.0700, 0.1100, 0.1400, 0.3200, 0.3200, 0.0100]                 | 1.9275   | 0.8200  | 0.7652 
10    | 6           | [95, 97, 98, 99, 100, 101]               | [0.0200, 0.0200, 0.0800, 0.2900, 0.5600, 0.0300]                         | 0.9836   | 0.5800  | 0.6002 
11    | 4           | [95, 96, 97, 98]                         | [0.0900, 0.4400, 0.4100, 0.0600]                                         | 0.5464   | 0.5600  | 0.6329 
12    | 6           | [96, 97, 100, 101, 102, 103]             | [0.0200, 0.0100, 0.2200, 0.1800, 0.5200, 0.0500]                         | 1.5324   | 0.6200  | 0.6523 
13    | 6           | [97, 98, 99, 100, 102, 103]              | [0.0400, 0.3400, 0.0600, 0.0400, 0.2400, 0.2800]                         | 5.0484   | 0.7200  | 0.7491 
14    | 6           | [96, 97, 98, 99, 100, 101]               | [0.2500, 0.1100, 0.4100, 0.1800, 0.0200, 0.0300]                         | 1.5500   | 0.7400  | 0.7309 
15    | 5           | [98, 99, 100, 101, 102]                  | [0.0800, 0.4100, 0.1800, 0.3100, 0.0200]                                 | 1.0716   | 0.6400  | 0.7036 
16    | 8           | [95, 96, 97, 98, 99, 100, 101, 102]      | [0.0100, 0.0100, 0.0800, 0.3400, 0.3700, 0.0400, 0.1300, 0.0200]         | 1.6059   | 0.7800  | 0.7293 
17    | 5           | [100, 101, 102, 103, 104]                | [0.0400, 0.1700, 0.5500, 0.0700, 0.1700]                                 | 1.0544   | 0.6200  | 0.6396 
18    | 8           | [98, 99, 100, 101, 102, 103, 104, 105]   | [0.0400, 0.1700, 0.1100, 0.4100, 0.0600, 0.1100, 0.0800, 0.0200]         | 2.6891   | 0.8800  | 0.7745 
19    | 9           | [92, 93, 94, 95, 96, 97, 98, 99, 100]    | [0.0300, 0.1900, 0.1200, 0.0400, 0.2700, 0.0600, 0.1100, 0.1100, 0.0700] | 5.3136   | 0.9400  | 0.8499 
20    | 4           | [95, 96, 97, 98]                         | [0.0500, 0.7100, 0.2000, 0.0400]                                         | 0.3571   | 0.4400  | 0.4564 
21    | 4           | [99, 100, 101, 102]                      | [0.0700, 0.3900, 0.3500, 0.1900]                                         | 0.7444   | 0.7000  | 0.6913 

[Per-locus summary - Population 2]
Locus | Num_Alleles | Alleles                                | Frequencies                                                              | Variance | Obs_Het | Exp_Het
------+-------------+----------------------------------------+--------------------------------------------------------------------------+----------+---------+--------
1     | 4           | [98, 99, 100, 101]                     | [0.0600, 0.4100, 0.5200, 0.0100]                                         | 0.3896   | 0.6200  | 0.5634 
2     | 7           | [102, 103, 104, 106, 107, 108, 109]    | [0.2900, 0.1800, 0.1300, 0.0500, 0.0100, 0.3300, 0.0100]                 | 6.6124   | 0.7400  | 0.7626 
3     | 5           | [95, 97, 98, 99, 100]                  | [0.0400, 0.2400, 0.0800, 0.2700, 0.3700]                                 | 1.9275   | 0.7000  | 0.7319 
4     | 7           | [93, 94, 95, 96, 97, 98, 100]          | [0.0500, 0.1400, 0.2500, 0.4200, 0.0600, 0.0200, 0.0600]                 | 2.2444   | 0.6400  | 0.7388 
5     | 6           | [97, 98, 101, 102, 103, 104]           | [0.0100, 0.1300, 0.1400, 0.1800, 0.5000, 0.0400]                         | 3.1131   | 0.7000  | 0.6863 
6     | 7           | [98, 100, 101, 102, 103, 104, 105]     | [0.0200, 0.0200, 0.2400, 0.5800, 0.0600, 0.0700, 0.0100]                 | 1.0531   | 0.6400  | 0.6026 
7     | 5           | [96, 97, 98, 99, 100]                  | [0.0300, 0.0500, 0.1600, 0.3000, 0.4600]                                 | 1.0779   | 0.7400  | 0.6762 
8     | 7           | [92, 93, 97, 98, 99, 100, 101]         | [0.0200, 0.0600, 0.0100, 0.0400, 0.5400, 0.2300, 0.1000]                 | 3.8331   | 0.7000  | 0.6463 
9     | 6           | [97, 98, 99, 100, 101, 102]            | [0.0600, 0.0100, 0.2000, 0.1100, 0.3200, 0.3000]                         | 2.0296   | 0.7400  | 0.7594 
10    | 5           | [97, 98, 99, 100, 101]                 | [0.0300, 0.0700, 0.2700, 0.5500, 0.0800]                                 | 0.7236   | 0.7000  | 0.6186 
11    | 4           | [95, 96, 97, 98]                       | [0.0500, 0.4600, 0.4600, 0.0300]                                         | 0.4091   | 0.5600  | 0.5792 
12    | 5           | [96, 100, 101, 102, 103]               | [0.0600, 0.2300, 0.1600, 0.5300, 0.0200]                                 | 2.3384   | 0.5600  | 0.6430 
13    | 7           | [97, 98, 99, 100, 101, 102, 103]       | [0.0300, 0.2500, 0.1100, 0.0300, 0.0400, 0.3100, 0.2300]                 | 4.3075   | 0.7800  | 0.7808 
14    | 6           | [96, 97, 98, 99, 100, 101]             | [0.2400, 0.0800, 0.4600, 0.1600, 0.0100, 0.0500]                         | 1.6371   | 0.7200  | 0.7032 
15    | 5           | [98, 99, 100, 101, 102]                | [0.1100, 0.4300, 0.1600, 0.2700, 0.0300]                                 | 1.1576   | 0.7400  | 0.7107 
16    | 7           | [95, 96, 97, 98, 99, 100, 101]         | [0.0300, 0.0200, 0.1200, 0.2900, 0.2900, 0.0500, 0.2000]                 | 2.2124   | 0.8200  | 0.7814 
17    | 5           | [100, 101, 102, 103, 104]              | [0.0200, 0.1800, 0.4500, 0.1900, 0.1600]                                 | 1.0059   | 0.7200  | 0.7101 
18    | 8           | [98, 99, 100, 101, 102, 103, 104, 105] | [0.0200, 0.1300, 0.0700, 0.3800, 0.0500, 0.1400, 0.1500, 0.0600]         | 3.2931   | 0.8400  | 0.7931 
19    | 9           | [92, 93, 94, 95, 96, 97, 98, 99, 100]  | [0.0700, 0.1400, 0.0800, 0.0600, 0.2300, 0.0500, 0.2400, 0.1200, 0.0100] | 5.0099   | 0.7800  | 0.8465 
20    | 4           | [95, 96, 97, 98]                       | [0.0700, 0.6700, 0.1800, 0.0800]                                         | 0.4971   | 0.5800  | 0.5125 
21    | 4           | [99, 100, 101, 102]                    | [0.0200, 0.3900, 0.4400, 0.1500]                                         | 0.5416   | 0.5800  | 0.6378 
