
[Simulation Info]
simulation_id = sim_0005642
timestamp     = 20250428_093711
seed          = 84414
output_folder = /home/lejeunet/Bureau/simulations/Ref_table/sim_0005642

[Model Parameters]
pop_size           = 3791
num_loci           = 20
sample1_generation = 30
sample2_generation = 10
low_repeats        = 1
high_repeats       = 200
mutation_rate      = 0.001
recap_Ne           = 3791

[Sampling Design]
sample1_size_Ne  = 50
sample2_size_Ne  = 50
sample1_size_CMR = 50
sample2_size_CMR = 50

[Capture-Marquage-Recapture]
census_N   =  1300
MatchCount =  2

[Ne Estimates - One Sample - Decreasing critical values [0.050, 0.020, 0.010, 0+]]

[Linkage Desequilibrium]
LD_Ne_Pop1 = [790.4, 855.7, 1080.2, 1080.2]
LD_r2_Pop1 = [0.021697, 0.021665, 0.021584, 0.021584]
LD_Ne_Pop2 = [None, None, None, None]
LD_r2_Pop2 = [0.021254, 0.02098, 0.020857, 0.020857]

[Heterozygote excess]
HE_Neb_mean_Pop1        = [None, None, None, None]
HE_weighted_D_mean_Pop1 = [-0.00343, -0.0021, -0.00234, -0.00234]
HE_Neb_mean_Pop2        = [60.8, 67.1, 83.6, 83.6]
HE_weighted_D_mean_Pop2 = [0.00828, 0.00751, 0.00602, 0.00602]

[Molecular Coancestry]
Coan_Neb_n_Pop1 = 45.7
Coan_f1_Pop1    = 0.01093
Coan_Neb_n_Pop2 = None
Coan_f1_Pop2    = -0.00629

[Ne Estimates - Temporal - Decreasing critical values (0.050, 0.020, 0.010, 0+)]

[Pollak]
P_Ne     = [-3254.8, -3970.8, -2735.5, -2805.2]
P_Fk     = [0.01846, 0.01874, 0.01817, 0.01822]
P_Fprime = [-0.00154, -0.00126, -0.00183, -0.00178]

[Nei/Tajima]
N_Ne     = [-3214.7, -3774.3, -2729.3, -2790.6]
N_Fc     = [0.01844, 0.01868, 0.01817, 0.01821]
N_Fprime = [-0.00156, -0.00132, -0.00183, -0.00179]

[Jorde/Ryman]
J_Ne     = [-23035.0, -413701.5, -73865.3, -73596.6]
J_Fs     = [0.01988, 0.02009, 0.02003, 0.02003]
J_Fprime = [-0.00022, -1e-05, -7e-05, -7e-05]

[Genetic Diversity - Heterozygosity]
mean_exp_het_pop1 = 0.7816
mean_obs_het_pop1 = 0.7695
mean_exp_het_pop2 = 0.779
mean_obs_het_pop2 = 0.7838

[Genetic Diversity - Allele Counts]
mean_alleles_pop1 = 8.05
var_alleles_pop1  = 2.95
sum_alleles_pop1  = 169
mean_alleles_pop2 = 8.4
var_alleles_pop2  = 4.15
sum_alleles_pop2  = 353

[Genetic Diversity - Allelic Size Variance]
var_allele_size_pop1 = 4.0111
var_allele_size_pop2 = 3.9681

[Per-locus summary - Population 1]
Locus | Num_Alleles | Alleles                                               | Frequencies                                                                              | Variance | Obs_Het | Exp_Het
------+-------------+-------------------------------------------------------+------------------------------------------------------------------------------------------+----------+---------+--------
1     | 10          | [88, 89, 90, 91, 92, 95, 96, 97, 98, 99]              | [0.0300, 0.0200, 0.0500, 0.0500, 0.0100, 0.0800, 0.2100, 0.3000, 0.1900, 0.0600]         | 7.7539   | 0.8600  | 0.8216 
2     | 7           | [94, 96, 97, 98, 99, 100, 101]                        | [0.0100, 0.1100, 0.2100, 0.3100, 0.3100, 0.0100, 0.0400]                                 | 1.5196   | 0.7800  | 0.7574 
3     | 11          | [98, 99, 100, 101, 102, 103, 104, 106, 107, 108, 109] | [0.1500, 0.1000, 0.1500, 0.2300, 0.0900, 0.0400, 0.0100, 0.0300, 0.1200, 0.0600, 0.0200] | 10.8075  | 0.8400  | 0.8717 
4     | 9           | [92, 93, 94, 95, 96, 97, 98, 99, 100]                 | [0.0500, 0.3200, 0.0500, 0.0900, 0.1400, 0.1400, 0.1100, 0.0900, 0.0100]                 | 5.0576   | 0.8000  | 0.8333 
5     | 8           | [96, 97, 98, 99, 100, 101, 102, 103]                  | [0.0200, 0.0300, 0.0200, 0.2600, 0.3000, 0.1700, 0.1900, 0.0100]                         | 1.9379   | 0.6800  | 0.7834 
6     | 9           | [94, 95, 96, 97, 98, 99, 100, 101, 102]               | [0.0400, 0.1300, 0.0100, 0.0100, 0.0600, 0.0500, 0.3800, 0.1700, 0.1500]                 | 5.5644   | 0.7400  | 0.7873 
7     | 8           | [98, 99, 100, 101, 102, 103, 104, 105]                | [0.0200, 0.2100, 0.2100, 0.2300, 0.1200, 0.1500, 0.0200, 0.0400]                         | 2.7675   | 0.9200  | 0.8279 
8     | 6           | [97, 98, 99, 100, 101, 102]                           | [0.0900, 0.3100, 0.2400, 0.1000, 0.2300, 0.0300]                                         | 1.9344   | 0.7400  | 0.7822 
9     | 6           | [95, 96, 97, 98, 99, 100]                             | [0.0300, 0.0700, 0.2600, 0.1900, 0.4400, 0.0100]                                         | 1.2891   | 0.5800  | 0.7038 
10    | 7           | [94, 95, 96, 97, 98, 99, 100]                         | [0.2300, 0.0800, 0.0200, 0.1400, 0.2500, 0.2700, 0.0100]                                 | 3.8275   | 0.8000  | 0.7931 
11    | 9           | [96, 97, 98, 99, 100, 101, 102, 103, 104]             | [0.0400, 0.0800, 0.0100, 0.0100, 0.0200, 0.0300, 0.3300, 0.3100, 0.1700]                 | 4.7731   | 0.7000  | 0.7642 
12    | 9           | [92, 93, 94, 95, 96, 97, 98, 99, 104]                 | [0.0200, 0.1000, 0.2800, 0.0200, 0.1900, 0.1000, 0.2400, 0.0300, 0.0200]                 | 4.9531   | 0.7600  | 0.8139 
13    | 7           | [98, 100, 101, 102, 103, 104, 105]                    | [0.0400, 0.1500, 0.0600, 0.1200, 0.3700, 0.2200, 0.0400]                                 | 2.7419   | 0.7600  | 0.7788 
14    | 7           | [97, 98, 99, 100, 101, 102, 103]                      | [0.0800, 0.1300, 0.1500, 0.1900, 0.2700, 0.1500, 0.0300]                                 | 2.5299   | 0.8400  | 0.8301 
15    | 8           | [93, 97, 98, 99, 100, 101, 102, 103]                  | [0.0100, 0.1700, 0.0200, 0.0400, 0.0900, 0.5100, 0.1400, 0.0200]                         | 3.3539   | 0.6800  | 0.6877 
16    | 5           | [97, 98, 99, 100, 101]                                | [0.0700, 0.1700, 0.4300, 0.2800, 0.0500]                                                 | 0.9251   | 0.7600  | 0.7075 
17    | 8           | [98, 101, 102, 103, 104, 105, 106, 107]               | [0.0500, 0.0100, 0.1500, 0.3700, 0.1500, 0.1200, 0.1200, 0.0300]                         | 3.4275   | 0.8200  | 0.7937 
18    | 10          | [91, 92, 93, 94, 95, 96, 99, 100, 101, 102]           | [0.0100, 0.0700, 0.0200, 0.0500, 0.0800, 0.0300, 0.1000, 0.2800, 0.3300, 0.0300]         | 9.3576   | 0.7600  | 0.7945 
19    | 10          | [98, 100, 101, 102, 103, 104, 105, 106, 107, 108]     | [0.0100, 0.0100, 0.0800, 0.2400, 0.4400, 0.1000, 0.0400, 0.0500, 0.0100, 0.0200]         | 2.2699   | 0.7200  | 0.7349 
20    | 10          | [95, 97, 98, 99, 100, 101, 102, 103, 104, 105]        | [0.0300, 0.1900, 0.0300, 0.0700, 0.1000, 0.0900, 0.2100, 0.1700, 0.1000, 0.0100]         | 6.5756   | 0.8800  | 0.8647 
21    | 5           | [96, 97, 98, 99, 100]                                 | [0.1800, 0.4700, 0.2600, 0.0600, 0.0300]                                                 | 0.8659   | 0.7400  | 0.6814 

[Per-locus summary - Population 2]
Locus | Num_Alleles | Alleles                                                | Frequencies                                                                                      | Variance | Obs_Het | Exp_Het
------+-------------+--------------------------------------------------------+--------------------------------------------------------------------------------------------------+----------+---------+--------
1     | 11          | [88, 89, 90, 91, 92, 94, 95, 96, 97, 98, 99]           | [0.0300, 0.0300, 0.0900, 0.0600, 0.0100, 0.0200, 0.0900, 0.1800, 0.2700, 0.2000, 0.0200]         | 9.1771   | 0.7800  | 0.8406 
2     | 7           | [94, 96, 97, 98, 99, 100, 101]                         | [0.0100, 0.0600, 0.2200, 0.3800, 0.3000, 0.0100, 0.0200]                                         | 1.1400   | 0.7600  | 0.7202 
3     | 11          | [97, 98, 99, 100, 101, 102, 103, 106, 107, 108, 109]   | [0.0100, 0.1400, 0.1900, 0.1400, 0.2300, 0.0500, 0.0400, 0.0300, 0.1300, 0.0300, 0.0100]         | 9.9331   | 0.9400  | 0.8574 
4     | 8           | [92, 93, 94, 95, 96, 97, 98, 99]                       | [0.0500, 0.3400, 0.0400, 0.1600, 0.1200, 0.1000, 0.1100, 0.0800]                                 | 4.6300   | 0.8200  | 0.8200 
5     | 7           | [96, 97, 98, 99, 100, 101, 102]                        | [0.0100, 0.0100, 0.0200, 0.2900, 0.2800, 0.2600, 0.1300]                                         | 1.3856   | 0.7400  | 0.7600 
6     | 10          | [93, 94, 95, 96, 97, 98, 99, 100, 101, 102]            | [0.0100, 0.0800, 0.1900, 0.0200, 0.0200, 0.0600, 0.0600, 0.2900, 0.1900, 0.0800]                 | 7.2691   | 0.7800  | 0.8311 
7     | 7           | [98, 99, 100, 101, 102, 103, 105]                      | [0.0100, 0.3800, 0.1700, 0.1200, 0.1100, 0.1700, 0.0400]                                         | 3.0875   | 0.7400  | 0.7774 
8     | 7           | [96, 97, 98, 99, 100, 101, 102]                        | [0.0100, 0.0600, 0.2700, 0.2500, 0.1000, 0.2800, 0.0300]                                         | 1.9811   | 0.7800  | 0.7794 
9     | 6           | [95, 96, 97, 98, 99, 100]                              | [0.0100, 0.0400, 0.2500, 0.3000, 0.3700, 0.0300]                                                 | 0.9851   | 0.7400  | 0.7151 
10    | 7           | [93, 94, 95, 96, 97, 98, 99]                           | [0.0100, 0.1700, 0.1000, 0.0100, 0.1000, 0.3400, 0.2700]                                         | 3.5056   | 0.8800  | 0.7701 
11    | 10          | [95, 96, 97, 98, 99, 101, 102, 103, 104, 105]          | [0.0100, 0.0700, 0.1000, 0.0100, 0.0400, 0.1100, 0.2300, 0.2400, 0.1800, 0.0100]                 | 6.7931   | 0.8400  | 0.8366 
12    | 9           | [92, 93, 94, 95, 96, 97, 98, 99, 104]                  | [0.0100, 0.1300, 0.2700, 0.0300, 0.1600, 0.1300, 0.1800, 0.0800, 0.0100]                         | 4.6139   | 0.8800  | 0.8362 
13    | 9           | [97, 98, 99, 100, 101, 102, 103, 104, 105]             | [0.0100, 0.0400, 0.0300, 0.0500, 0.0600, 0.1000, 0.4600, 0.2400, 0.0100]                         | 2.6699   | 0.7800  | 0.7192 
14    | 8           | [96, 97, 98, 99, 100, 101, 102, 103]                   | [0.0100, 0.0900, 0.1100, 0.2100, 0.2400, 0.1600, 0.1700, 0.0100]                                 | 2.5059   | 0.9000  | 0.8317 
15    | 6           | [97, 98, 99, 100, 101, 102]                            | [0.1600, 0.0300, 0.0400, 0.2400, 0.4300, 0.1000]                                                 | 2.4275   | 0.7200  | 0.7267 
16    | 5           | [97, 98, 99, 100, 101]                                 | [0.0700, 0.2200, 0.4700, 0.2100, 0.0300]                                                         | 0.8219   | 0.7200  | 0.6877 
17    | 8           | [98, 102, 103, 104, 105, 106, 107, 108]                | [0.0300, 0.1200, 0.3200, 0.2200, 0.1000, 0.1200, 0.0700, 0.0200]                                 | 3.3979   | 0.8400  | 0.8123 
18    | 10          | [91, 92, 93, 94, 95, 96, 99, 100, 101, 102]            | [0.0100, 0.0700, 0.0400, 0.0100, 0.0900, 0.0100, 0.1300, 0.3900, 0.2200, 0.0300]                 | 8.7211   | 0.7200  | 0.7745 
19    | 9           | [98, 100, 101, 102, 103, 104, 105, 106, 107]           | [0.0200, 0.0100, 0.0600, 0.2500, 0.4600, 0.1200, 0.0600, 0.0100, 0.0100]                         | 1.6539   | 0.6400  | 0.7107 
20    | 12          | [94, 95, 96, 97, 98, 99, 100, 101, 102, 103, 104, 105] | [0.0100, 0.0300, 0.0100, 0.1400, 0.0500, 0.1300, 0.1300, 0.1500, 0.1400, 0.1500, 0.0500, 0.0100] | 5.9171   | 0.8600  | 0.8847 
21    | 4           | [96, 97, 98, 99]                                       | [0.1500, 0.4900, 0.2600, 0.1000]                                                                 | 0.7139   | 0.6000  | 0.6665 
