
[Simulation Info]
simulation_id = sim_0011621
timestamp     = 20250429_091642
seed          = 913440
output_folder = /home/lejeunet/Bureau/simulations/Ref_table/sim_0011621

[Model Parameters]
pop_size           = 959
num_loci           = 20
sample1_generation = 30
sample2_generation = 10
low_repeats        = 1
high_repeats       = 200
mutation_rate      = 0.001
recap_Ne           = 959

[Sampling Design]
sample1_size_Ne  = 50
sample2_size_Ne  = 50
sample1_size_CMR = 50
sample2_size_CMR = 50

[Capture-Marquage-Recapture]
census_N   =  2601
MatchCount =  1

[Ne Estimates - One Sample - Decreasing critical values [0.050, 0.020, 0.010, 0+]]

[Linkage Desequilibrium]
LD_Ne_Pop1 = [None, 30165.6, None, None]
LD_r2_Pop1 = [0.020497, 0.021287, 0.021124, 0.021124]
LD_Ne_Pop2 = [1294.6, 843.5, 1510.4, 1510.4]
LD_r2_Pop2 = [0.021533, 0.02167, 0.021496, 0.021496]

[Heterozygote excess]
HE_Neb_mean_Pop1        = [39.6, 41.5, 42.3, 42.3]
HE_weighted_D_mean_Pop1 = [0.01279, 0.01219, 0.01197, 0.01197]
HE_Neb_mean_Pop2        = [19.9, 21.4, 21.7, 21.7]
HE_weighted_D_mean_Pop2 = [0.02576, 0.02388, 0.02362, 0.02362]

[Molecular Coancestry]
Coan_Neb_n_Pop1 = None
Coan_f1_Pop1    = -0.01749
Coan_Neb_n_Pop2 = 73.5
Coan_f1_Pop2    = 0.0068

[Ne Estimates - Temporal - Decreasing critical values (0.050, 0.020, 0.010, 0+)]

[Pollak]
P_Ne     = [845.4, 931.2, 1036.7, 968.9]
P_Fk     = [0.02591, 0.02537, 0.02482, 0.02516]
P_Fprime = [0.00591, 0.00537, 0.00482, 0.00516]

[Nei/Tajima]
N_Ne     = [899.6, 971.8, 1061.9, 1003.2]
N_Fc     = [0.02556, 0.02515, 0.02471, 0.02498]
N_Fprime = [0.00556, 0.00515, 0.00471, 0.00498]

[Jorde/Ryman]
J_Ne     = [631.2, 626.8, 629.2, 626.9]
J_Fs     = [0.02804, 0.02809, 0.02806, 0.02809]
J_Fprime = [0.00792, 0.00798, 0.00795, 0.00798]

[Genetic Diversity - Heterozygosity]
mean_exp_het_pop1 = 0.639
mean_obs_het_pop1 = 0.6467
mean_exp_het_pop2 = 0.6464
mean_obs_het_pop2 = 0.6695

[Genetic Diversity - Allele Counts]
mean_alleles_pop1 = 5.0
var_alleles_pop1  = 1.4
sum_alleles_pop1  = 105
mean_alleles_pop2 = 5.12
var_alleles_pop2  = 1.47
sum_alleles_pop2  = 215

[Genetic Diversity - Allelic Size Variance]
var_allele_size_pop1 = 1.334
var_allele_size_pop2 = 1.3573

[Per-locus summary - Population 1]
Locus | Num_Alleles | Alleles                                | Frequencies                                                      | Variance | Obs_Het | Exp_Het
------+-------------+----------------------------------------+------------------------------------------------------------------+----------+---------+--------
1     | 5           | [97, 98, 99, 100, 101]                 | [0.1400, 0.0400, 0.3300, 0.4200, 0.0700]                         | 1.2424   | 0.6600  | 0.6956 
2     | 6           | [99, 100, 101, 102, 103, 104]          | [0.0600, 0.3400, 0.0500, 0.1600, 0.3800, 0.0100]                 | 2.1099   | 0.7200  | 0.7154 
3     | 4           | [100, 101, 102, 103]                   | [0.1100, 0.5200, 0.1100, 0.2600]                                 | 0.9896   | 0.6400  | 0.6442 
4     | 5           | [98, 99, 100, 101, 102]                | [0.1500, 0.4600, 0.1800, 0.0800, 0.1300]                         | 1.4836   | 0.6800  | 0.7174 
5     | 5           | [98, 99, 100, 101, 102]                | [0.1200, 0.2000, 0.0300, 0.3800, 0.2700]                         | 1.9096   | 0.7600  | 0.7348 
6     | 8           | [97, 98, 99, 100, 101, 102, 103, 104]  | [0.0200, 0.3500, 0.2600, 0.0300, 0.0500, 0.1300, 0.1000, 0.0600] | 4.2411   | 0.8800  | 0.7834 
7     | 5           | [98, 99, 100, 101, 102]                | [0.1600, 0.1500, 0.4700, 0.1900, 0.0300]                         | 1.0516   | 0.7200  | 0.7010 
8     | 4           | [99, 100, 101, 102]                    | [0.3500, 0.0300, 0.4600, 0.1600]                                 | 1.2651   | 0.7000  | 0.6459 
9     | 5           | [97, 98, 99, 100, 101]                 | [0.0100, 0.1100, 0.6700, 0.1500, 0.0600]                         | 0.5204   | 0.4200  | 0.5180 
10    | 4           | [99, 100, 101, 102]                    | [0.0200, 0.6500, 0.2700, 0.0600]                                 | 0.3931   | 0.4800  | 0.5057 
11    | 4           | [99, 100, 101, 102]                    | [0.0400, 0.7000, 0.1900, 0.0700]                                 | 0.4259   | 0.4600  | 0.4721 
12    | 4           | [99, 100, 101, 102]                    | [0.0900, 0.3700, 0.5000, 0.0400]                                 | 0.5099   | 0.6000  | 0.6095 
13    | 5           | [99, 100, 101, 102, 103]               | [0.0100, 0.1200, 0.5600, 0.2400, 0.0700]                         | 0.6224   | 0.6400  | 0.6156 
14    | 4           | [99, 100, 101, 102]                    | [0.1800, 0.6000, 0.2000, 0.0200]                                 | 0.4564   | 0.6600  | 0.5729 
15    | 4           | [96, 97, 98, 99]                       | [0.0100, 0.1700, 0.7900, 0.0300]                                 | 0.2144   | 0.3600  | 0.3495 
16    | 4           | [100, 101, 102, 103]                   | [0.1300, 0.0700, 0.2200, 0.5800]                                 | 1.1075   | 0.6200  | 0.5994 
17    | 5           | [97, 100, 101, 102, 103]               | [0.0600, 0.0300, 0.3500, 0.4400, 0.1200]                         | 1.7419   | 0.7000  | 0.6717 
18    | 8           | [98, 99, 100, 101, 102, 103, 104, 105] | [0.0900, 0.0800, 0.2800, 0.0700, 0.0200, 0.3500, 0.1000, 0.0100] | 3.7675   | 0.8400  | 0.7770 
19    | 5           | [100, 101, 102, 103, 104]              | [0.1200, 0.3500, 0.5100, 0.0100, 0.0100]                         | 0.5664   | 0.6200  | 0.6089 
20    | 6           | [100, 101, 102, 103, 104, 105]         | [0.4500, 0.0900, 0.1700, 0.2600, 0.0200, 0.0100]                 | 1.8844   | 0.7600  | 0.6994 
21    | 5           | [98, 99, 100, 101, 102]                | [0.0700, 0.1900, 0.2900, 0.2100, 0.2400]                         | 1.5104   | 0.6600  | 0.7810 

[Per-locus summary - Population 2]
Locus | Num_Alleles | Alleles                               | Frequencies                                                      | Variance | Obs_Het | Exp_Het
------+-------------+---------------------------------------+------------------------------------------------------------------+----------+---------+--------
1     | 5           | [97, 98, 99, 100, 101]                | [0.1400, 0.0400, 0.3200, 0.4300, 0.0700]                         | 1.2475   | 0.6600  | 0.6935 
2     | 6           | [99, 100, 101, 102, 103, 104]         | [0.1000, 0.3900, 0.0900, 0.1600, 0.2500, 0.0100]                 | 2.0300   | 0.8000  | 0.7491 
3     | 5           | [100, 101, 102, 103, 104]             | [0.1100, 0.3600, 0.1500, 0.3500, 0.0300]                         | 1.2411   | 0.7600  | 0.7196 
4     | 5           | [98, 99, 100, 101, 102]               | [0.1400, 0.4700, 0.2600, 0.0600, 0.0700]                         | 1.0675   | 0.6600  | 0.6903 
5     | 5           | [98, 99, 100, 101, 102]               | [0.0500, 0.2300, 0.0200, 0.5300, 0.1700]                         | 1.3484   | 0.6800  | 0.6408 
6     | 8           | [97, 98, 99, 100, 101, 102, 103, 104] | [0.0400, 0.2800, 0.2300, 0.0300, 0.0700, 0.1400, 0.1600, 0.0500] | 4.5656   | 0.7400  | 0.8218 
7     | 6           | [97, 98, 99, 100, 101, 102]           | [0.0100, 0.1800, 0.3100, 0.2300, 0.2500, 0.0200]                 | 1.2819   | 0.7400  | 0.7632 
8     | 4           | [99, 100, 101, 102]                   | [0.2900, 0.0600, 0.5000, 0.1500]                                 | 1.1299   | 0.6800  | 0.6463 
9     | 4           | [98, 99, 100, 101]                    | [0.1600, 0.6300, 0.1900, 0.0200]                                 | 0.4251   | 0.5600  | 0.5465 
10    | 3           | [100, 101, 102]                       | [0.6000, 0.3200, 0.0800]                                         | 0.4096   | 0.5000  | 0.5366 
11    | 4           | [99, 100, 101, 102]                   | [0.0300, 0.7800, 0.1300, 0.0600]                                 | 0.3516   | 0.4000  | 0.3739 
12    | 4           | [99, 100, 101, 102]                   | [0.1000, 0.3800, 0.4800, 0.0400]                                 | 0.5284   | 0.7000  | 0.6198 
13    | 5           | [100, 101, 102, 103, 104]             | [0.0600, 0.5500, 0.2900, 0.0900, 0.0100]                         | 0.6064   | 0.6400  | 0.6077 
14    | 4           | [99, 100, 101, 102]                   | [0.0500, 0.5100, 0.3400, 0.1000]                                 | 0.5499   | 0.6800  | 0.6180 
15    | 3           | [97, 98, 99]                          | [0.2100, 0.7600, 0.0300]                                         | 0.2076   | 0.3800  | 0.3812 
16    | 4           | [100, 101, 102, 103]                  | [0.1800, 0.1400, 0.1100, 0.5700]                                 | 1.4251   | 0.5800  | 0.6172 
17    | 6           | [95, 97, 100, 101, 102, 103]          | [0.0200, 0.0300, 0.0500, 0.3100, 0.4700, 0.1200]                 | 2.0236   | 0.7200  | 0.6715 
18    | 6           | [98, 99, 100, 101, 103, 104]          | [0.1700, 0.0400, 0.3400, 0.0400, 0.3600, 0.0500]                 | 3.9164   | 0.8600  | 0.7275 
19    | 5           | [99, 100, 101, 102, 103]              | [0.0100, 0.1900, 0.3700, 0.3800, 0.0500]                         | 0.7371   | 0.7600  | 0.6869 
20    | 6           | [100, 101, 102, 103, 104, 105]        | [0.4500, 0.0600, 0.1900, 0.2800, 0.0100, 0.0100]                 | 1.8731   | 0.7600  | 0.6861 
21    | 6           | [98, 99, 100, 101, 102, 103]          | [0.0400, 0.2900, 0.2200, 0.2200, 0.2200, 0.0100]                 | 1.5376   | 0.8000  | 0.7768 
