
[Simulation Info]
simulation_id = sim_0007263
timestamp     = 20250428_101806
seed          = 221545
output_folder = /home/lejeunet/Bureau/simulations/Ref_table/sim_0007263

[Model Parameters]
pop_size           = 1847
num_loci           = 20
sample1_generation = 30
sample2_generation = 10
low_repeats        = 1
high_repeats       = 200
mutation_rate      = 0.001
recap_Ne           = 1847

[Sampling Design]
sample1_size_Ne  = 50
sample2_size_Ne  = 50
sample1_size_CMR = 50
sample2_size_CMR = 50

[Capture-Marquage-Recapture]
census_N   =  1300
MatchCount =  2

[Ne Estimates - One Sample - Decreasing critical values [0.050, 0.020, 0.010, 0+]]

[Linkage Desequilibrium]
LD_Ne_Pop1 = [1614.6, None, None, None]
LD_r2_Pop1 = [0.021482, 0.021227, 0.021048, 0.021048]
LD_Ne_Pop2 = [1038.9, None, 5465.2, 5465.2]
LD_r2_Pop2 = [0.021596, 0.021267, 0.021337, 0.021337]

[Heterozygote excess]
HE_Neb_mean_Pop1        = [1143.6, None, None, None]
HE_weighted_D_mean_Pop1 = [0.00044, -0.00183, -0.00196, -0.00196]
HE_Neb_mean_Pop2        = [None, None, None, None]
HE_weighted_D_mean_Pop2 = [-0.00683, -0.00735, -0.00743, -0.00743]

[Molecular Coancestry]
Coan_Neb_n_Pop1 = 16.2
Coan_f1_Pop1    = 0.03082
Coan_Neb_n_Pop2 = 28.9
Coan_f1_Pop2    = 0.01731

[Ne Estimates - Temporal - Decreasing critical values (0.050, 0.020, 0.010, 0+)]

[Pollak]
P_Ne     = [2221.4, 2148.4, 2687.5, 2687.5]
P_Fk     = [0.02225, 0.02233, 0.02186, 0.02186]
P_Fprime = [0.00225, 0.00233, 0.00186, 0.00186]

[Nei/Tajima]
N_Ne     = [3590.4, 3297.3, 4414.8, 4414.8]
N_Fc     = [0.02139, 0.02152, 0.02113, 0.02113]
N_Fprime = [0.00139, 0.00152, 0.00113, 0.00113]

[Jorde/Ryman]
J_Ne     = [-5977.3, -6224.0, -5608.6, -5608.6]
J_Fs     = [0.01926, 0.0193, 0.01921, 0.01921]
J_Fprime = [-0.00084, -0.0008, -0.00089, -0.00089]

[Genetic Diversity - Heterozygosity]
mean_exp_het_pop1 = 0.7838
mean_obs_het_pop1 = 0.78
mean_exp_het_pop2 = 0.7762
mean_obs_het_pop2 = 0.7686

[Genetic Diversity - Allele Counts]
mean_alleles_pop1 = 6.9
var_alleles_pop1  = 1.79
sum_alleles_pop1  = 145
mean_alleles_pop2 = 7.36
var_alleles_pop2  = 1.94
sum_alleles_pop2  = 309

[Genetic Diversity - Allelic Size Variance]
var_allele_size_pop1 = 4.7245
var_allele_size_pop2 = 4.4763

[Per-locus summary - Population 1]
Locus | Num_Alleles | Alleles                                              | Frequencies                                                                              | Variance | Obs_Het | Exp_Het
------+-------------+------------------------------------------------------+------------------------------------------------------------------------------------------+----------+---------+--------
1     | 6           | [96, 97, 98, 99, 100, 101]                           | [0.2400, 0.3100, 0.0800, 0.0900, 0.1700, 0.1100]                                         | 3.0291   | 0.8000  | 0.7988 
2     | 5           | [97, 98, 99, 100, 101]                               | [0.0100, 0.3400, 0.2500, 0.3400, 0.0600]                                                 | 0.9500   | 0.7000  | 0.7097 
3     | 7           | [97, 98, 99, 100, 101, 102, 103]                     | [0.0200, 0.2100, 0.0800, 0.1300, 0.5200, 0.0300, 0.0100]                                 | 1.8275   | 0.6400  | 0.6675 
4     | 8           | [98, 99, 100, 101, 102, 103, 104, 105]               | [0.2600, 0.2200, 0.1300, 0.0400, 0.1900, 0.0500, 0.0800, 0.0300]                         | 4.4500   | 0.8600  | 0.8279 
5     | 7           | [98, 99, 100, 101, 102, 103, 104]                    | [0.1200, 0.4400, 0.0900, 0.1200, 0.1300, 0.0100, 0.0900]                                 | 3.0819   | 0.8600  | 0.7519 
6     | 7           | [95, 96, 97, 98, 99, 100, 101]                       | [0.0800, 0.1100, 0.1600, 0.0700, 0.2900, 0.2000, 0.0900]                                 | 3.1044   | 0.8800  | 0.8271 
7     | 7           | [97, 98, 99, 100, 101, 102, 105]                     | [0.0100, 0.2700, 0.1900, 0.2400, 0.0700, 0.0800, 0.1400]                                 | 5.2211   | 0.8200  | 0.8105 
8     | 7           | [98, 99, 100, 101, 102, 103, 104]                    | [0.0100, 0.1700, 0.0900, 0.1900, 0.3300, 0.1200, 0.0900]                                 | 2.3356   | 0.7600  | 0.8034 
9     | 7           | [97, 99, 100, 101, 102, 103, 104]                    | [0.1400, 0.0400, 0.2100, 0.2600, 0.2400, 0.1000, 0.0100]                                 | 3.1956   | 0.8400  | 0.8075 
10    | 8           | [94, 95, 96, 97, 98, 104, 105, 106]                  | [0.0700, 0.0900, 0.0300, 0.2800, 0.1800, 0.1800, 0.0500, 0.1200]                         | 16.6900  | 0.7600  | 0.8343 
11    | 6           | [96, 97, 98, 99, 100, 101]                           | [0.0300, 0.1400, 0.2500, 0.1300, 0.1800, 0.2700]                                         | 2.3300   | 0.9400  | 0.8028 
12    | 7           | [92, 93, 94, 95, 96, 97, 102]                        | [0.1600, 0.2900, 0.0400, 0.2300, 0.1300, 0.0500, 0.1000]                                 | 7.8411   | 0.8400  | 0.8145 
13    | 6           | [92, 93, 94, 101, 102, 103]                          | [0.1200, 0.1600, 0.1500, 0.2600, 0.2300, 0.0800]                                         | 18.7396  | 0.7400  | 0.8188 
14    | 11          | [97, 98, 99, 100, 101, 102, 103, 104, 106, 107, 108] | [0.0900, 0.0300, 0.3700, 0.1100, 0.0400, 0.0300, 0.2300, 0.0100, 0.0700, 0.0100, 0.0100] | 6.8500   | 0.7200  | 0.7893 
15    | 8           | [97, 98, 99, 100, 101, 102, 103, 104]                | [0.0200, 0.0600, 0.0600, 0.1800, 0.0400, 0.1600, 0.3600, 0.1200]                         | 3.4976   | 0.8200  | 0.7968 
16    | 6           | [98, 99, 100, 101, 102, 103]                         | [0.0300, 0.3500, 0.3400, 0.1200, 0.1400, 0.0200]                                         | 1.3275   | 0.7400  | 0.7339 
17    | 8           | [97, 98, 99, 100, 101, 102, 103, 104]                | [0.0200, 0.1000, 0.1900, 0.1400, 0.3300, 0.1000, 0.0900, 0.0300]                         | 2.5691   | 0.8000  | 0.8141 
18    | 5           | [99, 100, 101, 102, 103]                             | [0.0700, 0.2700, 0.1600, 0.4600, 0.0400]                                                 | 1.1531   | 0.6200  | 0.6903 
19    | 5           | [98, 99, 100, 101, 102]                              | [0.2600, 0.2900, 0.2600, 0.1700, 0.0200]                                                 | 1.2200   | 0.7200  | 0.7590 
20    | 7           | [93, 94, 95, 97, 98, 99, 100]                        | [0.1600, 0.3500, 0.0300, 0.0300, 0.0500, 0.2400, 0.1400]                                 | 7.4600   | 0.6200  | 0.7782 
21    | 7           | [99, 100, 101, 102, 103, 104, 105]                   | [0.0500, 0.2100, 0.2500, 0.1900, 0.1300, 0.1500, 0.0200]                                 | 2.3411   | 0.9000  | 0.8232 

[Per-locus summary - Population 2]
Locus | Num_Alleles | Alleles                                         | Frequencies                                                                      | Variance | Obs_Het | Exp_Het
------+-------------+-------------------------------------------------+----------------------------------------------------------------------------------+----------+---------+--------
1     | 7           | [96, 97, 98, 99, 100, 101, 102]                 | [0.2400, 0.3900, 0.0200, 0.0600, 0.1600, 0.1200, 0.0100]                         | 3.2819   | 0.7400  | 0.7537 
2     | 5           | [97, 98, 99, 100, 101]                          | [0.0200, 0.2600, 0.3300, 0.3000, 0.0900]                                         | 0.9676   | 0.8200  | 0.7323 
3     | 6           | [97, 98, 99, 100, 101, 102]                     | [0.0600, 0.1800, 0.1100, 0.0500, 0.5300, 0.0700]                                 | 2.1796   | 0.6600  | 0.6703 
4     | 8           | [98, 99, 100, 101, 102, 103, 104, 105]          | [0.2400, 0.2500, 0.1000, 0.0500, 0.1800, 0.1100, 0.0600, 0.0100]                 | 4.0900   | 0.9200  | 0.8275 
5     | 6           | [98, 99, 100, 101, 102, 104]                    | [0.1600, 0.4500, 0.1500, 0.0800, 0.1200, 0.0400]                                 | 2.2059   | 0.7400  | 0.7343 
6     | 7           | [95, 96, 97, 98, 99, 100, 101]                  | [0.0700, 0.0800, 0.1300, 0.0600, 0.3500, 0.1900, 0.1200]                         | 2.9219   | 0.7800  | 0.8032 
7     | 9           | [97, 98, 99, 100, 101, 102, 103, 104, 105]      | [0.0200, 0.2600, 0.2200, 0.2200, 0.1000, 0.0500, 0.0100, 0.0200, 0.1000]         | 4.6499   | 0.8800  | 0.8204 
8     | 8           | [97, 98, 99, 100, 101, 102, 103, 104]           | [0.0100, 0.0300, 0.3100, 0.0800, 0.2000, 0.2600, 0.0600, 0.0500]                 | 2.6100   | 0.7800  | 0.7907 
9     | 8           | [97, 98, 99, 100, 101, 102, 103, 104]           | [0.0700, 0.0100, 0.0900, 0.1500, 0.2100, 0.3100, 0.1500, 0.0100]                 | 2.7200   | 0.7400  | 0.8097 
10    | 9           | [94, 95, 96, 97, 98, 104, 105, 106, 107]        | [0.0600, 0.0900, 0.0600, 0.3300, 0.0800, 0.1800, 0.1000, 0.0600, 0.0400]         | 18.0444  | 0.8800  | 0.8301 
11    | 7           | [96, 97, 98, 99, 100, 101, 102]                 | [0.0200, 0.1300, 0.2200, 0.0900, 0.1500, 0.3800, 0.0100]                         | 2.5200   | 0.7800  | 0.7669 
12    | 8           | [92, 93, 94, 95, 96, 97, 102, 103]              | [0.1600, 0.4000, 0.0300, 0.1600, 0.1800, 0.0300, 0.0300, 0.0100]                 | 4.8716   | 0.7000  | 0.7612 
13    | 5           | [93, 94, 101, 102, 103]                         | [0.2100, 0.2000, 0.2200, 0.2900, 0.0800]                                         | 16.9331  | 0.6800  | 0.7849 
14    | 10          | [97, 98, 99, 100, 101, 102, 103, 104, 106, 108] | [0.0800, 0.0400, 0.3400, 0.1100, 0.0600, 0.0900, 0.1700, 0.0200, 0.0700, 0.0200] | 6.7275   | 0.8000  | 0.8263 
15    | 9           | [97, 98, 99, 100, 101, 102, 103, 104, 105]      | [0.0200, 0.0800, 0.0600, 0.1900, 0.0600, 0.1900, 0.3300, 0.0600, 0.0100]         | 3.4864   | 0.7800  | 0.8093 
16    | 5           | [99, 100, 101, 102, 103]                        | [0.3200, 0.4500, 0.1500, 0.0700, 0.0100]                                         | 0.8400   | 0.6600  | 0.6743 
17    | 8           | [97, 98, 99, 100, 101, 102, 103, 104]           | [0.0300, 0.0600, 0.1600, 0.1600, 0.3400, 0.0500, 0.0900, 0.1100]                 | 3.1716   | 0.7800  | 0.8141 
18    | 6           | [98, 99, 100, 101, 102, 103]                    | [0.0100, 0.0600, 0.2900, 0.1600, 0.3500, 0.1300]                                 | 1.4611   | 0.7800  | 0.7548 
19    | 6           | [97, 98, 99, 100, 101, 102]                     | [0.0200, 0.3500, 0.3300, 0.1700, 0.1000, 0.0300]                                 | 1.2651   | 0.7400  | 0.7358 
20    | 8           | [92, 93, 94, 95, 97, 98, 99, 100]               | [0.0100, 0.1600, 0.3400, 0.1000, 0.0200, 0.0500, 0.2300, 0.0900]                 | 6.7731   | 0.7000  | 0.7927 
21    | 7           | [99, 100, 101, 102, 103, 104, 105]              | [0.0100, 0.2400, 0.2300, 0.2500, 0.0900, 0.1300, 0.0500]                         | 2.2824   | 0.8000  | 0.8075 
