
[Simulation Info]
simulation_id = sim_0008959
timestamp     = 20250428_110628
seed          = 118447
output_folder = /home/lejeunet/Bureau/simulations/Ref_table/sim_0008959

[Model Parameters]
pop_size           = 2866
num_loci           = 20
sample1_generation = 30
sample2_generation = 10
low_repeats        = 1
high_repeats       = 200
mutation_rate      = 0.001
recap_Ne           = 2866

[Sampling Design]
sample1_size_Ne  = 50
sample2_size_Ne  = 50
sample1_size_CMR = 50
sample2_size_CMR = 50

[Capture-Marquage-Recapture]
census_N   =  0
MatchCount =  0
# There were no match between sampling of individuals during CMR.

[Ne Estimates - One Sample - Decreasing critical values [0.050, 0.020, 0.010, 0+]]

[Linkage Desequilibrium]
LD_Ne_Pop1 = [None, 928.1, 1609.9, 1609.9]
LD_r2_Pop1 = [0.021155, 0.021634, 0.021483, 0.021483]
LD_Ne_Pop2 = [None, 3337.4, 3538.4, 3538.4]
LD_r2_Pop2 = [0.021045, 0.021376, 0.02137, 0.02137]

[Heterozygote excess]
HE_Neb_mean_Pop1        = [62.0, 105.8, 123.7, 123.7]
HE_weighted_D_mean_Pop1 = [0.00813, 0.00475, 0.00406, 0.00406]
HE_Neb_mean_Pop2        = [186.8, 147.2, 180.1, 180.1]
HE_weighted_D_mean_Pop2 = [0.00268, 0.00341, 0.00278, 0.00278]

[Molecular Coancestry]
Coan_Neb_n_Pop1 = None
Coan_f1_Pop1    = -0.01563
Coan_Neb_n_Pop2 = 66.1
Coan_f1_Pop2    = 0.00757

[Ne Estimates - Temporal - Decreasing critical values (0.050, 0.020, 0.010, 0+)]

[Pollak]
P_Ne     = [4066.5, -17156.2, -23695.1, -52872.3]
P_Fk     = [0.02123, 0.01971, 0.01979, 0.01991]
P_Fprime = [0.00123, -0.00029, -0.00021, -9e-05]

[Nei/Tajima]
N_Ne     = [4521.6, -14250.8, -17413.3, -27334.7]
N_Fc     = [0.02111, 0.01965, 0.01971, 0.01982]
N_Fprime = [0.00111, -0.00035, -0.00029, -0.00018]

[Jorde/Ryman]
J_Ne     = [2545.3, 5739.0, 5616.3, 5542.6]
J_Fs     = [0.02207, 0.02097, 0.02099, 0.021]
J_Fprime = [0.00196, 0.00087, 0.00089, 0.0009]

[Genetic Diversity - Heterozygosity]
mean_exp_het_pop1 = 0.7836
mean_obs_het_pop1 = 0.7905
mean_exp_het_pop2 = 0.7728
mean_obs_het_pop2 = 0.7762

[Genetic Diversity - Allele Counts]
mean_alleles_pop1 = 8.95
var_alleles_pop1  = 2.85
sum_alleles_pop1  = 188
mean_alleles_pop2 = 9.21
var_alleles_pop2  = 2.56
sum_alleles_pop2  = 387

[Genetic Diversity - Allelic Size Variance]
var_allele_size_pop1 = 7.0778
var_allele_size_pop2 = 6.7653

[Per-locus summary - Population 1]
Locus | Num_Alleles | Alleles                                                   | Frequencies                                                                                      | Variance | Obs_Het | Exp_Het
------+-------------+-----------------------------------------------------------+--------------------------------------------------------------------------------------------------+----------+---------+--------
1     | 9           | [93, 94, 95, 96, 97, 98, 99, 101, 102]                    | [0.0900, 0.1800, 0.3100, 0.0900, 0.0600, 0.1100, 0.0500, 0.0200, 0.0900]                         | 6.5131   | 0.7800  | 0.8370 
2     | 9           | [97, 100, 101, 102, 103, 104, 105, 106, 107]              | [0.0300, 0.1000, 0.0600, 0.0500, 0.1500, 0.1300, 0.3400, 0.1200, 0.0200]                         | 4.8000   | 0.7800  | 0.8214 
3     | 8           | [94, 95, 96, 100, 101, 102, 103, 104]                     | [0.0400, 0.0600, 0.0100, 0.1200, 0.0300, 0.5000, 0.1600, 0.0800]                                 | 6.2875   | 0.7400  | 0.7044 
4     | 10          | [93, 94, 95, 96, 97, 98, 99, 100, 101, 102]               | [0.0100, 0.0300, 0.0300, 0.1000, 0.1000, 0.1400, 0.4100, 0.1300, 0.0200, 0.0300]                 | 3.0059   | 0.7800  | 0.7800 
5     | 8           | [99, 100, 101, 102, 103, 104, 106, 107]                   | [0.2100, 0.1100, 0.4200, 0.0600, 0.1100, 0.0500, 0.0300, 0.0100]                                 | 2.9979   | 0.7200  | 0.7558 
6     | 11          | [92, 94, 95, 96, 97, 101, 102, 103, 104, 105, 106]        | [0.0100, 0.0600, 0.0600, 0.0100, 0.0100, 0.1800, 0.3300, 0.1400, 0.1400, 0.0300, 0.0300]         | 9.5844   | 0.7800  | 0.8184 
7     | 7           | [94, 95, 96, 97, 98, 99, 101]                             | [0.0400, 0.0100, 0.0800, 0.4400, 0.2500, 0.0900, 0.0900]                                         | 2.2051   | 0.7200  | 0.7269 
8     | 9           | [96, 97, 98, 99, 100, 101, 102, 103, 104]                 | [0.0200, 0.1200, 0.1100, 0.3100, 0.2500, 0.0500, 0.0300, 0.0700, 0.0400]                         | 3.3499   | 0.7200  | 0.8127 
9     | 9           | [96, 97, 98, 102, 103, 104, 105, 106, 107]                | [0.0500, 0.1000, 0.0100, 0.0200, 0.2500, 0.4000, 0.1500, 0.0100, 0.0100]                         | 7.5075   | 0.7600  | 0.7493 
10    | 7           | [94, 95, 96, 97, 98, 99, 100]                             | [0.0200, 0.0500, 0.2400, 0.2900, 0.2200, 0.1500, 0.0300]                                         | 1.6659   | 0.7400  | 0.7915 
11    | 8           | [92, 93, 102, 103, 104, 105, 106, 107]                    | [0.0100, 0.1300, 0.0100, 0.0300, 0.2300, 0.2500, 0.2100, 0.1300]                                 | 19.2084  | 0.6600  | 0.8137 
12    | 9           | [90, 91, 92, 93, 94, 95, 96, 97, 98]                      | [0.0400, 0.0400, 0.0100, 0.1100, 0.0800, 0.4000, 0.1000, 0.2000, 0.0200]                         | 3.3131   | 0.8400  | 0.7756 
13    | 9           | [94, 95, 97, 98, 99, 100, 101, 102, 103]                  | [0.0200, 0.0500, 0.0500, 0.2400, 0.2100, 0.3200, 0.0900, 0.0100, 0.0100]                         | 2.6651   | 0.8800  | 0.7901 
14    | 12          | [97, 98, 99, 100, 101, 105, 106, 107, 108, 109, 110, 112] | [0.0100, 0.0400, 0.0400, 0.0500, 0.0100, 0.0400, 0.4000, 0.2400, 0.0300, 0.0400, 0.0500, 0.0500] | 10.7144  | 0.7200  | 0.7752 
15    | 12          | [97, 98, 99, 100, 101, 102, 104, 105, 106, 107, 108, 109] | [0.0700, 0.0300, 0.0400, 0.0200, 0.0200, 0.0100, 0.0800, 0.1500, 0.2800, 0.2100, 0.0300, 0.0600] | 10.6571  | 0.8400  | 0.8442 
16    | 10          | [89, 90, 91, 92, 93, 94, 96, 97, 98, 99]                  | [0.0600, 0.0400, 0.2700, 0.0500, 0.2900, 0.0900, 0.0500, 0.0200, 0.1200, 0.0100]                 | 6.6691   | 0.9000  | 0.8180 
17    | 10          | [93, 95, 103, 104, 105, 106, 107, 108, 109, 110]          | [0.0500, 0.0500, 0.0700, 0.0500, 0.1300, 0.3400, 0.2400, 0.0200, 0.0200, 0.0300]                 | 15.0476  | 0.8800  | 0.8038 
18    | 7           | [91, 95, 96, 97, 98, 99, 100]                             | [0.1000, 0.0100, 0.0100, 0.2900, 0.2400, 0.3100, 0.0400]                                         | 5.3675   | 0.8800  | 0.7580 
19    | 11          | [94, 95, 96, 97, 98, 99, 100, 101, 103, 104, 105]         | [0.0400, 0.0600, 0.0100, 0.0500, 0.1000, 0.4600, 0.1100, 0.0100, 0.0800, 0.0500, 0.0300]         | 6.0659   | 0.8200  | 0.7562 
20    | 7           | [95, 96, 97, 98, 108, 109, 110]                           | [0.0600, 0.1900, 0.4000, 0.2000, 0.0400, 0.1000, 0.0100]                                         | 18.8044  | 0.8200  | 0.7562 
21    | 6           | [102, 103, 104, 105, 106, 107]                            | [0.0200, 0.3300, 0.2700, 0.1500, 0.0500, 0.1800]                                                 | 2.2036   | 0.8400  | 0.7681 

[Per-locus summary - Population 2]
Locus | Num_Alleles | Alleles                                               | Frequencies                                                                              | Variance | Obs_Het | Exp_Het
------+-------------+-------------------------------------------------------+------------------------------------------------------------------------------------------+----------+---------+--------
1     | 9           | [93, 94, 95, 96, 97, 98, 99, 101, 102]                | [0.0100, 0.2100, 0.3700, 0.1200, 0.0800, 0.0600, 0.0600, 0.0300, 0.0600]                 | 5.0651   | 0.8400  | 0.7943 
2     | 9           | [97, 100, 101, 102, 103, 104, 105, 106, 107]          | [0.0400, 0.0800, 0.0200, 0.0300, 0.2200, 0.0700, 0.4000, 0.1300, 0.0100]                 | 4.7075   | 0.8800  | 0.7681 
3     | 9           | [94, 95, 96, 99, 100, 101, 102, 103, 104]             | [0.0500, 0.0500, 0.0300, 0.0100, 0.1000, 0.0600, 0.3900, 0.1900, 0.1200]                 | 7.3259   | 0.8000  | 0.7857 
4     | 10          | [93, 94, 95, 96, 97, 98, 99, 100, 101, 102]           | [0.0100, 0.0900, 0.0200, 0.0700, 0.0900, 0.2400, 0.3000, 0.1200, 0.0200, 0.0400]         | 3.8364   | 0.8200  | 0.8226 
5     | 8           | [99, 100, 101, 102, 103, 104, 106, 107]               | [0.1800, 0.1300, 0.3400, 0.0300, 0.1300, 0.0400, 0.1400, 0.0100]                         | 5.1576   | 0.8200  | 0.8040 
6     | 11          | [93, 94, 95, 96, 97, 101, 102, 103, 104, 105, 106]    | [0.0300, 0.0400, 0.0200, 0.0100, 0.0100, 0.1300, 0.3700, 0.2100, 0.1300, 0.0400, 0.0100] | 7.8444   | 0.8200  | 0.7883 
7     | 8           | [94, 95, 96, 97, 98, 99, 100, 101]                    | [0.0100, 0.0500, 0.0900, 0.4600, 0.2300, 0.0500, 0.0100, 0.1000]                         | 2.2084   | 0.7600  | 0.7194 
8     | 8           | [97, 98, 99, 100, 101, 102, 103, 104]                 | [0.1000, 0.0400, 0.3700, 0.2900, 0.0400, 0.0300, 0.1100, 0.0200]                         | 2.8424   | 0.7400  | 0.7600 
9     | 6           | [95, 96, 97, 103, 104, 105]                           | [0.0100, 0.0500, 0.0600, 0.1800, 0.5600, 0.1400]                                         | 6.3675   | 0.6800  | 0.6345 
10    | 8           | [94, 95, 96, 97, 98, 99, 100, 101]                    | [0.0200, 0.0400, 0.2500, 0.2800, 0.1500, 0.2300, 0.0200, 0.0100]                         | 1.8976   | 0.8200  | 0.7891 
11    | 9           | [92, 93, 94, 103, 104, 105, 106, 107, 108]            | [0.0100, 0.1100, 0.0500, 0.0600, 0.3300, 0.1100, 0.1400, 0.1700, 0.0200]                 | 21.5019  | 0.7800  | 0.8200 
12    | 9           | [90, 91, 92, 93, 94, 95, 96, 97, 98]                  | [0.0500, 0.0100, 0.0100, 0.0900, 0.0600, 0.4300, 0.1300, 0.2000, 0.0200]                 | 3.0291   | 0.7200  | 0.7509 
13    | 7           | [94, 95, 98, 99, 100, 101, 102]                       | [0.0500, 0.0500, 0.2100, 0.1600, 0.3500, 0.1300, 0.0500]                                 | 3.5700   | 0.7000  | 0.7913 
14    | 11          | [98, 99, 100, 101, 105, 106, 107, 108, 109, 110, 112] | [0.0100, 0.0200, 0.0200, 0.0300, 0.0100, 0.3000, 0.3600, 0.0300, 0.0600, 0.0500, 0.1100] | 7.9584   | 0.7600  | 0.7671 
15    | 11          | [97, 98, 99, 100, 102, 104, 105, 106, 107, 108, 109]  | [0.0700, 0.0200, 0.0500, 0.0400, 0.0100, 0.0500, 0.1700, 0.2200, 0.2500, 0.0500, 0.0700] | 11.1731  | 0.9000  | 0.8493 
16    | 11          | [89, 90, 91, 92, 93, 94, 95, 96, 97, 98, 99]          | [0.0500, 0.0300, 0.1500, 0.1300, 0.3800, 0.0700, 0.0200, 0.0700, 0.0100, 0.0700, 0.0200] | 5.1979   | 0.7600  | 0.8053 
17    | 10          | [93, 94, 95, 103, 104, 105, 106, 107, 109, 110]       | [0.0100, 0.0100, 0.0800, 0.0700, 0.0200, 0.1500, 0.3200, 0.2800, 0.0200, 0.0400]         | 13.7091  | 0.7200  | 0.7907 
18    | 9           | [89, 90, 91, 95, 96, 97, 98, 99, 100]                 | [0.0500, 0.0200, 0.0800, 0.0100, 0.0200, 0.2000, 0.2800, 0.2800, 0.0600]                 | 9.0584   | 0.7000  | 0.7978 
19    | 11          | [94, 95, 96, 97, 98, 99, 100, 101, 103, 104, 105]     | [0.0100, 0.0600, 0.0100, 0.0600, 0.0600, 0.5200, 0.1100, 0.0100, 0.0900, 0.0500, 0.0200] | 5.0304   | 0.7200  | 0.7024 
20    | 7           | [95, 96, 97, 98, 100, 108, 109]                       | [0.0200, 0.2800, 0.4100, 0.1900, 0.0100, 0.0100, 0.0800]                                 | 12.4291  | 0.8000  | 0.7176 
21    | 6           | [102, 103, 104, 105, 106, 107]                        | [0.0300, 0.3100, 0.2600, 0.2000, 0.0200, 0.1800]                                         | 2.1619   | 0.7600  | 0.7703 
