
[Simulation Info]
simulation_id = sim_0008169
timestamp     = 20250428_104401
seed          = 914959
output_folder = /home/lejeunet/Bureau/simulations/Ref_table/sim_0008169

[Model Parameters]
pop_size           = 993
num_loci           = 20
sample1_generation = 30
sample2_generation = 10
low_repeats        = 1
high_repeats       = 200
mutation_rate      = 0.001
recap_Ne           = 993

[Sampling Design]
sample1_size_Ne  = 50
sample2_size_Ne  = 50
sample1_size_CMR = 50
sample2_size_CMR = 50

[Capture-Marquage-Recapture]
census_N   =  1300
MatchCount =  2

[Ne Estimates - One Sample - Decreasing critical values [0.050, 0.020, 0.010, 0+]]

[Linkage Desequilibrium]
LD_Ne_Pop1 = [555.2, 593.9, 343.8, 343.8]
LD_r2_Pop1 = [0.021874, 0.021835, 0.02224, 0.02224]
LD_Ne_Pop2 = [804.5, 940.3, None, None]
LD_r2_Pop2 = [0.021689, 0.02163, 0.021268, 0.021268]

[Heterozygote excess]
HE_Neb_mean_Pop1        = [None, None, None, None]
HE_weighted_D_mean_Pop1 = [-0.02448, -0.02592, -0.02592, -0.02592]
HE_Neb_mean_Pop2        = [None, None, None, None]
HE_weighted_D_mean_Pop2 = [-0.00614, -0.00186, -0.00204, -0.00204]

[Molecular Coancestry]
Coan_Neb_n_Pop1 = 86.2
Coan_f1_Pop1    = 0.0058
Coan_Neb_n_Pop2 = None
Coan_f1_Pop2    = -0.02024

[Ne Estimates - Temporal - Decreasing critical values (0.050, 0.020, 0.010, 0+)]

[Pollak]
P_Ne     = [1557.2, 1678.6, 1855.3, 1651.4]
P_Fk     = [0.02321, 0.02298, 0.02269, 0.02303]
P_Fprime = [0.00321, 0.00298, 0.00269, 0.00303]

[Nei/Tajima]
N_Ne     = [2105.1, 2199.3, 2434.4, 2135.8]
N_Fc     = [0.02238, 0.02227, 0.02205, 0.02234]
N_Fprime = [0.00238, 0.00227, 0.00205, 0.00234]

[Jorde/Ryman]
J_Ne     = [3969.9, 3469.8, 3472.4, 3406.5]
J_Fs     = [0.02136, 0.02154, 0.02154, 0.02157]
J_Fprime = [0.00126, 0.00144, 0.00144, 0.00147]

[Genetic Diversity - Heterozygosity]
mean_exp_het_pop1 = 0.6832
mean_obs_het_pop1 = 0.6562
mean_exp_het_pop2 = 0.6831
mean_obs_het_pop2 = 0.6743

[Genetic Diversity - Allele Counts]
mean_alleles_pop1 = 5.57
var_alleles_pop1  = 1.56
sum_alleles_pop1  = 117
mean_alleles_pop2 = 5.81
var_alleles_pop2  = 2.11
sum_alleles_pop2  = 244

[Genetic Diversity - Allelic Size Variance]
var_allele_size_pop1 = 1.7568
var_allele_size_pop2 = 1.7125

[Per-locus summary - Population 1]
Locus | Num_Alleles | Alleles                              | Frequencies                                                      | Variance | Obs_Het | Exp_Het
------+-------------+--------------------------------------+------------------------------------------------------------------+----------+---------+--------
1     | 4           | [99, 100, 101, 102]                  | [0.2400, 0.5300, 0.1600, 0.0700]                                 | 0.6764   | 0.5600  | 0.6374 
2     | 6           | [97, 98, 99, 100, 101, 102]          | [0.0500, 0.1300, 0.4100, 0.1800, 0.2200, 0.0100]                 | 1.3036   | 0.6000  | 0.7390 
3     | 6           | [97, 98, 99, 100, 101, 102]          | [0.0100, 0.2300, 0.2300, 0.1200, 0.1800, 0.2300]                 | 2.3336   | 0.8400  | 0.8024 
4     | 4           | [99, 100, 101, 102]                  | [0.1500, 0.4300, 0.3000, 0.1200]                                 | 0.7779   | 0.6400  | 0.6952 
5     | 5           | [98, 99, 100, 101, 102]              | [0.0200, 0.3400, 0.1500, 0.2000, 0.2900]                         | 1.6200   | 0.7200  | 0.7449 
6     | 8           | [96, 97, 98, 99, 101, 102, 103, 104] | [0.0200, 0.2800, 0.1800, 0.0400, 0.0400, 0.3800, 0.0400, 0.0200] | 5.7376   | 0.7200  | 0.7467 
7     | 5           | [100, 101, 102, 103, 105]            | [0.4300, 0.3800, 0.1200, 0.0300, 0.0400]                         | 1.3019   | 0.6800  | 0.6604 
8     | 3           | [102, 103, 104]                      | [0.1200, 0.5900, 0.2900]                                         | 0.3811   | 0.4600  | 0.5590 
9     | 5           | [96, 97, 98, 99, 100]                | [0.0100, 0.0600, 0.7000, 0.0700, 0.1600]                         | 0.7139   | 0.4600  | 0.4806 
10    | 7           | [96, 97, 98, 99, 101, 102, 103]      | [0.0200, 0.2100, 0.3700, 0.1100, 0.0800, 0.1800, 0.0300]         | 3.8091   | 0.8000  | 0.7745 
11    | 4           | [100, 101, 102, 103]                 | [0.1200, 0.2800, 0.5400, 0.0600]                                 | 0.6084   | 0.5600  | 0.6182 
12    | 7           | [96, 98, 99, 100, 101, 102, 103]     | [0.0600, 0.4300, 0.0900, 0.1700, 0.1200, 0.0400, 0.0900]         | 3.3416   | 0.8400  | 0.7580 
13    | 5           | [98, 99, 100, 101, 102]              | [0.2200, 0.4100, 0.0800, 0.1900, 0.1000]                         | 1.6684   | 0.7600  | 0.7384 
14    | 5           | [99, 100, 101, 102, 103]             | [0.0900, 0.0400, 0.5800, 0.2400, 0.0500]                         | 0.8256   | 0.5600  | 0.5998 
15    | 7           | [98, 99, 100, 101, 102, 103, 104]    | [0.0400, 0.1400, 0.1900, 0.0600, 0.5300, 0.0100, 0.0300]         | 1.9475   | 0.6600  | 0.6638 
16    | 6           | [95, 96, 97, 99, 100, 101]           | [0.1100, 0.1500, 0.0400, 0.2300, 0.4400, 0.0300]                 | 3.6091   | 0.7400  | 0.7236 
17    | 6           | [97, 98, 99, 100, 101, 102]          | [0.0100, 0.0800, 0.4100, 0.3700, 0.1000, 0.0300]                 | 0.8464   | 0.7200  | 0.6844 
18    | 7           | [96, 97, 98, 99, 100, 101, 102]      | [0.0100, 0.0300, 0.1600, 0.5400, 0.0600, 0.1800, 0.0200]         | 1.2771   | 0.6800  | 0.6519 
19    | 6           | [98, 99, 100, 101, 102, 103]         | [0.1700, 0.1100, 0.1200, 0.4800, 0.0900, 0.0300]                 | 1.8100   | 0.5600  | 0.7123 
20    | 5           | [98, 99, 100, 101, 102]              | [0.0800, 0.2000, 0.3500, 0.3400, 0.0300]                         | 0.9784   | 0.6600  | 0.7218 
21    | 6           | [97, 98, 99, 100, 101, 102]          | [0.0200, 0.1100, 0.1100, 0.1800, 0.5600, 0.0200]                 | 1.3259   | 0.5600  | 0.6353 

[Per-locus summary - Population 2]
Locus | Num_Alleles | Alleles                               | Frequencies                                                      | Variance | Obs_Het | Exp_Het
------+-------------+---------------------------------------+------------------------------------------------------------------+----------+---------+--------
1     | 4           | [99, 100, 101, 102]                   | [0.1700, 0.5300, 0.1100, 0.1900]                                 | 0.9376   | 0.5600  | 0.6485 
2     | 5           | [97, 98, 99, 100, 101]                | [0.0500, 0.2600, 0.3800, 0.1000, 0.2100]                         | 1.3744   | 0.7800  | 0.7388 
3     | 6           | [98, 99, 100, 101, 102, 103]          | [0.2400, 0.1900, 0.1200, 0.1700, 0.2700, 0.0100]                 | 2.4851   | 0.8200  | 0.7980 
4     | 5           | [99, 100, 101, 102, 103]              | [0.0900, 0.4200, 0.3800, 0.1000, 0.0100]                         | 0.6896   | 0.6400  | 0.6677 
5     | 6           | [98, 99, 100, 101, 102, 103]          | [0.0400, 0.2700, 0.2600, 0.1400, 0.2700, 0.0200]                 | 1.6779   | 0.7400  | 0.7727 
6     | 8           | [96, 97, 98, 99, 101, 102, 103, 104]  | [0.0100, 0.2200, 0.2000, 0.0200, 0.0600, 0.4200, 0.0600, 0.0100] | 5.4000   | 0.6600  | 0.7348 
7     | 4           | [100, 101, 102, 105]                  | [0.4800, 0.4100, 0.0600, 0.0500]                                 | 1.2916   | 0.5600  | 0.6014 
8     | 3           | [102, 103, 104]                       | [0.1400, 0.6700, 0.1900]                                         | 0.3275   | 0.4400  | 0.5004 
9     | 5           | [96, 97, 98, 99, 100]                 | [0.0500, 0.1400, 0.6400, 0.0700, 0.1000]                         | 0.8091   | 0.6000  | 0.5590 
10    | 8           | [96, 97, 98, 99, 100, 101, 102, 103]  | [0.0100, 0.1800, 0.3300, 0.0600, 0.0100, 0.1600, 0.2000, 0.0500] | 4.2219   | 0.7400  | 0.7947 
11    | 4           | [100, 101, 102, 103]                  | [0.1000, 0.2500, 0.5300, 0.1200]                                 | 0.6611   | 0.6600  | 0.6386 
12    | 8           | [96, 97, 98, 99, 100, 101, 102, 103]  | [0.0300, 0.0100, 0.4100, 0.1100, 0.1500, 0.1700, 0.0700, 0.0500] | 2.8356   | 0.8000  | 0.7677 
13    | 5           | [98, 99, 100, 101, 102]               | [0.2100, 0.4800, 0.1300, 0.1300, 0.0500]                         | 1.2011   | 0.7400  | 0.6962 
14    | 5           | [99, 100, 101, 102, 103]              | [0.0800, 0.1100, 0.4400, 0.3400, 0.0300]                         | 0.8731   | 0.6200  | 0.6782 
15    | 8           | [97, 98, 99, 100, 101, 102, 103, 104] | [0.0100, 0.0100, 0.1100, 0.2500, 0.0100, 0.5400, 0.0100, 0.0600] | 2.0200   | 0.7000  | 0.6362 
16    | 6           | [95, 96, 97, 99, 100, 101]            | [0.1000, 0.0500, 0.0400, 0.3900, 0.3600, 0.0600]                 | 2.7875   | 0.7600  | 0.7077 
17    | 6           | [96, 98, 99, 100, 101, 102]           | [0.0100, 0.1100, 0.3100, 0.4100, 0.1400, 0.0200]                 | 0.9779   | 0.6600  | 0.7107 
18    | 6           | [97, 98, 99, 100, 101, 102]           | [0.0400, 0.1000, 0.6300, 0.0300, 0.1700, 0.0300]                 | 1.1616   | 0.5400  | 0.5665 
19    | 7           | [98, 99, 100, 101, 102, 103, 104]     | [0.1100, 0.1200, 0.0900, 0.4500, 0.1000, 0.1200, 0.0100]         | 2.1459   | 0.7200  | 0.7459 
20    | 5           | [98, 99, 100, 101, 102]               | [0.1000, 0.1700, 0.4000, 0.3200, 0.0100]                         | 0.9291   | 0.7200  | 0.7057 
21    | 5           | [98, 99, 100, 101, 102]               | [0.0900, 0.1100, 0.2100, 0.5100, 0.0800]                         | 1.1556   | 0.7000  | 0.6760 
