
[Simulation Info]
simulation_id = sim_0006582
timestamp     = 20250428_100057
seed          = 562191
output_folder = /home/lejeunet/Bureau/simulations/Ref_table/sim_0006582

[Model Parameters]
pop_size           = 211
num_loci           = 20
sample1_generation = 30
sample2_generation = 10
low_repeats        = 1
high_repeats       = 200
mutation_rate      = 0.001
recap_Ne           = 211

[Sampling Design]
sample1_size_Ne  = 50
sample2_size_Ne  = 50
sample1_size_CMR = 50
sample2_size_CMR = 50

[Capture-Marquage-Recapture]
census_N   =  216
MatchCount =  12

[Ne Estimates - One Sample - Decreasing critical values [0.050, 0.020, 0.010, 0+]]

[Linkage Desequilibrium]
LD_Ne_Pop1 = [103.1, 139.4, 330.3, 330.3]
LD_r2_Pop1 = [0.024444, 0.023631, 0.022279, 0.022279]
LD_Ne_Pop2 = [516.3, 135.9, 151.4, 151.4]
LD_r2_Pop2 = [0.021919, 0.023692, 0.023448, 0.023448]

[Heterozygote excess]
HE_Neb_mean_Pop1        = [8.0, 8.2, 8.2, 8.2]
HE_weighted_D_mean_Pop1 = [0.0663, 0.06481, 0.06481, 0.06481]
HE_Neb_mean_Pop2        = [61.7, 67.4, 67.4, 67.4]
HE_weighted_D_mean_Pop2 = [0.00817, 0.00747, 0.00747, 0.00747]

[Molecular Coancestry]
Coan_Neb_n_Pop1 = 127.8
Coan_f1_Pop1    = 0.00391
Coan_Neb_n_Pop2 = None
Coan_f1_Pop2    = -0.01658

[Ne Estimates - Temporal - Decreasing critical values (0.050, 0.020, 0.010, 0+)]

[Pollak]
P_Ne     = [366.7, 323.2, 323.2, 323.2]
P_Fk     = [0.03364, 0.03547, 0.03547, 0.03547]
P_Fprime = [0.01364, 0.01547, 0.01547, 0.01547]

[Nei/Tajima]
N_Ne     = [388.9, 354.2, 354.2, 354.2]
N_Fc     = [0.03286, 0.03412, 0.03412, 0.03412]
N_Fprime = [0.01286, 0.01412, 0.01412, 0.01412]

[Jorde/Ryman]
J_Ne     = [409.2, 401.4, 401.4, 401.4]
J_Fs     = [0.03236, 0.0326, 0.0326, 0.0326]
J_Fprime = [0.01222, 0.01246, 0.01246, 0.01246]

[Genetic Diversity - Heterozygosity]
mean_exp_het_pop1 = 0.4034
mean_obs_het_pop1 = 0.436
mean_exp_het_pop2 = 0.4289
mean_obs_het_pop2 = 0.431

[Genetic Diversity - Allele Counts]
mean_alleles_pop1 = 3.0
var_alleles_pop1  = 0.21
sum_alleles_pop1  = 60
mean_alleles_pop2 = 3.1
var_alleles_pop2  = 0.35
sum_alleles_pop2  = 124

[Genetic Diversity - Allelic Size Variance]
var_allele_size_pop1 = 0.2993
var_allele_size_pop2 = 0.3284

[Per-locus summary - Population 1]
Locus | Num_Alleles | Alleles             | Frequencies                      | Variance | Obs_Het | Exp_Het
------+-------------+---------------------+----------------------------------+----------+---------+--------
1     | 3           | [99, 100, 101]      | [0.1300, 0.8400, 0.0300]         | 0.1500   | 0.3000  | 0.2794 
2     | 3           | [99, 100, 101]      | [0.0800, 0.9100, 0.0100]         | 0.0851   | 0.1800  | 0.1671 
3     | 3           | [98, 99, 100]       | [0.0200, 0.6300, 0.3500]         | 0.2611   | 0.5200  | 0.4850 
4     | 2           | [99, 100]           | [0.0600, 0.9400]                 | 0.0564   | 0.1200  | 0.1139 
5     | 3           | [99, 100, 101]      | [0.0400, 0.4500, 0.5100]         | 0.3291   | 0.4600  | 0.5412 
6     | 3           | [99, 100, 101]      | [0.0200, 0.9500, 0.0300]         | 0.0499   | 0.1000  | 0.0972 
7     | 3           | [100, 101, 102]     | [0.5500, 0.3600, 0.0900]         | 0.4284   | 0.6800  | 0.5655 
8     | 3           | [99, 100, 101]      | [0.0400, 0.8800, 0.0800]         | 0.1184   | 0.2200  | 0.2198 
9     | 3           | [99, 100, 101]      | [0.0300, 0.7500, 0.2200]         | 0.2139   | 0.4400  | 0.3921 
10    | 3           | [99, 100, 101]      | [0.1800, 0.7500, 0.0700]         | 0.2379   | 0.4800  | 0.4042 
11    | 2           | [99, 100]           | [0.2600, 0.7400]                 | 0.1924   | 0.4800  | 0.3887 
12    | 3           | [99, 100, 101]      | [0.0400, 0.7000, 0.2600]         | 0.2516   | 0.4600  | 0.4452 
13    | 3           | [99, 100, 101]      | [0.0800, 0.7700, 0.1500]         | 0.2251   | 0.4200  | 0.3820 
14    | 3           | [99, 100, 101]      | [0.3700, 0.4300, 0.2000]         | 0.5411   | 0.7400  | 0.6446 
15    | 4           | [98, 99, 100, 101]  | [0.0600, 0.1900, 0.7100, 0.0400] | 0.3971   | 0.4600  | 0.4592 
16    | 3           | [99, 100, 102]      | [0.0800, 0.7300, 0.1900]         | 0.7500   | 0.4400  | 0.4289 
17    | 3           | [99, 100, 101]      | [0.4600, 0.5300, 0.0100]         | 0.2675   | 0.4800  | 0.5125 
18    | 3           | [99, 100, 101]      | [0.0100, 0.5000, 0.4900]         | 0.2696   | 0.5800  | 0.5150 
19    | 3           | [99, 100, 101]      | [0.0800, 0.7900, 0.1300]         | 0.2075   | 0.4200  | 0.3562 
20    | 4           | [99, 100, 101, 102] | [0.2700, 0.4800, 0.1000, 0.1500] | 0.9531   | 0.7400  | 0.6709 

[Per-locus summary - Population 2]
Locus | Num_Alleles | Alleles             | Frequencies                      | Variance | Obs_Het | Exp_Het
------+-------------+---------------------+----------------------------------+----------+---------+--------
1     | 3           | [99, 100, 101]      | [0.1500, 0.8300, 0.0200]         | 0.1531   | 0.3000  | 0.2911 
2     | 2           | [99, 100]           | [0.0600, 0.9400]                 | 0.0564   | 0.1200  | 0.1139 
3     | 3           | [99, 100, 101]      | [0.5000, 0.4500, 0.0500]         | 0.3475   | 0.5600  | 0.5505 
4     | 3           | [99, 100, 101]      | [0.1600, 0.8300, 0.0100]         | 0.1475   | 0.2800  | 0.2883 
5     | 3           | [99, 100, 101]      | [0.1000, 0.5100, 0.3900]         | 0.4059   | 0.6000  | 0.5836 
6     | 2           | [100, 101]          | [0.8900, 0.1100]                 | 0.0979   | 0.2200  | 0.1978 
7     | 4           | [99, 100, 101, 102] | [0.0200, 0.6500, 0.3000, 0.0300] | 0.3244   | 0.4400  | 0.4911 
8     | 3           | [99, 100, 101]      | [0.0400, 0.9300, 0.0300]         | 0.0699   | 0.1400  | 0.1339 
9     | 2           | [100, 101]          | [0.7700, 0.2300]                 | 0.1771   | 0.3800  | 0.3578 
10    | 4           | [99, 100, 101, 102] | [0.1800, 0.6700, 0.1300, 0.0200] | 0.3899   | 0.5200  | 0.5065 
11    | 2           | [99, 100]           | [0.2000, 0.8000]                 | 0.1600   | 0.2400  | 0.3232 
12    | 3           | [99, 100, 101]      | [0.0800, 0.7600, 0.1600]         | 0.2336   | 0.3400  | 0.3943 
13    | 3           | [99, 100, 101]      | [0.2800, 0.6400, 0.0800]         | 0.3200   | 0.5400  | 0.5107 
14    | 3           | [99, 100, 101]      | [0.3100, 0.4400, 0.2500]         | 0.5564   | 0.6000  | 0.6543 
15    | 4           | [98, 99, 100, 101]  | [0.0500, 0.2300, 0.6100, 0.1100] | 0.4916   | 0.5600  | 0.5661 
16    | 3           | [99, 100, 102]      | [0.0700, 0.7400, 0.1900]         | 0.7339   | 0.4600  | 0.4156 
17    | 3           | [99, 100, 101]      | [0.5400, 0.4500, 0.0100]         | 0.2691   | 0.5000  | 0.5109 
18    | 3           | [99, 100, 101]      | [0.0200, 0.5500, 0.4300]         | 0.2819   | 0.6200  | 0.5174 
19    | 3           | [99, 100, 101]      | [0.1900, 0.6900, 0.1200]         | 0.3051   | 0.4400  | 0.4782 
20    | 4           | [99, 100, 101, 102] | [0.2600, 0.4500, 0.1100, 0.1800] | 1.0459   | 0.7600  | 0.6923 
