
[Simulation Info]
simulation_id = sim_0003651
timestamp     = 20250428_084840
seed          = 92384
output_folder = /home/lejeunet/Bureau/simulations/Ref_table/sim_0003651

[Model Parameters]
pop_size           = 998
num_loci           = 20
sample1_generation = 30
sample2_generation = 10
low_repeats        = 1
high_repeats       = 200
mutation_rate      = 0.001
recap_Ne           = 998

[Sampling Design]
sample1_size_Ne  = 50
sample2_size_Ne  = 50
sample1_size_CMR = 50
sample2_size_CMR = 50

[Capture-Marquage-Recapture]
census_N   =  2601
MatchCount =  1

[Ne Estimates - One Sample - Decreasing critical values [0.050, 0.020, 0.010, 0+]]

[Linkage Desequilibrium]
LD_Ne_Pop1 = [225.7, 357.9, 465.8, 465.8]
LD_r2_Pop1 = [0.022739, 0.022202, 0.021989, 0.021989]
LD_Ne_Pop2 = [238.4, 305.8, 227.3, 227.3]
LD_r2_Pop2 = [0.022662, 0.022359, 0.022729, 0.022729]

[Heterozygote excess]
HE_Neb_mean_Pop1        = [72.7, 70.2, 70.2, 70.2]
HE_weighted_D_mean_Pop1 = [0.00692, 0.00718, 0.00718, 0.00718]
HE_Neb_mean_Pop2        = [None, 161.3, 161.1, 161.1]
HE_weighted_D_mean_Pop2 = [-0.00399, 0.00311, 0.00311, 0.00311]

[Molecular Coancestry]
Coan_Neb_n_Pop1 = None
Coan_f1_Pop1    = -0.00636
Coan_Neb_n_Pop2 = 25.4
Coan_f1_Pop2    = 0.01969

[Ne Estimates - Temporal - Decreasing critical values (0.050, 0.020, 0.010, 0+)]

[Pollak]
P_Ne     = [5598.4, -18773.3, 83918.7, 83918.9]
P_Fk     = [0.02089, 0.01973, 0.02006, 0.02006]
P_Fprime = [0.00089, -0.00027, 6e-05, 6e-05]

[Nei/Tajima]
N_Ne     = [17090.5, -7811.6, -13859.2, -13859.2]
N_Fc     = [0.02029, 0.01936, 0.01964, 0.01964]
N_Fprime = [0.00029, -0.00064, -0.00036, -0.00036]

[Jorde/Ryman]
J_Ne     = [-9451.3, -8007.9, -8342.3, -8342.3]
J_Fs     = [0.01957, 0.01948, 0.0195, 0.0195]
J_Fprime = [-0.00053, -0.00062, -0.0006, -0.0006]

[Genetic Diversity - Heterozygosity]
mean_exp_het_pop1 = 0.7423
mean_obs_het_pop1 = 0.7495
mean_exp_het_pop2 = 0.7431
mean_obs_het_pop2 = 0.7467

[Genetic Diversity - Allele Counts]
mean_alleles_pop1 = 6.24
var_alleles_pop1  = 1.89
sum_alleles_pop1  = 131
mean_alleles_pop2 = 6.5
var_alleles_pop2  = 1.72
sum_alleles_pop2  = 273

[Genetic Diversity - Allelic Size Variance]
var_allele_size_pop1 = 4.0185
var_allele_size_pop2 = 3.9071

[Per-locus summary - Population 1]
Locus | Num_Alleles | Alleles                                   | Frequencies                                                              | Variance | Obs_Het | Exp_Het
------+-------------+-------------------------------------------+--------------------------------------------------------------------------+----------+---------+--------
1     | 5           | [96, 97, 98, 99, 100]                     | [0.0900, 0.1700, 0.5000, 0.2000, 0.0400]                                 | 0.8851   | 0.7000  | 0.6782 
2     | 8           | [92, 93, 96, 97, 98, 103, 104, 105]       | [0.1900, 0.0600, 0.4000, 0.0300, 0.1500, 0.1000, 0.0400, 0.0300]         | 13.6376  | 0.7400  | 0.7721 
3     | 7           | [94, 95, 96, 97, 98, 100, 101]            | [0.1000, 0.0200, 0.2100, 0.3300, 0.0300, 0.0300, 0.2800]                 | 5.4939   | 0.7400  | 0.7640 
4     | 7           | [97, 98, 99, 100, 101, 102, 103]          | [0.0300, 0.1700, 0.1500, 0.2300, 0.1900, 0.1700, 0.0600]                 | 2.4931   | 0.8600  | 0.8346 
5     | 7           | [102, 103, 104, 105, 106, 107, 108]       | [0.1300, 0.1800, 0.0500, 0.2200, 0.2200, 0.1100, 0.0900]                 | 3.4019   | 0.7400  | 0.8396 
6     | 6           | [96, 97, 98, 99, 100, 101]                | [0.1300, 0.4500, 0.1500, 0.0400, 0.0900, 0.1400]                         | 2.6251   | 0.7400  | 0.7362 
7     | 4           | [97, 98, 99, 100]                         | [0.3700, 0.4100, 0.0900, 0.1300]                                         | 0.9796   | 0.7200  | 0.6768 
8     | 5           | [98, 99, 100, 101, 102]                   | [0.0100, 0.2600, 0.4600, 0.1800, 0.0900]                                 | 0.8336   | 0.5800  | 0.6871 
9     | 7           | [96, 97, 98, 99, 100, 101, 103]           | [0.0200, 0.1300, 0.2300, 0.1500, 0.1000, 0.3600, 0.0100]                 | 2.5339   | 0.7800  | 0.7753 
10    | 5           | [100, 101, 102, 103, 104]                 | [0.0600, 0.1900, 0.4300, 0.2500, 0.0700]                                 | 0.9536   | 0.6800  | 0.7151 
11    | 5           | [98, 99, 100, 101, 102]                   | [0.0500, 0.2300, 0.4000, 0.2700, 0.0500]                                 | 0.8984   | 0.7600  | 0.7164 
12    | 6           | [94, 95, 97, 98, 99, 100]                 | [0.0200, 0.0500, 0.0400, 0.3800, 0.2600, 0.2500]                         | 1.8299   | 0.7200  | 0.7283 
13    | 6           | [98, 99, 100, 101, 102, 104]              | [0.0500, 0.2100, 0.3200, 0.1700, 0.2300, 0.0200]                         | 1.6600   | 0.8600  | 0.7766 
14    | 5           | [97, 98, 99, 100, 101]                    | [0.2100, 0.1400, 0.0900, 0.3400, 0.2200]                                 | 2.1516   | 0.9000  | 0.7719 
15    | 8           | [97, 98, 99, 100, 101, 104, 105, 106]     | [0.0100, 0.2000, 0.3600, 0.0500, 0.0200, 0.0800, 0.2500, 0.0300]         | 8.9196   | 0.8400  | 0.7652 
16    | 4           | [99, 100, 101, 102]                       | [0.3300, 0.4200, 0.1700, 0.0800]                                         | 0.8200   | 0.7200  | 0.6863 
17    | 7           | [98, 99, 100, 101, 102, 103, 104]         | [0.0200, 0.0600, 0.3600, 0.4300, 0.0800, 0.0400, 0.0100]                 | 0.9875   | 0.7000  | 0.6802 
18    | 6           | [96, 98, 99, 100, 101, 102]               | [0.1800, 0.1600, 0.4700, 0.1000, 0.0500, 0.0400]                         | 2.2956   | 0.7600  | 0.7141 
19    | 9           | [93, 94, 95, 96, 101, 102, 103, 104, 105] | [0.0200, 0.2300, 0.3200, 0.1100, 0.0100, 0.0300, 0.0400, 0.1000, 0.1400] | 19.4571  | 0.8200  | 0.8081 
20    | 8           | [92, 93, 94, 95, 96, 97, 98, 99]          | [0.0200, 0.0200, 0.1400, 0.0200, 0.0700, 0.4300, 0.2800, 0.0200]         | 2.4379   | 0.7000  | 0.7178 
21    | 6           | [95, 96, 102, 103, 104, 105]              | [0.0300, 0.1500, 0.1000, 0.3000, 0.3700, 0.0500]                         | 9.0936   | 0.6800  | 0.7447 

[Per-locus summary - Population 2]
Locus | Num_Alleles | Alleles                                 | Frequencies                                                              | Variance | Obs_Het | Exp_Het
------+-------------+-----------------------------------------+--------------------------------------------------------------------------+----------+---------+--------
1     | 5           | [96, 97, 98, 99, 100]                   | [0.0400, 0.2500, 0.5300, 0.1600, 0.0200]                                 | 0.6331   | 0.7200  | 0.6353 
2     | 9           | [92, 93, 95, 96, 97, 98, 103, 104, 105] | [0.0800, 0.0400, 0.0300, 0.3400, 0.1300, 0.1200, 0.0900, 0.1200, 0.0500] | 14.6564  | 0.7800  | 0.8275 
3     | 7           | [94, 95, 96, 97, 98, 100, 101]          | [0.0700, 0.1300, 0.2200, 0.3400, 0.0200, 0.0100, 0.2100]                 | 4.8000   | 0.8200  | 0.7774 
4     | 7           | [98, 99, 100, 101, 102, 103, 104]       | [0.1800, 0.1100, 0.2900, 0.2100, 0.1700, 0.0300, 0.0100]                 | 2.1059   | 0.7600  | 0.8054 
5     | 7           | [102, 103, 104, 105, 106, 107, 108]     | [0.1100, 0.2000, 0.0500, 0.1700, 0.1700, 0.1600, 0.1400]                 | 3.8931   | 0.8000  | 0.8509 
6     | 6           | [96, 97, 98, 99, 100, 101]              | [0.1300, 0.3600, 0.2500, 0.0600, 0.0800, 0.1200]                         | 2.3384   | 0.7200  | 0.7743 
7     | 5           | [96, 97, 98, 99, 100]                   | [0.0100, 0.3400, 0.4200, 0.1500, 0.0800]                                 | 0.8475   | 0.7400  | 0.6859 
8     | 5           | [98, 99, 100, 101, 102]                 | [0.0100, 0.2700, 0.3900, 0.1900, 0.1400]                                 | 1.0276   | 0.7000  | 0.7265 
9     | 8           | [96, 97, 98, 99, 100, 101, 102, 103]    | [0.0100, 0.1300, 0.2800, 0.2100, 0.0500, 0.2800, 0.0100, 0.0300]         | 2.5939   | 0.9000  | 0.7865 
10    | 5           | [100, 101, 102, 103, 104]               | [0.0800, 0.1500, 0.5000, 0.2100, 0.0600]                                 | 0.9196   | 0.7400  | 0.6802 
11    | 5           | [98, 99, 100, 101, 102]                 | [0.0400, 0.2700, 0.4100, 0.2100, 0.0700]                                 | 0.9200   | 0.6600  | 0.7156 
12    | 6           | [94, 95, 97, 98, 99, 100]               | [0.0100, 0.1000, 0.0400, 0.3200, 0.2800, 0.2500]                         | 2.2200   | 0.7400  | 0.7525 
13    | 6           | [98, 99, 100, 101, 102, 104]            | [0.0800, 0.2000, 0.3200, 0.1200, 0.2700, 0.0100]                         | 1.7644   | 0.8000  | 0.7715 
14    | 5           | [97, 98, 99, 100, 101]                  | [0.1800, 0.2500, 0.0600, 0.3900, 0.1200]                                 | 1.8396   | 0.8000  | 0.7424 
15    | 8           | [97, 98, 99, 100, 101, 104, 105, 106]   | [0.0300, 0.1200, 0.4500, 0.0400, 0.0300, 0.1500, 0.1600, 0.0200]         | 7.7571   | 0.7000  | 0.7386 
16    | 5           | [97, 99, 100, 101, 102]                 | [0.0200, 0.3000, 0.4400, 0.1600, 0.0800]                                 | 0.9584   | 0.6200  | 0.6909 
17    | 7           | [98, 99, 100, 101, 102, 103, 104]       | [0.0300, 0.0700, 0.2800, 0.5300, 0.0600, 0.0200, 0.0100]                 | 0.9156   | 0.5800  | 0.6372 
18    | 7           | [96, 97, 98, 99, 100, 101, 102]         | [0.1000, 0.0500, 0.2000, 0.4200, 0.1200, 0.0800, 0.0300]                 | 1.9571   | 0.8000  | 0.7570 
19    | 8           | [93, 94, 95, 96, 102, 103, 104, 105]    | [0.0400, 0.3100, 0.3300, 0.0600, 0.0400, 0.0500, 0.1100, 0.0600]         | 16.8364  | 0.7800  | 0.7778 
20    | 7           | [92, 93, 94, 96, 97, 98, 99]            | [0.0200, 0.0200, 0.1900, 0.0600, 0.3000, 0.4000, 0.0100]                 | 2.8779   | 0.7400  | 0.7166 
21    | 7           | [95, 96, 101, 102, 103, 104, 105]       | [0.0200, 0.2000, 0.0100, 0.1100, 0.2600, 0.3600, 0.0400]                 | 10.1875  | 0.7800  | 0.7562 
