
[Simulation Info]
simulation_id = sim_0012555
timestamp     = 20250429_095606
seed          = 917962
output_folder = /home/lejeunet/Bureau/simulations/Ref_table/sim_0012555

[Model Parameters]
pop_size           = 809
num_loci           = 20
sample1_generation = 30
sample2_generation = 10
low_repeats        = 1
high_repeats       = 200
mutation_rate      = 0.001
recap_Ne           = 809

[Sampling Design]
sample1_size_Ne  = 50
sample2_size_Ne  = 50
sample1_size_CMR = 50
sample2_size_CMR = 50

[Capture-Marquage-Recapture]
census_N   =  1300
MatchCount =  2

[Ne Estimates - One Sample - Decreasing critical values [0.050, 0.020, 0.010, 0+]]

[Linkage Desequilibrium]
LD_Ne_Pop1 = [348.9, 214.9, 241.8, 241.8]
LD_r2_Pop1 = [0.022226, 0.022812, 0.022643, 0.022643]
LD_Ne_Pop2 = [893.6, 1105.5, 1428.2, 1428.2]
LD_r2_Pop2 = [0.021648, 0.021577, 0.021509, 0.021509]

[Heterozygote excess]
HE_Neb_mean_Pop1        = [82.2, 123.0, 123.0, 123.0]
HE_weighted_D_mean_Pop1 = [0.00612, 0.00408, 0.00408, 0.00408]
HE_Neb_mean_Pop2        = [69.3, 150.7, 161.1, 161.1]
HE_weighted_D_mean_Pop2 = [0.00727, 0.00333, 0.00311, 0.00311]

[Molecular Coancestry]
Coan_Neb_n_Pop1 = 10.1
Coan_f1_Pop1    = 0.04951
Coan_Neb_n_Pop2 = 35.9
Coan_f1_Pop2    = 0.01393

[Ne Estimates - Temporal - Decreasing critical values (0.050, 0.020, 0.010, 0+)]

[Pollak]
P_Ne     = [2509.9, 1469.6, 1604.8, 1604.8]
P_Fk     = [0.02199, 0.0234, 0.02312, 0.02312]
P_Fprime = [0.00199, 0.0034, 0.00312, 0.00312]

[Nei/Tajima]
N_Ne     = [2058.9, 1410.4, 1514.6, 1514.6]
N_Fc     = [0.02243, 0.02355, 0.0233, 0.0233]
N_Fprime = [0.00243, 0.00355, 0.0033, 0.0033]

[Jorde/Ryman]
J_Ne     = [859.0, 805.2, 805.3, 805.3]
J_Fs     = [0.02593, 0.02632, 0.02632, 0.02632]
J_Fprime = [0.00582, 0.00621, 0.00621, 0.00621]

[Genetic Diversity - Heterozygosity]
mean_exp_het_pop1 = 0.6347
mean_obs_het_pop1 = 0.6486
mean_exp_het_pop2 = 0.6399
mean_obs_het_pop2 = 0.6467

[Genetic Diversity - Allele Counts]
mean_alleles_pop1 = 5.24
var_alleles_pop1  = 1.19
sum_alleles_pop1  = 110
mean_alleles_pop2 = 5.36
var_alleles_pop2  = 1.55
sum_alleles_pop2  = 225

[Genetic Diversity - Allelic Size Variance]
var_allele_size_pop1 = 1.5068
var_allele_size_pop2 = 1.4777

[Per-locus summary - Population 1]
Locus | Num_Alleles | Alleles                             | Frequencies                                                      | Variance | Obs_Het | Exp_Het
------+-------------+-------------------------------------+------------------------------------------------------------------+----------+---------+--------
1     | 6           | [97, 98, 99, 100, 101, 102]         | [0.1600, 0.1100, 0.5800, 0.0800, 0.0500, 0.0200]                 | 1.1739   | 0.5600  | 0.6228 
2     | 4           | [99, 100, 101, 103]                 | [0.0700, 0.7900, 0.1300, 0.0100]                                 | 0.2819   | 0.3400  | 0.3576 
3     | 5           | [98, 99, 100, 101, 102]             | [0.0400, 0.1800, 0.5600, 0.0200, 0.2000]                         | 1.1344   | 0.6600  | 0.6182 
4     | 4           | [99, 100, 101, 102]                 | [0.0500, 0.1700, 0.7500, 0.0300]                                 | 0.3424   | 0.4400  | 0.4093 
5     | 5           | [97, 98, 99, 100, 101]              | [0.0100, 0.1100, 0.5300, 0.2800, 0.0700]                         | 0.6259   | 0.6200  | 0.6299 
6     | 4           | [99, 100, 101, 102]                 | [0.0700, 0.0900, 0.5500, 0.2900]                                 | 0.6564   | 0.6800  | 0.6065 
7     | 3           | [100, 101, 102]                     | [0.1500, 0.7500, 0.1000]                                         | 0.2475   | 0.4200  | 0.4091 
8     | 6           | [95, 96, 97, 98, 99, 100]           | [0.1100, 0.0200, 0.1200, 0.4200, 0.2700, 0.0600]                 | 1.6900   | 0.7000  | 0.7275 
9     | 8           | [95, 96, 97, 98, 99, 100, 103, 104] | [0.0100, 0.0200, 0.1100, 0.0500, 0.1400, 0.2700, 0.1100, 0.2900] | 6.9059   | 0.7400  | 0.8042 
10    | 6           | [97, 98, 99, 100, 101, 102]         | [0.0400, 0.1700, 0.6700, 0.0100, 0.0700, 0.0400]                 | 0.9796   | 0.5800  | 0.5192 
11    | 7           | [96, 97, 98, 99, 100, 101, 102]     | [0.0100, 0.1600, 0.3200, 0.0700, 0.0300, 0.1500, 0.2600]         | 3.8264   | 0.7400  | 0.7838 
12    | 5           | [100, 101, 102, 103, 104]           | [0.0900, 0.2200, 0.3200, 0.3600, 0.0100]                         | 0.9796   | 0.8000  | 0.7186 
13    | 5           | [98, 99, 100, 101, 102]             | [0.0500, 0.2800, 0.1000, 0.2100, 0.3600]                         | 1.8275   | 0.6600  | 0.7428 
14    | 5           | [98, 99, 100, 101, 102]             | [0.0200, 0.3200, 0.3700, 0.1200, 0.1700]                         | 1.1900   | 0.7400  | 0.7242 
15    | 5           | [98, 99, 101, 102, 103]             | [0.2700, 0.0600, 0.0200, 0.4900, 0.1600]                         | 3.7856   | 0.7800  | 0.6640 
16    | 6           | [99, 100, 101, 102, 103, 104]       | [0.0800, 0.0300, 0.3800, 0.3500, 0.1500, 0.0100]                 | 1.1499   | 0.7200  | 0.7103 
17    | 5           | [100, 101, 102, 103, 104]           | [0.0400, 0.4100, 0.4800, 0.0600, 0.0100]                         | 0.5019   | 0.6200  | 0.6022 
18    | 5           | [98, 99, 100, 101, 102]             | [0.2000, 0.3700, 0.0800, 0.2800, 0.0700]                         | 1.6075   | 0.7400  | 0.7408 
19    | 6           | [97, 98, 99, 100, 101, 102]         | [0.0200, 0.0300, 0.1700, 0.1400, 0.6100, 0.0300]                 | 1.0556   | 0.6200  | 0.5830 
20    | 5           | [99, 100, 101, 102, 103]            | [0.0300, 0.2000, 0.2700, 0.4900, 0.0100]                         | 0.7875   | 0.7000  | 0.6525 
21    | 5           | [97, 98, 99, 100, 101]              | [0.0200, 0.2300, 0.4500, 0.2000, 0.1000]                         | 0.8931   | 0.7600  | 0.7012 

[Per-locus summary - Population 2]
Locus | Num_Alleles | Alleles                              | Frequencies                                                      | Variance | Obs_Het | Exp_Het
------+-------------+--------------------------------------+------------------------------------------------------------------+----------+---------+--------
1     | 6           | [97, 98, 99, 100, 101, 102]          | [0.1000, 0.1200, 0.6000, 0.1300, 0.0300, 0.0200]                 | 0.9451   | 0.5800  | 0.6034 
2     | 4           | [99, 100, 101, 103]                  | [0.1300, 0.7900, 0.0400, 0.0400]                                 | 0.5291   | 0.3400  | 0.3594 
3     | 5           | [98, 99, 100, 101, 102]              | [0.0300, 0.2000, 0.5000, 0.0100, 0.2600]                         | 1.2971   | 0.5800  | 0.6479 
4     | 4           | [99, 100, 101, 102]                  | [0.0800, 0.1500, 0.7000, 0.0700]                                 | 0.4824   | 0.5000  | 0.4810 
5     | 4           | [98, 99, 100, 101]                   | [0.0900, 0.6500, 0.2300, 0.0300]                                 | 0.4000   | 0.5400  | 0.5208 
6     | 4           | [99, 100, 101, 102]                  | [0.0900, 0.1300, 0.6300, 0.1500]                                 | 0.6144   | 0.5400  | 0.5612 
7     | 3           | [100, 101, 102]                      | [0.1600, 0.7500, 0.0900]                                         | 0.2451   | 0.4800  | 0.4079 
8     | 7           | [95, 96, 97, 98, 99, 100, 101]       | [0.0600, 0.0100, 0.0700, 0.4100, 0.3200, 0.1200, 0.0100]         | 1.4376   | 0.7600  | 0.7135 
9     | 7           | [96, 97, 98, 99, 100, 103, 104]      | [0.0100, 0.1300, 0.0500, 0.1100, 0.3600, 0.1100, 0.2300]         | 5.9379   | 0.7400  | 0.7816 
10    | 5           | [98, 99, 100, 101, 102]              | [0.2200, 0.5700, 0.0600, 0.0800, 0.0700]                         | 1.1859   | 0.5200  | 0.6180 
11    | 8           | [96, 97, 98, 99, 100, 101, 102, 103] | [0.0100, 0.1300, 0.4800, 0.0500, 0.0700, 0.0800, 0.1600, 0.0200] | 3.2396   | 0.7800  | 0.7200 
12    | 6           | [99, 100, 101, 102, 103, 104]        | [0.0100, 0.1400, 0.2400, 0.3300, 0.2700, 0.0100]                 | 1.1324   | 0.7800  | 0.7483 
13    | 5           | [98, 99, 100, 101, 102]              | [0.0700, 0.4000, 0.0700, 0.2300, 0.2300]                         | 1.8075   | 0.6600  | 0.7317 
14    | 5           | [98, 99, 100, 101, 102]              | [0.0100, 0.3200, 0.3400, 0.1300, 0.2000]                         | 1.2539   | 0.6600  | 0.7323 
15    | 6           | [97, 98, 99, 101, 102, 103]          | [0.0100, 0.2300, 0.0900, 0.0500, 0.4900, 0.1300]                 | 3.5744   | 0.8000  | 0.6863 
16    | 6           | [99, 100, 101, 102, 103, 104]        | [0.0900, 0.0200, 0.3100, 0.4900, 0.0800, 0.0100]                 | 1.0496   | 0.6000  | 0.6553 
17    | 5           | [100, 101, 102, 103, 104]            | [0.0800, 0.4800, 0.3200, 0.1000, 0.0200]                         | 0.7300   | 0.6200  | 0.6570 
18    | 5           | [98, 99, 100, 101, 102]              | [0.3000, 0.2900, 0.1200, 0.1700, 0.1200]                         | 1.9096   | 0.8400  | 0.7760 
19    | 6           | [98, 99, 100, 101, 102, 103]         | [0.0700, 0.2600, 0.1300, 0.4900, 0.0100, 0.0400]                 | 1.3771   | 0.7200  | 0.6756 
20    | 5           | [99, 100, 101, 102, 103]             | [0.0400, 0.2000, 0.2100, 0.5300, 0.0200]                         | 0.8859   | 0.6800  | 0.6394 
21    | 4           | [98, 99, 100, 101]                   | [0.2600, 0.4000, 0.1900, 0.1500]                                 | 0.9971   | 0.8600  | 0.7210 
