
[Simulation Info]
simulation_id = sim_0006825
timestamp     = 20250428_100656
seed          = 814509
output_folder = /home/lejeunet/Bureau/simulations/Ref_table/sim_0006825

[Model Parameters]
pop_size           = 6842
num_loci           = 20
sample1_generation = 30
sample2_generation = 10
low_repeats        = 1
high_repeats       = 200
mutation_rate      = 0.001
recap_Ne           = 6842

[Sampling Design]
sample1_size_Ne  = 50
sample2_size_Ne  = 50
sample1_size_CMR = 50
sample2_size_CMR = 50

[Capture-Marquage-Recapture]
census_N   =  0
MatchCount =  0
# There were no match between sampling of individuals during CMR.

[Ne Estimates - One Sample - Decreasing critical values [0.050, 0.020, 0.010, 0+]]

[Linkage Desequilibrium]
LD_Ne_Pop1 = [None, None, None, None]
LD_r2_Pop1 = [0.02104, 0.02104, 0.021014, 0.021014]
LD_Ne_Pop2 = [1157.0, 817.3, 1284.2, 1284.2]
LD_r2_Pop2 = [0.021564, 0.021683, 0.021535, 0.021535]

[Heterozygote excess]
HE_Neb_mean_Pop1        = [None, None, None, None]
HE_weighted_D_mean_Pop1 = [-0.01444, -0.00916, -0.00432, -0.00432]
HE_Neb_mean_Pop2        = [None, 404.2, 1272.4, 1272.4]
HE_weighted_D_mean_Pop2 = [-0.00141, 0.00124, 0.00039, 0.00039]

[Molecular Coancestry]
Coan_Neb_n_Pop1 = None
Coan_f1_Pop1    = -0.01084
Coan_Neb_n_Pop2 = 72.1
Coan_f1_Pop2    = 0.00693

[Ne Estimates - Temporal - Decreasing critical values (0.050, 0.020, 0.010, 0+)]

[Pollak]
P_Ne     = [2946.0, 6469.5, 7431.2, 6159.6]
P_Fk     = [0.0217, 0.02077, 0.02067, 0.02081]
P_Fprime = [0.0017, 0.00077, 0.00067, 0.00081]

[Nei/Tajima]
N_Ne     = [3623.5, 9963.8, 11503.1, 8717.4]
N_Fc     = [0.02138, 0.0205, 0.02043, 0.02057]
N_Fprime = [0.00138, 0.0005, 0.00043, 0.00057]

[Jorde/Ryman]
J_Ne     = [2617.6, 4614.4, 3708.4, 3595.1]
J_Fs     = [0.02201, 0.02118, 0.02145, 0.02149]
J_Fprime = [0.00191, 0.00108, 0.00135, 0.00139]

[Genetic Diversity - Heterozygosity]
mean_exp_het_pop1 = 0.8777
mean_obs_het_pop1 = 0.8676
mean_exp_het_pop2 = 0.8791
mean_obs_het_pop2 = 0.8752

[Genetic Diversity - Allele Counts]
mean_alleles_pop1 = 13.05
var_alleles_pop1  = 3.85
sum_alleles_pop1  = 274
mean_alleles_pop2 = 13.45
var_alleles_pop2  = 4.64
sum_alleles_pop2  = 565

[Genetic Diversity - Allelic Size Variance]
var_allele_size_pop1 = 18.2727
var_allele_size_pop2 = 17.8822

[Per-locus summary - Population 1]
Locus | Num_Alleles | Alleles                                                                            | Frequencies                                                                                                                              | Variance | Obs_Het | Exp_Het
------+-------------+------------------------------------------------------------------------------------+------------------------------------------------------------------------------------------------------------------------------------------+----------+---------+--------
1     | 9           | [90, 91, 92, 93, 94, 95, 96, 97, 98]                                               | [0.0300, 0.0500, 0.1400, 0.1800, 0.1600, 0.1900, 0.0600, 0.1700, 0.0200]                                                                 | 3.9211   | 0.9200  | 0.8586 
2     | 14          | [98, 99, 100, 101, 102, 103, 104, 105, 106, 107, 109, 110, 111, 112]               | [0.0200, 0.1000, 0.1900, 0.0700, 0.0200, 0.0100, 0.1100, 0.1000, 0.0700, 0.0600, 0.0100, 0.0900, 0.1400, 0.0100]                         | 18.7051  | 0.8600  | 0.8986 
3     | 12          | [98, 99, 100, 101, 102, 103, 104, 109, 110, 111, 112, 113]                         | [0.0100, 0.0800, 0.3100, 0.1900, 0.0900, 0.0700, 0.0200, 0.0100, 0.0400, 0.0500, 0.0300, 0.1000]                                         | 23.0724  | 0.8000  | 0.8412 
4     | 12          | [89, 90, 91, 92, 93, 94, 95, 97, 98, 99, 100, 101]                                 | [0.0100, 0.1000, 0.2800, 0.1400, 0.0300, 0.0400, 0.0400, 0.0500, 0.2200, 0.0400, 0.0400, 0.0100]                                         | 11.8996  | 0.8200  | 0.8420 
5     | 15          | [93, 94, 95, 96, 97, 98, 99, 100, 101, 102, 103, 104, 105, 106, 107]               | [0.0100, 0.0100, 0.0800, 0.2400, 0.0500, 0.0800, 0.1400, 0.1200, 0.0400, 0.0200, 0.0100, 0.0800, 0.0800, 0.0300, 0.0100]                 | 11.9204  | 0.8600  | 0.8859 
6     | 11          | [91, 92, 93, 94, 95, 96, 97, 98, 99, 100, 101]                                     | [0.0100, 0.0400, 0.0700, 0.0400, 0.1600, 0.1900, 0.3900, 0.0300, 0.0200, 0.0300, 0.0200]                                                 | 3.5051   | 0.8000  | 0.7832 
7     | 14          | [88, 89, 90, 91, 92, 93, 98, 99, 100, 101, 102, 103, 106, 107]                     | [0.0400, 0.0100, 0.0800, 0.1200, 0.1900, 0.1400, 0.0100, 0.0800, 0.0800, 0.0200, 0.0300, 0.0300, 0.0600, 0.1100]                         | 37.5771  | 0.8400  | 0.9000 
8     | 12          | [96, 97, 98, 99, 100, 101, 102, 103, 104, 105, 106, 109]                           | [0.1300, 0.1100, 0.1300, 0.0700, 0.0300, 0.0100, 0.1100, 0.1300, 0.0500, 0.1800, 0.0200, 0.0300]                                         | 12.8651  | 0.9600  | 0.8919 
9     | 12          | [92, 94, 95, 96, 97, 98, 99, 100, 103, 104, 105, 106]                              | [0.0200, 0.1000, 0.1900, 0.1100, 0.1100, 0.0200, 0.0200, 0.0900, 0.1700, 0.0700, 0.0500, 0.0500]                                         | 16.7400  | 0.8800  | 0.8905 
10    | 14          | [90, 91, 93, 94, 95, 96, 97, 98, 99, 100, 101, 102, 103, 104]                      | [0.0100, 0.0100, 0.0100, 0.0800, 0.1200, 0.0600, 0.0700, 0.1200, 0.0800, 0.0400, 0.0300, 0.2300, 0.1300, 0.0100]                         | 11.1939  | 0.8000  | 0.8861 
11    | 12          | [95, 96, 97, 98, 99, 100, 101, 102, 103, 104, 105, 106]                            | [0.0600, 0.0700, 0.0100, 0.0100, 0.0400, 0.0900, 0.1100, 0.0300, 0.1000, 0.1900, 0.2300, 0.0600]                                         | 10.5851  | 0.9000  | 0.8748 
12    | 14          | [94, 95, 96, 97, 98, 99, 100, 101, 108, 109, 110, 111, 112, 113]                   | [0.0400, 0.0900, 0.0800, 0.1800, 0.1200, 0.0400, 0.0900, 0.0200, 0.0300, 0.0200, 0.0500, 0.0800, 0.1500, 0.0100]                         | 44.9536  | 0.8200  | 0.9032 
13    | 13          | [94, 95, 96, 97, 98, 99, 100, 101, 102, 103, 104, 105, 106]                        | [0.0100, 0.0300, 0.0400, 0.1200, 0.0400, 0.0800, 0.1800, 0.1400, 0.1000, 0.0900, 0.0600, 0.0300, 0.0800]                                 | 8.6619   | 0.9600  | 0.9030 
14    | 13          | [95, 97, 98, 99, 100, 101, 104, 106, 107, 108, 109, 110, 111]                      | [0.0100, 0.1300, 0.1200, 0.3000, 0.0300, 0.0100, 0.0200, 0.1000, 0.1300, 0.0900, 0.0200, 0.0300, 0.0100]                                 | 20.3651  | 0.8200  | 0.8493 
15    | 14          | [92, 93, 94, 95, 96, 97, 98, 99, 100, 101, 102, 103, 106, 107]                     | [0.0100, 0.0400, 0.0100, 0.1800, 0.1900, 0.1600, 0.0500, 0.0600, 0.0100, 0.0900, 0.1000, 0.0200, 0.0100, 0.0700]                         | 13.3476  | 0.8600  | 0.8832 
16    | 17          | [96, 98, 99, 100, 101, 104, 105, 106, 108, 109, 110, 111, 112, 113, 114, 115, 116] | [0.0200, 0.1500, 0.1000, 0.0200, 0.0100, 0.1000, 0.0600, 0.0400, 0.0600, 0.1200, 0.0500, 0.0200, 0.0700, 0.0600, 0.1000, 0.0100, 0.0100] | 34.2136  | 0.8800  | 0.9210 
17    | 12          | [95, 96, 97, 98, 99, 100, 101, 102, 103, 104, 105, 106]                            | [0.0300, 0.0800, 0.1200, 0.1800, 0.0800, 0.0800, 0.0500, 0.1900, 0.0700, 0.0100, 0.1000, 0.0100]                                         | 8.3691   | 0.9000  | 0.8883 
18    | 11          | [95, 96, 97, 99, 100, 101, 102, 103, 104, 105, 106]                                | [0.0100, 0.0300, 0.0200, 0.1400, 0.1500, 0.1900, 0.0900, 0.2200, 0.0500, 0.0700, 0.0300]                                                 | 5.2779   | 0.8000  | 0.8642 
19    | 16          | [90, 91, 92, 93, 94, 95, 96, 103, 104, 105, 106, 107, 108, 109, 110, 111]          | [0.0300, 0.2400, 0.0400, 0.1100, 0.0300, 0.0600, 0.0300, 0.0200, 0.0100, 0.0100, 0.0200, 0.0400, 0.1000, 0.1800, 0.0700, 0.0100]         | 65.7731  | 0.8800  | 0.8812 
20    | 11          | [92, 94, 95, 96, 97, 98, 99, 100, 101, 102, 103]                                   | [0.0400, 0.1300, 0.1100, 0.0800, 0.2300, 0.0300, 0.0700, 0.0600, 0.0900, 0.1500, 0.0100]                                                 | 8.6931   | 0.9000  | 0.8788 
21    | 16          | [94, 95, 96, 97, 98, 99, 100, 101, 102, 103, 104, 105, 106, 107, 108, 109]         | [0.0100, 0.0200, 0.0400, 0.1600, 0.1300, 0.1100, 0.0900, 0.0300, 0.1500, 0.0300, 0.0700, 0.0700, 0.0100, 0.0400, 0.0300, 0.0100]         | 12.0875  | 0.9600  | 0.9075 

[Per-locus summary - Population 2]
Locus | Num_Alleles | Alleles                                                                                 | Frequencies                                                                                                                                      | Variance | Obs_Het | Exp_Het
------+-------------+-----------------------------------------------------------------------------------------+--------------------------------------------------------------------------------------------------------------------------------------------------+----------+---------+--------
1     | 10          | [90, 91, 92, 93, 94, 95, 96, 97, 98, 100]                                               | [0.0100, 0.0600, 0.1500, 0.1600, 0.0900, 0.2500, 0.1000, 0.1300, 0.0200, 0.0300]                                                                 | 4.5036   | 0.8200  | 0.8580 
2     | 16          | [98, 99, 100, 101, 102, 103, 104, 105, 106, 107, 108, 109, 110, 111, 112, 113]          | [0.0100, 0.0400, 0.2600, 0.0900, 0.0200, 0.0500, 0.0300, 0.0700, 0.0700, 0.0600, 0.0600, 0.0500, 0.0900, 0.0700, 0.0200, 0.0100]                 | 18.0700  | 0.8800  | 0.8948 
3     | 12          | [99, 100, 101, 102, 103, 104, 110, 111, 112, 113, 114, 115]                             | [0.1000, 0.2600, 0.1900, 0.1300, 0.0800, 0.0400, 0.0300, 0.0400, 0.0200, 0.0900, 0.0100, 0.0100]                                                 | 22.1339  | 0.8600  | 0.8588 
4     | 10          | [90, 91, 92, 93, 94, 95, 97, 98, 99, 100]                                               | [0.0800, 0.3100, 0.0700, 0.0700, 0.0600, 0.0200, 0.0600, 0.2300, 0.0700, 0.0300]                                                                 | 11.4539  | 0.7800  | 0.8297 
5     | 13          | [93, 94, 95, 96, 97, 98, 99, 100, 101, 102, 104, 105, 106]                              | [0.0100, 0.0100, 0.0500, 0.2200, 0.0600, 0.1200, 0.1900, 0.1000, 0.0100, 0.0200, 0.1400, 0.0400, 0.0300]                                         | 10.4656  | 0.8800  | 0.8709 
6     | 11          | [92, 93, 94, 95, 96, 97, 98, 99, 100, 101, 102]                                         | [0.0400, 0.0200, 0.0800, 0.1700, 0.1200, 0.3900, 0.0500, 0.0300, 0.0500, 0.0300, 0.0200]                                                         | 4.1900   | 0.8000  | 0.7970 
7     | 14          | [88, 89, 90, 91, 92, 93, 94, 99, 100, 101, 102, 103, 106, 107]                          | [0.0600, 0.0600, 0.0400, 0.1200, 0.1800, 0.1500, 0.0100, 0.0800, 0.0900, 0.0100, 0.0100, 0.0400, 0.1000, 0.0500]                                 | 36.1179  | 0.8800  | 0.9020 
8     | 11          | [96, 97, 98, 99, 100, 102, 103, 104, 105, 107, 109]                                     | [0.1600, 0.0400, 0.1200, 0.1100, 0.0200, 0.1600, 0.2400, 0.0500, 0.0700, 0.0100, 0.0200]                                                         | 10.4371  | 0.8600  | 0.8634 
9     | 12          | [93, 94, 95, 96, 97, 98, 99, 100, 103, 104, 105, 106]                                   | [0.0200, 0.1200, 0.1400, 0.0700, 0.0700, 0.1100, 0.0100, 0.0600, 0.2000, 0.0900, 0.0900, 0.0200]                                                 | 16.6475  | 0.8600  | 0.8923 
10    | 14          | [91, 92, 94, 95, 96, 97, 98, 99, 100, 101, 102, 103, 104, 105]                          | [0.0100, 0.0400, 0.0800, 0.1700, 0.1500, 0.0700, 0.0800, 0.0600, 0.0600, 0.0400, 0.0800, 0.1300, 0.0200, 0.0100]                                 | 11.8075  | 0.9400  | 0.9057 
11    | 13          | [94, 95, 96, 97, 98, 99, 100, 101, 102, 103, 104, 105, 106]                             | [0.0400, 0.0200, 0.0500, 0.0200, 0.0200, 0.0700, 0.0800, 0.0600, 0.0200, 0.1400, 0.2300, 0.2300, 0.0200]                                         | 10.6200  | 0.8600  | 0.8622 
12    | 15          | [94, 95, 96, 97, 98, 99, 100, 101, 102, 108, 109, 110, 111, 112, 113]                   | [0.0200, 0.0600, 0.0700, 0.1000, 0.1000, 0.0700, 0.1100, 0.0100, 0.0200, 0.0100, 0.0100, 0.0500, 0.1300, 0.2100, 0.0300]                         | 47.9259  | 0.8800  | 0.8980 
13    | 13          | [94, 95, 96, 97, 98, 99, 100, 101, 102, 103, 104, 105, 106]                             | [0.0100, 0.0600, 0.0400, 0.1400, 0.0900, 0.0500, 0.1600, 0.1100, 0.1100, 0.0300, 0.0600, 0.0900, 0.0500]                                         | 9.9424   | 0.9600  | 0.9087 
14    | 13          | [95, 96, 97, 98, 99, 100, 105, 106, 107, 108, 109, 110, 111]                            | [0.0100, 0.0300, 0.1200, 0.1800, 0.1500, 0.0500, 0.0100, 0.0900, 0.1900, 0.1200, 0.0100, 0.0300, 0.0100]                                         | 22.7044  | 0.8800  | 0.8762 
15    | 14          | [92, 93, 94, 95, 96, 97, 98, 99, 100, 101, 102, 103, 106, 107]                          | [0.0100, 0.0700, 0.0100, 0.1800, 0.1400, 0.1600, 0.0600, 0.1100, 0.0200, 0.0300, 0.0900, 0.0100, 0.0200, 0.0900]                                 | 15.2939  | 0.8600  | 0.8925 
16    | 18          | [97, 98, 99, 100, 101, 102, 104, 105, 106, 107, 108, 109, 110, 111, 112, 113, 114, 115] | [0.0100, 0.0600, 0.1100, 0.0400, 0.0100, 0.0400, 0.0500, 0.0400, 0.0400, 0.0100, 0.0900, 0.1400, 0.0600, 0.0600, 0.0800, 0.0600, 0.0900, 0.0100] | 28.2251  | 0.9200  | 0.9313 
17    | 12          | [95, 96, 97, 98, 99, 100, 101, 102, 103, 104, 105, 106]                                 | [0.0200, 0.0900, 0.0500, 0.2200, 0.0900, 0.0600, 0.1200, 0.2000, 0.0700, 0.0100, 0.0400, 0.0300]                                                 | 7.1499   | 0.9200  | 0.8758 
18    | 10          | [97, 98, 99, 100, 101, 102, 103, 104, 105, 106]                                         | [0.0200, 0.0300, 0.1000, 0.1800, 0.1200, 0.1200, 0.1200, 0.1300, 0.0700, 0.1100]                                                                 | 5.7491   | 0.9400  | 0.8881 
19    | 14          | [90, 91, 92, 93, 94, 95, 96, 103, 105, 106, 107, 108, 109, 110]                         | [0.0800, 0.3000, 0.0300, 0.0700, 0.0300, 0.0700, 0.0500, 0.0100, 0.0100, 0.0300, 0.0300, 0.1500, 0.1100, 0.0300]                                 | 61.6800  | 0.8000  | 0.8606 
20    | 12          | [92, 93, 94, 95, 96, 97, 98, 99, 100, 101, 102, 103]                                    | [0.0300, 0.0400, 0.1800, 0.1200, 0.1300, 0.1600, 0.0600, 0.0500, 0.0600, 0.1000, 0.0600, 0.0100]                                                 | 7.8656   | 0.9000  | 0.8937 
21    | 14          | [94, 95, 96, 97, 98, 99, 100, 101, 102, 103, 104, 105, 106, 108]                        | [0.0300, 0.0100, 0.0800, 0.0900, 0.0800, 0.1000, 0.1100, 0.0400, 0.2200, 0.0100, 0.0600, 0.0700, 0.0300, 0.0700]                                 | 12.5424  | 0.9000  | 0.9006 
