
[Simulation Info]
simulation_id = sim_0003245
timestamp     = 20250428_084003
seed          = 408941
output_folder = /home/lejeunet/Bureau/simulations/Ref_table/sim_0003245

[Model Parameters]
pop_size           = 5361
num_loci           = 20
sample1_generation = 30
sample2_generation = 10
low_repeats        = 1
high_repeats       = 200
mutation_rate      = 0.001
recap_Ne           = 5361

[Sampling Design]
sample1_size_Ne  = 50
sample2_size_Ne  = 50
sample1_size_CMR = 50
sample2_size_CMR = 50

[Capture-Marquage-Recapture]
census_N   =  0
MatchCount =  0
# There were no match between sampling of individuals during CMR.

[Ne Estimates - One Sample - Decreasing critical values [0.050, 0.020, 0.010, 0+]]

[Linkage Desequilibrium]
LD_Ne_Pop1 = [3192.3, None, None, None]
LD_r2_Pop1 = [0.02138, 0.021081, 0.021011, 0.021011]
LD_Ne_Pop2 = [None, None, None, None]
LD_r2_Pop2 = [0.02104, 0.021165, 0.021133, 0.021133]

[Heterozygote excess]
HE_Neb_mean_Pop1        = [53.7, 85.9, 110.4, 110.4]
HE_weighted_D_mean_Pop1 = [0.0094, 0.00586, 0.00455, 0.00455]
HE_Neb_mean_Pop2        = [96.9, 83.8, 62.4, 62.4]
HE_weighted_D_mean_Pop2 = [0.00519, 0.00601, 0.00808, 0.00808]

[Molecular Coancestry]
Coan_Neb_n_Pop1 = 56.2
Coan_f1_Pop1    = 0.00889
Coan_Neb_n_Pop2 = 222.4
Coan_f1_Pop2    = 0.00225

[Ne Estimates - Temporal - Decreasing critical values (0.050, 0.020, 0.010, 0+)]

[Pollak]
P_Ne     = [5608.3, 3731.6, 3093.7, 3328.6]
P_Fk     = [0.02089, 0.02134, 0.02162, 0.0215]
P_Fprime = [0.00089, 0.00134, 0.00162, 0.0015]

[Nei/Tajima]
N_Ne     = [10043.3, 5162.2, 4024.2, 4376.1]
N_Fc     = [0.0205, 0.02097, 0.02124, 0.02114]
N_Fprime = [0.0005, 0.00097, 0.00124, 0.00114]

[Jorde/Ryman]
J_Ne     = [36692.5, 6595.9, 5273.6, 5338.5]
J_Fs     = [0.02024, 0.02086, 0.02105, 0.02104]
J_Fprime = [0.00014, 0.00076, 0.00095, 0.00094]

[Genetic Diversity - Heterozygosity]
mean_exp_het_pop1 = 0.8569
mean_obs_het_pop1 = 0.8733
mean_exp_het_pop2 = 0.8625
mean_obs_het_pop2 = 0.8705

[Genetic Diversity - Allele Counts]
mean_alleles_pop1 = 11.38
var_alleles_pop1  = 5.65
sum_alleles_pop1  = 239
mean_alleles_pop2 = 11.83
var_alleles_pop2  = 7.51
sum_alleles_pop2  = 497

[Genetic Diversity - Allelic Size Variance]
var_allele_size_pop1 = 12.2738
var_allele_size_pop2 = 13.6212

[Per-locus summary - Population 1]
Locus | Num_Alleles | Alleles                                                                      | Frequencies                                                                                                                      | Variance | Obs_Het | Exp_Het
------+-------------+------------------------------------------------------------------------------+----------------------------------------------------------------------------------------------------------------------------------+----------+---------+--------
1     | 13          | [92, 94, 95, 96, 97, 98, 99, 100, 101, 102, 103, 104, 105]                   | [0.0100, 0.0300, 0.1800, 0.1000, 0.0500, 0.0700, 0.1700, 0.0700, 0.1500, 0.1100, 0.0300, 0.0200, 0.0100]                         | 8.1051   | 0.9400  | 0.8883 
2     | 11          | [93, 94, 95, 96, 97, 98, 99, 100, 102, 103, 104]                             | [0.0100, 0.2000, 0.1200, 0.1900, 0.2700, 0.0500, 0.1200, 0.0100, 0.0100, 0.0100, 0.0100]                                         | 4.0251   | 0.8400  | 0.8275 
3     | 10          | [90, 91, 92, 93, 101, 102, 103, 104, 105, 106]                               | [0.0900, 0.0500, 0.0100, 0.0200, 0.0400, 0.2200, 0.2100, 0.2300, 0.0600, 0.0700]                                                 | 23.7876  | 0.9400  | 0.8418 
4     | 10          | [98, 99, 100, 101, 102, 103, 104, 105, 106, 107]                             | [0.0200, 0.0200, 0.0100, 0.0800, 0.2600, 0.1000, 0.1600, 0.2100, 0.0600, 0.0800]                                                 | 4.1075   | 0.8600  | 0.8438 
5     | 12          | [104, 105, 106, 107, 108, 109, 110, 111, 112, 113, 114, 115]                 | [0.0100, 0.0900, 0.1900, 0.0100, 0.1500, 0.1200, 0.1100, 0.1800, 0.0100, 0.0400, 0.0600, 0.0300]                                 | 7.7299   | 0.8600  | 0.8768 
6     | 7           | [98, 99, 100, 101, 102, 103, 104]                                            | [0.0800, 0.0700, 0.2800, 0.2100, 0.1900, 0.0200, 0.1500]                                                                         | 2.8996   | 0.8200  | 0.8154 
7     | 13          | [91, 92, 93, 94, 95, 96, 97, 102, 103, 104, 105, 107, 109]                   | [0.0500, 0.1200, 0.1100, 0.0500, 0.2200, 0.1200, 0.1000, 0.0200, 0.0400, 0.0300, 0.0500, 0.0300, 0.0600]                         | 26.2536  | 0.9600  | 0.8948 
8     | 16          | [90, 93, 94, 95, 102, 103, 104, 105, 106, 107, 108, 109, 110, 111, 112, 113] | [0.0100, 0.0100, 0.1000, 0.0500, 0.1500, 0.0900, 0.0500, 0.1100, 0.0200, 0.1700, 0.0100, 0.0100, 0.0800, 0.1100, 0.0200, 0.0100] | 30.3744  | 0.8200  | 0.9026 
9     | 11          | [96, 97, 98, 99, 100, 101, 102, 103, 104, 105, 106]                          | [0.0300, 0.1400, 0.0700, 0.0200, 0.0900, 0.0600, 0.0500, 0.2600, 0.0900, 0.1100, 0.0800]                                         | 9.0531   | 0.9400  | 0.8746 
10    | 13          | [95, 96, 97, 98, 99, 100, 101, 102, 103, 104, 105, 107, 108]                 | [0.0100, 0.0200, 0.0200, 0.2000, 0.1800, 0.0800, 0.1400, 0.1700, 0.0300, 0.0300, 0.0100, 0.0200, 0.0900]                         | 9.6011   | 0.9600  | 0.8701 
11    | 13          | [95, 96, 97, 98, 99, 100, 101, 102, 103, 104, 105, 106, 107]                 | [0.0300, 0.0300, 0.0200, 0.0400, 0.0100, 0.0200, 0.0800, 0.1300, 0.1200, 0.0200, 0.1500, 0.1400, 0.2100]                         | 10.9636  | 0.8800  | 0.8802 
12    | 14          | [92, 93, 94, 95, 96, 97, 98, 99, 100, 111, 112, 113, 114, 116]               | [0.0500, 0.0300, 0.1100, 0.1400, 0.2500, 0.0900, 0.0300, 0.0800, 0.1100, 0.0100, 0.0300, 0.0100, 0.0100, 0.0500]                 | 35.7344  | 0.8000  | 0.8800 
13    | 12          | [90, 91, 92, 93, 94, 95, 96, 97, 98, 100, 101, 102]                          | [0.0500, 0.0300, 0.1500, 0.1100, 0.2500, 0.2100, 0.0200, 0.0300, 0.0700, 0.0100, 0.0400, 0.0300]                                 | 7.4500   | 0.9200  | 0.8551 
14    | 15          | [90, 91, 92, 93, 94, 95, 96, 97, 98, 99, 100, 101, 102, 103, 104]            | [0.0400, 0.0500, 0.1300, 0.1200, 0.1100, 0.0100, 0.0200, 0.0100, 0.0100, 0.0600, 0.1200, 0.0400, 0.2000, 0.0600, 0.0200]         | 20.0851  | 0.9000  | 0.8972 
15    | 10          | [96, 97, 98, 99, 100, 101, 102, 109, 110, 111]                               | [0.0100, 0.0200, 0.1500, 0.3600, 0.2000, 0.1700, 0.0200, 0.0200, 0.0400, 0.0100]                                                 | 8.3604   | 0.7800  | 0.7838 
16    | 12          | [93, 94, 96, 97, 98, 99, 100, 101, 105, 106, 107, 108]                       | [0.0100, 0.0100, 0.0300, 0.1400, 0.1100, 0.1500, 0.2000, 0.0400, 0.0800, 0.0300, 0.1500, 0.0500]                                 | 15.7891  | 0.8600  | 0.8796 
17    | 8           | [93, 94, 95, 96, 97, 98, 99, 100]                                            | [0.0600, 0.0900, 0.2800, 0.0200, 0.2600, 0.0900, 0.1500, 0.0500]                                                                 | 3.7475   | 0.9000  | 0.8170 
18    | 10          | [92, 93, 94, 95, 96, 97, 98, 99, 100, 101]                                   | [0.0500, 0.0200, 0.0600, 0.1300, 0.2600, 0.0600, 0.0500, 0.0700, 0.1500, 0.1500]                                                 | 6.9259   | 0.8600  | 0.8616 
19    | 12          | [89, 90, 91, 92, 93, 94, 95, 96, 99, 100, 101, 102]                          | [0.0200, 0.0700, 0.0200, 0.1100, 0.2200, 0.0800, 0.0500, 0.0600, 0.0900, 0.1600, 0.0900, 0.0300]                                 | 14.6251  | 0.7800  | 0.8875 
20    | 10          | [93, 94, 95, 96, 97, 98, 99, 100, 101, 102]                                  | [0.0400, 0.0900, 0.1100, 0.1900, 0.0600, 0.1000, 0.0800, 0.1700, 0.1500, 0.0100]                                                 | 6.3436   | 0.8800  | 0.8794 
21    | 7           | [92, 93, 94, 95, 96, 97, 98]                                                 | [0.1300, 0.1100, 0.4500, 0.1300, 0.1400, 0.0200, 0.0200]                                                                         | 1.7876   | 0.8400  | 0.7386 

[Per-locus summary - Population 2]
Locus | Num_Alleles | Alleles                                                                           | Frequencies                                                                                                                              | Variance | Obs_Het | Exp_Het
------+-------------+-----------------------------------------------------------------------------------+------------------------------------------------------------------------------------------------------------------------------------------+----------+---------+--------
1     | 13          | [92, 93, 94, 95, 96, 97, 98, 99, 100, 101, 102, 103, 104]                         | [0.0100, 0.0300, 0.0400, 0.1100, 0.0900, 0.0400, 0.1300, 0.1400, 0.1000, 0.1600, 0.0800, 0.0500, 0.0200]                                 | 8.0219   | 0.9000  | 0.9032 
2     | 9           | [92, 93, 94, 95, 96, 97, 98, 99, 102]                                             | [0.0100, 0.0100, 0.1400, 0.1200, 0.2500, 0.3500, 0.0500, 0.0600, 0.0100]                                                                 | 2.3316   | 0.7800  | 0.7824 
3     | 10          | [89, 90, 91, 92, 101, 102, 103, 104, 105, 106]                                    | [0.0100, 0.0400, 0.0600, 0.0700, 0.0400, 0.2800, 0.1700, 0.2200, 0.0300, 0.0800]                                                         | 23.3699  | 0.9000  | 0.8335 
4     | 10          | [98, 99, 100, 101, 102, 103, 104, 105, 106, 107]                                  | [0.0200, 0.0300, 0.0400, 0.1900, 0.1900, 0.0800, 0.1700, 0.2200, 0.0300, 0.0300]                                                         | 4.0819   | 0.8200  | 0.8479 
5     | 12          | [104, 105, 106, 107, 108, 109, 110, 111, 112, 113, 114, 115]                      | [0.0300, 0.1000, 0.2200, 0.0200, 0.0900, 0.1600, 0.1200, 0.1000, 0.0400, 0.0100, 0.0700, 0.0400]                                         | 8.6571   | 0.9600  | 0.8828 
6     | 7           | [99, 100, 101, 102, 103, 104, 105]                                                | [0.1700, 0.3700, 0.1700, 0.1200, 0.0400, 0.0800, 0.0500]                                                                                 | 2.8451   | 0.9000  | 0.7883 
7     | 17          | [90, 91, 92, 93, 94, 95, 96, 97, 102, 103, 104, 105, 106, 107, 108, 109, 110]     | [0.0400, 0.0300, 0.1100, 0.0700, 0.0600, 0.1900, 0.1300, 0.0700, 0.0100, 0.0500, 0.0100, 0.0700, 0.0200, 0.0400, 0.0200, 0.0700, 0.0100] | 34.5771  | 0.9400  | 0.9131 
8     | 17          | [90, 93, 94, 95, 101, 102, 103, 104, 105, 106, 107, 108, 109, 110, 111, 112, 113] | [0.0300, 0.0100, 0.1500, 0.0200, 0.0300, 0.0700, 0.1000, 0.0900, 0.0800, 0.0500, 0.1300, 0.0300, 0.0300, 0.0300, 0.1200, 0.0200, 0.0100] | 35.9051  | 0.9400  | 0.9180 
9     | 13          | [95, 96, 97, 98, 99, 100, 101, 102, 103, 104, 105, 106, 107]                      | [0.0100, 0.0400, 0.1000, 0.0900, 0.0800, 0.0500, 0.0600, 0.0600, 0.2200, 0.1200, 0.1000, 0.0600, 0.0100]                                 | 9.3896   | 0.8400  | 0.8966 
10    | 13          | [95, 96, 97, 98, 99, 100, 101, 102, 103, 104, 105, 107, 108]                      | [0.0200, 0.0100, 0.0800, 0.1200, 0.1900, 0.0600, 0.1200, 0.2200, 0.0900, 0.0300, 0.0100, 0.0200, 0.0300]                                 | 7.1651   | 0.7800  | 0.8746 
11    | 14          | [95, 96, 97, 98, 99, 100, 101, 102, 103, 104, 105, 106, 107, 108]                 | [0.0200, 0.0400, 0.0600, 0.0500, 0.0100, 0.0100, 0.0600, 0.1300, 0.1700, 0.0100, 0.1200, 0.1100, 0.1800, 0.0300]                         | 12.3736  | 0.9000  | 0.8913 
12    | 14          | [92, 94, 95, 96, 97, 98, 99, 100, 110, 111, 112, 113, 114, 116]                   | [0.0700, 0.0400, 0.2100, 0.2700, 0.0600, 0.0300, 0.0600, 0.0700, 0.0100, 0.0500, 0.0500, 0.0100, 0.0100, 0.0600]                         | 48.9075  | 0.9000  | 0.8632 
13    | 12          | [90, 91, 92, 93, 94, 95, 96, 97, 98, 100, 101, 102]                               | [0.0500, 0.1400, 0.1300, 0.0800, 0.1900, 0.0800, 0.0400, 0.0400, 0.0900, 0.0300, 0.0700, 0.0600]                                         | 12.3611  | 0.8600  | 0.9004 
14    | 14          | [90, 91, 92, 93, 94, 96, 97, 98, 99, 100, 101, 102, 103, 104]                     | [0.0700, 0.0300, 0.1800, 0.2000, 0.1400, 0.0200, 0.0200, 0.0400, 0.0200, 0.0900, 0.0300, 0.1000, 0.0400, 0.0200]                         | 17.6884  | 0.9200  | 0.8873 
15    | 10          | [96, 97, 98, 99, 100, 101, 102, 109, 110, 111]                                    | [0.0200, 0.0200, 0.0500, 0.3800, 0.2600, 0.1700, 0.0200, 0.0300, 0.0400, 0.0100]                                                         | 8.8331   | 0.7800  | 0.7604 
16    | 12          | [93, 94, 96, 97, 98, 99, 100, 101, 105, 106, 107, 108]                            | [0.0300, 0.0400, 0.0800, 0.1700, 0.1000, 0.1200, 0.1900, 0.0200, 0.0300, 0.0900, 0.1200, 0.0100]                                         | 16.7691  | 0.8800  | 0.8867 
17    | 8           | [93, 94, 95, 96, 97, 98, 99, 100]                                                 | [0.0300, 0.1600, 0.2500, 0.0700, 0.2100, 0.1200, 0.1500, 0.0100]                                                                         | 3.2816   | 0.8800  | 0.8333 
18    | 10          | [92, 94, 95, 96, 97, 98, 99, 100, 101, 102]                                       | [0.0700, 0.0400, 0.0800, 0.2000, 0.1800, 0.0600, 0.0700, 0.1100, 0.1600, 0.0300]                                                         | 7.0299   | 0.9200  | 0.8764 
19    | 12          | [89, 90, 91, 92, 93, 94, 95, 96, 99, 100, 101, 102]                               | [0.0100, 0.0400, 0.0200, 0.1400, 0.1700, 0.0700, 0.1200, 0.0500, 0.0900, 0.2200, 0.0500, 0.0200]                                         | 12.8516  | 0.8800  | 0.8770 
20    | 10          | [93, 94, 95, 96, 97, 98, 99, 100, 101, 102]                                       | [0.0200, 0.1000, 0.1600, 0.1700, 0.0700, 0.0800, 0.0500, 0.1500, 0.1500, 0.0500]                                                         | 6.9379   | 0.8600  | 0.8826 
21    | 7           | [92, 93, 94, 95, 96, 97, 98]                                                      | [0.1200, 0.1100, 0.3400, 0.1600, 0.1100, 0.1100, 0.0500]                                                                                 | 2.6664   | 0.7400  | 0.8137 
