
[Simulation Info]
simulation_id = sim_0007495
timestamp     = 20250428_102446
seed          = 730937
output_folder = /home/lejeunet/Bureau/simulations/Ref_table/sim_0007495

[Model Parameters]
pop_size           = 5456
num_loci           = 20
sample1_generation = 30
sample2_generation = 10
low_repeats        = 1
high_repeats       = 200
mutation_rate      = 0.001
recap_Ne           = 5456

[Sampling Design]
sample1_size_Ne  = 50
sample2_size_Ne  = 50
sample1_size_CMR = 50
sample2_size_CMR = 50

[Capture-Marquage-Recapture]
census_N   =  2601
MatchCount =  1

[Ne Estimates - One Sample - Decreasing critical values [0.050, 0.020, 0.010, 0+]]

[Linkage Desequilibrium]
LD_Ne_Pop1 = [None, None, None, None]
LD_r2_Pop1 = [0.021111, 0.021207, 0.021256, 0.021256]
LD_Ne_Pop2 = [8612.2, 3262.3, 1453.8, 1453.8]
LD_r2_Pop2 = [0.021315, 0.021378, 0.021505, 0.021505]

[Heterozygote excess]
HE_Neb_mean_Pop1        = [None, None, None, None]
HE_weighted_D_mean_Pop1 = [-0.00831, -0.0053, -0.0055, -0.0055]
HE_Neb_mean_Pop2        = [44.9, 48.1, 52.4, 52.4]
HE_weighted_D_mean_Pop2 = [0.01126, 0.01051, 0.00963, 0.00963]

[Molecular Coancestry]
Coan_Neb_n_Pop1 = None
Coan_f1_Pop1    = -0.00806
Coan_Neb_n_Pop2 = None
Coan_f1_Pop2    = -0.00139

[Ne Estimates - Temporal - Decreasing critical values (0.050, 0.020, 0.010, 0+)]

[Pollak]
P_Ne     = [-1060.7, -1118.9, -1245.3, -1387.5]
P_Fk     = [0.01529, 0.01553, 0.01598, 0.0164]
P_Fprime = [-0.00471, -0.00447, -0.00402, -0.0036]

[Nei/Tajima]
N_Ne     = [-1012.4, -1069.0, -1177.0, -1293.0]
N_Fc     = [0.01506, 0.01532, 0.01575, 0.01613]
N_Fprime = [-0.00494, -0.00468, -0.00425, -0.00387]

[Jorde/Ryman]
J_Ne     = [-919.0, -962.0, -960.9, -969.2]
J_Fs     = [0.01467, 0.01491, 0.0149, 0.01495]
J_Fprime = [-0.00544, -0.0052, -0.0052, -0.00516]

[Genetic Diversity - Heterozygosity]
mean_exp_het_pop1 = 0.854
mean_obs_het_pop1 = 0.8486
mean_exp_het_pop2 = 0.8539
mean_obs_het_pop2 = 0.8638

[Genetic Diversity - Allele Counts]
mean_alleles_pop1 = 11.24
var_alleles_pop1  = 8.49
sum_alleles_pop1  = 236
mean_alleles_pop2 = 11.33
var_alleles_pop2  = 9.64
sum_alleles_pop2  = 476

[Genetic Diversity - Allelic Size Variance]
var_allele_size_pop1 = 11.4777
var_allele_size_pop2 = 11.8756

[Per-locus summary - Population 1]
Locus | Num_Alleles | Alleles                                                                   | Frequencies                                                                                                                              | Variance | Obs_Het | Exp_Het
------+-------------+---------------------------------------------------------------------------+------------------------------------------------------------------------------------------------------------------------------------------+----------+---------+--------
1     | 12          | [95, 96, 97, 98, 99, 100, 103, 104, 105, 106, 107, 108]                   | [0.1600, 0.1400, 0.0200, 0.1900, 0.1400, 0.0200, 0.0300, 0.0700, 0.0900, 0.0500, 0.0600, 0.0300]                                         | 17.5944  | 0.9000  | 0.8863 
2     | 12          | [93, 94, 95, 96, 98, 99, 100, 101, 102, 103, 104, 105]                    | [0.0300, 0.2300, 0.0800, 0.0100, 0.0200, 0.0900, 0.3300, 0.1100, 0.0200, 0.0600, 0.0100, 0.0100]                                         | 10.1924  | 0.8400  | 0.8141 
3     | 11          | [94, 95, 96, 97, 98, 99, 100, 101, 102, 103, 105]                         | [0.0100, 0.1100, 0.1600, 0.1800, 0.0600, 0.0800, 0.1000, 0.1800, 0.0500, 0.0100, 0.0600]                                                 | 7.6756   | 0.9600  | 0.8800 
4     | 8           | [98, 99, 100, 101, 102, 103, 104, 105]                                    | [0.0300, 0.0100, 0.0700, 0.2000, 0.2800, 0.1600, 0.1700, 0.0800]                                                                         | 2.5475   | 0.7600  | 0.8230 
5     | 13          | [95, 96, 97, 98, 99, 100, 101, 102, 104, 105, 106, 107, 108]              | [0.0200, 0.0100, 0.1000, 0.2000, 0.1700, 0.1200, 0.0900, 0.0500, 0.0700, 0.0300, 0.0500, 0.0700, 0.0200]                                 | 10.8864  | 0.8800  | 0.8909 
6     | 10          | [95, 96, 97, 98, 99, 100, 101, 102, 103, 104]                             | [0.0800, 0.1000, 0.0900, 0.2400, 0.1500, 0.0600, 0.1400, 0.0700, 0.0600, 0.0100]                                                         | 5.2000   | 0.8400  | 0.8723 
7     | 13          | [91, 93, 94, 95, 98, 99, 100, 101, 102, 103, 104, 105, 106]               | [0.0100, 0.0600, 0.0300, 0.0300, 0.0400, 0.1000, 0.0700, 0.0600, 0.0700, 0.1300, 0.2100, 0.0400, 0.1500]                                 | 14.8299  | 0.8600  | 0.8933 
8     | 14          | [90, 91, 92, 93, 94, 95, 96, 97, 98, 99, 100, 101, 102, 103]              | [0.0400, 0.0700, 0.0100, 0.0600, 0.1300, 0.0500, 0.0900, 0.0900, 0.0100, 0.0300, 0.1300, 0.1100, 0.0700, 0.1100]                         | 15.8044  | 0.8800  | 0.9164 
9     | 11          | [93, 94, 95, 96, 98, 99, 100, 101, 102, 103, 104]                         | [0.0400, 0.1900, 0.0400, 0.0300, 0.0200, 0.1200, 0.0900, 0.1700, 0.1900, 0.1000, 0.0100]                                                 | 11.4499  | 0.8000  | 0.8705 
10    | 13          | [93, 94, 95, 96, 97, 98, 101, 102, 104, 105, 106, 107, 108]               | [0.0100, 0.0800, 0.0200, 0.2700, 0.2100, 0.0200, 0.0100, 0.0100, 0.0600, 0.1200, 0.1100, 0.0400, 0.0400]                                 | 22.5771  | 0.8000  | 0.8507 
11    | 16          | [90, 91, 92, 93, 94, 95, 96, 97, 98, 99, 101, 102, 103, 104, 105, 106]    | [0.0200, 0.0200, 0.0300, 0.0600, 0.1900, 0.1300, 0.0500, 0.0700, 0.0800, 0.0200, 0.0100, 0.0400, 0.0300, 0.1400, 0.0500, 0.0600]         | 22.1451  | 0.9400  | 0.9083 
12    | 8           | [97, 98, 99, 100, 101, 102, 103, 104]                                     | [0.0100, 0.0300, 0.0600, 0.1500, 0.2700, 0.4300, 0.0400, 0.0100]                                                                         | 1.4804   | 0.6800  | 0.7206 
13    | 8           | [94, 95, 96, 97, 98, 99, 100, 101]                                        | [0.1500, 0.1700, 0.0900, 0.0600, 0.2600, 0.1800, 0.0400, 0.0500]                                                                         | 4.2564   | 0.8400  | 0.8412 
14    | 15          | [89, 90, 91, 92, 93, 94, 96, 97, 100, 101, 102, 103, 104, 105, 106]       | [0.0100, 0.0800, 0.1200, 0.1400, 0.0500, 0.0500, 0.0900, 0.0200, 0.0200, 0.0800, 0.1300, 0.1100, 0.0600, 0.0200, 0.0200]                 | 28.2275  | 0.9200  | 0.9150 
15    | 7           | [96, 97, 98, 99, 100, 101, 102]                                           | [0.0400, 0.2100, 0.0900, 0.3000, 0.2400, 0.0700, 0.0500]                                                                                 | 2.2500   | 0.8400  | 0.7992 
16    | 17          | [87, 89, 90, 91, 92, 93, 94, 95, 96, 97, 98, 99, 100, 101, 102, 103, 104] | [0.0100, 0.0600, 0.0300, 0.1400, 0.1000, 0.0900, 0.0100, 0.0200, 0.0100, 0.0300, 0.0200, 0.0300, 0.0600, 0.0400, 0.1400, 0.1100, 0.1000] | 29.1419  | 0.9000  | 0.9172 
17    | 11          | [96, 97, 98, 99, 100, 101, 102, 103, 104, 105, 106]                       | [0.0800, 0.0500, 0.0400, 0.0600, 0.2300, 0.1300, 0.0400, 0.0100, 0.1100, 0.1800, 0.0700]                                                 | 9.1779   | 0.8600  | 0.8737 
18    | 7           | [98, 99, 100, 101, 102, 103, 104]                                         | [0.0200, 0.1100, 0.2200, 0.4400, 0.1100, 0.0600, 0.0400]                                                                                 | 1.5275   | 0.6400  | 0.7356 
19    | 8           | [95, 96, 97, 98, 99, 100, 101, 102]                                       | [0.0100, 0.0600, 0.2300, 0.3200, 0.1200, 0.1600, 0.0700, 0.0300]                                                                         | 2.2779   | 0.8600  | 0.8032 
20    | 10          | [93, 94, 96, 97, 98, 99, 100, 101, 102, 103]                              | [0.0300, 0.0200, 0.0700, 0.0800, 0.0400, 0.0700, 0.1400, 0.3000, 0.2300, 0.0200]                                                         | 5.6276   | 0.9000  | 0.8263 
21    | 12          | [91, 92, 93, 94, 95, 96, 97, 99, 100, 101, 102, 103]                      | [0.0100, 0.1400, 0.0900, 0.0600, 0.0700, 0.1000, 0.0100, 0.0200, 0.1100, 0.1500, 0.1500, 0.0900]                                         | 16.1616  | 0.9200  | 0.8970 

[Per-locus summary - Population 2]
Locus | Num_Alleles | Alleles                                                                   | Frequencies                                                                                                                              | Variance | Obs_Het | Exp_Het
------+-------------+---------------------------------------------------------------------------+------------------------------------------------------------------------------------------------------------------------------------------+----------+---------+--------
1     | 13          | [92, 95, 96, 97, 98, 99, 100, 103, 104, 105, 106, 107, 108]               | [0.0100, 0.1700, 0.0800, 0.0200, 0.1900, 0.1900, 0.0100, 0.0500, 0.0300, 0.0800, 0.0700, 0.0700, 0.0300]                                 | 18.0964  | 0.8400  | 0.8802 
2     | 11          | [93, 94, 95, 96, 98, 99, 100, 101, 102, 103, 105]                         | [0.0300, 0.2200, 0.0600, 0.0100, 0.0500, 0.1500, 0.2600, 0.1300, 0.0400, 0.0400, 0.0100]                                                 | 9.2724   | 0.7600  | 0.8426 
3     | 11          | [95, 96, 97, 98, 99, 100, 101, 102, 103, 105, 106]                        | [0.0900, 0.0600, 0.1800, 0.0600, 0.0600, 0.1000, 0.2400, 0.0900, 0.0200, 0.0900, 0.0100]                                                 | 8.3436   | 0.9000  | 0.8731 
4     | 7           | [99, 100, 101, 102, 103, 104, 105]                                        | [0.0200, 0.1100, 0.1700, 0.2800, 0.1800, 0.2100, 0.0300]                                                                                 | 2.0224   | 0.9000  | 0.8109 
5     | 14          | [95, 96, 97, 98, 99, 100, 101, 102, 103, 104, 105, 106, 107, 108]         | [0.0200, 0.0300, 0.1000, 0.1300, 0.1400, 0.1400, 0.1600, 0.0200, 0.0300, 0.0700, 0.0500, 0.0300, 0.0400, 0.0400]                         | 10.5576  | 0.9200  | 0.9032 
6     | 10          | [94, 95, 96, 97, 98, 99, 100, 101, 102, 103]                              | [0.0100, 0.0700, 0.1200, 0.1200, 0.2200, 0.1300, 0.0600, 0.1800, 0.0100, 0.0800]                                                         | 5.1556   | 0.8800  | 0.8671 
7     | 12          | [93, 94, 95, 98, 99, 100, 101, 102, 103, 104, 105, 106]                   | [0.1000, 0.0300, 0.0900, 0.0500, 0.1200, 0.0600, 0.0200, 0.0600, 0.1300, 0.1600, 0.0600, 0.1200]                                         | 17.9504  | 0.9200  | 0.9051 
8     | 13          | [90, 91, 93, 94, 95, 96, 97, 99, 100, 101, 102, 103, 104]                 | [0.0900, 0.0300, 0.0600, 0.1200, 0.0900, 0.0800, 0.0900, 0.0500, 0.1100, 0.1200, 0.0900, 0.0600, 0.0100]                                 | 15.9656  | 0.9600  | 0.9188 
9     | 10          | [94, 95, 96, 97, 99, 100, 101, 102, 103, 104]                             | [0.2800, 0.0400, 0.0100, 0.0100, 0.1200, 0.0700, 0.2100, 0.1500, 0.0900, 0.0200]                                                         | 11.9259  | 0.8400  | 0.8337 
10    | 13          | [93, 94, 95, 96, 97, 101, 102, 103, 104, 105, 106, 107, 108]              | [0.0200, 0.0700, 0.0300, 0.2100, 0.2500, 0.0300, 0.0100, 0.0200, 0.0600, 0.1100, 0.0600, 0.0500, 0.0800]                                 | 23.5475  | 0.9000  | 0.8663 
11    | 16          | [90, 91, 92, 93, 94, 95, 96, 97, 98, 99, 101, 102, 103, 104, 105, 106]    | [0.0300, 0.0200, 0.0600, 0.0600, 0.1700, 0.1300, 0.0300, 0.0300, 0.0800, 0.0200, 0.0300, 0.0400, 0.0200, 0.1600, 0.0500, 0.0700]         | 24.7184  | 0.9600  | 0.9103 
12    | 7           | [98, 99, 100, 101, 102, 103, 104]                                         | [0.0300, 0.1200, 0.1600, 0.3600, 0.2900, 0.0300, 0.0100]                                                                                 | 1.3979   | 0.7800  | 0.7519 
13    | 9           | [93, 94, 95, 96, 97, 98, 99, 100, 101]                                    | [0.0100, 0.1500, 0.1400, 0.1200, 0.1100, 0.2300, 0.1800, 0.0500, 0.0100]                                                                 | 3.7379   | 0.9000  | 0.8519 
14    | 14          | [89, 90, 91, 92, 93, 94, 96, 101, 102, 103, 104, 105, 106, 107]           | [0.0200, 0.0800, 0.1400, 0.1000, 0.0100, 0.0400, 0.0500, 0.1100, 0.1400, 0.1400, 0.0700, 0.0400, 0.0400, 0.0200]                         | 33.6736  | 0.9000  | 0.9087 
15    | 8           | [95, 96, 97, 98, 99, 100, 101, 102]                                       | [0.0100, 0.0300, 0.1000, 0.1400, 0.3800, 0.1900, 0.0900, 0.0600]                                                                         | 2.0536   | 0.8400  | 0.7851 
16    | 17          | [88, 89, 90, 91, 92, 93, 94, 95, 96, 97, 98, 99, 100, 101, 102, 103, 104] | [0.0100, 0.0800, 0.0100, 0.1500, 0.1100, 0.0400, 0.0400, 0.0200, 0.0100, 0.0200, 0.0100, 0.0400, 0.0800, 0.0500, 0.1000, 0.1700, 0.0600] | 28.8979  | 0.9000  | 0.9107 
17    | 12          | [96, 97, 98, 99, 100, 101, 102, 103, 104, 105, 106, 107]                  | [0.0700, 0.0100, 0.0900, 0.0800, 0.1500, 0.1400, 0.0900, 0.0200, 0.1300, 0.1000, 0.1100, 0.0100]                                         | 8.9264   | 0.8600  | 0.8998 
18    | 6           | [99, 100, 101, 102, 103, 104]                                             | [0.1500, 0.2000, 0.4300, 0.0900, 0.1200, 0.0100]                                                                                         | 1.4404   | 0.7000  | 0.7374 
19    | 7           | [95, 96, 97, 98, 99, 100, 101]                                            | [0.0400, 0.0800, 0.2000, 0.3400, 0.1400, 0.0900, 0.1100]                                                                                 | 2.3411   | 0.8600  | 0.8046 
20    | 7           | [96, 97, 98, 99, 100, 101, 102]                                           | [0.1000, 0.0600, 0.0600, 0.0400, 0.2100, 0.3100, 0.2200]                                                                                 | 3.6099   | 0.8200  | 0.8006 
21    | 11          | [91, 92, 93, 94, 95, 96, 99, 100, 101, 102, 103]                          | [0.0100, 0.1700, 0.0600, 0.0300, 0.0400, 0.0700, 0.0300, 0.1800, 0.2000, 0.1400, 0.0700]                                                 | 15.7531  | 0.8000  | 0.8709 
