
[Simulation Info]
simulation_id = sim_0000729
timestamp     = 20250428_074802
seed          = 23684
output_folder = /home/lejeunet/Bureau/simulations/Ref_table/sim_0000729

[Model Parameters]
pop_size           = 1208
num_loci           = 20
sample1_generation = 30
sample2_generation = 10
low_repeats        = 1
high_repeats       = 200
mutation_rate      = 0.001
recap_Ne           = 1208

[Sampling Design]
sample1_size_Ne  = 50
sample2_size_Ne  = 50
sample1_size_CMR = 50
sample2_size_CMR = 50

[Capture-Marquage-Recapture]
census_N   =  2601
MatchCount =  1

[Ne Estimates - One Sample - Decreasing critical values [0.050, 0.020, 0.010, 0+]]

[Linkage Desequilibrium]
LD_Ne_Pop1 = [1763.1, 889.8, 2480.7, 2480.7]
LD_r2_Pop1 = [0.021465, 0.02165, 0.02141, 0.02141]
LD_Ne_Pop2 = [249.4, 330.7, 258.8, 258.8]
LD_r2_Pop2 = [0.022602, 0.022278, 0.022554, 0.022554]

[Heterozygote excess]
HE_Neb_mean_Pop1        = [None, None, None, None]
HE_weighted_D_mean_Pop1 = [-0.02162, -0.01284, -0.01282, -0.01282]
HE_Neb_mean_Pop2        = [None, None, None, None]
HE_weighted_D_mean_Pop2 = [-0.00421, -0.00102, -0.00103, -0.00103]

[Molecular Coancestry]
Coan_Neb_n_Pop1 = 15.7
Coan_f1_Pop1    = 0.03185
Coan_Neb_n_Pop2 = None
Coan_f1_Pop2    = -0.03129

[Ne Estimates - Temporal - Decreasing critical values (0.050, 0.020, 0.010, 0+)]

[Pollak]
P_Ne     = [467.6, 491.5, 498.9, 498.9]
P_Fk     = [0.03069, 0.03017, 0.03002, 0.03002]
P_Fprime = [0.01069, 0.01017, 0.01002, 0.01002]

[Nei/Tajima]
N_Ne     = [464.5, 486.9, 493.0, 493.0]
N_Fc     = [0.03077, 0.03027, 0.03014, 0.03014]
N_Fprime = [0.01077, 0.01027, 0.01014, 0.01014]

[Jorde/Ryman]
J_Ne     = [358.1, 356.8, 356.8, 356.8]
J_Fs     = [0.03411, 0.03416, 0.03416, 0.03416]
J_Fprime = [0.01396, 0.01401, 0.01401, 0.01401]

[Genetic Diversity - Heterozygosity]
mean_exp_het_pop1 = 0.702
mean_obs_het_pop1 = 0.6952
mean_exp_het_pop2 = 0.6923
mean_obs_het_pop2 = 0.6829

[Genetic Diversity - Allele Counts]
mean_alleles_pop1 = 5.9
var_alleles_pop1  = 1.69
sum_alleles_pop1  = 124
mean_alleles_pop2 = 6.21
var_alleles_pop2  = 1.25
sum_alleles_pop2  = 261

[Genetic Diversity - Allelic Size Variance]
var_allele_size_pop1 = 2.0677
var_allele_size_pop2 = 2.1159

[Per-locus summary - Population 1]
Locus | Num_Alleles | Alleles                                | Frequencies                                                      | Variance | Obs_Het | Exp_Het
------+-------------+----------------------------------------+------------------------------------------------------------------+----------+---------+--------
1     | 8           | [98, 99, 100, 101, 102, 103, 104, 105] | [0.0800, 0.1200, 0.0300, 0.0100, 0.0600, 0.4300, 0.2500, 0.0200] | 4.0424   | 0.7600  | 0.7341 
2     | 6           | [97, 98, 99, 100, 101, 102]            | [0.0100, 0.1800, 0.3400, 0.2000, 0.2000, 0.0700]                 | 1.4779   | 0.7400  | 0.7748 
3     | 8           | [96, 97, 98, 99, 100, 101, 102, 103]   | [0.0400, 0.1900, 0.0600, 0.0600, 0.0300, 0.3600, 0.2200, 0.0400] | 4.2499   | 0.8200  | 0.7824 
4     | 6           | [98, 99, 100, 101, 102, 103]           | [0.0100, 0.0700, 0.0400, 0.3400, 0.4300, 0.1100]                 | 1.0864   | 0.7400  | 0.6877 
5     | 7           | [97, 98, 99, 100, 101, 102, 103]       | [0.0200, 0.2500, 0.4100, 0.0300, 0.1900, 0.0600, 0.0400]         | 2.0884   | 0.6200  | 0.7341 
6     | 4           | [98, 99, 100, 102]                     | [0.1200, 0.4400, 0.3900, 0.0500]                                 | 0.7836   | 0.5800  | 0.6438 
7     | 3           | [99, 100, 101]                         | [0.1400, 0.6200, 0.2400]                                         | 0.3700   | 0.6600  | 0.5438 
8     | 5           | [98, 99, 100, 101, 102]                | [0.0400, 0.1000, 0.5400, 0.2300, 0.0900]                         | 0.7971   | 0.6600  | 0.6422 
9     | 7           | [96, 97, 98, 99, 100, 101, 102]        | [0.0800, 0.3900, 0.0400, 0.0200, 0.3100, 0.0900, 0.0700]         | 3.4904   | 0.6800  | 0.7378 
10    | 5           | [98, 99, 100, 101, 102]                | [0.1900, 0.0600, 0.3300, 0.2000, 0.2200]                         | 1.8600   | 0.7200  | 0.7707 
11    | 7           | [97, 98, 99, 100, 101, 103, 104]       | [0.0100, 0.1600, 0.6600, 0.0300, 0.0800, 0.0500, 0.0100]         | 1.5324   | 0.5200  | 0.5341 
12    | 6           | [98, 99, 100, 101, 102, 103]           | [0.0300, 0.2000, 0.2600, 0.1700, 0.0100, 0.3300]                 | 2.6536   | 0.7600  | 0.7612 
13    | 6           | [96, 97, 99, 100, 101, 102]            | [0.1200, 0.2000, 0.0900, 0.2000, 0.2800, 0.1100]                 | 4.0811   | 0.8200  | 0.8152 
14    | 6           | [97, 98, 99, 100, 101, 102]            | [0.0100, 0.0800, 0.0400, 0.1800, 0.3900, 0.3000]                 | 1.4624   | 0.7800  | 0.7247 
15    | 7           | [96, 97, 98, 99, 101, 102, 103]        | [0.0100, 0.1900, 0.2700, 0.3400, 0.1200, 0.0400, 0.0300]         | 2.4000   | 0.7400  | 0.7661 
16    | 6           | [95, 97, 98, 99, 100, 101]             | [0.0200, 0.0700, 0.1800, 0.6000, 0.1100, 0.0200]                 | 0.9075   | 0.5800  | 0.5958 
17    | 5           | [97, 98, 99, 100, 101]                 | [0.0100, 0.2000, 0.0300, 0.4800, 0.2800]                         | 1.1676   | 0.7600  | 0.6568 
18    | 7           | [95, 96, 97, 99, 100, 101, 102]        | [0.0800, 0.0500, 0.1000, 0.5100, 0.1000, 0.0600, 0.1000]         | 3.3475   | 0.6800  | 0.7044 
19    | 6           | [98, 99, 100, 101, 102, 103]           | [0.2800, 0.1800, 0.0500, 0.2100, 0.2200, 0.0600]                 | 2.9219   | 0.7800  | 0.7986 
20    | 5           | [98, 99, 100, 102, 103]                | [0.1400, 0.2600, 0.3500, 0.1500, 0.1000]                         | 2.3164   | 0.6600  | 0.7654 
21    | 4           | [97, 98, 99, 100]                      | [0.0500, 0.4900, 0.4400, 0.0200]                                 | 0.3851   | 0.5400  | 0.5691 

[Per-locus summary - Population 2]
Locus | Num_Alleles | Alleles                                | Frequencies                                                      | Variance | Obs_Het | Exp_Het
------+-------------+----------------------------------------+------------------------------------------------------------------+----------+---------+--------
1     | 8           | [98, 99, 100, 101, 102, 103, 104, 105] | [0.1300, 0.0600, 0.1300, 0.0100, 0.0300, 0.3000, 0.3000, 0.0400] | 5.0075   | 0.7600  | 0.7879 
2     | 6           | [97, 98, 99, 100, 101, 102]            | [0.0100, 0.2700, 0.2400, 0.2900, 0.1400, 0.0500]                 | 1.4251   | 0.7600  | 0.7709 
3     | 8           | [95, 96, 97, 98, 99, 100, 101, 102]    | [0.0100, 0.0500, 0.1000, 0.1100, 0.0900, 0.0300, 0.3600, 0.2500] | 3.8400   | 0.7800  | 0.7820 
4     | 5           | [98, 99, 101, 102, 103]                | [0.0500, 0.0900, 0.3800, 0.4200, 0.0600]                         | 1.4259   | 0.5800  | 0.6717 
5     | 7           | [97, 98, 99, 100, 101, 102, 103]       | [0.0100, 0.3200, 0.3800, 0.0300, 0.2300, 0.0100, 0.0200]         | 1.6524   | 0.7600  | 0.7059 
6     | 5           | [98, 99, 100, 101, 102]                | [0.1300, 0.4100, 0.3900, 0.0200, 0.0500]                         | 0.8475   | 0.5600  | 0.6667 
7     | 4           | [99, 100, 101, 102]                    | [0.1800, 0.4400, 0.3500, 0.0300]                                 | 0.5971   | 0.6800  | 0.6572 
8     | 6           | [98, 99, 100, 101, 102, 103]           | [0.0200, 0.0500, 0.6400, 0.1900, 0.0900, 0.0100]                 | 0.6739   | 0.5400  | 0.5487 
9     | 7           | [96, 97, 98, 99, 100, 101, 102]        | [0.0600, 0.4200, 0.0400, 0.0200, 0.2100, 0.1900, 0.0600]         | 3.6859   | 0.6600  | 0.7416 
10    | 6           | [97, 98, 99, 100, 101, 102]            | [0.0300, 0.1600, 0.0700, 0.4900, 0.1200, 0.1300]                 | 1.6100   | 0.6400  | 0.7042 
11    | 5           | [98, 99, 100, 101, 104]                | [0.2400, 0.6700, 0.0300, 0.0500, 0.0100]                         | 0.7164   | 0.5000  | 0.4950 
12    | 6           | [98, 99, 100, 101, 102, 103]           | [0.0100, 0.2500, 0.3500, 0.1000, 0.0600, 0.2300]                 | 2.2904   | 0.7600  | 0.7560 
13    | 6           | [96, 97, 99, 100, 101, 102]            | [0.2000, 0.1700, 0.0800, 0.1900, 0.2500, 0.1100]                 | 4.6536   | 0.8200  | 0.8222 
14    | 6           | [97, 98, 99, 100, 101, 102]            | [0.0200, 0.1100, 0.0400, 0.3700, 0.2900, 0.1700]                 | 1.5339   | 0.7800  | 0.7434 
15    | 6           | [97, 98, 99, 101, 102, 103]            | [0.1100, 0.3800, 0.3100, 0.1000, 0.0700, 0.0300]                 | 2.3251   | 0.7600  | 0.7390 
16    | 6           | [95, 97, 98, 99, 100, 101]             | [0.0900, 0.0400, 0.0400, 0.6600, 0.1500, 0.0200]                 | 1.7859   | 0.5200  | 0.5356 
17    | 5           | [97, 98, 99, 100, 101]                 | [0.0400, 0.1700, 0.0200, 0.6000, 0.1700]                         | 1.1339   | 0.5600  | 0.5861 
18    | 8           | [95, 96, 97, 98, 99, 100, 101, 102]    | [0.0300, 0.0800, 0.0900, 0.0200, 0.5800, 0.0600, 0.0500, 0.0900] | 2.6331   | 0.7000  | 0.6400 
19    | 6           | [98, 99, 100, 101, 102, 103]           | [0.2500, 0.0900, 0.0300, 0.1700, 0.4200, 0.0400]                 | 3.0084   | 0.7200  | 0.7289 
20    | 7           | [97, 98, 99, 100, 101, 102, 103]       | [0.0400, 0.1600, 0.2100, 0.3000, 0.0100, 0.1700, 0.1100]         | 2.8891   | 0.8400  | 0.8057 
21    | 5           | [96, 97, 98, 99, 100]                  | [0.0300, 0.0900, 0.3900, 0.4400, 0.0500]                         | 0.6979   | 0.6600  | 0.6493 
