
[Simulation Info]
simulation_id = sim_0011591
timestamp     = 20250429_091537
seed          = 605265
output_folder = /home/lejeunet/Bureau/simulations/Ref_table/sim_0011591

[Model Parameters]
pop_size           = 2242
num_loci           = 20
sample1_generation = 30
sample2_generation = 10
low_repeats        = 1
high_repeats       = 200
mutation_rate      = 0.001
recap_Ne           = 2242

[Sampling Design]
sample1_size_Ne  = 50
sample2_size_Ne  = 50
sample1_size_CMR = 50
sample2_size_CMR = 50

[Capture-Marquage-Recapture]
census_N   =  1300
MatchCount =  2

[Ne Estimates - One Sample - Decreasing critical values [0.050, 0.020, 0.010, 0+]]

[Linkage Desequilibrium]
LD_Ne_Pop1 = [670.9, 1526.0, 1596.3, 1596.3]
LD_r2_Pop1 = [0.021771, 0.021494, 0.021485, 0.021485]
LD_Ne_Pop2 = [None, None, None, None]
LD_r2_Pop2 = [0.020867, 0.020934, 0.020776, 0.020776]

[Heterozygote excess]
HE_Neb_mean_Pop1        = [218.2, 375.9, 375.9, 375.9]
HE_weighted_D_mean_Pop1 = [0.0023, 0.00133, 0.00133, 0.00133]
HE_Neb_mean_Pop2        = [77.7, 99.8, 102.9, 102.9]
HE_weighted_D_mean_Pop2 = [0.00648, 0.00503, 0.00488, 0.00488]

[Molecular Coancestry]
Coan_Neb_n_Pop1 = None
Coan_f1_Pop1    = -0.00314
Coan_Neb_n_Pop2 = 36.1
Coan_f1_Pop2    = 0.01387

[Ne Estimates - Temporal - Decreasing critical values (0.050, 0.020, 0.010, 0+)]

[Pollak]
P_Ne     = [3399.0, 6442.9, 9125.6, 9125.6]
P_Fk     = [0.02147, 0.02078, 0.02055, 0.02055]
P_Fprime = [0.00147, 0.00078, 0.00055, 0.00055]

[Nei/Tajima]
N_Ne     = [3043.6, 4962.8, 6164.1, 6164.1]
N_Fc     = [0.02164, 0.02101, 0.02081, 0.02081]
N_Fprime = [0.00164, 0.00101, 0.00081, 0.00081]

[Jorde/Ryman]
J_Ne     = [1141.6, 1153.5, 1153.6, 1153.6]
J_Fs     = [0.02448, 0.02444, 0.02444, 0.02444]
J_Fprime = [0.00438, 0.00433, 0.00433, 0.00433]

[Genetic Diversity - Heterozygosity]
mean_exp_het_pop1 = 0.7465
mean_obs_het_pop1 = 0.7448
mean_exp_het_pop2 = 0.7316
mean_obs_het_pop2 = 0.7371

[Genetic Diversity - Allele Counts]
mean_alleles_pop1 = 6.14
var_alleles_pop1  = 1.93
sum_alleles_pop1  = 129
mean_alleles_pop2 = 6.24
var_alleles_pop2  = 1.65
sum_alleles_pop2  = 262

[Genetic Diversity - Allelic Size Variance]
var_allele_size_pop1 = 1.7265
var_allele_size_pop2 = 1.6707

[Per-locus summary - Population 1]
Locus | Num_Alleles | Alleles                                     | Frequencies                                                              | Variance | Obs_Het | Exp_Het
------+-------------+---------------------------------------------+--------------------------------------------------------------------------+----------+---------+--------
1     | 5           | [98, 99, 100, 101, 102]                     | [0.1400, 0.2200, 0.3800, 0.2000, 0.0600]                                 | 1.1876   | 0.7600  | 0.7515 
2     | 4           | [101, 102, 103, 104]                        | [0.3800, 0.3700, 0.1400, 0.1100]                                         | 0.9596   | 0.7000  | 0.6939 
3     | 8           | [96, 98, 99, 100, 101, 102, 103, 104]       | [0.0400, 0.0600, 0.2200, 0.2900, 0.2500, 0.0500, 0.0700, 0.0200]         | 2.4804   | 0.8600  | 0.8000 
4     | 7           | [98, 99, 100, 101, 102, 103, 104]           | [0.0700, 0.1400, 0.2000, 0.2300, 0.2900, 0.0600, 0.0100]                 | 1.9475   | 0.7600  | 0.8028 
5     | 5           | [97, 98, 99, 100, 102]                      | [0.1200, 0.3400, 0.2200, 0.2000, 0.1200]                                 | 2.0996   | 0.6800  | 0.7750 
6     | 7           | [95, 96, 97, 98, 99, 100, 101]              | [0.0100, 0.0300, 0.2300, 0.1900, 0.2600, 0.2500, 0.0300]                 | 1.6891   | 0.7400  | 0.7869 
7     | 9           | [98, 99, 100, 101, 102, 103, 104, 105, 106] | [0.0300, 0.0300, 0.0300, 0.0200, 0.0500, 0.6300, 0.1300, 0.0500, 0.0300] | 2.2131   | 0.6000  | 0.5830 
8     | 7           | [96, 97, 98, 99, 100, 101, 102]             | [0.0100, 0.0500, 0.1200, 0.3200, 0.2700, 0.2100, 0.0200]                 | 1.4500   | 0.8600  | 0.7709 
9     | 6           | [98, 99, 100, 101, 102, 103]                | [0.2400, 0.1800, 0.2400, 0.1400, 0.1000, 0.1000]                         | 2.5796   | 0.8200  | 0.8210 
10    | 6           | [98, 99, 100, 101, 102, 103]                | [0.0500, 0.1400, 0.2900, 0.1000, 0.2400, 0.1800]                         | 2.2456   | 0.7400  | 0.8018 
11    | 6           | [100, 101, 102, 103, 104, 105]              | [0.0300, 0.0700, 0.1600, 0.4000, 0.3100, 0.0300]                         | 1.1396   | 0.8200  | 0.7188 
12    | 4           | [97, 98, 99, 100]                           | [0.0200, 0.1400, 0.5800, 0.2600]                                         | 0.4736   | 0.4600  | 0.5818 
13    | 8           | [99, 100, 101, 102, 103, 104, 105, 106]     | [0.2100, 0.2000, 0.1500, 0.0900, 0.2500, 0.0700, 0.0200, 0.0100]         | 3.2339   | 0.8400  | 0.8257 
14    | 7           | [99, 100, 101, 102, 103, 104, 105]          | [0.0500, 0.1400, 0.1900, 0.3400, 0.0500, 0.1700, 0.0600]                 | 2.4675   | 0.8200  | 0.7992 
15    | 5           | [99, 100, 101, 102, 103]                    | [0.0900, 0.2000, 0.5000, 0.2000, 0.0100]                                 | 0.7744   | 0.6200  | 0.6685 
16    | 5           | [98, 99, 100, 101, 102]                     | [0.0600, 0.2300, 0.2400, 0.2400, 0.2300]                                 | 1.5075   | 0.7800  | 0.7832 
17    | 6           | [98, 99, 100, 101, 102, 103]                | [0.0200, 0.2700, 0.4100, 0.2200, 0.0700, 0.0100]                         | 0.9336   | 0.6800  | 0.7123 
18    | 5           | [97, 98, 99, 100, 101]                      | [0.0900, 0.5100, 0.2500, 0.1400, 0.0100]                                 | 0.7691   | 0.6200  | 0.6562 
19    | 5           | [97, 98, 99, 100, 101]                      | [0.0500, 0.2600, 0.3600, 0.2400, 0.0900]                                 | 1.0564   | 0.7800  | 0.7420 
20    | 6           | [96, 97, 98, 99, 100, 101]                  | [0.0300, 0.2100, 0.2000, 0.2300, 0.2400, 0.0900]                         | 1.8259   | 0.8200  | 0.8044 
21    | 8           | [96, 97, 98, 99, 100, 101, 102, 103]        | [0.0500, 0.2800, 0.1100, 0.3100, 0.0800, 0.0300, 0.1200, 0.0200]         | 3.2224   | 0.8800  | 0.7968 

[Per-locus summary - Population 2]
Locus | Num_Alleles | Alleles                                     | Frequencies                                                              | Variance | Obs_Het | Exp_Het
------+-------------+---------------------------------------------+--------------------------------------------------------------------------+----------+---------+--------
1     | 5           | [98, 99, 100, 101, 102]                     | [0.1500, 0.3000, 0.3100, 0.1900, 0.0500]                                 | 1.1939   | 0.7600  | 0.7604 
2     | 5           | [101, 102, 103, 104, 106]                   | [0.2700, 0.3400, 0.2400, 0.1400, 0.0100]                                 | 1.1459   | 0.7200  | 0.7416 
3     | 7           | [96, 98, 99, 100, 101, 103, 104]            | [0.0300, 0.0400, 0.4500, 0.1900, 0.2000, 0.0600, 0.0300]                 | 2.2875   | 0.7400  | 0.7216 
4     | 7           | [98, 99, 100, 101, 102, 103, 104]           | [0.0500, 0.1100, 0.1600, 0.3200, 0.3000, 0.0400, 0.0200]                 | 1.6819   | 0.7400  | 0.7731 
5     | 5           | [97, 98, 99, 100, 102]                      | [0.1100, 0.3100, 0.2900, 0.2000, 0.0900]                                 | 1.7564   | 0.8000  | 0.7673 
6     | 8           | [95, 96, 97, 98, 99, 100, 101, 102]         | [0.0100, 0.0300, 0.2900, 0.2200, 0.2200, 0.1800, 0.0400, 0.0100]         | 1.8304   | 0.8600  | 0.7919 
7     | 9           | [98, 99, 100, 101, 102, 103, 104, 105, 106] | [0.0400, 0.0200, 0.0300, 0.0200, 0.0600, 0.6700, 0.1000, 0.0400, 0.0200] | 2.1171   | 0.5800  | 0.5376 
8     | 7           | [96, 97, 98, 99, 100, 101, 102]             | [0.0100, 0.0700, 0.0800, 0.4800, 0.1900, 0.1600, 0.0100]                 | 1.2859   | 0.7000  | 0.7034 
9     | 6           | [98, 99, 100, 101, 102, 103]                | [0.2000, 0.1100, 0.4200, 0.1300, 0.0500, 0.0900]                         | 2.0499   | 0.8000  | 0.7515 
10    | 7           | [97, 98, 99, 100, 101, 102, 103]            | [0.0200, 0.0700, 0.1100, 0.2400, 0.1800, 0.1500, 0.2300]                 | 2.6804   | 0.7200  | 0.8255 
11    | 6           | [100, 101, 102, 103, 104, 105]              | [0.0600, 0.0500, 0.1100, 0.4900, 0.2600, 0.0300]                         | 1.2251   | 0.7200  | 0.6800 
12    | 4           | [97, 98, 99, 100]                           | [0.0300, 0.1500, 0.6200, 0.2000]                                         | 0.4699   | 0.5800  | 0.5578 
13    | 7           | [99, 100, 101, 102, 103, 104, 105]          | [0.1600, 0.1300, 0.2100, 0.1000, 0.2700, 0.0800, 0.0500]                 | 3.0731   | 0.8200  | 0.8299 
14    | 7           | [99, 100, 101, 102, 103, 104, 105]          | [0.0100, 0.1600, 0.2400, 0.3700, 0.0400, 0.1300, 0.0500]                 | 1.9604   | 0.8000  | 0.7665 
15    | 5           | [99, 100, 101, 102, 103]                    | [0.0500, 0.2100, 0.5500, 0.1300, 0.0600]                                 | 0.7764   | 0.6800  | 0.6368 
16    | 6           | [98, 99, 100, 101, 102, 103]                | [0.0600, 0.1300, 0.2400, 0.2200, 0.3400, 0.0100]                         | 1.5776   | 0.7000  | 0.7654 
17    | 5           | [98, 99, 100, 101, 102]                     | [0.0300, 0.3200, 0.3800, 0.2500, 0.0200]                                 | 0.7619   | 0.7200  | 0.6964 
18    | 5           | [97, 98, 99, 100, 101]                      | [0.0700, 0.5000, 0.2900, 0.1100, 0.0300]                                 | 0.7891   | 0.6800  | 0.6545 
19    | 5           | [97, 98, 99, 100, 101]                      | [0.1700, 0.2400, 0.2900, 0.2000, 0.1000]                                 | 1.4876   | 0.8200  | 0.7873 
20    | 6           | [96, 97, 98, 99, 100, 101]                  | [0.1100, 0.2000, 0.2500, 0.1800, 0.1100, 0.1500]                         | 2.4251   | 0.7800  | 0.8267 
21    | 7           | [96, 97, 98, 99, 100, 101, 102]             | [0.0600, 0.2800, 0.1500, 0.3200, 0.0700, 0.0400, 0.0800]                 | 2.5100   | 0.7600  | 0.7881 
