
[Simulation Info]
simulation_id = sim_0003138
timestamp     = 20250428_083731
seed          = 870553
output_folder = /home/lejeunet/Bureau/simulations/Ref_table/sim_0003138

[Model Parameters]
pop_size           = 1693
num_loci           = 20
sample1_generation = 30
sample2_generation = 10
low_repeats        = 1
high_repeats       = 200
mutation_rate      = 0.001
recap_Ne           = 1693

[Sampling Design]
sample1_size_Ne  = 50
sample2_size_Ne  = 50
sample1_size_CMR = 50
sample2_size_CMR = 50

[Capture-Marquage-Recapture]
census_N   =  2601
MatchCount =  1

[Ne Estimates - One Sample - Decreasing critical values [0.050, 0.020, 0.010, 0+]]

[Linkage Desequilibrium]
LD_Ne_Pop1 = [None, 1057.6, None, None]
LD_r2_Pop1 = [0.02111, 0.021591, 0.021172, 0.021172]
LD_Ne_Pop2 = [4493.9, 2453.2, None, None]
LD_r2_Pop2 = [0.02135, 0.021412, 0.021251, 0.021251]

[Heterozygote excess]
HE_Neb_mean_Pop1        = [39.1, 246.2, 246.2, 246.2]
HE_weighted_D_mean_Pop1 = [0.01295, 0.00204, 0.00204, 0.00204]
HE_Neb_mean_Pop2        = [30.2, 36.9, 39.2, 39.2]
HE_weighted_D_mean_Pop2 = [0.01681, 0.01372, 0.0129, 0.0129]

[Molecular Coancestry]
Coan_Neb_n_Pop1 = None
Coan_f1_Pop1    = -0.00016
Coan_Neb_n_Pop2 = 29.5
Coan_f1_Pop2    = 0.01694

[Ne Estimates - Temporal - Decreasing critical values (0.050, 0.020, 0.010, 0+)]

[Pollak]
P_Ne     = [2238.1, 2757.2, 4451.5, 3952.1]
P_Fk     = [0.02223, 0.02181, 0.02112, 0.02127]
P_Fprime = [0.00223, 0.00181, 0.00112, 0.00127]

[Nei/Tajima]
N_Ne     = [2437.8, 3011.6, 4740.5, 4245.3]
N_Fc     = [0.02205, 0.02166, 0.02105, 0.02118]
N_Fprime = [0.00205, 0.00166, 0.00105, 0.00118]

[Jorde/Ryman]
J_Ne     = [1830.6, 2118.8, 2244.5, 2231.7]
J_Fs     = [0.02283, 0.02246, 0.02233, 0.02234]
J_Fprime = [0.00273, 0.00236, 0.00223, 0.00224]

[Genetic Diversity - Heterozygosity]
mean_exp_het_pop1 = 0.7425
mean_obs_het_pop1 = 0.7562
mean_exp_het_pop2 = 0.7561
mean_obs_het_pop2 = 0.7657

[Genetic Diversity - Allele Counts]
mean_alleles_pop1 = 6.81
var_alleles_pop1  = 3.26
sum_alleles_pop1  = 143
mean_alleles_pop2 = 7.19
var_alleles_pop2  = 2.11
sum_alleles_pop2  = 302

[Genetic Diversity - Allelic Size Variance]
var_allele_size_pop1 = 3.215
var_allele_size_pop2 = 3.257

[Per-locus summary - Population 1]
Locus | Num_Alleles | Alleles                                            | Frequencies                                                                              | Variance | Obs_Het | Exp_Het
------+-------------+----------------------------------------------------+------------------------------------------------------------------------------------------+----------+---------+--------
1     | 11          | [95, 96, 97, 98, 99, 100, 101, 104, 105, 106, 107] | [0.0300, 0.0600, 0.0100, 0.0800, 0.4200, 0.0700, 0.0200, 0.0400, 0.1900, 0.0600, 0.0200] | 10.6931  | 0.8000  | 0.7733 
2     | 7           | [94, 95, 96, 97, 99, 100, 101]                     | [0.0300, 0.3900, 0.1500, 0.0500, 0.3500, 0.0100, 0.0200]                                 | 3.7459   | 0.7200  | 0.7061 
3     | 8           | [99, 100, 101, 102, 103, 104, 105, 106]            | [0.0700, 0.2000, 0.0100, 0.0500, 0.2300, 0.2700, 0.1400, 0.0300]                         | 4.0139   | 0.7800  | 0.8143 
4     | 8           | [96, 97, 98, 99, 100, 101, 102, 103]               | [0.0100, 0.2100, 0.2200, 0.2200, 0.2100, 0.0200, 0.0200, 0.0900]                         | 3.0600   | 0.7600  | 0.8141 
5     | 5           | [95, 96, 97, 98, 103]                              | [0.1900, 0.3900, 0.3200, 0.0500, 0.0500]                                                 | 2.8236   | 0.6400  | 0.7115 
6     | 5           | [96, 99, 100, 101, 102]                            | [0.1300, 0.2700, 0.4000, 0.1800, 0.0200]                                                 | 2.2851   | 0.8600  | 0.7247 
7     | 7           | [96, 97, 98, 99, 100, 101, 102]                    | [0.0100, 0.0900, 0.2400, 0.1000, 0.2600, 0.2200, 0.0800]                                 | 2.3099   | 0.8600  | 0.8099 
8     | 8           | [95, 96, 97, 99, 100, 101, 102, 103]               | [0.0400, 0.0600, 0.0100, 0.2600, 0.1600, 0.3300, 0.1100, 0.0300]                         | 3.3419   | 0.8600  | 0.7875 
9     | 5           | [98, 99, 100, 101, 102]                            | [0.0100, 0.1700, 0.1700, 0.3000, 0.3500]                                                 | 1.2539   | 0.7200  | 0.7370 
10    | 6           | [101, 102, 103, 104, 105, 106]                     | [0.0600, 0.3500, 0.0300, 0.2800, 0.2700, 0.0100]                                         | 1.8956   | 0.7200  | 0.7289 
11    | 9           | [96, 97, 98, 99, 100, 101, 102, 103, 104]          | [0.1400, 0.2800, 0.1500, 0.1300, 0.0200, 0.1200, 0.0800, 0.0500, 0.0300]                 | 5.2216   | 0.9000  | 0.8465 
12    | 6           | [98, 99, 101, 102, 103, 104]                       | [0.0600, 0.0100, 0.0200, 0.0600, 0.5100, 0.3400]                                         | 2.1300   | 0.7000  | 0.6228 
13    | 6           | [101, 102, 103, 104, 105, 106]                     | [0.0700, 0.0300, 0.0600, 0.2900, 0.5200, 0.0300]                                         | 1.3875   | 0.6000  | 0.6416 
14    | 9           | [95, 96, 97, 98, 99, 100, 101, 102, 103]           | [0.0200, 0.0300, 0.3800, 0.1200, 0.0900, 0.1300, 0.0900, 0.1300, 0.0100]                 | 3.9539   | 0.8000  | 0.7978 
15    | 6           | [97, 98, 99, 100, 101, 102]                        | [0.3100, 0.2700, 0.1600, 0.1100, 0.0600, 0.0900]                                         | 2.5179   | 0.7600  | 0.7895 
16    | 6           | [95, 96, 97, 98, 99, 100]                          | [0.0700, 0.0900, 0.0600, 0.6000, 0.1300, 0.0500]                                         | 1.3316   | 0.5600  | 0.6101 
17    | 5           | [101, 102, 103, 104, 105]                          | [0.1100, 0.2100, 0.1700, 0.4100, 0.1000]                                                 | 1.4276   | 0.7600  | 0.7442 
18    | 8           | [94, 95, 96, 97, 98, 99, 100, 101]                 | [0.1000, 0.3400, 0.2000, 0.1300, 0.0700, 0.0300, 0.0100, 0.1200]                         | 4.3684   | 0.8600  | 0.8053 
19    | 9           | [96, 97, 98, 99, 100, 101, 102, 103, 104]          | [0.0100, 0.1500, 0.0900, 0.1200, 0.2900, 0.0400, 0.0800, 0.1500, 0.0700]                 | 4.8004   | 0.8600  | 0.8438 
20    | 5           | [95, 96, 97, 98, 101]                              | [0.1000, 0.6200, 0.1700, 0.0500, 0.0600]                                                 | 1.7491   | 0.5400  | 0.5764 
21    | 4           | [99, 102, 103, 104]                                | [0.1800, 0.1100, 0.3100, 0.4000]                                                         | 3.2051   | 0.8200  | 0.7065 

[Per-locus summary - Population 2]
Locus | Num_Alleles | Alleles                                        | Frequencies                                                                      | Variance | Obs_Het | Exp_Het
------+-------------+------------------------------------------------+----------------------------------------------------------------------------------+----------+---------+--------
1     | 10          | [96, 97, 98, 99, 100, 101, 104, 105, 106, 107] | [0.0700, 0.0100, 0.0600, 0.4900, 0.1400, 0.0100, 0.0300, 0.1600, 0.0200, 0.0100] | 7.6000   | 0.6600  | 0.7117 
2     | 6           | [94, 95, 96, 97, 99, 100]                      | [0.0200, 0.3700, 0.1500, 0.0700, 0.3600, 0.0300]                                 | 3.5004   | 0.7200  | 0.7119 
3     | 8           | [99, 100, 101, 102, 103, 104, 105, 106]        | [0.0300, 0.2500, 0.0100, 0.0500, 0.1800, 0.2400, 0.1600, 0.0800]                 | 4.4004   | 0.9200  | 0.8202 
4     | 7           | [97, 98, 99, 100, 101, 102, 103]               | [0.1200, 0.2600, 0.2100, 0.2600, 0.0200, 0.0400, 0.0900]                         | 2.8016   | 0.7400  | 0.8042 
5     | 5           | [95, 96, 97, 98, 103]                          | [0.0900, 0.4600, 0.3800, 0.0300, 0.0400]                                         | 2.1531   | 0.5800  | 0.6398 
6     | 7           | [95, 96, 97, 99, 100, 101, 102]                | [0.0200, 0.1300, 0.0100, 0.3500, 0.3300, 0.1100, 0.0500]                         | 2.7059   | 0.7800  | 0.7440 
7     | 8           | [96, 97, 98, 99, 100, 101, 102, 103]           | [0.0300, 0.1300, 0.2000, 0.1000, 0.2000, 0.1400, 0.1400, 0.0600]                 | 3.6219   | 0.9000  | 0.8580 
8     | 7           | [95, 96, 98, 99, 100, 101, 102]                | [0.0500, 0.0200, 0.0100, 0.2700, 0.1800, 0.3300, 0.1400]                         | 2.7699   | 0.8000  | 0.7709 
9     | 6           | [98, 99, 100, 101, 102, 103]                   | [0.0200, 0.2400, 0.1900, 0.2700, 0.2700, 0.0100]                                 | 1.4464   | 0.8600  | 0.7677 
10    | 7           | [100, 101, 102, 103, 104, 105, 106]            | [0.0100, 0.0400, 0.4500, 0.0600, 0.2200, 0.2100, 0.0100]                         | 1.8379   | 0.7000  | 0.7067 
11    | 9           | [96, 97, 98, 99, 100, 101, 102, 103, 104]      | [0.0800, 0.1900, 0.1300, 0.2300, 0.0700, 0.1700, 0.0800, 0.0200, 0.0300]         | 4.1331   | 0.7400  | 0.8548 
12    | 7           | [97, 98, 99, 101, 102, 103, 104]               | [0.0100, 0.1800, 0.0400, 0.0100, 0.0700, 0.3900, 0.3000]                         | 5.0819   | 0.6800  | 0.7261 
13    | 6           | [101, 102, 103, 104, 105, 106]                 | [0.0900, 0.0200, 0.0800, 0.3200, 0.4400, 0.0500]                                 | 1.5875   | 0.6200  | 0.6935 
14    | 8           | [95, 96, 97, 98, 99, 100, 101, 102]            | [0.0100, 0.0400, 0.3600, 0.0900, 0.1000, 0.1400, 0.0900, 0.1700]                 | 4.0604   | 0.9000  | 0.8020 
15    | 7           | [96, 97, 98, 99, 100, 101, 102]                | [0.0200, 0.3400, 0.2900, 0.1400, 0.0600, 0.0900, 0.0600]                         | 2.4179   | 0.8800  | 0.7727 
16    | 7           | [95, 96, 97, 98, 99, 100, 101]                 | [0.1400, 0.0900, 0.0200, 0.4300, 0.1800, 0.1200, 0.0200]                         | 2.4604   | 0.8600  | 0.7473 
17    | 5           | [101, 102, 103, 104, 105]                      | [0.2700, 0.1800, 0.2600, 0.2600, 0.0300]                                         | 1.4800   | 0.7800  | 0.7663 
18    | 8           | [94, 95, 96, 97, 98, 99, 100, 101]             | [0.0900, 0.2900, 0.1900, 0.1700, 0.1100, 0.0500, 0.0100, 0.0900]                 | 3.8064   | 0.7800  | 0.8283 
19    | 9           | [96, 97, 98, 99, 100, 101, 102, 103, 104]      | [0.0100, 0.1400, 0.2000, 0.1200, 0.2400, 0.0500, 0.0900, 0.0800, 0.0700]         | 4.5371   | 0.8600  | 0.8549 
20    | 6           | [95, 96, 97, 98, 101, 102]                     | [0.1200, 0.6000, 0.1400, 0.0200, 0.1100, 0.0100]                                 | 3.0011   | 0.5600  | 0.5994 
21    | 5           | [99, 100, 102, 103, 104]                       | [0.1600, 0.0100, 0.0900, 0.3500, 0.3900]                                         | 2.9931   | 0.7600  | 0.6986 
