
[Simulation Info]
simulation_id = sim_0005183
timestamp     = 20250428_092625
seed          = 332064
output_folder = /home/lejeunet/Bureau/simulations/Ref_table/sim_0005183

[Model Parameters]
pop_size           = 808
num_loci           = 20
sample1_generation = 30
sample2_generation = 10
low_repeats        = 1
high_repeats       = 200
mutation_rate      = 0.001
recap_Ne           = 808

[Sampling Design]
sample1_size_Ne  = 50
sample2_size_Ne  = 50
sample1_size_CMR = 50
sample2_size_CMR = 50

[Capture-Marquage-Recapture]
census_N   =  1300
MatchCount =  2

[Ne Estimates - One Sample - Decreasing critical values [0.050, 0.020, 0.010, 0+]]

[Linkage Desequilibrium]
LD_Ne_Pop1 = [None, None, None, None]
LD_r2_Pop1 = [0.021106, 0.020696, 0.021148, 0.021148]
LD_Ne_Pop2 = [None, None, None, None]
LD_r2_Pop2 = [0.02068, 0.020752, 0.02097, 0.02097]

[Heterozygote excess]
HE_Neb_mean_Pop1        = [None, None, None, None]
HE_weighted_D_mean_Pop1 = [-0.03229, -0.03172, -0.03147, -0.03147]
HE_Neb_mean_Pop2        = [46.2, 95.5, 100.7, 100.7]
HE_weighted_D_mean_Pop2 = [0.01093, 0.00526, 0.00499, 0.00499]

[Molecular Coancestry]
Coan_Neb_n_Pop1 = 29.1
Coan_f1_Pop1    = 0.01717
Coan_Neb_n_Pop2 = 72.3
Coan_f1_Pop2    = 0.00692

[Ne Estimates - Temporal - Decreasing critical values (0.050, 0.020, 0.010, 0+)]

[Pollak]
P_Ne     = [694.1, 993.8, 1100.3, 1122.1]
P_Fk     = [0.0272, 0.02503, 0.02454, 0.02446]
P_Fprime = [0.0072, 0.00503, 0.00454, 0.00446]

[Nei/Tajima]
N_Ne     = [787.1, 1092.1, 1194.8, 1214.4]
N_Fc     = [0.02635, 0.02458, 0.02418, 0.02412]
N_Fprime = [0.00635, 0.00458, 0.00418, 0.00412]

[Jorde/Ryman]
J_Ne     = [1030.8, 1186.8, 1208.4, 1208.4]
J_Fs     = [0.02496, 0.02432, 0.02424, 0.02424]
J_Fprime = [0.00485, 0.00421, 0.00414, 0.00414]

[Genetic Diversity - Heterozygosity]
mean_exp_het_pop1 = 0.658
mean_obs_het_pop1 = 0.6371
mean_exp_het_pop2 = 0.6428
mean_obs_het_pop2 = 0.6524

[Genetic Diversity - Allele Counts]
mean_alleles_pop1 = 5.76
var_alleles_pop1  = 2.19
sum_alleles_pop1  = 121
mean_alleles_pop2 = 5.6
var_alleles_pop2  = 2.25
sum_alleles_pop2  = 235

[Genetic Diversity - Allelic Size Variance]
var_allele_size_pop1 = 2.7707
var_allele_size_pop2 = 2.3823

[Per-locus summary - Population 1]
Locus | Num_Alleles | Alleles                                      | Frequencies                                                              | Variance | Obs_Het | Exp_Het
------+-------------+----------------------------------------------+--------------------------------------------------------------------------+----------+---------+--------
1     | 5           | [96, 97, 98, 99, 100]                        | [0.1200, 0.0300, 0.1000, 0.7200, 0.0300]                                 | 1.0899   | 0.3800  | 0.4600 
2     | 6           | [97, 98, 99, 101, 102, 103]                  | [0.0600, 0.0600, 0.1200, 0.1300, 0.3700, 0.2600]                         | 3.3371   | 0.7000  | 0.7647 
3     | 7           | [95, 96, 97, 98, 99, 100, 101]               | [0.0300, 0.0700, 0.1300, 0.0500, 0.1500, 0.3800, 0.1900]                 | 2.8056   | 0.7800  | 0.7796 
4     | 7           | [95, 96, 97, 98, 101, 102, 103]              | [0.0200, 0.0600, 0.2100, 0.1400, 0.0400, 0.4400, 0.0900]                 | 6.5164   | 0.7800  | 0.7364 
5     | 5           | [98, 99, 100, 101, 102]                      | [0.0200, 0.0600, 0.7500, 0.1300, 0.0400]                                 | 0.4179   | 0.3600  | 0.4192 
6     | 5           | [98, 99, 100, 101, 102]                      | [0.0300, 0.1700, 0.1500, 0.5500, 0.1000]                                 | 0.9696   | 0.6800  | 0.6416 
7     | 6           | [97, 98, 99, 102, 103, 104]                  | [0.3800, 0.2800, 0.1600, 0.0200, 0.1500, 0.0100]                         | 4.5211   | 0.6800  | 0.7360 
8     | 7           | [97, 98, 99, 100, 101, 102, 103]             | [0.0300, 0.2400, 0.0100, 0.3100, 0.2700, 0.1300, 0.0100]                 | 2.1196   | 0.7800  | 0.7630 
9     | 8           | [96, 97, 98, 99, 100, 101, 103, 104]         | [0.0400, 0.1800, 0.1200, 0.0600, 0.1400, 0.2000, 0.1800, 0.0800]         | 5.8964   | 0.9000  | 0.8582 
10    | 4           | [99, 101, 102, 103]                          | [0.2000, 0.0300, 0.1500, 0.6200]                                         | 2.4499   | 0.5400  | 0.5578 
11    | 7           | [95, 96, 97, 98, 99, 101, 102]               | [0.0100, 0.2000, 0.1700, 0.3300, 0.1400, 0.1000, 0.0500]                 | 2.8984   | 0.7200  | 0.7980 
12    | 4           | [96, 97, 98, 99]                             | [0.0400, 0.1400, 0.5700, 0.2500]                                         | 0.5491   | 0.6400  | 0.5974 
13    | 4           | [97, 98, 100, 101]                           | [0.2600, 0.3300, 0.1300, 0.2800]                                         | 2.5944   | 0.7400  | 0.7356 
14    | 4           | [99, 100, 101, 102]                          | [0.0300, 0.7700, 0.1900, 0.0100]                                         | 0.2276   | 0.3800  | 0.3737 
15    | 6           | [98, 99, 100, 101, 102, 103]                 | [0.0100, 0.1700, 0.0800, 0.1800, 0.5400, 0.0200]                         | 1.4531   | 0.6200  | 0.6467 
16    | 6           | [97, 98, 99, 100, 101, 102]                  | [0.0200, 0.6700, 0.0800, 0.0800, 0.1400, 0.0100]                         | 1.3776   | 0.5200  | 0.5234 
17    | 4           | [101, 102, 103, 104]                         | [0.1400, 0.1900, 0.6300, 0.0400]                                         | 0.6051   | 0.5600  | 0.5513 
18    | 7           | [98, 100, 101, 102, 103, 104, 105]           | [0.0400, 0.2100, 0.4300, 0.0400, 0.1100, 0.0400, 0.1300]                 | 3.1651   | 0.6800  | 0.7447 
19    | 9           | [99, 100, 101, 102, 103, 104, 105, 106, 107] | [0.2000, 0.0200, 0.1500, 0.0400, 0.3500, 0.0100, 0.0500, 0.1600, 0.0200] | 5.7091   | 0.7400  | 0.7923 
20    | 6           | [93, 94, 95, 98, 99, 100]                    | [0.2800, 0.0400, 0.0300, 0.0400, 0.4200, 0.1900]                         | 8.3675   | 0.6200  | 0.7121 
21    | 4           | [101, 102, 103, 104]                         | [0.4200, 0.0700, 0.4400, 0.0700]                                         | 1.1144   | 0.5800  | 0.6265 

[Per-locus summary - Population 2]
Locus | Num_Alleles | Alleles                              | Frequencies                                                      | Variance | Obs_Het | Exp_Het
------+-------------+--------------------------------------+------------------------------------------------------------------+----------+---------+--------
1     | 4           | [96, 97, 98, 99]                     | [0.1500, 0.0200, 0.1100, 0.7200]                                 | 1.1800   | 0.4800  | 0.4511 
2     | 6           | [97, 98, 99, 101, 102, 103]          | [0.0300, 0.0200, 0.1200, 0.2200, 0.3700, 0.2400]                 | 2.2851   | 0.7800  | 0.7489 
3     | 7           | [95, 96, 97, 98, 99, 100, 101]       | [0.0100, 0.0400, 0.1000, 0.1000, 0.2400, 0.3400, 0.1700]         | 1.9916   | 0.8400  | 0.7840 
4     | 6           | [96, 97, 98, 101, 102, 103]          | [0.1000, 0.1300, 0.1600, 0.0800, 0.3900, 0.1400]                 | 6.2811   | 0.8000  | 0.7772 
5     | 4           | [99, 100, 101, 102]                  | [0.0900, 0.7100, 0.1900, 0.0100]                                 | 0.3056   | 0.5000  | 0.4562 
6     | 5           | [98, 99, 100, 101, 102]              | [0.0600, 0.1100, 0.1200, 0.5600, 0.1500]                         | 1.1131   | 0.6400  | 0.6402 
7     | 6           | [96, 97, 98, 99, 102, 103]           | [0.0100, 0.3600, 0.3800, 0.1900, 0.0100, 0.0500]                 | 1.9900   | 0.6000  | 0.6941 
8     | 5           | [97, 98, 100, 101, 102]              | [0.0200, 0.1200, 0.3100, 0.3900, 0.1600]                         | 1.5219   | 0.7600  | 0.7186 
9     | 8           | [96, 97, 98, 99, 100, 101, 103, 104] | [0.0300, 0.1300, 0.1600, 0.0300, 0.2400, 0.1900, 0.1800, 0.0400] | 4.7691   | 0.9000  | 0.8364 
10    | 4           | [99, 102, 103, 104]                  | [0.2000, 0.2000, 0.5900, 0.0100]                                 | 2.4299   | 0.5400  | 0.5776 
11    | 6           | [96, 97, 98, 99, 101, 102]           | [0.1900, 0.1800, 0.3800, 0.0900, 0.1300, 0.0300]                 | 2.6784   | 0.7000  | 0.7689 
12    | 4           | [96, 97, 98, 99]                     | [0.1400, 0.1900, 0.5200, 0.1500]                                 | 0.7976   | 0.7000  | 0.6580 
13    | 4           | [97, 98, 100, 101]                   | [0.3500, 0.4000, 0.0600, 0.1900]                                 | 2.1844   | 0.6400  | 0.6846 
14    | 2           | [100, 101]                           | [0.8600, 0.1400]                                                 | 0.1204   | 0.2800  | 0.2432 
15    | 6           | [98, 99, 100, 101, 102, 103]         | [0.0100, 0.3000, 0.0600, 0.1100, 0.4800, 0.0400]                 | 1.9731   | 0.6200  | 0.6689 
16    | 5           | [97, 98, 99, 100, 101]               | [0.0200, 0.7000, 0.1200, 0.0600, 0.1000]                         | 1.0096   | 0.4600  | 0.4865 
17    | 4           | [101, 102, 103, 104]                 | [0.1000, 0.1200, 0.7700, 0.0100]                                 | 0.4339   | 0.3800  | 0.3865 
18    | 7           | [98, 100, 101, 102, 103, 104, 105]   | [0.1200, 0.1700, 0.3900, 0.0500, 0.1100, 0.0500, 0.1100]         | 3.8411   | 0.7200  | 0.7832 
19    | 7           | [99, 101, 102, 103, 105, 106, 107]   | [0.1500, 0.1200, 0.0600, 0.3600, 0.1100, 0.1900, 0.0100]         | 5.2451   | 0.8400  | 0.7895 
20    | 7           | [92, 93, 94, 95, 98, 99, 100]        | [0.0200, 0.1600, 0.0400, 0.0600, 0.0500, 0.5300, 0.1400]         | 6.7875   | 0.7200  | 0.6725 
21    | 4           | [101, 102, 103, 104]                 | [0.4500, 0.1500, 0.3200, 0.0800]                                 | 1.0891   | 0.8000  | 0.6729 
