
[Simulation Info]
simulation_id = sim_0010783
timestamp     = 20250429_085150
seed          = 157926
output_folder = /home/lejeunet/Bureau/simulations/Ref_table/sim_0010783

[Model Parameters]
pop_size           = 192
num_loci           = 20
sample1_generation = 30
sample2_generation = 10
low_repeats        = 1
high_repeats       = 200
mutation_rate      = 0.001
recap_Ne           = 192

[Sampling Design]
sample1_size_Ne  = 50
sample2_size_Ne  = 50
sample1_size_CMR = 50
sample2_size_CMR = 50

[Capture-Marquage-Recapture]
census_N   =  236
MatchCount =  11

[Ne Estimates - One Sample - Decreasing critical values [0.050, 0.020, 0.010, 0+]]

[Linkage Desequilibrium]
LD_Ne_Pop1 = [1384.7, 560.7, 617.0, 617.0]
LD_r2_Pop1 = [0.021516, 0.021868, 0.021814, 0.021814]
LD_Ne_Pop2 = [1603.0, 497.5, None, None]
LD_r2_Pop2 = [0.021484, 0.021943, 0.02054, 0.02054]

[Heterozygote excess]
HE_Neb_mean_Pop1        = [17.9, 19.2, 19.7, 19.7]
HE_weighted_D_mean_Pop1 = [0.02877, 0.02675, 0.02603, 0.02603]
HE_Neb_mean_Pop2        = [25.0, 25.8, 26.5, 26.5]
HE_weighted_D_mean_Pop2 = [0.02037, 0.01975, 0.01923, 0.01923]

[Molecular Coancestry]
Coan_Neb_n_Pop1 = 15.2
Coan_f1_Pop1    = 0.03299
Coan_Neb_n_Pop2 = None
Coan_f1_Pop2    = -0.07169

[Ne Estimates - Temporal - Decreasing critical values (0.050, 0.020, 0.010, 0+)]

[Pollak]
P_Ne     = [269.6, 316.9, 309.1, 309.1]
P_Fk     = [0.03855, 0.03578, 0.03617, 0.03617]
P_Fprime = [0.01855, 0.01578, 0.01617, 0.01617]

[Nei/Tajima]
N_Ne     = [258.6, 292.3, 288.1, 288.1]
N_Fc     = [0.03934, 0.03711, 0.03736, 0.03736]
N_Fprime = [0.01934, 0.01711, 0.01736, 0.01736]

[Jorde/Ryman]
J_Ne     = [326.6, 333.1, 331.7, 331.7]
J_Fs     = [0.03547, 0.03517, 0.03523, 0.03523]
J_Fprime = [0.01531, 0.01501, 0.01507, 0.01507]

[Genetic Diversity - Heterozygosity]
mean_exp_het_pop1 = 0.3101
mean_obs_het_pop1 = 0.321
mean_exp_het_pop2 = 0.3216
mean_obs_het_pop2 = 0.3276

[Genetic Diversity - Allele Counts]
mean_alleles_pop1 = 2.76
var_alleles_pop1  = 0.49
sum_alleles_pop1  = 58
mean_alleles_pop2 = 2.95
var_alleles_pop2  = 0.44
sum_alleles_pop2  = 124

[Genetic Diversity - Allelic Size Variance]
var_allele_size_pop1 = 0.2929
var_allele_size_pop2 = 0.3069

[Per-locus summary - Population 1]
Locus | Num_Alleles | Alleles             | Frequencies                      | Variance | Obs_Het | Exp_Het
------+-------------+---------------------+----------------------------------+----------+---------+--------
1     | 2           | [99, 100]           | [0.1300, 0.8700]                 | 0.1131   | 0.1800  | 0.2285 
2     | 3           | [99, 100, 101]      | [0.1200, 0.8700, 0.0100]         | 0.1179   | 0.2600  | 0.2309 
3     | 3           | [99, 100, 101]      | [0.0700, 0.7300, 0.2000]         | 0.2531   | 0.4400  | 0.4265 
4     | 3           | [99, 100, 101]      | [0.1100, 0.8500, 0.0400]         | 0.1451   | 0.2600  | 0.2665 
5     | 3           | [99, 100, 102]      | [0.3000, 0.1700, 0.5300]         | 1.8424   | 0.6800  | 0.6063 
6     | 3           | [100, 101, 103]     | [0.8300, 0.1600, 0.0100]         | 0.2139   | 0.3400  | 0.2883 
7     | 3           | [100, 101, 102]     | [0.3200, 0.6300, 0.0500]         | 0.2971   | 0.5000  | 0.5032 
8     | 2           | [99, 100]           | [0.2100, 0.7900]                 | 0.1659   | 0.4200  | 0.3352 
9     | 2           | [100, 101]          | [0.9900, 0.0100]                 | 0.0099   | 0.0200  | 0.0200 
10    | 4           | [99, 100, 101, 102] | [0.0300, 0.8400, 0.0100, 0.1200] | 0.4716   | 0.3200  | 0.2818 
11    | 2           | [99, 100]           | [0.3700, 0.6300]                 | 0.2331   | 0.5000  | 0.4709 
12    | 3           | [98, 99, 100]       | [0.0100, 0.0500, 0.9400]         | 0.0851   | 0.1200  | 0.1149 
13    | 2           | [99, 100]           | [0.2900, 0.7100]                 | 0.2059   | 0.3800  | 0.4160 
14    | 3           | [99, 100, 101]      | [0.0200, 0.9400, 0.0400]         | 0.0596   | 0.1200  | 0.1156 
15    | 4           | [99, 100, 101, 102] | [0.0700, 0.7400, 0.1100, 0.0800] | 0.4600   | 0.3800  | 0.4333 
16    | 3           | [99, 100, 101]      | [0.1300, 0.5900, 0.2800]         | 0.3875   | 0.6000  | 0.5622 
17    | 3           | [99, 100, 101]      | [0.0100, 0.9700, 0.0200]         | 0.0299   | 0.0600  | 0.0592 
18    | 2           | [99, 100]           | [0.0300, 0.9700]                 | 0.0291   | 0.0600  | 0.0588 
19    | 2           | [99, 100]           | [0.2400, 0.7600]                 | 0.1824   | 0.3600  | 0.3685 
20    | 4           | [98, 99, 100, 101]  | [0.2900, 0.1700, 0.5300, 0.0100] | 0.7924   | 0.6200  | 0.6121 
21    | 2           | [100, 101]          | [0.9400, 0.0600]                 | 0.0564   | 0.1200  | 0.1139 

[Per-locus summary - Population 2]
Locus | Num_Alleles | Alleles             | Frequencies                      | Variance | Obs_Het | Exp_Het
------+-------------+---------------------+----------------------------------+----------+---------+--------
1     | 2           | [99, 100]           | [0.1500, 0.8500]                 | 0.1275   | 0.2200  | 0.2576 
2     | 3           | [99, 100, 101]      | [0.1200, 0.7600, 0.1200]         | 0.2400   | 0.4800  | 0.3976 
3     | 3           | [99, 100, 101]      | [0.0500, 0.8100, 0.1400]         | 0.1819   | 0.3400  | 0.3251 
4     | 3           | [99, 100, 101]      | [0.1200, 0.8200, 0.0600]         | 0.1764   | 0.2400  | 0.3127 
5     | 3           | [99, 100, 102]      | [0.3100, 0.0600, 0.6300]         | 1.9275   | 0.4600  | 0.5085 
6     | 4           | [99, 100, 101, 102] | [0.0200, 0.8300, 0.1100, 0.0400] | 0.2611   | 0.3400  | 0.3000 
7     | 3           | [100, 101, 102]     | [0.2300, 0.6600, 0.1100]         | 0.3256   | 0.4400  | 0.5044 
8     | 3           | [98, 99, 100]       | [0.0100, 0.2100, 0.7800]         | 0.1971   | 0.3200  | 0.3509 
9     | 3           | [99, 100, 101]      | [0.0300, 0.8800, 0.0900]         | 0.1164   | 0.2400  | 0.2188 
10    | 3           | [99, 100, 102]      | [0.0500, 0.8100, 0.1400]         | 0.5571   | 0.3200  | 0.3251 
11    | 3           | [98, 99, 100]       | [0.0100, 0.3000, 0.6900]         | 0.2376   | 0.4600  | 0.4382 
12    | 2           | [99, 100]           | [0.0100, 0.9900]                 | 0.0099   | 0.0200  | 0.0200 
13    | 2           | [99, 100]           | [0.4200, 0.5800]                 | 0.2436   | 0.5200  | 0.4921 
14    | 2           | [100, 101]          | [0.9700, 0.0300]                 | 0.0291   | 0.0600  | 0.0588 
15    | 4           | [99, 100, 101, 102] | [0.0700, 0.8300, 0.0600, 0.0400] | 0.2851   | 0.3200  | 0.3040 
16    | 3           | [99, 100, 101]      | [0.1100, 0.4900, 0.4000]         | 0.4259   | 0.7000  | 0.5937 
17    | 2           | [100, 101]          | [0.8800, 0.1200]                 | 0.1056   | 0.2400  | 0.2133 
18    | 3           | [99, 100, 101]      | [0.0400, 0.9500, 0.0100]         | 0.0491   | 0.1000  | 0.0968 
19    | 3           | [99, 100, 101]      | [0.3100, 0.6700, 0.0200]         | 0.2459   | 0.5200  | 0.4592 
20    | 3           | [98, 99, 100]       | [0.2200, 0.1500, 0.6300]         | 0.6819   | 0.5000  | 0.5376 
21    | 2           | [100, 101]          | [0.9800, 0.0200]                 | 0.0196   | 0.0400  | 0.0396 
