
[Simulation Info]
simulation_id = sim_0006416
timestamp     = 20250428_095557
seed          = 648913
output_folder = /home/lejeunet/Bureau/simulations/Ref_table/sim_0006416

[Model Parameters]
pop_size           = 6617
num_loci           = 20
sample1_generation = 30
sample2_generation = 10
low_repeats        = 1
high_repeats       = 200
mutation_rate      = 0.001
recap_Ne           = 6617

[Sampling Design]
sample1_size_Ne  = 50
sample2_size_Ne  = 50
sample1_size_CMR = 50
sample2_size_CMR = 50

[Capture-Marquage-Recapture]
census_N   =  0
MatchCount =  0
# There were no match between sampling of individuals during CMR.

[Ne Estimates - One Sample - Decreasing critical values [0.050, 0.020, 0.010, 0+]]

[Linkage Desequilibrium]
LD_Ne_Pop1 = [6448.2, 201087.7, None, None]
LD_r2_Pop1 = [0.021328, 0.021278, 0.021004, 0.021004]
LD_Ne_Pop2 = [1147.2, 3152.3, 1193.3, 1193.3]
LD_r2_Pop2 = [0.021566, 0.021382, 0.021555, 0.021555]

[Heterozygote excess]
HE_Neb_mean_Pop1        = [None, 220.5, 381.5, 381.5]
HE_weighted_D_mean_Pop1 = [-0.00313, 0.00227, 0.00131, 0.00131]
HE_Neb_mean_Pop2        = [None, None, None, None]
HE_weighted_D_mean_Pop2 = [-0.01386, -0.01291, -0.01067, -0.01067]

[Molecular Coancestry]
Coan_Neb_n_Pop1 = None
Coan_f1_Pop1    = -0.02036
Coan_Neb_n_Pop2 = 115.4
Coan_f1_Pop2    = 0.00433

[Ne Estimates - Temporal - Decreasing critical values (0.050, 0.020, 0.010, 0+)]

[Pollak]
P_Ne     = [1573.3, 2317.7, 2519.2, 2304.7]
P_Fk     = [0.02318, 0.02216, 0.02198, 0.02217]
P_Fprime = [0.00318, 0.00216, 0.00198, 0.00217]

[Nei/Tajima]
N_Ne     = [1960.9, 2851.4, 3087.5, 2777.3]
N_Fc     = [0.02255, 0.02175, 0.02162, 0.0218]
N_Fprime = [0.00255, 0.00175, 0.00162, 0.0018]

[Jorde/Ryman]
J_Ne     = [4293.7, 3482.5, 3487.1, 3385.2]
J_Fs     = [0.02127, 0.02154, 0.02153, 0.02158]
J_Fprime = [0.00116, 0.00144, 0.00143, 0.00148]

[Genetic Diversity - Heterozygosity]
mean_exp_het_pop1 = 0.874
mean_obs_het_pop1 = 0.8695
mean_exp_het_pop2 = 0.873
mean_obs_het_pop2 = 0.8667

[Genetic Diversity - Allele Counts]
mean_alleles_pop1 = 12.95
var_alleles_pop1  = 5.45
sum_alleles_pop1  = 272
mean_alleles_pop2 = 13.6
var_alleles_pop2  = 7.91
sum_alleles_pop2  = 571

[Genetic Diversity - Allelic Size Variance]
var_allele_size_pop1 = 14.3477
var_allele_size_pop2 = 14.2056

[Per-locus summary - Population 1]
Locus | Num_Alleles | Alleles                                                                               | Frequencies                                                                                                                                      | Variance | Obs_Het | Exp_Het
------+-------------+---------------------------------------------------------------------------------------+--------------------------------------------------------------------------------------------------------------------------------------------------+----------+---------+--------
1     | 12          | [90, 91, 92, 93, 94, 95, 96, 97, 98, 99, 100, 101]                                    | [0.1300, 0.0600, 0.1100, 0.0800, 0.0300, 0.1200, 0.0400, 0.0900, 0.1900, 0.1300, 0.0100, 0.0100]                                                 | 10.3499  | 0.8600  | 0.8917 
2     | 15          | [95, 96, 97, 98, 99, 100, 101, 104, 106, 107, 108, 109, 110, 111, 112]                | [0.0100, 0.0300, 0.1400, 0.1700, 0.1500, 0.0400, 0.0700, 0.0200, 0.0200, 0.0400, 0.1800, 0.0600, 0.0300, 0.0300, 0.0100]                         | 25.5000  | 0.9200  | 0.8901 
3     | 14          | [86, 89, 90, 91, 92, 93, 94, 95, 96, 97, 98, 99, 100, 101]                            | [0.0100, 0.0300, 0.0300, 0.1200, 0.0500, 0.0300, 0.0900, 0.0300, 0.0100, 0.0500, 0.1500, 0.2300, 0.1400, 0.0300]                                 | 13.6944  | 0.8200  | 0.8816 
4     | 8           | [92, 93, 94, 95, 96, 97, 98, 99]                                                      | [0.0200, 0.0600, 0.5100, 0.1200, 0.1100, 0.1400, 0.0200, 0.0200]                                                                                 | 2.0744   | 0.7000  | 0.6960 
5     | 14          | [91, 92, 93, 94, 95, 97, 98, 99, 100, 101, 106, 107, 111, 112]                        | [0.0200, 0.1200, 0.2100, 0.0800, 0.0200, 0.0500, 0.1700, 0.1000, 0.1500, 0.0300, 0.0200, 0.0100, 0.0100, 0.0100]                                 | 17.0011  | 0.8800  | 0.8776 
6     | 14          | [91, 92, 93, 94, 95, 96, 97, 98, 99, 100, 101, 105, 106, 107]                         | [0.0100, 0.1000, 0.2200, 0.0200, 0.0600, 0.0400, 0.0600, 0.0900, 0.2100, 0.0700, 0.0100, 0.0200, 0.0400, 0.0500]                                 | 18.0656  | 0.7800  | 0.8794 
7     | 11          | [94, 95, 96, 97, 98, 99, 100, 101, 102, 103, 104]                                     | [0.1400, 0.0700, 0.0600, 0.0600, 0.0700, 0.1100, 0.0400, 0.1000, 0.1500, 0.1500, 0.0500]                                                         | 10.8739  | 0.9600  | 0.9012 
8     | 12          | [100, 102, 103, 104, 105, 106, 108, 110, 111, 112, 113, 114]                          | [0.0800, 0.0400, 0.1600, 0.1400, 0.0800, 0.0200, 0.0100, 0.0100, 0.1200, 0.1800, 0.1400, 0.0200]                                                 | 21.4600  | 0.8400  | 0.8818 
9     | 14          | [98, 99, 100, 101, 102, 103, 104, 105, 106, 107, 108, 109, 110, 111]                  | [0.0500, 0.1800, 0.1500, 0.0300, 0.0300, 0.0900, 0.1700, 0.0200, 0.0100, 0.1100, 0.0400, 0.0400, 0.0400, 0.0400]                                 | 14.6459  | 0.9000  | 0.8937 
10    | 18          | [90, 95, 97, 98, 99, 100, 101, 103, 104, 105, 106, 107, 108, 109, 110, 111, 112, 113] | [0.0100, 0.0200, 0.0100, 0.0400, 0.0800, 0.0900, 0.0700, 0.0100, 0.0100, 0.0500, 0.0700, 0.0600, 0.0900, 0.0400, 0.2400, 0.0500, 0.0100, 0.0500] | 25.9904  | 0.8200  | 0.9038 
11    | 11          | [100, 101, 102, 103, 104, 105, 106, 107, 108, 110, 111]                               | [0.0500, 0.0800, 0.1800, 0.1100, 0.0400, 0.0700, 0.2200, 0.2000, 0.0100, 0.0200, 0.0200]                                                         | 6.7100   | 0.8600  | 0.8594 
12    | 12          | [96, 97, 98, 99, 100, 101, 102, 103, 104, 105, 106, 107]                              | [0.0200, 0.2100, 0.1000, 0.0100, 0.0100, 0.0500, 0.1200, 0.1600, 0.0700, 0.0500, 0.1700, 0.0300]                                                 | 11.9579  | 0.9000  | 0.8743 
13    | 13          | [102, 103, 104, 105, 106, 107, 108, 109, 110, 111, 113, 114, 115]                     | [0.0300, 0.0600, 0.0300, 0.0400, 0.0700, 0.1600, 0.0600, 0.1500, 0.0900, 0.1100, 0.0300, 0.1600, 0.0100]                                         | 11.6876  | 0.9200  | 0.8986 
14    | 14          | [95, 96, 97, 98, 99, 100, 101, 102, 103, 104, 105, 106, 107, 108]                     | [0.0100, 0.0900, 0.0500, 0.0900, 0.1200, 0.0600, 0.0300, 0.0500, 0.1200, 0.0600, 0.0200, 0.1300, 0.1600, 0.0100]                                 | 14.7475  | 0.9800  | 0.9079 
15    | 13          | [100, 101, 102, 103, 104, 105, 106, 107, 108, 109, 110, 111, 112]                     | [0.0300, 0.0300, 0.0100, 0.0100, 0.0600, 0.1400, 0.1000, 0.2100, 0.0600, 0.2700, 0.0100, 0.0600, 0.0100]                                         | 6.5856   | 0.8600  | 0.8489 
16    | 16          | [91, 92, 93, 94, 95, 96, 97, 99, 100, 101, 102, 103, 104, 105, 106, 107]              | [0.0200, 0.1200, 0.0300, 0.1300, 0.0300, 0.0200, 0.0300, 0.0500, 0.0300, 0.0400, 0.0300, 0.0100, 0.1300, 0.1300, 0.1600, 0.0400]                 | 30.1384  | 0.9400  | 0.9073 
17    | 12          | [92, 93, 94, 98, 99, 100, 101, 103, 104, 105, 106, 107]                               | [0.0200, 0.0400, 0.0200, 0.1700, 0.2200, 0.0300, 0.1500, 0.0900, 0.1900, 0.0300, 0.0300, 0.0100]                                                 | 10.9684  | 0.8400  | 0.8594 
18    | 11          | [99, 100, 101, 102, 103, 104, 105, 106, 107, 108, 109]                                | [0.0600, 0.0200, 0.0500, 0.2600, 0.1300, 0.0800, 0.2300, 0.1200, 0.0300, 0.0100, 0.0100]                                                         | 4.5491   | 0.8200  | 0.8426 
19    | 9           | [95, 96, 97, 98, 99, 100, 101, 102, 105]                                              | [0.0300, 0.1400, 0.1600, 0.2000, 0.1700, 0.0900, 0.1800, 0.0200, 0.0100]                                                                         | 3.6899   | 0.7800  | 0.8525 
20    | 13          | [92, 93, 94, 95, 96, 97, 98, 99, 101, 102, 103, 104, 105]                             | [0.0200, 0.0100, 0.1000, 0.0800, 0.1600, 0.1700, 0.0400, 0.0900, 0.0200, 0.0800, 0.1000, 0.0700, 0.0600]                                         | 13.3499  | 0.9600  | 0.9026 
21    | 16          | [95, 96, 97, 98, 99, 101, 102, 104, 105, 106, 107, 108, 109, 110, 111, 113]           | [0.0200, 0.0100, 0.0600, 0.1600, 0.1300, 0.0500, 0.0300, 0.0100, 0.0400, 0.0400, 0.0400, 0.0900, 0.1700, 0.1100, 0.0300, 0.0100]                 | 27.2619  | 0.9200  | 0.9040 

[Per-locus summary - Population 2]
Locus | Num_Alleles | Alleles                                                                               | Frequencies                                                                                                                                      | Variance | Obs_Het | Exp_Het
------+-------------+---------------------------------------------------------------------------------------+--------------------------------------------------------------------------------------------------------------------------------------------------+----------+---------+--------
1     | 12          | [88, 89, 90, 91, 92, 93, 94, 95, 96, 97, 98, 99]                                      | [0.0200, 0.0100, 0.1800, 0.1500, 0.1300, 0.0100, 0.0400, 0.1000, 0.0400, 0.0200, 0.1900, 0.1100]                                                 | 11.9564  | 0.9200  | 0.8746 
2     | 13          | [95, 96, 97, 98, 99, 100, 101, 104, 106, 107, 108, 109, 111]                          | [0.0100, 0.0400, 0.0700, 0.2600, 0.0700, 0.0500, 0.0800, 0.0400, 0.0100, 0.0400, 0.1900, 0.1300, 0.0100]                                         | 23.9531  | 0.8800  | 0.8642 
3     | 12          | [86, 90, 91, 92, 94, 95, 97, 98, 99, 100, 101, 102]                                   | [0.0100, 0.0200, 0.0800, 0.0500, 0.0600, 0.0700, 0.0600, 0.1900, 0.1900, 0.2000, 0.0600, 0.0100]                                                 | 11.0744  | 0.8200  | 0.8713 
4     | 8           | [92, 93, 94, 95, 96, 97, 98, 99]                                                      | [0.0500, 0.0400, 0.4900, 0.1200, 0.0600, 0.1400, 0.0400, 0.0600]                                                                                 | 3.0396   | 0.8400  | 0.7202 
5     | 14          | [89, 91, 92, 93, 94, 95, 97, 98, 99, 100, 101, 102, 107, 112]                         | [0.0300, 0.0200, 0.1800, 0.2100, 0.1500, 0.0200, 0.0400, 0.1800, 0.0200, 0.0800, 0.0300, 0.0200, 0.0100, 0.0100]                                 | 14.3844  | 0.8400  | 0.8657 
6     | 16          | [91, 92, 93, 94, 95, 96, 97, 98, 99, 100, 101, 102, 105, 106, 107, 108]               | [0.0300, 0.1400, 0.2500, 0.0200, 0.0600, 0.0200, 0.0400, 0.0700, 0.1600, 0.0700, 0.0100, 0.0100, 0.0100, 0.0300, 0.0400, 0.0400]                 | 22.6400  | 0.8800  | 0.8800 
7     | 12          | [93, 94, 95, 96, 97, 98, 99, 100, 101, 102, 103, 104]                                 | [0.0100, 0.1200, 0.0400, 0.0900, 0.1500, 0.0900, 0.0400, 0.0100, 0.0500, 0.1800, 0.1900, 0.0300]                                                 | 11.1136  | 0.9400  | 0.8804 
8     | 15          | [100, 101, 102, 103, 104, 105, 106, 107, 108, 109, 110, 111, 112, 113, 114]           | [0.0100, 0.0300, 0.0500, 0.0600, 0.1200, 0.0900, 0.0200, 0.0100, 0.0100, 0.0700, 0.0500, 0.0700, 0.2100, 0.1600, 0.0400]                         | 17.6051  | 0.9000  | 0.8952 
9     | 15          | [97, 98, 99, 100, 101, 102, 103, 104, 105, 106, 107, 108, 109, 110, 111]              | [0.0200, 0.0400, 0.2400, 0.1000, 0.0300, 0.0200, 0.0400, 0.0900, 0.0600, 0.0300, 0.1100, 0.0900, 0.0600, 0.0100, 0.0600]                         | 17.5064  | 0.8200  | 0.8964 
10    | 18          | [95, 96, 97, 98, 99, 100, 101, 103, 104, 105, 106, 107, 108, 109, 110, 111, 112, 113] | [0.0100, 0.0200, 0.0300, 0.0500, 0.1000, 0.0900, 0.0700, 0.0100, 0.0200, 0.0400, 0.0600, 0.0700, 0.0500, 0.0700, 0.1700, 0.0900, 0.0200, 0.0300] | 26.2944  | 0.9200  | 0.9261 
11    | 10          | [100, 101, 102, 103, 104, 105, 106, 107, 108, 110]                                    | [0.0200, 0.1200, 0.2200, 0.1000, 0.0100, 0.1200, 0.2800, 0.1100, 0.0100, 0.0100]                                                                 | 5.1131   | 0.8400  | 0.8299 
12    | 13          | [95, 96, 97, 98, 99, 100, 101, 102, 103, 104, 105, 106, 107]                          | [0.0100, 0.0900, 0.2000, 0.0800, 0.0300, 0.0200, 0.0500, 0.0400, 0.2000, 0.0800, 0.0300, 0.1500, 0.0200]                                         | 13.1784  | 0.8600  | 0.8786 
13    | 13          | [102, 103, 105, 106, 107, 108, 109, 110, 111, 112, 113, 114, 115]                     | [0.0300, 0.0400, 0.0700, 0.1100, 0.1700, 0.1200, 0.1500, 0.0900, 0.0900, 0.0200, 0.0200, 0.0700, 0.0200]                                         | 8.8304   | 0.8000  | 0.9014 
14    | 13          | [95, 96, 97, 98, 99, 100, 101, 102, 103, 104, 105, 106, 107]                          | [0.0200, 0.1200, 0.0900, 0.1600, 0.0700, 0.0900, 0.0600, 0.0600, 0.0900, 0.0700, 0.0600, 0.0600, 0.0500]                                         | 12.0300  | 0.9000  | 0.9178 
15    | 11          | [100, 101, 102, 103, 104, 105, 106, 107, 108, 109, 111]                               | [0.0300, 0.0600, 0.0100, 0.0200, 0.0400, 0.1500, 0.1000, 0.1800, 0.1300, 0.2000, 0.0800]                                                         | 7.3331   | 0.8000  | 0.8739 
16    | 17          | [91, 92, 93, 94, 96, 97, 98, 99, 100, 101, 102, 104, 105, 106, 107, 108, 109]         | [0.0200, 0.0800, 0.0600, 0.1800, 0.0100, 0.0100, 0.0100, 0.0500, 0.0500, 0.0500, 0.0500, 0.0900, 0.1500, 0.1400, 0.0200, 0.0100, 0.0200]         | 30.2184  | 0.9400  | 0.9049 
17    | 15          | [92, 93, 94, 96, 97, 98, 99, 100, 101, 102, 103, 104, 105, 106, 107]                  | [0.0400, 0.0200, 0.0100, 0.0200, 0.0100, 0.2500, 0.2200, 0.0300, 0.0600, 0.0300, 0.0800, 0.1500, 0.0600, 0.0100, 0.0100]                         | 11.1784  | 0.8200  | 0.8570 
18    | 11          | [99, 100, 101, 102, 103, 104, 105, 106, 107, 108, 109]                                | [0.0400, 0.0900, 0.1200, 0.1800, 0.1500, 0.0500, 0.2000, 0.0800, 0.0400, 0.0400, 0.0100]                                                         | 5.6124   | 0.8800  | 0.8776 
19    | 8           | [95, 96, 97, 98, 99, 100, 101, 105]                                                   | [0.0400, 0.0300, 0.1100, 0.2300, 0.2700, 0.1600, 0.1500, 0.0100]                                                                                 | 2.6676   | 0.8200  | 0.8196 
20    | 12          | [94, 95, 96, 97, 98, 99, 101, 102, 103, 104, 105, 106]                                | [0.1200, 0.1400, 0.1400, 0.1300, 0.0100, 0.0700, 0.0700, 0.1500, 0.0600, 0.0600, 0.0400, 0.0100]                                                 | 12.8819  | 0.8800  | 0.8972 
21    | 17          | [94, 95, 96, 97, 98, 99, 101, 102, 105, 106, 107, 108, 109, 110, 111, 112, 113]       | [0.0100, 0.0200, 0.0100, 0.0600, 0.1900, 0.0800, 0.0200, 0.0100, 0.0700, 0.0300, 0.1000, 0.0600, 0.1800, 0.0600, 0.0500, 0.0400, 0.0100]         | 29.7059  | 0.9000  | 0.9022 
