
[Simulation Info]
simulation_id = sim_0012561
timestamp     = 20250429_095623
seed          = 723124
output_folder = /home/lejeunet/Bureau/simulations/Ref_table/sim_0012561

[Model Parameters]
pop_size           = 6954
num_loci           = 20
sample1_generation = 30
sample2_generation = 10
low_repeats        = 1
high_repeats       = 200
mutation_rate      = 0.001
recap_Ne           = 6954

[Sampling Design]
sample1_size_Ne  = 50
sample2_size_Ne  = 50
sample1_size_CMR = 50
sample2_size_CMR = 50

[Capture-Marquage-Recapture]
census_N   =  0
MatchCount =  0
# There were no match between sampling of individuals during CMR.

[Ne Estimates - One Sample - Decreasing critical values [0.050, 0.020, 0.010, 0+]]

[Linkage Desequilibrium]
LD_Ne_Pop1 = [None, None, None, None]
LD_r2_Pop1 = [0.020595, 0.02093, 0.020908, 0.020908]
LD_Ne_Pop2 = [1095.5, 3916.2, 1562.7, 1562.7]
LD_r2_Pop2 = [0.02158, 0.021361, 0.021489, 0.021489]

[Heterozygote excess]
HE_Neb_mean_Pop1        = [34.5, 40.1, 45.9, 45.9]
HE_weighted_D_mean_Pop1 = [0.0147, 0.01264, 0.01102, 0.01102]
HE_Neb_mean_Pop2        = [None, 206.1, 431.2, 431.2]
HE_weighted_D_mean_Pop2 = [-0.00039, 0.00243, 0.00116, 0.00116]

[Molecular Coancestry]
Coan_Neb_n_Pop1 = None
Coan_f1_Pop1    = -0.02367
Coan_Neb_n_Pop2 = None
Coan_f1_Pop2    = -0.00207

[Ne Estimates - Temporal - Decreasing critical values (0.050, 0.020, 0.010, 0+)]

[Pollak]
P_Ne     = [4648.3, 3896.8, 4528.9, 6710.0]
P_Fk     = [0.02108, 0.02128, 0.0211, 0.02075]
P_Fprime = [0.00108, 0.00128, 0.0011, 0.00075]

[Nei/Tajima]
N_Ne     = [6492.7, 5319.8, 6154.9, 10031.2]
N_Fc     = [0.02077, 0.02094, 0.02081, 0.0205]
N_Fprime = [0.00077, 0.00094, 0.00081, 0.0005]

[Jorde/Ryman]
J_Ne     = [4414.5, 3999.5, 3902.3, 4087.0]
J_Fs     = [0.02123, 0.02135, 0.02138, 0.02132]
J_Fprime = [0.00113, 0.00125, 0.00128, 0.00122]

[Genetic Diversity - Heterozygosity]
mean_exp_het_pop1 = 0.8493
mean_obs_het_pop1 = 0.8733
mean_exp_het_pop2 = 0.8469
mean_obs_het_pop2 = 0.8419

[Genetic Diversity - Allele Counts]
mean_alleles_pop1 = 11.0
var_alleles_pop1  = 3.5
sum_alleles_pop1  = 231
mean_alleles_pop2 = 11.67
var_alleles_pop2  = 3.98
sum_alleles_pop2  = 490

[Genetic Diversity - Allelic Size Variance]
var_allele_size_pop1 = 8.7302
var_allele_size_pop2 = 7.6972

[Per-locus summary - Population 1]
Locus | Num_Alleles | Alleles                                                             | Frequencies                                                                                                              | Variance | Obs_Het | Exp_Het
------+-------------+---------------------------------------------------------------------+--------------------------------------------------------------------------------------------------------------------------+----------+---------+--------
1     | 13          | [94, 95, 96, 97, 98, 99, 100, 101, 102, 103, 104, 105, 106]         | [0.0400, 0.0200, 0.0700, 0.1300, 0.0300, 0.0300, 0.0800, 0.1100, 0.1400, 0.1400, 0.1200, 0.0500, 0.0400]                 | 10.4576  | 0.9400  | 0.9073 
2     | 12          | [95, 96, 100, 101, 102, 103, 104, 105, 106, 107, 108, 109]          | [0.0200, 0.0100, 0.0400, 0.0600, 0.2100, 0.1800, 0.0400, 0.0700, 0.0400, 0.2000, 0.1000, 0.0300]                         | 8.8300   | 0.9200  | 0.8675 
3     | 11          | [102, 104, 105, 106, 107, 108, 109, 110, 111, 112, 113]             | [0.0200, 0.0300, 0.0100, 0.0300, 0.1100, 0.0400, 0.0900, 0.1800, 0.1500, 0.2600, 0.0800]                                 | 6.2300   | 0.8600  | 0.8556 
4     | 10          | [93, 94, 95, 97, 98, 99, 100, 101, 102, 103]                        | [0.0200, 0.0300, 0.0400, 0.0700, 0.1500, 0.2500, 0.2100, 0.1000, 0.1200, 0.0100]                                         | 4.3819   | 0.7800  | 0.8471 
5     | 14          | [96, 97, 98, 100, 101, 102, 103, 104, 105, 106, 107, 108, 109, 110] | [0.0200, 0.0100, 0.0100, 0.0400, 0.0100, 0.1800, 0.1900, 0.1100, 0.0800, 0.1700, 0.0600, 0.0500, 0.0100, 0.0600]         | 8.2476   | 0.9400  | 0.8808 
6     | 11          | [93, 94, 96, 97, 98, 99, 100, 101, 102, 103, 104]                   | [0.0700, 0.0400, 0.0500, 0.1200, 0.0500, 0.0700, 0.2100, 0.1700, 0.1000, 0.1000, 0.0200]                                 | 8.3059   | 0.9400  | 0.8847 
7     | 12          | [98, 99, 100, 101, 102, 103, 104, 105, 107, 110, 111, 112]          | [0.0100, 0.0600, 0.0900, 0.1100, 0.1100, 0.2200, 0.2400, 0.1000, 0.0100, 0.0100, 0.0100, 0.0300]                         | 6.9299   | 0.8400  | 0.8554 
8     | 12          | [95, 96, 97, 98, 99, 100, 101, 102, 103, 105, 107, 108]             | [0.0200, 0.1100, 0.1500, 0.1900, 0.1900, 0.1800, 0.0500, 0.0400, 0.0300, 0.0200, 0.0100, 0.0100]                         | 5.4819   | 0.8600  | 0.8634 
9     | 8           | [97, 98, 99, 100, 101, 102, 103, 104]                               | [0.0300, 0.3500, 0.2100, 0.1400, 0.1100, 0.1200, 0.0200, 0.0200]                                                         | 2.7099   | 0.8800  | 0.7935 
10    | 12          | [93, 94, 95, 96, 97, 98, 99, 100, 103, 111, 112, 114]               | [0.0200, 0.1100, 0.1500, 0.3400, 0.0700, 0.1600, 0.0800, 0.0200, 0.0100, 0.0200, 0.0100, 0.0100]                         | 12.3299  | 0.8200  | 0.8196 
11    | 11          | [91, 96, 97, 98, 99, 100, 101, 102, 103, 104, 106]                  | [0.0200, 0.0200, 0.0200, 0.1700, 0.0900, 0.1300, 0.2700, 0.2000, 0.0200, 0.0300, 0.0300]                                 | 5.6216   | 0.8400  | 0.8382 
12    | 9           | [99, 100, 101, 102, 103, 104, 105, 106, 107]                        | [0.0200, 0.0500, 0.0700, 0.0800, 0.1500, 0.2400, 0.1200, 0.2000, 0.0700]                                                 | 3.9419   | 0.9200  | 0.8549 
13    | 12          | [87, 88, 89, 90, 91, 92, 93, 103, 105, 106, 107, 108]               | [0.0300, 0.0900, 0.2300, 0.1700, 0.1200, 0.1100, 0.0300, 0.0300, 0.0600, 0.0800, 0.0400, 0.0100]                         | 44.2504  | 0.9000  | 0.8780 
14    | 12          | [92, 93, 94, 95, 96, 97, 98, 99, 103, 104, 105, 106]                | [0.0200, 0.0600, 0.2000, 0.2300, 0.1000, 0.2100, 0.1000, 0.0100, 0.0100, 0.0200, 0.0200, 0.0200]                         | 7.9544   | 0.8600  | 0.8461 
15    | 11          | [91, 92, 93, 94, 95, 96, 97, 98, 100, 101, 102]                     | [0.0900, 0.0800, 0.2000, 0.1200, 0.1300, 0.1000, 0.1800, 0.0200, 0.0400, 0.0300, 0.0100]                                 | 6.6275   | 0.9000  | 0.8776 
16    | 9           | [93, 94, 95, 101, 102, 103, 104, 105, 106]                          | [0.0100, 0.0100, 0.0300, 0.0100, 0.1200, 0.1900, 0.2800, 0.2600, 0.0900]                                                 | 5.7700   | 0.8800  | 0.8022 
17    | 8           | [100, 101, 102, 103, 104, 105, 106, 107]                            | [0.0300, 0.1000, 0.4100, 0.2000, 0.1600, 0.0600, 0.0200, 0.0200]                                                         | 1.9016   | 0.7200  | 0.7586 
18    | 9           | [99, 101, 102, 103, 104, 105, 106, 107, 108]                        | [0.0100, 0.0200, 0.0300, 0.1000, 0.1700, 0.2700, 0.1600, 0.1200, 0.1200]                                                 | 3.2144   | 0.9000  | 0.8408 
19    | 11          | [93, 94, 95, 96, 97, 98, 100, 102, 105, 106, 107]                   | [0.0100, 0.0100, 0.1500, 0.2100, 0.2000, 0.1900, 0.0400, 0.1200, 0.0300, 0.0300, 0.0100]                                 | 9.0764   | 0.9400  | 0.8477 
20    | 9           | [94, 95, 96, 97, 98, 99, 100, 101, 106]                             | [0.0100, 0.0300, 0.1700, 0.2500, 0.1700, 0.1100, 0.1700, 0.0300, 0.0600]                                                 | 6.1700   | 0.7600  | 0.8416 
21    | 15          | [90, 91, 92, 93, 94, 96, 97, 98, 99, 100, 101, 102, 104, 107, 108]  | [0.0100, 0.0300, 0.2300, 0.0600, 0.0700, 0.0700, 0.0700, 0.0800, 0.2200, 0.0700, 0.0300, 0.0200, 0.0100, 0.0200, 0.0100] | 14.9019  | 0.9400  | 0.8750 

[Per-locus summary - Population 2]
Locus | Num_Alleles | Alleles                                                                      | Frequencies                                                                                                                      | Variance | Obs_Het | Exp_Het
------+-------------+------------------------------------------------------------------------------+----------------------------------------------------------------------------------------------------------------------------------+----------+---------+--------
1     | 13          | [94, 95, 96, 97, 98, 99, 100, 101, 102, 103, 104, 105, 106]                  | [0.0200, 0.0700, 0.1100, 0.1200, 0.0400, 0.0100, 0.0400, 0.0900, 0.1700, 0.1200, 0.1500, 0.0300, 0.0300]                         | 11.4304  | 0.8800  | 0.8982 
2     | 12          | [95, 99, 100, 101, 102, 103, 104, 105, 106, 107, 108, 109]                   | [0.0100, 0.0200, 0.0100, 0.0500, 0.1900, 0.2100, 0.0800, 0.0200, 0.1100, 0.2200, 0.0600, 0.0200]                                 | 6.7171   | 0.8400  | 0.8539 
3     | 13          | [102, 103, 104, 105, 106, 107, 108, 109, 110, 111, 112, 113, 114]            | [0.0100, 0.0100, 0.0200, 0.0200, 0.0800, 0.1200, 0.0200, 0.0400, 0.1400, 0.3000, 0.1600, 0.0700, 0.0100]                         | 6.4924   | 0.8400  | 0.8444 
4     | 12          | [92, 93, 94, 95, 96, 97, 98, 99, 100, 101, 102, 103]                         | [0.0200, 0.0100, 0.0400, 0.0900, 0.0100, 0.0700, 0.1700, 0.1700, 0.2600, 0.0300, 0.1200, 0.0100]                                 | 5.7956   | 0.8600  | 0.8525 
5     | 16          | [95, 96, 97, 99, 100, 101, 102, 103, 104, 105, 106, 107, 108, 109, 110, 111] | [0.0100, 0.0100, 0.0100, 0.0100, 0.0400, 0.0400, 0.1300, 0.1600, 0.1000, 0.1800, 0.1700, 0.0500, 0.0400, 0.0100, 0.0300, 0.0100] | 7.6204   | 0.8000  | 0.8863 
6     | 12          | [93, 94, 96, 97, 98, 99, 100, 101, 102, 103, 104, 105]                       | [0.0200, 0.0400, 0.0100, 0.0800, 0.0300, 0.1600, 0.2800, 0.0800, 0.1500, 0.1100, 0.0300, 0.0100]                                 | 5.9800   | 0.8600  | 0.8531 
7     | 10          | [99, 100, 101, 102, 103, 104, 105, 107, 112, 113]                            | [0.0500, 0.0900, 0.0700, 0.1400, 0.2500, 0.2200, 0.1200, 0.0200, 0.0300, 0.0100]                                                 | 6.4544   | 0.8400  | 0.8467 
8     | 12          | [95, 96, 97, 98, 99, 100, 101, 102, 103, 104, 107, 108]                      | [0.0200, 0.0700, 0.1300, 0.2200, 0.1900, 0.1600, 0.0200, 0.0900, 0.0600, 0.0100, 0.0200, 0.0100]                                 | 5.9824   | 0.8200  | 0.8636 
9     | 9           | [93, 96, 97, 98, 99, 100, 101, 102, 103]                                     | [0.0100, 0.0400, 0.0600, 0.3400, 0.1800, 0.1600, 0.0700, 0.0700, 0.0700]                                                         | 3.4675   | 0.7800  | 0.8145 
10    | 9           | [93, 94, 95, 96, 97, 98, 99, 100, 111]                                       | [0.0400, 0.0900, 0.1200, 0.2700, 0.1500, 0.1700, 0.1200, 0.0200, 0.0200]                                                         | 6.9139   | 0.8400  | 0.8448 
11    | 8           | [97, 98, 99, 100, 101, 102, 103, 106]                                        | [0.0700, 0.2000, 0.1600, 0.1800, 0.1900, 0.1600, 0.0200, 0.0200]                                                                 | 3.3136   | 0.7600  | 0.8430 
12    | 9           | [100, 101, 102, 103, 104, 105, 106, 107, 108]                                | [0.0300, 0.0400, 0.1500, 0.2700, 0.1700, 0.0700, 0.2100, 0.0500, 0.0100]                                                         | 3.2131   | 0.8800  | 0.8299 
13    | 11          | [88, 89, 90, 91, 92, 93, 103, 105, 106, 107, 108]                            | [0.1200, 0.2300, 0.2000, 0.1000, 0.1700, 0.0500, 0.0200, 0.0400, 0.0100, 0.0300, 0.0300]                                         | 30.4739  | 0.9000  | 0.8560 
14    | 12          | [92, 93, 94, 95, 96, 97, 98, 101, 103, 104, 105, 106]                        | [0.0500, 0.0800, 0.1800, 0.2100, 0.1000, 0.2300, 0.0600, 0.0100, 0.0200, 0.0200, 0.0200, 0.0200]                                 | 9.0451   | 0.8800  | 0.8549 
15    | 10          | [91, 92, 93, 94, 95, 96, 97, 100, 101, 102]                                  | [0.0600, 0.1000, 0.2400, 0.2600, 0.1100, 0.0900, 0.0900, 0.0300, 0.0100, 0.0100]                                                 | 4.5971   | 0.8800  | 0.8402 
16    | 8           | [93, 95, 102, 103, 104, 105, 106, 107]                                       | [0.0100, 0.0300, 0.1700, 0.2400, 0.2600, 0.2100, 0.0700, 0.0100]                                                                 | 4.8036   | 0.7000  | 0.8038 
17    | 10          | [99, 100, 101, 102, 103, 104, 105, 106, 107, 108]                            | [0.0100, 0.0100, 0.1000, 0.3800, 0.3000, 0.0700, 0.0400, 0.0200, 0.0500, 0.0200]                                                 | 2.7204   | 0.8200  | 0.7531 
18    | 10          | [98, 99, 101, 102, 103, 104, 105, 106, 107, 108]                             | [0.0200, 0.0200, 0.0100, 0.0400, 0.0900, 0.1600, 0.2600, 0.2200, 0.0600, 0.1200]                                                 | 4.2764   | 0.7600  | 0.8382 
19    | 12          | [93, 94, 95, 96, 97, 98, 99, 100, 102, 103, 105, 106]                        | [0.0100, 0.0100, 0.1700, 0.1800, 0.2500, 0.0700, 0.0900, 0.0100, 0.1100, 0.0100, 0.0800, 0.0100]                                 | 9.6091   | 0.8600  | 0.8527 
20    | 12          | [93, 94, 95, 96, 97, 98, 99, 100, 101, 105, 106, 107]                        | [0.0100, 0.0100, 0.0300, 0.1200, 0.1100, 0.2400, 0.1200, 0.2000, 0.0700, 0.0100, 0.0700, 0.0100]                                 | 7.7536   | 0.9600  | 0.8590 
21    | 14          | [91, 92, 93, 94, 95, 96, 97, 98, 99, 100, 101, 102, 104, 107]                | [0.0400, 0.2100, 0.1000, 0.1100, 0.0300, 0.0500, 0.0500, 0.0800, 0.1400, 0.1100, 0.0100, 0.0200, 0.0200, 0.0300]                 | 14.9804  | 0.9200  | 0.8953 
