
[Simulation Info]
simulation_id = sim_0002736
timestamp     = 20250428_082845
seed          = 158090
output_folder = /home/lejeunet/Bureau/simulations/Ref_table/sim_0002736

[Model Parameters]
pop_size           = 1516
num_loci           = 20
sample1_generation = 30
sample2_generation = 10
low_repeats        = 1
high_repeats       = 200
mutation_rate      = 0.001
recap_Ne           = 1516

[Sampling Design]
sample1_size_Ne  = 50
sample2_size_Ne  = 50
sample1_size_CMR = 50
sample2_size_CMR = 50

[Capture-Marquage-Recapture]
census_N   =  0
MatchCount =  0
# There were no match between sampling of individuals during CMR.

[Ne Estimates - One Sample - Decreasing critical values [0.050, 0.020, 0.010, 0+]]

[Linkage Desequilibrium]
LD_Ne_Pop1 = [33598.0, None, None, None]
LD_r2_Pop1 = [0.021286, 0.021274, 0.021079, 0.021079]
LD_Ne_Pop2 = [338.1, 696.3, 6045.6, 6045.6]
LD_r2_Pop2 = [0.022256, 0.021753, 0.021331, 0.021331]

[Heterozygote excess]
HE_Neb_mean_Pop1        = [19.8, 20.5, 20.7, 20.7]
HE_weighted_D_mean_Pop1 = [0.02594, 0.02495, 0.02476, 0.02476]
HE_Neb_mean_Pop2        = [26.9, 33.0, 36.1, 36.1]
HE_weighted_D_mean_Pop2 = [0.01897, 0.01536, 0.01405, 0.01405]

[Molecular Coancestry]
Coan_Neb_n_Pop1 = None
Coan_f1_Pop1    = -0.00248
Coan_Neb_n_Pop2 = 143.1
Coan_f1_Pop2    = 0.00349

[Ne Estimates - Temporal - Decreasing critical values (0.050, 0.020, 0.010, 0+)]

[Pollak]
P_Ne     = [1197.2, 1616.4, 1689.7, 1931.4]
P_Fk     = [0.02418, 0.02309, 0.02296, 0.02259]
P_Fprime = [0.00418, 0.00309, 0.00296, 0.00259]

[Nei/Tajima]
N_Ne     = [1202.4, 1575.5, 1637.2, 1827.5]
N_Fc     = [0.02416, 0.02317, 0.02305, 0.02274]
N_Fprime = [0.00416, 0.00317, 0.00305, 0.00274]

[Jorde/Ryman]
J_Ne     = [980.4, 1040.7, 1038.1, 1046.7]
J_Fs     = [0.02521, 0.02491, 0.02492, 0.02488]
J_Fprime = [0.0051, 0.0048, 0.00482, 0.00478]

[Genetic Diversity - Heterozygosity]
mean_exp_het_pop1 = 0.7304
mean_obs_het_pop1 = 0.7505
mean_exp_het_pop2 = 0.7303
mean_obs_het_pop2 = 0.7486

[Genetic Diversity - Allele Counts]
mean_alleles_pop1 = 6.52
var_alleles_pop1  = 2.96
sum_alleles_pop1  = 137
mean_alleles_pop2 = 6.71
var_alleles_pop2  = 2.84
sum_alleles_pop2  = 282

[Genetic Diversity - Allelic Size Variance]
var_allele_size_pop1 = 3.3282
var_allele_size_pop2 = 3.2689

[Per-locus summary - Population 1]
Locus | Num_Alleles | Alleles                                       | Frequencies                                                                      | Variance | Obs_Het | Exp_Het
------+-------------+-----------------------------------------------+----------------------------------------------------------------------------------+----------+---------+--------
1     | 7           | [97, 98, 99, 100, 101, 102, 103]              | [0.2900, 0.3100, 0.0900, 0.0300, 0.0900, 0.1400, 0.0500]                         | 3.9164   | 0.7400  | 0.7885 
2     | 9           | [96, 97, 98, 99, 100, 101, 102, 103, 104]     | [0.1500, 0.1600, 0.1100, 0.1900, 0.0100, 0.0900, 0.1100, 0.1600, 0.0200]         | 6.3756   | 0.8200  | 0.8661 
3     | 4           | [100, 101, 102, 103]                          | [0.1100, 0.4500, 0.3200, 0.1200]                                                 | 0.7075   | 0.6600  | 0.6754 
4     | 6           | [99, 100, 101, 102, 103, 104]                 | [0.0200, 0.4500, 0.1000, 0.1900, 0.1900, 0.0500]                                 | 1.8771   | 0.8000  | 0.7196 
5     | 7           | [97, 98, 99, 100, 101, 102, 103]              | [0.0100, 0.2100, 0.1500, 0.1900, 0.1200, 0.2900, 0.0300]                         | 2.5939   | 0.8600  | 0.8059 
6     | 5           | [97, 98, 99, 100, 101]                        | [0.0400, 0.5100, 0.0800, 0.3100, 0.0600]                                         | 1.1944   | 0.7400  | 0.6386 
7     | 7           | [94, 95, 96, 97, 98, 99, 100]                 | [0.0100, 0.1300, 0.0900, 0.3600, 0.0700, 0.2700, 0.0700]                         | 2.2864   | 0.7600  | 0.7703 
8     | 6           | [98, 99, 100, 101, 102, 103]                  | [0.0200, 0.0700, 0.5000, 0.2400, 0.1400, 0.0300]                                 | 0.9700   | 0.7000  | 0.6733 
9     | 5           | [100, 101, 102, 103, 104]                     | [0.0100, 0.0700, 0.5300, 0.2500, 0.1400]                                         | 0.7264   | 0.7200  | 0.6384 
10    | 7           | [99, 100, 101, 102, 103, 104, 105]            | [0.0100, 0.0500, 0.2600, 0.3700, 0.1600, 0.1100, 0.0400]                         | 1.4979   | 0.7200  | 0.7612 
11    | 4           | [100, 101, 102, 103]                          | [0.4900, 0.3200, 0.1100, 0.0800]                                                 | 0.8716   | 0.7200  | 0.6454 
12    | 6           | [99, 100, 101, 102, 103, 104]                 | [0.2000, 0.0400, 0.0300, 0.2400, 0.4100, 0.0800]                                 | 2.7004   | 0.6600  | 0.7327 
13    | 9           | [97, 98, 99, 100, 101, 102, 103, 104, 105]    | [0.0500, 0.0500, 0.1700, 0.1300, 0.2900, 0.1900, 0.0100, 0.0400, 0.0700]         | 3.7259   | 0.8600  | 0.8307 
14    | 5           | [96, 97, 98, 99, 100]                         | [0.0400, 0.6900, 0.1100, 0.0400, 0.1200]                                         | 1.1299   | 0.4600  | 0.4992 
15    | 7           | [97, 98, 99, 100, 102, 103, 104]              | [0.0400, 0.1800, 0.3700, 0.2000, 0.0200, 0.1800, 0.0100]                         | 3.2571   | 0.6800  | 0.7638 
16    | 6           | [97, 98, 99, 100, 101, 102]                   | [0.0100, 0.1700, 0.4600, 0.1500, 0.1300, 0.0800]                                 | 1.3884   | 0.7400  | 0.7208 
17    | 9           | [94, 95, 96, 97, 99, 100, 101, 102, 103]      | [0.0400, 0.3500, 0.1900, 0.0600, 0.0100, 0.0400, 0.0700, 0.2300, 0.0100]         | 9.1956   | 0.9200  | 0.7844 
18    | 5           | [100, 101, 102, 103, 104]                     | [0.3000, 0.0200, 0.0800, 0.4500, 0.1500]                                         | 2.2531   | 0.7000  | 0.6851 
19    | 8           | [97, 98, 99, 100, 101, 102, 103, 104]         | [0.0200, 0.3300, 0.0100, 0.2800, 0.0500, 0.0200, 0.2100, 0.0800]                 | 4.7139   | 0.8000  | 0.7665 
20    | 5           | [93, 94, 99, 100, 101]                        | [0.2600, 0.1700, 0.0300, 0.3400, 0.2000]                                         | 11.9611  | 0.8200  | 0.7546 
21    | 10          | [95, 96, 97, 98, 99, 100, 101, 102, 103, 104] | [0.0200, 0.1400, 0.0500, 0.0500, 0.1000, 0.2900, 0.0400, 0.0100, 0.2600, 0.0400] | 6.5499   | 0.8800  | 0.8182 

[Per-locus summary - Population 2]
Locus | Num_Alleles | Alleles                                       | Frequencies                                                                      | Variance | Obs_Het | Exp_Het
------+-------------+-----------------------------------------------+----------------------------------------------------------------------------------+----------+---------+--------
1     | 7           | [97, 98, 99, 100, 101, 102, 103]              | [0.2800, 0.3500, 0.0300, 0.0200, 0.0800, 0.1700, 0.0700]                         | 4.4564   | 0.7400  | 0.7652 
2     | 10          | [95, 96, 97, 98, 99, 100, 101, 102, 103, 104] | [0.0100, 0.1700, 0.2000, 0.0600, 0.1500, 0.0100, 0.0800, 0.1300, 0.1600, 0.0300] | 7.2444   | 0.8400  | 0.8636 
3     | 5           | [99, 100, 101, 102, 103]                      | [0.0200, 0.0900, 0.5400, 0.2100, 0.1400]                                         | 0.8104   | 0.6200  | 0.6426 
4     | 5           | [99, 100, 101, 102, 103]                      | [0.0200, 0.5200, 0.1900, 0.1300, 0.1400]                                         | 1.2675   | 0.7200  | 0.6632 
5     | 7           | [97, 98, 99, 100, 101, 102, 103]              | [0.0100, 0.2000, 0.1300, 0.2100, 0.2200, 0.1800, 0.0500]                         | 2.3811   | 0.9000  | 0.8238 
6     | 5           | [97, 98, 99, 100, 101]                        | [0.1000, 0.4000, 0.1800, 0.2700, 0.0500]                                         | 1.2171   | 0.6800  | 0.7295 
7     | 6           | [95, 96, 97, 98, 99, 100]                     | [0.1600, 0.1100, 0.2400, 0.1300, 0.3200, 0.0400]                                 | 2.3084   | 0.7800  | 0.7917 
8     | 6           | [98, 99, 100, 101, 102, 103]                  | [0.0100, 0.1000, 0.4700, 0.2400, 0.1700, 0.0100]                                 | 0.9099   | 0.7400  | 0.6893 
9     | 6           | [100, 101, 102, 103, 104, 105]                | [0.0300, 0.1000, 0.4600, 0.2300, 0.1700, 0.0100]                                 | 1.0264   | 0.7200  | 0.7026 
10    | 5           | [100, 101, 102, 103, 104]                     | [0.0400, 0.4700, 0.3000, 0.0600, 0.1300]                                         | 1.1571   | 0.6800  | 0.6737 
11    | 5           | [99, 100, 101, 102, 103]                      | [0.0100, 0.5500, 0.3000, 0.1200, 0.0200]                                         | 0.6219   | 0.6200  | 0.5986 
12    | 9           | [97, 98, 99, 100, 101, 102, 103, 104, 105]    | [0.0100, 0.0100, 0.2100, 0.0300, 0.0400, 0.2500, 0.3900, 0.0500, 0.0100]         | 3.0500   | 0.8000  | 0.7434 
13    | 9           | [97, 98, 99, 100, 101, 102, 103, 104, 105]    | [0.0800, 0.0400, 0.0900, 0.1500, 0.2100, 0.2700, 0.0600, 0.0600, 0.0400]         | 3.8384   | 0.8600  | 0.8440 
14    | 5           | [96, 97, 98, 99, 100]                         | [0.1000, 0.5800, 0.1100, 0.0400, 0.1700]                                         | 1.5400   | 0.6800  | 0.6172 
15    | 6           | [97, 98, 99, 100, 102, 103]                   | [0.0300, 0.1100, 0.4800, 0.1600, 0.0100, 0.2100]                                 | 3.1004   | 0.6800  | 0.6937 
16    | 5           | [98, 99, 100, 101, 102]                       | [0.1800, 0.3600, 0.2000, 0.1000, 0.1600]                                         | 1.7300   | 0.8200  | 0.7701 
17    | 8           | [94, 95, 96, 97, 100, 101, 102, 103]          | [0.0100, 0.3600, 0.2500, 0.0300, 0.0900, 0.0800, 0.1700, 0.0100]                 | 8.2300   | 0.7800  | 0.7711 
18    | 5           | [100, 101, 102, 103, 104]                     | [0.2300, 0.0300, 0.0500, 0.5100, 0.1800]                                         | 2.0356   | 0.7000  | 0.6578 
19    | 7           | [98, 99, 100, 101, 102, 103, 104]             | [0.2600, 0.0200, 0.3800, 0.0600, 0.0200, 0.1500, 0.1100]                         | 4.1075   | 0.6600  | 0.7566 
20    | 6           | [93, 94, 95, 99, 100, 101]                    | [0.2200, 0.1700, 0.0100, 0.0700, 0.2700, 0.2600]                                 | 11.6236  | 0.8600  | 0.7851 
21    | 10          | [95, 96, 97, 98, 99, 100, 101, 102, 103, 104] | [0.0100, 0.1200, 0.1000, 0.0300, 0.0100, 0.4200, 0.0100, 0.0400, 0.2200, 0.0400] | 5.9899   | 0.8400  | 0.7539 
