
[Simulation Info]
simulation_id = sim_0006309
timestamp     = 20250428_095311
seed          = 738031
output_folder = /home/lejeunet/Bureau/simulations/Ref_table/sim_0006309

[Model Parameters]
pop_size           = 114
num_loci           = 20
sample1_generation = 30
sample2_generation = 10
low_repeats        = 1
high_repeats       = 200
mutation_rate      = 0.001
recap_Ne           = 114

[Sampling Design]
sample1_size_Ne  = 50
sample2_size_Ne  = 50
sample1_size_CMR = 50
sample2_size_CMR = 50

[Capture-Marquage-Recapture]
census_N   =  113
MatchCount =  23

[Ne Estimates - One Sample - Decreasing critical values [0.050, 0.020, 0.010, 0+]]

[Linkage Desequilibrium]
LD_Ne_Pop1 = [None, None, None, None]
LD_r2_Pop1 = [0.01973, 0.02112, 0.020624, 0.020624]
LD_Ne_Pop2 = [94.5, 141.7, 265.3, 265.3]
LD_r2_Pop2 = [0.024726, 0.023593, 0.022523, 0.022523]

[Heterozygote excess]
HE_Neb_mean_Pop1        = [19.0, 14.2, 14.2, 14.2]
HE_weighted_D_mean_Pop1 = [0.02697, 0.03658, 0.03658, 0.03658]
HE_Neb_mean_Pop2        = [189.0, 519.9, 519.9, 519.9]
HE_weighted_D_mean_Pop2 = [0.00265, 0.00096, 0.00096, 0.00096]

[Molecular Coancestry]
Coan_Neb_n_Pop1 = None
Coan_f1_Pop1    = -0.08049
Coan_Neb_n_Pop2 = None
Coan_f1_Pop2    = -0.02846

[Ne Estimates - Temporal - Decreasing critical values (0.050, 0.020, 0.010, 0+)]

[Pollak]
P_Ne     = [103.2, 103.2, 112.2, 112.2]
P_Fk     = [0.06846, 0.06846, 0.06458, 0.06458]
P_Fprime = [0.04846, 0.04846, 0.04458, 0.04458]

[Nei/Tajima]
N_Ne     = [97.7, 97.7, 103.5, 103.5]
N_Fc     = [0.07117, 0.07117, 0.06829, 0.06829]
N_Fprime = [0.05117, 0.05117, 0.04829, 0.04829]

[Jorde/Ryman]
J_Ne     = [82.6, 82.6, 82.6, 82.6]
J_Fs     = [0.08159, 0.08159, 0.08158, 0.08158]
J_Fprime = [0.06056, 0.06056, 0.06055, 0.06055]

[Genetic Diversity - Heterozygosity]
mean_exp_het_pop1 = 0.439
mean_obs_het_pop1 = 0.4632
mean_exp_het_pop2 = 0.4451
mean_obs_het_pop2 = 0.4463

[Genetic Diversity - Allele Counts]
mean_alleles_pop1 = 2.95
var_alleles_pop1  = 0.5
sum_alleles_pop1  = 56
mean_alleles_pop2 = 3.05
var_alleles_pop2  = 0.54
sum_alleles_pop2  = 116

[Genetic Diversity - Allelic Size Variance]
var_allele_size_pop1 = 0.4083
var_allele_size_pop2 = 0.4189

[Per-locus summary - Population 1]
Locus | Num_Alleles | Alleles              | Frequencies                      | Variance | Obs_Het | Exp_Het
------+-------------+----------------------+----------------------------------+----------+---------+--------
1     | 4           | [99, 100, 101, 102]  | [0.0200, 0.6700, 0.3000, 0.0100] | 0.2700   | 0.5800  | 0.4652 
2     | 3           | [99, 100, 101]       | [0.0100, 0.6100, 0.3800]         | 0.2531   | 0.4800  | 0.4883 
3     | 4           | [99, 100, 101, 102]  | [0.4600, 0.0200, 0.1400, 0.3800] | 1.9264   | 0.5600  | 0.6303 
4     | 3           | [100, 101, 102]      | [0.5800, 0.1900, 0.2300]         | 0.6875   | 0.7200  | 0.5804 
5     | 2           | [100, 101]           | [0.3800, 0.6200]                 | 0.2356   | 0.5200  | 0.4760 
6     | 4           | [100, 101, 102, 103] | [0.0100, 0.4400, 0.0300, 0.5200] | 0.9964   | 0.6400  | 0.5404 
7     | 2           | [100, 101]           | [0.7900, 0.2100]                 | 0.1659   | 0.3800  | 0.3352 
8     | 4           | [98, 99, 100, 101]   | [0.0400, 0.7500, 0.1400, 0.0700] | 0.4024   | 0.4000  | 0.4156 
9     | 2           | [99, 100]            | [0.2000, 0.8000]                 | 0.1600   | 0.4000  | 0.3232 
10    | 3           | [100, 101, 102]      | [0.7100, 0.0600, 0.2300]         | 0.7096   | 0.3400  | 0.4438 
11    | 2           | [100, 101]           | [0.5200, 0.4800]                 | 0.2496   | 0.5600  | 0.5042 
12    | 3           | [100, 101, 102]      | [0.5800, 0.4100, 0.0100]         | 0.2651   | 0.6400  | 0.5004 
13    | 3           | [98, 99, 100]        | [0.0100, 0.4400, 0.5500]         | 0.2684   | 0.5000  | 0.5089 
14    | 3           | [98, 99, 100]        | [0.0100, 0.7200, 0.2700]         | 0.2124   | 0.4000  | 0.4127 
15    | 3           | [99, 100, 101]       | [0.1400, 0.7200, 0.1400]         | 0.2800   | 0.4400  | 0.4469 
16    | 3           | [99, 100, 101]       | [0.0500, 0.9100, 0.0400]         | 0.0899   | 0.1800  | 0.1695 
17    | 2           | [100, 101]           | [0.2400, 0.7600]                 | 0.1824   | 0.3600  | 0.3685 
18    | 3           | [100, 101, 102]      | [0.1400, 0.8400, 0.0200]         | 0.1456   | 0.2800  | 0.2772 
19    | 3           | [99, 100, 101]       | [0.2700, 0.6900, 0.0400]         | 0.2571   | 0.4200  | 0.4539 

[Per-locus summary - Population 2]
Locus | Num_Alleles | Alleles             | Frequencies                      | Variance | Obs_Het | Exp_Het
------+-------------+---------------------+----------------------------------+----------+---------+--------
1     | 3           | [99, 100, 101]      | [0.0100, 0.6100, 0.3800]         | 0.2531   | 0.4200  | 0.4883 
2     | 3           | [99, 100, 101]      | [0.0200, 0.5600, 0.4200]         | 0.2800   | 0.6200  | 0.5148 
3     | 4           | [98, 99, 101, 102]  | [0.0200, 0.4000, 0.3000, 0.2800] | 1.7236   | 0.6400  | 0.6780 
4     | 3           | [100, 101, 102]     | [0.5400, 0.3500, 0.1100]         | 0.4651   | 0.5800  | 0.5796 
5     | 3           | [100, 101, 102]     | [0.4400, 0.5500, 0.0100]         | 0.2651   | 0.5800  | 0.5089 
6     | 2           | [101, 103]          | [0.4400, 0.5600]                 | 0.9856   | 0.4000  | 0.4978 
7     | 2           | [100, 101]          | [0.8100, 0.1900]                 | 0.1539   | 0.3400  | 0.3109 
8     | 4           | [98, 99, 100, 101]  | [0.0400, 0.6800, 0.2100, 0.0700] | 0.4339   | 0.5800  | 0.4919 
9     | 3           | [99, 100, 101]      | [0.0200, 0.9700, 0.0100]         | 0.0299   | 0.0600  | 0.0592 
10    | 3           | [100, 101, 102]     | [0.4700, 0.0100, 0.5200]         | 0.9875   | 0.5000  | 0.5137 
11    | 2           | [100, 101]          | [0.2500, 0.7500]                 | 0.1875   | 0.4600  | 0.3788 
12    | 4           | [99, 100, 101, 102] | [0.0200, 0.6000, 0.3700, 0.0100] | 0.2931   | 0.3200  | 0.5077 
13    | 2           | [99, 100]           | [0.2900, 0.7100]                 | 0.2059   | 0.4600  | 0.4160 
14    | 2           | [99, 100]           | [0.6900, 0.3100]                 | 0.2139   | 0.4200  | 0.4321 
15    | 3           | [99, 100, 101]      | [0.0800, 0.8500, 0.0700]         | 0.1499   | 0.2600  | 0.2689 
16    | 3           | [99, 100, 102]      | [0.1100, 0.7900, 0.1000]         | 0.5019   | 0.3200  | 0.3574 
17    | 3           | [100, 101, 102]     | [0.3900, 0.5800, 0.0300]         | 0.2904   | 0.4800  | 0.5158 
18    | 2           | [100, 101]          | [0.3100, 0.6900]                 | 0.2139   | 0.5400  | 0.4321 
19    | 3           | [99, 100, 101]      | [0.2300, 0.6600, 0.1100]         | 0.3256   | 0.5000  | 0.5044 
