
[Simulation Info]
simulation_id = sim_0009970
timestamp     = 20250428_113626
seed          = 848835
output_folder = /home/lejeunet/Bureau/simulations/Ref_table/sim_0009970

[Model Parameters]
pop_size           = 73
num_loci           = 20
sample1_generation = 30
sample2_generation = 10
low_repeats        = 1
high_repeats       = 200
mutation_rate      = 0.001
recap_Ne           = 73

[Sampling Design]
sample1_size_Ne  = 50
sample2_size_Ne  = 50
sample1_size_CMR = 50
sample2_size_CMR = 50

[Capture-Marquage-Recapture]
census_N   =  81
MatchCount =  32

[Ne Estimates - One Sample - Decreasing critical values [0.050, 0.020, 0.010, 0+]]

[Linkage Desequilibrium]
LD_Ne_Pop1 = [121.2, 147.7, 1089.7, 1089.7]
LD_r2_Pop1 = [0.02398, 0.023501, 0.021581, 0.021581]
LD_Ne_Pop2 = [30.0, 46.4, 125.3, 125.3]
LD_r2_Pop2 = [0.031627, 0.02814, 0.023891, 0.023891]

[Heterozygote excess]
HE_Neb_mean_Pop1        = [28.4, 29.6, 35.1, 35.1]
HE_weighted_D_mean_Pop1 = [0.0179, 0.01718, 0.01443, 0.01443]
HE_Neb_mean_Pop2        = [7.9, 9.4, 10.9, 10.9]
HE_weighted_D_mean_Pop2 = [0.06735, 0.05583, 0.04785, 0.04785]

[Molecular Coancestry]
Coan_Neb_n_Pop1 = 1.8
Coan_f1_Pop1    = 0.2838
Coan_Neb_n_Pop2 = None
Coan_f1_Pop2    = -0.0916

[Ne Estimates - Temporal - Decreasing critical values (0.050, 0.020, 0.010, 0+)]

[Pollak]
P_Ne     = [65.6, 72.9, 80.3, 86.1]
P_Fk     = [0.09622, 0.08856, 0.08223, 0.07809]
P_Fprime = [0.07622, 0.06856, 0.06223, 0.05809]

[Nei/Tajima]
N_Ne     = [61.0, 68.2, 76.6, 83.3]
N_Fc     = [0.10199, 0.09336, 0.08525, 0.08003]
N_Fprime = [0.08199, 0.07336, 0.06525, 0.06003]

[Jorde/Ryman]
J_Ne     = [41.6, 43.7, 44.2, 44.5]
J_Fs     = [0.14411, 0.1379, 0.13641, 0.13578]
J_Fprime = [0.12031, 0.11445, 0.11304, 0.11245]

[Genetic Diversity - Heterozygosity]
mean_exp_het_pop1 = 0.1905
mean_obs_het_pop1 = 0.1937
mean_exp_het_pop2 = 0.2239
mean_obs_het_pop2 = 0.2412

[Genetic Diversity - Allele Counts]
mean_alleles_pop1 = 2.25
var_alleles_pop1  = 0.3
sum_alleles_pop1  = 45
mean_alleles_pop2 = 2.28
var_alleles_pop2  = 0.41
sum_alleles_pop2  = 91

[Genetic Diversity - Allelic Size Variance]
var_allele_size_pop1 = 0.0947
var_allele_size_pop2 = 0.0965

[Per-locus summary - Population 1]
Locus | Num_Alleles | Alleles         | Frequencies              | Variance | Obs_Het | Exp_Het
------+-------------+-----------------+--------------------------+----------+---------+--------
1     | 2           | [100, 101]      | [0.9900, 0.0100]         | 0.0099   | 0.0200  | 0.0200 
2     | 2           | [99, 100]       | [0.0600, 0.9400]         | 0.0564   | 0.0800  | 0.1139 
3     | 2           | [100, 101]      | [0.8800, 0.1200]         | 0.1056   | 0.2000  | 0.2133 
4     | 2           | [99, 100]       | [0.0600, 0.9400]         | 0.0564   | 0.1200  | 0.1139 
5     | 1           | [100]           | [1.0000]                 | 0.0000   | NA      | NA     
6     | 2           | [100, 101]      | [0.1100, 0.8900]         | 0.0979   | 0.2200  | 0.1978 
7     | 3           | [100, 101, 102] | [0.8500, 0.1400, 0.0100] | 0.1544   | 0.2600  | 0.2604 
8     | 2           | [99, 100]       | [0.0100, 0.9900]         | 0.0099   | 0.0200  | 0.0200 
9     | 2           | [99, 100]       | [0.4900, 0.5100]         | 0.2499   | 0.4600  | 0.5049 
10    | 2           | [100, 101]      | [0.9900, 0.0100]         | 0.0099   | 0.0200  | 0.0200 
11    | 3           | [99, 100, 101]  | [0.1100, 0.8700, 0.0200] | 0.1219   | 0.2400  | 0.2329 
12    | 2           | [99, 100]       | [0.2000, 0.8000]         | 0.1600   | 0.3600  | 0.3232 
13    | 2           | [100, 101]      | [0.7200, 0.2800]         | 0.2016   | 0.4400  | 0.4073 
14    | 3           | [99, 100, 101]  | [0.1000, 0.8900, 0.0100] | 0.1019   | 0.2200  | 0.1998 
15    | 3           | [99, 100, 101]  | [0.0100, 0.0200, 0.9700] | 0.0584   | 0.0600  | 0.0592 
16    | 3           | [99, 100, 101]  | [0.0500, 0.8900, 0.0600] | 0.1099   | 0.2200  | 0.2038 
17    | 2           | [100, 101]      | [0.9500, 0.0500]         | 0.0475   | 0.1000  | 0.0960 
18    | 3           | [99, 100, 101]  | [0.1400, 0.7900, 0.0700] | 0.2051   | 0.3600  | 0.3549 
19    | 2           | [99, 100]       | [0.0100, 0.9900]         | 0.0099   | 0.0200  | 0.0200 
20    | 2           | [99, 100]       | [0.1500, 0.8500]         | 0.1275   | 0.2600  | 0.2576 

[Per-locus summary - Population 2]
Locus | Num_Alleles | Alleles        | Frequencies              | Variance | Obs_Het | Exp_Het
------+-------------+----------------+--------------------------+----------+---------+--------
1     | 2           | [100, 101]     | [0.9900, 0.0100]         | 0.0099   | 0.0200  | 0.0200 
2     | 1           | [100]          | [1.0000]                 | 0.0000   | NA      | NA     
3     | 2           | [100, 101]     | [0.9800, 0.0200]         | 0.0196   | 0.0400  | 0.0396 
4     | 1           | [100]          | [1.0000]                 | 0.0000   | NA      | NA     
5     | 2           | [99, 100]      | [0.0100, 0.9900]         | 0.0099   | 0.0200  | 0.0200 
6     | 3           | [99, 100, 101] | [0.0800, 0.4500, 0.4700] | 0.3979   | 0.6000  | 0.5760 
7     | 2           | [100, 101]     | [0.9100, 0.0900]         | 0.0819   | 0.1800  | 0.1655 
8     | 2           | [99, 100]      | [0.0400, 0.9600]         | 0.0384   | 0.0800  | 0.0776 
9     | 3           | [99, 100, 101] | [0.4900, 0.5000, 0.0100] | 0.2696   | 0.5200  | 0.5150 
10    | 2           | [100, 101]     | [0.9900, 0.0100]         | 0.0099   | 0.0200  | 0.0200 
11    | 2           | [99, 100]      | [0.1000, 0.9000]         | 0.0900   | 0.2000  | 0.1818 
12    | 2           | [99, 100]      | [0.1800, 0.8200]         | 0.1476   | 0.2800  | 0.2982 
13    | 2           | [100, 101]     | [0.6900, 0.3100]         | 0.2139   | 0.4600  | 0.4321 
14    | 2           | [99, 100]      | [0.1400, 0.8600]         | 0.1204   | 0.2800  | 0.2432 
15    | 2           | [100, 101]     | [0.1500, 0.8500]         | 0.1275   | 0.3000  | 0.2576 
16    | 1           | [100]          | [1.0000]                 | 0.0000   | NA      | NA     
17    | 3           | [99, 100, 101] | [0.0200, 0.9700, 0.0100] | 0.0299   | 0.0600  | 0.0592 
18    | 3           | [99, 100, 101] | [0.0600, 0.8900, 0.0500] | 0.1099   | 0.2200  | 0.2038 
19    | 1           | [100]          | [1.0000]                 | 0.0000   | NA      | NA     
20    | 3           | [98, 99, 100]  | [0.0100, 0.3500, 0.6400] | 0.2531   | 0.5800  | 0.4725 
