
[Simulation Info]
simulation_id = sim_0012043
timestamp     = 20250429_094007
seed          = 637145
output_folder = /home/lejeunet/Bureau/simulations/Ref_table/sim_0012043

[Model Parameters]
pop_size           = 1679
num_loci           = 20
sample1_generation = 30
sample2_generation = 10
low_repeats        = 1
high_repeats       = 200
mutation_rate      = 0.001
recap_Ne           = 1679

[Sampling Design]
sample1_size_Ne  = 50
sample2_size_Ne  = 50
sample1_size_CMR = 50
sample2_size_CMR = 50

[Capture-Marquage-Recapture]
census_N   =  520
MatchCount =  5

[Ne Estimates - One Sample - Decreasing critical values [0.050, 0.020, 0.010, 0+]]

[Linkage Desequilibrium]
LD_Ne_Pop1 = [681.0, 5062.0, 2120.4, 2120.4]
LD_r2_Pop1 = [0.021764, 0.021342, 0.021433, 0.021433]
LD_Ne_Pop2 = [368.5, 440.2, 485.3, 485.3]
LD_r2_Pop2 = [0.022175, 0.02203, 0.02196, 0.02196]

[Heterozygote excess]
HE_Neb_mean_Pop1        = [None, None, None, None]
HE_weighted_D_mean_Pop1 = [-0.00075, -0.0009, -0.00122, -0.00122]
HE_Neb_mean_Pop2        = [333.4, 2057.3, 2057.3, 2057.3]
HE_weighted_D_mean_Pop2 = [0.0015, 0.00024, 0.00024, 0.00024]

[Molecular Coancestry]
Coan_Neb_n_Pop1 = None
Coan_f1_Pop1    = -0.00247
Coan_Neb_n_Pop2 = None
Coan_f1_Pop2    = -0.00617

[Ne Estimates - Temporal - Decreasing critical values (0.050, 0.020, 0.010, 0+)]

[Pollak]
P_Ne     = [1606.1, 2068.9, 1663.1, 1809.9]
P_Fk     = [0.02311, 0.02242, 0.02301, 0.02276]
P_Fprime = [0.00311, 0.00242, 0.00301, 0.00276]

[Nei/Tajima]
N_Ne     = [1937.5, 2464.9, 1969.3, 2135.2]
N_Fc     = [0.02258, 0.02203, 0.02254, 0.02234]
N_Fprime = [0.00258, 0.00203, 0.00254, 0.00234]

[Jorde/Ryman]
J_Ne     = [2350.6, 2376.4, 2250.3, 2264.1]
J_Fs     = [0.02223, 0.02221, 0.02232, 0.02231]
J_Fprime = [0.00213, 0.0021, 0.00222, 0.00221]

[Genetic Diversity - Heterozygosity]
mean_exp_het_pop1 = 0.7201
mean_obs_het_pop1 = 0.7229
mean_exp_het_pop2 = 0.7147
mean_obs_het_pop2 = 0.7124

[Genetic Diversity - Allele Counts]
mean_alleles_pop1 = 6.43
var_alleles_pop1  = 1.86
sum_alleles_pop1  = 135
mean_alleles_pop2 = 6.31
var_alleles_pop2  = 2.66
sum_alleles_pop2  = 265

[Genetic Diversity - Allelic Size Variance]
var_allele_size_pop1 = 2.4142
var_allele_size_pop2 = 2.3989

[Per-locus summary - Population 1]
Locus | Num_Alleles | Alleles                                   | Frequencies                                                              | Variance | Obs_Het | Exp_Het
------+-------------+-------------------------------------------+--------------------------------------------------------------------------+----------+---------+--------
1     | 4           | [99, 100, 101, 102]                       | [0.2600, 0.3400, 0.2900, 0.1100]                                         | 0.9275   | 0.6600  | 0.7279 
2     | 7           | [96, 97, 98, 99, 100, 101, 102]           | [0.0100, 0.0700, 0.2600, 0.0900, 0.4300, 0.1200, 0.0200]                 | 1.6300   | 0.7200  | 0.7269 
3     | 8           | [95, 98, 99, 100, 101, 102, 103, 104]     | [0.0100, 0.0700, 0.2500, 0.2600, 0.1300, 0.1000, 0.0100, 0.1700]         | 3.7600   | 0.8600  | 0.8172 
4     | 5           | [99, 100, 101, 102, 103]                  | [0.0500, 0.0100, 0.4800, 0.1400, 0.3200]                                 | 1.1811   | 0.7000  | 0.6515 
5     | 7           | [96, 97, 98, 99, 100, 101, 102]           | [0.0100, 0.2000, 0.2100, 0.3200, 0.1700, 0.0700, 0.0200]                 | 1.6571   | 0.8200  | 0.7871 
6     | 8           | [97, 98, 99, 100, 101, 102, 103, 104]     | [0.1900, 0.1400, 0.0900, 0.1600, 0.0400, 0.0100, 0.3200, 0.0500]         | 6.0416   | 0.8000  | 0.8121 
7     | 6           | [97, 98, 99, 100, 101, 102]               | [0.0300, 0.2000, 0.0200, 0.0700, 0.5300, 0.1500]                         | 2.1176   | 0.5600  | 0.6570 
8     | 9           | [95, 97, 98, 99, 100, 101, 102, 103, 104] | [0.0100, 0.0600, 0.4900, 0.0400, 0.0200, 0.1400, 0.0300, 0.1700, 0.0400] | 5.0756   | 0.7000  | 0.7103 
9     | 5           | [99, 100, 101, 102, 103]                  | [0.0900, 0.4600, 0.0800, 0.3500, 0.0200]                                 | 1.1875   | 0.6200  | 0.6576 
10    | 7           | [98, 99, 100, 101, 102, 103, 104]         | [0.0100, 0.1600, 0.4600, 0.1600, 0.1100, 0.0900, 0.0100]                 | 1.5099   | 0.7000  | 0.7240 
11    | 6           | [98, 99, 100, 101, 102, 103]              | [0.0100, 0.1400, 0.3800, 0.4300, 0.0300, 0.0100]                         | 0.6904   | 0.6200  | 0.6566 
12    | 5           | [97, 98, 99, 100, 101]                    | [0.0300, 0.3300, 0.4300, 0.0800, 0.1300]                                 | 1.0475   | 0.7400  | 0.6889 
13    | 6           | [95, 96, 99, 100, 101, 102]               | [0.1600, 0.4400, 0.0200, 0.0600, 0.1600, 0.1600]                         | 7.4500   | 0.7600  | 0.7329 
14    | 6           | [98, 99, 100, 101, 102, 103]              | [0.0100, 0.1100, 0.1000, 0.4100, 0.3300, 0.0400]                         | 1.1164   | 0.7400  | 0.7063 
15    | 5           | [98, 99, 100, 101, 102]                   | [0.0500, 0.4900, 0.4200, 0.0300, 0.0100]                                 | 0.4684   | 0.5800  | 0.5859 
16    | 7           | [98, 99, 100, 101, 102, 103, 104]         | [0.3200, 0.2400, 0.0100, 0.1900, 0.1500, 0.0800, 0.0100]                 | 3.1779   | 0.7400  | 0.7826 
17    | 7           | [98, 99, 100, 101, 102, 103, 104]         | [0.0700, 0.1300, 0.0300, 0.1300, 0.5500, 0.0800, 0.0100]                 | 2.0824   | 0.6800  | 0.6580 
18    | 6           | [97, 98, 99, 100, 101, 102]               | [0.0100, 0.2000, 0.1900, 0.3700, 0.2200, 0.0100]                         | 1.1956   | 0.7800  | 0.7459 
19    | 5           | [96, 97, 98, 99, 100]                     | [0.0600, 0.4500, 0.2800, 0.0700, 0.1400]                                 | 1.2716   | 0.7000  | 0.6980 
20    | 9           | [94, 95, 96, 97, 98, 99, 100, 101, 102]   | [0.0400, 0.0600, 0.3600, 0.1200, 0.0100, 0.0800, 0.1800, 0.0900, 0.0600] | 5.2571   | 0.8600  | 0.8083 
21    | 7           | [98, 99, 100, 101, 102, 103, 104]         | [0.1400, 0.1900, 0.3500, 0.1300, 0.1600, 0.0200, 0.0100]                 | 1.8536   | 0.8400  | 0.7867 

[Per-locus summary - Population 2]
Locus | Num_Alleles | Alleles                                   | Frequencies                                                              | Variance | Obs_Het | Exp_Het
------+-------------+-------------------------------------------+--------------------------------------------------------------------------+----------+---------+--------
1     | 4           | [99, 100, 101, 102]                       | [0.3000, 0.4300, 0.2000, 0.0700]                                         | 0.7784   | 0.7000  | 0.6871 
2     | 6           | [97, 98, 99, 100, 101, 102]               | [0.0500, 0.2400, 0.1700, 0.4100, 0.1100, 0.0200]                         | 1.3475   | 0.7200  | 0.7378 
3     | 7           | [97, 98, 99, 100, 101, 102, 104]          | [0.0300, 0.0300, 0.2900, 0.3400, 0.1100, 0.1100, 0.0900]                 | 2.6075   | 0.8000  | 0.7739 
4     | 5           | [99, 100, 101, 102, 103]                  | [0.0800, 0.0400, 0.4000, 0.1200, 0.3600]                                 | 1.5104   | 0.6600  | 0.6949 
5     | 6           | [97, 98, 99, 100, 101, 102]               | [0.1900, 0.2200, 0.2600, 0.2100, 0.1000, 0.0200]                         | 1.7531   | 0.8600  | 0.8014 
6     | 9           | [96, 97, 98, 99, 100, 101, 102, 103, 104] | [0.0200, 0.1100, 0.1700, 0.0200, 0.0800, 0.0500, 0.0100, 0.4700, 0.0700] | 6.4699   | 0.6800  | 0.7307 
7     | 5           | [98, 99, 100, 101, 102]                   | [0.1400, 0.0400, 0.0900, 0.5300, 0.2000]                                 | 1.5579   | 0.6600  | 0.6564 
8     | 9           | [96, 97, 98, 99, 100, 101, 102, 103, 104] | [0.0300, 0.1600, 0.3200, 0.0300, 0.0200, 0.1400, 0.0300, 0.1800, 0.0900] | 6.5211   | 0.8200  | 0.8170 
9     | 4           | [99, 100, 101, 102]                       | [0.0800, 0.5300, 0.0600, 0.3300]                                         | 1.0504   | 0.6400  | 0.6063 
10    | 5           | [99, 100, 101, 102, 103]                  | [0.1300, 0.4200, 0.2200, 0.1600, 0.0700]                                 | 1.2356   | 0.6600  | 0.7351 
11    | 5           | [98, 99, 100, 101, 102]                   | [0.0100, 0.1100, 0.4200, 0.4400, 0.0200]                                 | 0.5475   | 0.6400  | 0.6236 
12    | 5           | [97, 98, 99, 100, 101]                    | [0.0300, 0.3000, 0.3600, 0.1300, 0.1800]                                 | 1.2531   | 0.7400  | 0.7376 
13    | 7           | [95, 96, 97, 99, 100, 101, 102]           | [0.1800, 0.3200, 0.0300, 0.0400, 0.0500, 0.3000, 0.0800]                 | 7.1275   | 0.8200  | 0.7715 
14    | 5           | [98, 99, 100, 101, 102]                   | [0.0900, 0.1100, 0.1000, 0.4400, 0.2600]                                 | 1.5011   | 0.8000  | 0.7158 
15    | 4           | [98, 99, 100, 101]                        | [0.0500, 0.4500, 0.4300, 0.0700]                                         | 0.4896   | 0.5400  | 0.6113 
16    | 7           | [98, 99, 100, 101, 102, 103, 104]         | [0.2500, 0.2600, 0.0200, 0.1100, 0.1800, 0.1700, 0.0100]                 | 3.7124   | 0.7800  | 0.8040 
17    | 7           | [98, 99, 100, 101, 102, 103, 104]         | [0.0900, 0.0900, 0.0400, 0.1000, 0.6300, 0.0200, 0.0300]                 | 2.1171   | 0.6200  | 0.5798 
18    | 5           | [97, 98, 99, 100, 101]                    | [0.0100, 0.2800, 0.1400, 0.4700, 0.1000]                                 | 1.0531   | 0.6000  | 0.6778 
19    | 5           | [96, 97, 98, 99, 100]                     | [0.0600, 0.4200, 0.3400, 0.0500, 0.1300]                                 | 1.1771   | 0.6800  | 0.6919 
20    | 9           | [94, 95, 96, 97, 98, 99, 100, 101, 102]   | [0.0700, 0.0300, 0.4000, 0.1300, 0.0200, 0.1100, 0.1300, 0.0300, 0.0800] | 5.0296   | 0.7800  | 0.7885 
21    | 6           | [97, 98, 99, 100, 101, 102]               | [0.0100, 0.0800, 0.2500, 0.3500, 0.1200, 0.1900]                         | 1.5364   | 0.7600  | 0.7657 
