
[Simulation Info]
simulation_id = sim_0002119
timestamp     = 20250428_081611
seed          = 209128
output_folder = /home/lejeunet/Bureau/simulations/Ref_table/sim_0002119

[Model Parameters]
pop_size           = 1294
num_loci           = 20
sample1_generation = 30
sample2_generation = 10
low_repeats        = 1
high_repeats       = 200
mutation_rate      = 0.001
recap_Ne           = 1294

[Sampling Design]
sample1_size_Ne  = 50
sample2_size_Ne  = 50
sample1_size_CMR = 50
sample2_size_CMR = 50

[Capture-Marquage-Recapture]
census_N   =  1300
MatchCount =  2

[Ne Estimates - One Sample - Decreasing critical values [0.050, 0.020, 0.010, 0+]]

[Linkage Desequilibrium]
LD_Ne_Pop1 = [8218.3, None, 1994.5, 1994.5]
LD_r2_Pop1 = [0.021317, 0.021266, 0.021443, 0.021443]
LD_Ne_Pop2 = [343.1, 355.8, 532.7, 532.7]
LD_r2_Pop2 = [0.022242, 0.022207, 0.021899, 0.021899]

[Heterozygote excess]
HE_Neb_mean_Pop1        = [1609.1, None, None, None]
HE_weighted_D_mean_Pop1 = [0.00031, -0.00342, -0.00365, -0.00365]
HE_Neb_mean_Pop2        = [None, None, None, None]
HE_weighted_D_mean_Pop2 = [-0.01752, -0.01815, -0.01809, -0.01809]

[Molecular Coancestry]
Coan_Neb_n_Pop1 = 155.7
Coan_f1_Pop1    = 0.00321
Coan_Neb_n_Pop2 = 10.5
Coan_f1_Pop2    = 0.04754

[Ne Estimates - Temporal - Decreasing critical values (0.050, 0.020, 0.010, 0+)]

[Pollak]
P_Ne     = [-1912.0, -3252.2, -2585.1, -2203.9]
P_Fk     = [0.01738, 0.01846, 0.01807, 0.01773]
P_Fprime = [-0.00262, -0.00154, -0.00193, -0.00227]

[Nei/Tajima]
N_Ne     = [-1601.9, -2280.5, -1992.9, -1798.5]
N_Fc     = [0.01688, 0.01781, 0.01749, 0.01722]
N_Fprime = [-0.00312, -0.00219, -0.00251, -0.00278]

[Jorde/Ryman]
J_Ne     = [-1330.1, -1251.7, -1242.8, -1229.9]
J_Fs     = [0.01635, 0.01611, 0.01608, 0.01604]
J_Fprime = [-0.00376, -0.00399, -0.00402, -0.00407]

[Genetic Diversity - Heterozygosity]
mean_exp_het_pop1 = 0.684
mean_obs_het_pop1 = 0.6838
mean_exp_het_pop2 = 0.6899
mean_obs_het_pop2 = 0.6733

[Genetic Diversity - Allele Counts]
mean_alleles_pop1 = 5.9
var_alleles_pop1  = 1.89
sum_alleles_pop1  = 124
mean_alleles_pop2 = 5.9
var_alleles_pop2  = 1.36
sum_alleles_pop2  = 248

[Genetic Diversity - Allelic Size Variance]
var_allele_size_pop1 = 1.7413
var_allele_size_pop2 = 1.7172

[Per-locus summary - Population 1]
Locus | Num_Alleles | Alleles                                 | Frequencies                                                      | Variance | Obs_Het | Exp_Het
------+-------------+-----------------------------------------+------------------------------------------------------------------+----------+---------+--------
1     | 7           | [95, 96, 97, 98, 99, 100, 101]          | [0.0100, 0.2800, 0.1400, 0.1700, 0.0800, 0.2200, 0.1000]         | 3.2019   | 0.8400  | 0.8164 
2     | 5           | [100, 101, 102, 103, 104]               | [0.0500, 0.4500, 0.1200, 0.3200, 0.0600]                         | 1.1979   | 0.6800  | 0.6814 
3     | 6           | [99, 100, 101, 102, 103, 104]           | [0.0600, 0.5200, 0.0800, 0.2000, 0.0900, 0.0500]                 | 1.7579   | 0.5400  | 0.6758 
4     | 8           | [97, 98, 99, 101, 102, 103, 104, 105]   | [0.0300, 0.2300, 0.2800, 0.0800, 0.1800, 0.0200, 0.1100, 0.0700] | 5.7484   | 0.8200  | 0.8198 
5     | 5           | [98, 99, 100, 101, 102]                 | [0.0100, 0.1000, 0.6700, 0.2000, 0.0200]                         | 0.4056   | 0.5200  | 0.5057 
6     | 6           | [99, 100, 101, 102, 103, 104]           | [0.0300, 0.3200, 0.2600, 0.3700, 0.0100, 0.0100]                 | 0.9384   | 0.6400  | 0.6990 
7     | 5           | [97, 98, 99, 100, 101]                  | [0.0400, 0.2000, 0.5600, 0.0600, 0.1400]                         | 0.9764   | 0.6600  | 0.6279 
8     | 7           | [97, 98, 99, 100, 101, 102, 103]        | [0.0100, 0.2400, 0.3300, 0.0900, 0.2900, 0.0300, 0.0100]         | 1.6684   | 0.7200  | 0.7477 
9     | 6           | [96, 97, 99, 100, 101, 102]             | [0.0200, 0.1200, 0.0700, 0.4900, 0.2400, 0.0600]                 | 1.9275   | 0.6800  | 0.6859 
10    | 5           | [98, 99, 100, 101, 102]                 | [0.0100, 0.3400, 0.5400, 0.0900, 0.0200]                         | 0.4971   | 0.5800  | 0.5901 
11    | 8           | [99, 100, 101, 102, 103, 104, 105, 106] | [0.0100, 0.0100, 0.0100, 0.1400, 0.4300, 0.2800, 0.1100, 0.0100] | 1.1500   | 0.7400  | 0.7117 
12    | 7           | [97, 98, 99, 100, 101, 102, 103]        | [0.0100, 0.0200, 0.3000, 0.0600, 0.2400, 0.3300, 0.0400]         | 1.9675   | 0.7000  | 0.7452 
13    | 5           | [98, 99, 100, 101, 102]                 | [0.2300, 0.1200, 0.3300, 0.2700, 0.0500]                         | 1.4659   | 0.7800  | 0.7560 
14    | 4           | [98, 99, 100, 101]                      | [0.1100, 0.5000, 0.3500, 0.0400]                                 | 0.5176   | 0.6000  | 0.6200 
15    | 3           | [98, 99, 100]                           | [0.1200, 0.6400, 0.2400]                                         | 0.3456   | 0.5800  | 0.5236 
16    | 7           | [94, 96, 97, 99, 100, 101, 102]         | [0.0300, 0.0800, 0.0600, 0.0400, 0.2900, 0.4600, 0.0400]         | 3.5276   | 0.7600  | 0.6972 
17    | 8           | [97, 98, 100, 101, 102, 103, 104, 105]  | [0.0100, 0.0400, 0.0100, 0.2500, 0.1500, 0.0300, 0.2400, 0.2700] | 3.8944   | 0.8600  | 0.7897 
18    | 4           | [97, 98, 99, 100]                       | [0.0300, 0.6600, 0.0600, 0.2500]                                 | 0.8091   | 0.4800  | 0.5024 
19    | 6           | [96, 97, 98, 99, 100, 101]              | [0.0100, 0.0400, 0.4100, 0.1300, 0.3800, 0.0300]                 | 1.1536   | 0.5600  | 0.6747 
20    | 6           | [97, 98, 99, 100, 101, 102]             | [0.0300, 0.1500, 0.2100, 0.1900, 0.2300, 0.1900]                 | 2.0699   | 0.8400  | 0.8156 
21    | 6           | [98, 99, 100, 101, 102, 103]            | [0.0900, 0.4800, 0.0900, 0.2800, 0.0500, 0.0100]                 | 1.3475   | 0.7800  | 0.6792 

[Per-locus summary - Population 2]
Locus | Num_Alleles | Alleles                               | Frequencies                                                      | Variance | Obs_Het | Exp_Het
------+-------------+---------------------------------------+------------------------------------------------------------------+----------+---------+--------
1     | 7           | [95, 96, 97, 98, 99, 100, 101]        | [0.0300, 0.2400, 0.1600, 0.2000, 0.1100, 0.2100, 0.0500]         | 2.7875   | 0.7800  | 0.8255 
2     | 5           | [100, 101, 102, 103, 104]             | [0.1400, 0.4100, 0.1000, 0.2600, 0.0900]                         | 1.5275   | 0.7400  | 0.7339 
3     | 7           | [99, 100, 101, 102, 103, 104, 105]    | [0.0500, 0.4400, 0.0800, 0.2400, 0.1100, 0.0700, 0.0100]         | 2.0811   | 0.7600  | 0.7301 
4     | 8           | [97, 98, 99, 101, 102, 103, 104, 105] | [0.0300, 0.2600, 0.2800, 0.0500, 0.2500, 0.0300, 0.0800, 0.0200] | 4.6611   | 0.7800  | 0.7883 
5     | 5           | [98, 99, 100, 101, 102]               | [0.0100, 0.1000, 0.6000, 0.2500, 0.0400]                         | 0.5059   | 0.4600  | 0.5715 
6     | 6           | [99, 100, 101, 102, 103, 104]         | [0.0200, 0.3500, 0.2600, 0.3500, 0.0100, 0.0100]                 | 0.9099   | 0.6600  | 0.6937 
7     | 6           | [97, 98, 99, 100, 101, 102]           | [0.0300, 0.2400, 0.5400, 0.0800, 0.1000, 0.0100]                 | 0.9299   | 0.7000  | 0.6398 
8     | 6           | [97, 98, 99, 100, 101, 102]           | [0.0300, 0.2700, 0.3600, 0.1400, 0.1600, 0.0400]                 | 1.4675   | 0.8600  | 0.7574 
9     | 5           | [97, 99, 100, 101, 102]               | [0.2200, 0.0300, 0.4800, 0.2100, 0.0600]                         | 2.3304   | 0.6800  | 0.6794 
10    | 5           | [98, 99, 100, 101, 102]               | [0.0200, 0.2100, 0.5800, 0.1500, 0.0400]                         | 0.5996   | 0.6000  | 0.6010 
11    | 5           | [100, 102, 103, 104, 105]             | [0.0300, 0.0800, 0.3700, 0.3400, 0.1800]                         | 1.1291   | 0.7200  | 0.7149 
12    | 4           | [99, 100, 101, 102]                   | [0.2300, 0.0200, 0.3100, 0.4400]                                 | 1.3784   | 0.5600  | 0.6636 
13    | 6           | [98, 99, 100, 101, 102, 103]          | [0.2300, 0.2000, 0.2100, 0.3200, 0.0100, 0.0300]                 | 1.6971   | 0.8400  | 0.7673 
14    | 4           | [98, 99, 100, 101]                    | [0.1100, 0.5400, 0.3000, 0.0500]                                 | 0.5259   | 0.6000  | 0.6099 
15    | 4           | [98, 99, 100, 101]                    | [0.1900, 0.5700, 0.2200, 0.0200]                                 | 0.4851   | 0.4600  | 0.5962 
16    | 7           | [94, 96, 97, 99, 100, 101, 102]       | [0.0200, 0.1200, 0.0600, 0.0400, 0.3100, 0.4300, 0.0200]         | 3.6075   | 0.6800  | 0.7057 
17    | 7           | [98, 100, 101, 102, 103, 104, 105]    | [0.0700, 0.0100, 0.2300, 0.1500, 0.0700, 0.2200, 0.2500]         | 4.0571   | 0.8000  | 0.8119 
18    | 5           | [97, 98, 99, 100, 101]                | [0.0100, 0.7300, 0.0400, 0.2000, 0.0200]                         | 0.7899   | 0.4600  | 0.4293 
19    | 6           | [96, 97, 98, 99, 100, 101]            | [0.0100, 0.0600, 0.3400, 0.1900, 0.3900, 0.0100]                 | 1.0936   | 0.6400  | 0.6994 
20    | 6           | [97, 98, 99, 100, 101, 102]           | [0.0400, 0.1500, 0.2000, 0.2200, 0.1800, 0.2100]                 | 2.1796   | 0.7000  | 0.8192 
21    | 5           | [98, 99, 100, 101, 102]               | [0.0600, 0.5300, 0.0800, 0.2400, 0.0900]                         | 1.3171   | 0.6600  | 0.6499 
