
[Simulation Info]
simulation_id = sim_0002155
timestamp     = 20250428_081654
seed          = 942347
output_folder = /home/lejeunet/Bureau/simulations/Ref_table/sim_0002155

[Model Parameters]
pop_size           = 1890
num_loci           = 20
sample1_generation = 30
sample2_generation = 10
low_repeats        = 1
high_repeats       = 200
mutation_rate      = 0.001
recap_Ne           = 1890

[Sampling Design]
sample1_size_Ne  = 50
sample2_size_Ne  = 50
sample1_size_CMR = 50
sample2_size_CMR = 50

[Capture-Marquage-Recapture]
census_N   =  1300
MatchCount =  2

[Ne Estimates - One Sample - Decreasing critical values [0.050, 0.020, 0.010, 0+]]

[Linkage Desequilibrium]
LD_Ne_Pop1 = [242.5, 291.6, 430.5, 430.5]
LD_r2_Pop1 = [0.022639, 0.022411, 0.022047, 0.022047]
LD_Ne_Pop2 = [None, None, 493.1, 493.1]
LD_r2_Pop2 = [0.020658, 0.021227, 0.021949, 0.021949]

[Heterozygote excess]
HE_Neb_mean_Pop1        = [20.4, 22.7, 23.0, 23.0]
HE_weighted_D_mean_Pop1 = [0.02512, 0.02249, 0.0222, 0.0222]
HE_Neb_mean_Pop2        = [285.1, None, None, None]
HE_weighted_D_mean_Pop2 = [0.00176, -0.00188, -0.00185, -0.00185]

[Molecular Coancestry]
Coan_Neb_n_Pop1 = 33.8
Coan_f1_Pop1    = 0.01478
Coan_Neb_n_Pop2 = 35.6
Coan_f1_Pop2    = 0.01404

[Ne Estimates - Temporal - Decreasing critical values (0.050, 0.020, 0.010, 0+)]

[Pollak]
P_Ne     = [-24192.7, 19353.5, 11381.2, 18215.7]
P_Fk     = [0.01979, 0.02026, 0.02044, 0.02027]
P_Fprime = [-0.00021, 0.00026, 0.00044, 0.00027]

[Nei/Tajima]
N_Ne     = [-6827.9, -16466.7, -38545.2, -18743.8]
N_Fc     = [0.01927, 0.0197, 0.01987, 0.01973]
N_Fprime = [-0.00073, -0.0003, -0.00013, -0.00027]

[Jorde/Ryman]
J_Ne     = [-3845.8, -3770.6, -3921.2, -3881.0]
J_Fs     = [0.0188, 0.01877, 0.01883, 0.01881]
J_Fprime = [-0.0013, -0.00133, -0.00128, -0.00129]

[Genetic Diversity - Heterozygosity]
mean_exp_het_pop1 = 0.7292
mean_obs_het_pop1 = 0.7514
mean_exp_het_pop2 = 0.7295
mean_obs_het_pop2 = 0.7314

[Genetic Diversity - Allele Counts]
mean_alleles_pop1 = 6.43
var_alleles_pop1  = 1.86
sum_alleles_pop1  = 135
mean_alleles_pop2 = 6.71
var_alleles_pop2  = 1.92
sum_alleles_pop2  = 282

[Genetic Diversity - Allelic Size Variance]
var_allele_size_pop1 = 2.509
var_allele_size_pop2 = 2.5299

[Per-locus summary - Population 1]
Locus | Num_Alleles | Alleles                                   | Frequencies                                                              | Variance | Obs_Het | Exp_Het
------+-------------+-------------------------------------------+--------------------------------------------------------------------------+----------+---------+--------
1     | 6           | [99, 100, 101, 102, 103, 104]             | [0.0500, 0.0300, 0.1200, 0.4200, 0.3100, 0.0700]                         | 1.2656   | 0.6800  | 0.7119 
2     | 5           | [97, 98, 99, 100, 101]                    | [0.0400, 0.4000, 0.2600, 0.1900, 0.1100]                                 | 1.1851   | 0.7400  | 0.7299 
3     | 7           | [98, 99, 100, 101, 102, 103, 104]         | [0.0500, 0.1600, 0.0900, 0.3600, 0.1300, 0.1500, 0.0600]                 | 2.4475   | 0.8200  | 0.7992 
4     | 8           | [96, 97, 98, 99, 100, 101, 102, 103]      | [0.0100, 0.3600, 0.2500, 0.1300, 0.1200, 0.0700, 0.0400, 0.0200]         | 2.5684   | 0.7800  | 0.7774 
5     | 6           | [98, 99, 100, 101, 102, 103]              | [0.0700, 0.1100, 0.4200, 0.1900, 0.2000, 0.0100]                         | 1.3331   | 0.7000  | 0.7378 
6     | 5           | [97, 98, 99, 100, 101]                    | [0.0100, 0.1900, 0.4800, 0.2700, 0.0500]                                 | 0.6744   | 0.7000  | 0.6646 
7     | 8           | [99, 100, 101, 102, 103, 104, 105, 106]   | [0.0400, 0.3100, 0.2100, 0.0500, 0.1500, 0.0100, 0.0200, 0.2100]         | 5.5256   | 0.8200  | 0.7966 
8     | 6           | [97, 98, 99, 100, 101, 102]               | [0.0100, 0.1600, 0.2000, 0.4800, 0.1400, 0.0100]                         | 0.9579   | 0.8000  | 0.6911 
9     | 7           | [97, 98, 99, 100, 101, 102, 103]          | [0.0100, 0.0200, 0.2700, 0.0500, 0.3000, 0.3400, 0.0100]                 | 1.7411   | 0.7800  | 0.7257 
10    | 6           | [97, 98, 99, 100, 102, 103]               | [0.1700, 0.1600, 0.4900, 0.0800, 0.0100, 0.0900]                         | 2.4491   | 0.7200  | 0.6978 
11    | 4           | [99, 100, 101, 102]                       | [0.1600, 0.3100, 0.4300, 0.1000]                                         | 0.7691   | 0.7600  | 0.6903 
12    | 7           | [97, 98, 99, 100, 101, 102, 103]          | [0.1500, 0.0500, 0.0500, 0.2200, 0.2400, 0.2600, 0.0300]                 | 3.0875   | 0.7400  | 0.8061 
13    | 6           | [97, 98, 99, 100, 101, 103]               | [0.0500, 0.0800, 0.0500, 0.6300, 0.1600, 0.0300]                         | 1.2379   | 0.6400  | 0.5709 
14    | 6           | [99, 100, 101, 102, 103, 104]             | [0.0300, 0.1200, 0.1100, 0.3300, 0.2700, 0.1400]                         | 1.6779   | 0.8000  | 0.7790 
15    | 7           | [97, 98, 99, 100, 101, 102, 103]          | [0.0300, 0.2000, 0.1900, 0.3900, 0.1200, 0.0600, 0.0100]                 | 1.5419   | 0.7800  | 0.7604 
16    | 6           | [97, 98, 99, 100, 101, 102]               | [0.0100, 0.1600, 0.2100, 0.4100, 0.1400, 0.0700]                         | 1.2816   | 0.7000  | 0.7450 
17    | 9           | [96, 97, 98, 99, 100, 101, 102, 103, 104] | [0.0500, 0.1500, 0.1000, 0.0500, 0.1700, 0.3100, 0.0300, 0.0400, 0.1000] | 4.9899   | 0.8800  | 0.8333 
18    | 7           | [95, 96, 97, 98, 103, 104, 105]           | [0.0600, 0.0500, 0.2000, 0.0300, 0.1200, 0.4300, 0.1100]                 | 12.7691  | 0.8000  | 0.7491 
19    | 9           | [96, 97, 98, 99, 100, 101, 102, 103, 104] | [0.0200, 0.0900, 0.0900, 0.0400, 0.5200, 0.0800, 0.1000, 0.0500, 0.0100] | 2.6100   | 0.6600  | 0.6994 
20    | 4           | [100, 101, 102, 104]                      | [0.1800, 0.4700, 0.3000, 0.0500]                                         | 0.8571   | 0.7600  | 0.6608 
21    | 6           | [99, 100, 101, 102, 103, 105]             | [0.0500, 0.1600, 0.0600, 0.2400, 0.4800, 0.0100]                         | 1.7196   | 0.7200  | 0.6871 

[Per-locus summary - Population 2]
Locus | Num_Alleles | Alleles                                   | Frequencies                                                              | Variance | Obs_Het | Exp_Het
------+-------------+-------------------------------------------+--------------------------------------------------------------------------+----------+---------+--------
1     | 6           | [99, 100, 101, 102, 103, 104]             | [0.0200, 0.0300, 0.1200, 0.4100, 0.3000, 0.1200]                         | 1.1100   | 0.7400  | 0.7190 
2     | 5           | [97, 98, 99, 100, 101]                    | [0.0500, 0.3900, 0.2900, 0.1400, 0.1300]                                 | 1.2419   | 0.7600  | 0.7321 
3     | 8           | [97, 98, 99, 100, 101, 102, 103, 104]     | [0.0100, 0.0800, 0.0900, 0.0900, 0.3200, 0.1300, 0.2700, 0.0100]         | 2.6075   | 0.8400  | 0.7929 
4     | 6           | [97, 98, 99, 100, 101, 102]               | [0.3700, 0.2200, 0.1700, 0.1800, 0.0400, 0.0200]                         | 1.8104   | 0.7400  | 0.7590 
5     | 5           | [98, 99, 100, 101, 102]                   | [0.1100, 0.0800, 0.3600, 0.3400, 0.1100]                                 | 1.2324   | 0.7400  | 0.7315 
6     | 4           | [98, 99, 100, 101]                        | [0.1400, 0.5300, 0.2700, 0.0600]                                         | 0.5875   | 0.5800  | 0.6293 
7     | 8           | [99, 100, 101, 102, 103, 104, 106, 107]   | [0.0300, 0.4000, 0.3000, 0.0100, 0.0400, 0.0100, 0.1800, 0.0300]         | 5.8124   | 0.7600  | 0.7212 
8     | 5           | [97, 98, 99, 100, 101]                    | [0.0100, 0.2100, 0.2300, 0.3400, 0.2100]                                 | 1.1491   | 0.7800  | 0.7507 
9     | 6           | [98, 99, 100, 101, 102, 103]              | [0.0300, 0.2000, 0.0900, 0.3400, 0.3300, 0.0100]                         | 1.4771   | 0.5800  | 0.7337 
10    | 7           | [96, 97, 98, 99, 100, 102, 103]           | [0.0100, 0.0800, 0.2800, 0.3800, 0.0900, 0.0500, 0.1100]                 | 2.9459   | 0.7400  | 0.7556 
11    | 5           | [99, 100, 101, 102, 103]                  | [0.1200, 0.4300, 0.3800, 0.0500, 0.0200]                                 | 0.7036   | 0.6200  | 0.6600 
12    | 8           | [97, 98, 99, 100, 101, 102, 103, 104]     | [0.1200, 0.0300, 0.0500, 0.1500, 0.3400, 0.2400, 0.0600, 0.0100]         | 2.9251   | 0.8000  | 0.7907 
13    | 6           | [97, 98, 99, 100, 101, 103]               | [0.0300, 0.0700, 0.0900, 0.6300, 0.1500, 0.0300]                         | 1.0536   | 0.5600  | 0.5715 
14    | 7           | [98, 99, 100, 101, 102, 103, 104]         | [0.0100, 0.0400, 0.0900, 0.1600, 0.3600, 0.2500, 0.0900]                 | 1.6451   | 0.8600  | 0.7721 
15    | 7           | [97, 98, 99, 100, 101, 102, 103]          | [0.0200, 0.1900, 0.1800, 0.3700, 0.1300, 0.0600, 0.0500]                 | 1.8916   | 0.7200  | 0.7790 
16    | 6           | [97, 98, 99, 100, 101, 102]               | [0.0100, 0.1900, 0.2100, 0.4300, 0.0900, 0.0700]                         | 1.2779   | 0.8000  | 0.7291 
17    | 9           | [96, 97, 98, 99, 100, 101, 102, 103, 104] | [0.0100, 0.1500, 0.0900, 0.0300, 0.2100, 0.3200, 0.0200, 0.0700, 0.1000] | 4.4571   | 0.7600  | 0.8147 
18    | 8           | [95, 96, 97, 98, 102, 103, 104, 105]      | [0.1300, 0.0500, 0.1900, 0.0400, 0.0300, 0.1600, 0.3700, 0.0300]         | 13.7011  | 0.7800  | 0.7865 
19    | 8           | [96, 97, 98, 99, 100, 101, 102, 103]      | [0.0400, 0.1200, 0.0500, 0.0500, 0.4400, 0.0700, 0.1300, 0.1000]         | 3.4584   | 0.7200  | 0.7612 
20    | 5           | [100, 101, 102, 103, 104]                 | [0.1700, 0.5100, 0.3000, 0.0100, 0.0100]                                 | 0.5676   | 0.6800  | 0.6271 
21    | 8           | [99, 100, 101, 102, 103, 104, 105, 106]   | [0.0100, 0.1400, 0.1000, 0.2700, 0.4500, 0.0100, 0.0100, 0.0100]         | 1.4731   | 0.8000  | 0.7016 
