
[Simulation Info]
simulation_id = sim_0002336
timestamp     = 20250428_082035
seed          = 182277
output_folder = /home/lejeunet/Bureau/simulations/Ref_table/sim_0002336

[Model Parameters]
pop_size           = 1336
num_loci           = 20
sample1_generation = 30
sample2_generation = 10
low_repeats        = 1
high_repeats       = 200
mutation_rate      = 0.001
recap_Ne           = 1336

[Sampling Design]
sample1_size_Ne  = 50
sample2_size_Ne  = 50
sample1_size_CMR = 50
sample2_size_CMR = 50

[Capture-Marquage-Recapture]
census_N   =  2601
MatchCount =  1

[Ne Estimates - One Sample - Decreasing critical values [0.050, 0.020, 0.010, 0+]]

[Linkage Desequilibrium]
LD_Ne_Pop1 = [1159.0, 1254.3, 947.5, 947.5]
LD_r2_Pop1 = [0.021563, 0.021541, 0.021627, 0.021627]
LD_Ne_Pop2 = [3032.5, None, 7065.4, 7065.4]
LD_r2_Pop2 = [0.021386, 0.021218, 0.021323, 0.021323]

[Heterozygote excess]
HE_Neb_mean_Pop1        = [57.9, 76.2, 82.5, 82.5]
HE_weighted_D_mean_Pop1 = [0.00872, 0.0066, 0.0061, 0.0061]
HE_Neb_mean_Pop2        = [77.4, 147.0, 161.3, 161.3]
HE_weighted_D_mean_Pop2 = [0.0065, 0.00341, 0.00311, 0.00311]

[Molecular Coancestry]
Coan_Neb_n_Pop1 = 30.3
Coan_f1_Pop1    = 0.01651
Coan_Neb_n_Pop2 = 34.6
Coan_f1_Pop2    = 0.01447

[Ne Estimates - Temporal - Decreasing critical values (0.050, 0.020, 0.010, 0+)]

[Pollak]
P_Ne     = [10829.0, 3069.0, 3989.9, 4583.3]
P_Fk     = [0.02046, 0.02163, 0.02125, 0.02109]
P_Fprime = [0.00046, 0.00163, 0.00125, 0.00109]

[Nei/Tajima]
N_Ne     = [49052.4, 4530.9, 6332.5, 7659.3]
N_Fc     = [0.0201, 0.0211, 0.02079, 0.02065]
N_Fprime = [0.0001, 0.0011, 0.00079, 0.00065]

[Jorde/Ryman]
J_Ne     = [12974.0, 9976.3, 10509.8, 10792.5]
J_Fs     = [0.02049, 0.0206, 0.02058, 0.02056]
J_Fprime = [0.00039, 0.0005, 0.00048, 0.00046]

[Genetic Diversity - Heterozygosity]
mean_exp_het_pop1 = 0.7715
mean_obs_het_pop1 = 0.7705
mean_exp_het_pop2 = 0.7718
mean_obs_het_pop2 = 0.7733

[Genetic Diversity - Allele Counts]
mean_alleles_pop1 = 6.86
var_alleles_pop1  = 3.03
sum_alleles_pop1  = 144
mean_alleles_pop2 = 7.17
var_alleles_pop2  = 2.43
sum_alleles_pop2  = 301

[Genetic Diversity - Allelic Size Variance]
var_allele_size_pop1 = 3.5772
var_allele_size_pop2 = 3.3995

[Per-locus summary - Population 1]
Locus | Num_Alleles | Alleles                                       | Frequencies                                                                      | Variance | Obs_Het | Exp_Het
------+-------------+-----------------------------------------------+----------------------------------------------------------------------------------+----------+---------+--------
1     | 9           | [95, 96, 97, 98, 99, 100, 101, 103, 104]      | [0.0100, 0.0800, 0.0800, 0.0300, 0.1700, 0.2100, 0.3400, 0.0600, 0.0200]         | 3.6824   | 0.7800  | 0.8016 
2     | 9           | [96, 97, 98, 99, 100, 101, 102, 103, 104]     | [0.0500, 0.3600, 0.0500, 0.0200, 0.1400, 0.2600, 0.0900, 0.0200, 0.0100]         | 4.4804   | 0.7200  | 0.7770 
3     | 7           | [99, 100, 101, 102, 103, 104, 105]            | [0.2900, 0.0900, 0.1400, 0.1000, 0.1600, 0.0500, 0.1700]                         | 4.8236   | 0.8400  | 0.8295 
4     | 5           | [98, 99, 100, 101, 102]                       | [0.1500, 0.2000, 0.2200, 0.2500, 0.1800]                                         | 1.7579   | 0.8200  | 0.8022 
5     | 9           | [94, 95, 96, 97, 98, 99, 100, 101, 102]       | [0.0600, 0.0100, 0.0100, 0.0800, 0.0100, 0.2000, 0.3400, 0.1900, 0.1000]         | 3.8496   | 0.8600  | 0.7960 
6     | 9           | [98, 99, 100, 101, 102, 104, 105, 106, 107]   | [0.1000, 0.1100, 0.1100, 0.2400, 0.0400, 0.0200, 0.1000, 0.1000, 0.1800]         | 10.1475  | 0.8800  | 0.8624 
7     | 6           | [95, 96, 97, 98, 99, 100]                     | [0.0600, 0.1000, 0.2100, 0.3000, 0.2800, 0.0500]                                 | 1.5859   | 0.8000  | 0.7792 
8     | 5           | [98, 99, 100, 102, 103]                       | [0.0300, 0.5000, 0.3400, 0.0600, 0.0700]                                         | 1.4371   | 0.5600  | 0.6313 
9     | 8           | [99, 100, 101, 104, 105, 106, 107, 108]       | [0.0500, 0.1400, 0.0400, 0.4100, 0.2800, 0.0400, 0.0100, 0.0300]                 | 4.6836   | 0.8400  | 0.7346 
10    | 5           | [99, 100, 101, 102, 103]                      | [0.1000, 0.0500, 0.3100, 0.2900, 0.2500]                                         | 1.4484   | 0.7600  | 0.7523 
11    | 5           | [98, 99, 100, 101, 102]                       | [0.0700, 0.3700, 0.1700, 0.0900, 0.3000]                                         | 1.9076   | 0.7000  | 0.7386 
12    | 4           | [97, 98, 99, 100]                             | [0.1000, 0.3400, 0.3200, 0.2400]                                                 | 0.8900   | 0.7600  | 0.7216 
13    | 6           | [96, 97, 98, 99, 100, 101]                    | [0.0400, 0.0700, 0.2100, 0.1800, 0.4800, 0.0200]                                 | 1.4075   | 0.6800  | 0.6931 
14    | 10          | [94, 95, 96, 97, 98, 102, 103, 104, 105, 106] | [0.0100, 0.0400, 0.0800, 0.1600, 0.0300, 0.0700, 0.2200, 0.1200, 0.2600, 0.0100] | 12.9296  | 0.8000  | 0.8384 
15    | 8           | [97, 99, 100, 101, 102, 103, 104, 105]        | [0.0700, 0.3400, 0.1100, 0.1200, 0.0500, 0.2500, 0.0500, 0.0100]                 | 4.1411   | 0.8000  | 0.7933 
16    | 7           | [96, 97, 99, 100, 101, 102, 103]              | [0.0400, 0.1200, 0.1100, 0.2100, 0.1700, 0.3300, 0.0200]                         | 3.4324   | 0.8200  | 0.7976 
17    | 6           | [95, 96, 97, 98, 99, 100]                     | [0.0100, 0.2800, 0.1400, 0.1600, 0.2600, 0.1500]                                 | 2.1811   | 0.8200  | 0.7941 
18    | 5           | [99, 100, 101, 102, 103]                      | [0.1100, 0.0800, 0.3500, 0.4000, 0.0600]                                         | 1.1116   | 0.7200  | 0.7024 
19    | 6           | [96, 97, 98, 99, 100, 101]                    | [0.0200, 0.1600, 0.1800, 0.3000, 0.2200, 0.1200]                                 | 1.6900   | 0.7000  | 0.7968 
20    | 8           | [98, 99, 100, 101, 102, 103, 104, 105]        | [0.1300, 0.4300, 0.0300, 0.0300, 0.2300, 0.0100, 0.1300, 0.0100]                 | 4.1600   | 0.6600  | 0.7337 
21    | 7           | [97, 98, 99, 100, 101, 102, 103]              | [0.1000, 0.1400, 0.1700, 0.0600, 0.2000, 0.2800, 0.0500]                         | 3.3744   | 0.8600  | 0.8253 

[Per-locus summary - Population 2]
Locus | Num_Alleles | Alleles                                      | Frequencies                                                                      | Variance | Obs_Het | Exp_Het
------+-------------+----------------------------------------------+----------------------------------------------------------------------------------+----------+---------+--------
1     | 9           | [95, 96, 97, 98, 99, 100, 101, 103, 104]     | [0.0100, 0.0800, 0.1500, 0.0400, 0.0900, 0.1500, 0.4000, 0.0500, 0.0300]         | 4.3576   | 0.7800  | 0.7832 
2     | 9           | [96, 97, 98, 99, 100, 101, 102, 103, 104]    | [0.0500, 0.2200, 0.0700, 0.1300, 0.0900, 0.2300, 0.1600, 0.0400, 0.0100]         | 4.4036   | 0.8200  | 0.8475 
3     | 7           | [99, 100, 101, 102, 103, 104, 105]           | [0.3100, 0.1600, 0.1500, 0.0400, 0.1400, 0.0400, 0.1600]                         | 4.8300   | 0.9000  | 0.8156 
4     | 5           | [98, 99, 100, 101, 102]                      | [0.1600, 0.1200, 0.3000, 0.3200, 0.1000]                                         | 1.4736   | 0.8200  | 0.7652 
5     | 10          | [94, 95, 96, 97, 98, 99, 100, 101, 102, 103] | [0.0200, 0.0300, 0.0300, 0.1300, 0.0600, 0.1900, 0.2400, 0.2300, 0.0600, 0.0100] | 3.6059   | 0.8200  | 0.8354 
6     | 9           | [98, 99, 100, 101, 102, 104, 105, 106, 107]  | [0.0400, 0.0800, 0.1800, 0.3400, 0.0500, 0.0200, 0.0500, 0.1300, 0.1100]         | 7.7544   | 0.7400  | 0.8178 
7     | 6           | [95, 96, 97, 98, 99, 100]                    | [0.0500, 0.0900, 0.2000, 0.2400, 0.3600, 0.0600]                                 | 1.6075   | 0.8200  | 0.7663 
8     | 6           | [98, 99, 100, 101, 102, 103]                 | [0.0400, 0.4400, 0.3700, 0.0600, 0.0400, 0.0500]                                 | 1.2171   | 0.7000  | 0.6669 
9     | 7           | [99, 100, 101, 104, 105, 106, 108]           | [0.0300, 0.1400, 0.0100, 0.3900, 0.3300, 0.0700, 0.0300]                         | 4.1475   | 0.7000  | 0.7198 
10    | 6           | [98, 99, 100, 101, 102, 103]                 | [0.0400, 0.0900, 0.0300, 0.3400, 0.3000, 0.2000]                                 | 1.7131   | 0.6800  | 0.7513 
11    | 5           | [98, 99, 100, 101, 102]                      | [0.1000, 0.2500, 0.2200, 0.1800, 0.2500]                                         | 1.7771   | 0.7200  | 0.7921 
12    | 5           | [97, 98, 99, 100, 101]                       | [0.1000, 0.3500, 0.2100, 0.3300, 0.0100]                                         | 1.0800   | 0.8200  | 0.7216 
13    | 6           | [96, 97, 98, 99, 100, 101]                   | [0.0300, 0.0800, 0.1500, 0.2400, 0.4700, 0.0300]                                 | 1.3131   | 0.7000  | 0.6978 
14    | 8           | [95, 96, 97, 98, 102, 103, 104, 105]         | [0.0600, 0.0500, 0.1500, 0.0400, 0.1000, 0.1800, 0.1000, 0.3200]                 | 12.5059  | 0.8800  | 0.8232 
15    | 9           | [97, 98, 99, 100, 101, 102, 103, 104, 105]   | [0.0600, 0.0100, 0.4100, 0.1200, 0.1700, 0.0100, 0.1900, 0.0200, 0.0100]         | 3.4016   | 0.7800  | 0.7558 
16    | 8           | [96, 97, 98, 99, 100, 101, 102, 103]         | [0.0200, 0.1200, 0.0100, 0.1200, 0.1800, 0.0700, 0.3800, 0.1000]                 | 3.7475   | 0.7600  | 0.7869 
17    | 6           | [95, 96, 97, 98, 99, 100]                    | [0.0100, 0.2200, 0.1400, 0.1400, 0.3200, 0.1700]                                 | 2.1075   | 0.7200  | 0.7889 
18    | 7           | [98, 99, 100, 101, 102, 103, 104]            | [0.0200, 0.1200, 0.1100, 0.2900, 0.4400, 0.0100, 0.0100]                         | 1.3336   | 0.6600  | 0.7022 
19    | 6           | [96, 97, 98, 99, 100, 101]                   | [0.0200, 0.2400, 0.2000, 0.1500, 0.2300, 0.1600]                                 | 2.1739   | 0.8400  | 0.8091 
20    | 8           | [98, 99, 100, 101, 102, 103, 104, 105]       | [0.1300, 0.4000, 0.0900, 0.0200, 0.2500, 0.0200, 0.0800, 0.0100]                 | 3.5659   | 0.7800  | 0.7527 
21    | 7           | [97, 98, 99, 100, 101, 102, 103]             | [0.1100, 0.1300, 0.1300, 0.0800, 0.2100, 0.3200, 0.0200]                         | 3.2739   | 0.8000  | 0.8089 
