
[Simulation Info]
simulation_id = sim_0011893
timestamp     = 20250429_092516
seed          = 845841
output_folder = /home/lejeunet/Bureau/simulations/Ref_table/sim_0011893

[Model Parameters]
pop_size           = 1584
num_loci           = 20
sample1_generation = 30
sample2_generation = 10
low_repeats        = 1
high_repeats       = 200
mutation_rate      = 0.001
recap_Ne           = 1584

[Sampling Design]
sample1_size_Ne  = 50
sample2_size_Ne  = 50
sample1_size_CMR = 50
sample2_size_CMR = 50

[Capture-Marquage-Recapture]
census_N   =  2601
MatchCount =  1

[Ne Estimates - One Sample - Decreasing critical values [0.050, 0.020, 0.010, 0+]]

[Linkage Desequilibrium]
LD_Ne_Pop1 = [None, None, 5563.9, 5563.9]
LD_r2_Pop1 = [0.021234, 0.021106, 0.021336, 0.021336]
LD_Ne_Pop2 = [None, None, None, None]
LD_r2_Pop2 = [0.021252, 0.021068, 0.02106, 0.02106]

[Heterozygote excess]
HE_Neb_mean_Pop1        = [None, None, None, None]
HE_weighted_D_mean_Pop1 = [-0.00338, -0.00394, -0.00424, -0.00424]
HE_Neb_mean_Pop2        = [89.6, 96.5, 110.0, 110.0]
HE_weighted_D_mean_Pop2 = [0.00561, 0.00521, 0.00456, 0.00456]

[Molecular Coancestry]
Coan_Neb_n_Pop1 = 227.5
Coan_f1_Pop1    = 0.0022
Coan_Neb_n_Pop2 = None
Coan_f1_Pop2    = -0.00028

[Ne Estimates - Temporal - Decreasing critical values (0.050, 0.020, 0.010, 0+)]

[Pollak]
P_Ne     = [-9944.8, -118025.6, -122099.2, -26637.1]
P_Fk     = [0.0195, 0.01996, 0.01996, 0.01981]
P_Fprime = [-0.0005, -4e-05, -4e-05, -0.00019]

[Nei/Tajima]
N_Ne     = [-4531.8, -7402.4, -7784.3, -6530.7]
N_Fc     = [0.0189, 0.01932, 0.01936, 0.01923]
N_Fprime = [-0.0011, -0.00068, -0.00064, -0.00077]

[Jorde/Ryman]
J_Ne     = [-2485.0, -2256.1, -2292.8, -2279.6]
J_Fs     = [0.01809, 0.01789, 0.01792, 0.01791]
J_Fprime = [-0.00201, -0.00222, -0.00218, -0.00219]

[Genetic Diversity - Heterozygosity]
mean_exp_het_pop1 = 0.7585
mean_obs_het_pop1 = 0.7552
mean_exp_het_pop2 = 0.7678
mean_obs_het_pop2 = 0.7657

[Genetic Diversity - Allele Counts]
mean_alleles_pop1 = 7.0
var_alleles_pop1  = 1.9
sum_alleles_pop1  = 147
mean_alleles_pop2 = 7.31
var_alleles_pop2  = 1.49
sum_alleles_pop2  = 307

[Genetic Diversity - Allelic Size Variance]
var_allele_size_pop1 = 3.2889
var_allele_size_pop2 = 3.1294

[Per-locus summary - Population 1]
Locus | Num_Alleles | Alleles                                        | Frequencies                                                                      | Variance | Obs_Het | Exp_Het
------+-------------+------------------------------------------------+----------------------------------------------------------------------------------+----------+---------+--------
1     | 7           | [95, 96, 97, 98, 100, 101, 102]                | [0.1800, 0.0600, 0.3200, 0.0300, 0.0700, 0.2400, 0.1000]                         | 6.1416   | 0.7600  | 0.7962 
2     | 8           | [97, 98, 99, 100, 101, 102, 103, 104]          | [0.1900, 0.0400, 0.0300, 0.0300, 0.1900, 0.0900, 0.3300, 0.1000]                 | 5.8536   | 0.7600  | 0.8054 
3     | 6           | [99, 101, 102, 103, 104, 105]                  | [0.0300, 0.0700, 0.2600, 0.4900, 0.0900, 0.0600]                                 | 1.2539   | 0.5800  | 0.6816 
4     | 9           | [96, 97, 99, 100, 101, 102, 103, 104, 105]     | [0.0400, 0.2700, 0.0500, 0.0600, 0.2600, 0.1200, 0.1800, 0.0100, 0.0100]         | 5.8779   | 0.7800  | 0.8129 
5     | 6           | [97, 99, 100, 101, 102, 104]                   | [0.0400, 0.0100, 0.1400, 0.3900, 0.3900, 0.0300]                                 | 1.4544   | 0.6600  | 0.6804 
6     | 7           | [96, 97, 98, 99, 100, 101, 104]                | [0.0100, 0.0100, 0.2400, 0.2000, 0.1900, 0.3100, 0.0400]                         | 2.2816   | 0.7400  | 0.7762 
7     | 7           | [98, 99, 100, 101, 102, 103, 104]              | [0.0100, 0.2800, 0.1900, 0.2200, 0.0900, 0.1700, 0.0400]                         | 2.4771   | 0.8600  | 0.8065 
8     | 7           | [97, 98, 99, 100, 101, 102, 103]               | [0.0100, 0.2200, 0.1900, 0.1600, 0.0100, 0.0700, 0.3400]                         | 4.2499   | 0.7200  | 0.7770 
9     | 5           | [97, 99, 100, 101, 102]                        | [0.0900, 0.0900, 0.3200, 0.2900, 0.2100]                                         | 1.9075   | 0.8800  | 0.7608 
10    | 8           | [98, 99, 100, 101, 102, 103, 104, 105]         | [0.0100, 0.1300, 0.1700, 0.0700, 0.2000, 0.0500, 0.3200, 0.0500]                 | 3.8600   | 0.8400  | 0.8099 
11    | 9           | [95, 96, 97, 98, 99, 100, 101, 102, 103]       | [0.0200, 0.2600, 0.0100, 0.1500, 0.0800, 0.0300, 0.0700, 0.2300, 0.1500]         | 7.4451   | 0.8200  | 0.8301 
12    | 4           | [99, 100, 101, 102]                            | [0.1000, 0.4100, 0.3800, 0.1100]                                                 | 0.6700   | 0.6800  | 0.6721 
13    | 7           | [94, 95, 96, 97, 98, 99, 100]                  | [0.0300, 0.0300, 0.1800, 0.1200, 0.1300, 0.3800, 0.1300]                         | 2.4875   | 0.7800  | 0.7810 
14    | 10          | [96, 97, 98, 99, 100, 101, 102, 103, 104, 105] | [0.0400, 0.0600, 0.0500, 0.0600, 0.0900, 0.2400, 0.1100, 0.1600, 0.1800, 0.0100] | 5.2259   | 0.9200  | 0.8614 
15    | 5           | [97, 98, 99, 100, 101]                         | [0.2800, 0.0300, 0.4600, 0.0800, 0.1500]                                         | 1.7859   | 0.7200  | 0.6871 
16    | 7           | [96, 97, 98, 99, 100, 101, 102]                | [0.0200, 0.4400, 0.0600, 0.1300, 0.2900, 0.0400, 0.0200]                         | 2.3051   | 0.6200  | 0.7065 
17    | 7           | [97, 98, 99, 100, 101, 102, 103]               | [0.0100, 0.0100, 0.1300, 0.2400, 0.4700, 0.0300, 0.1100]                         | 1.3776   | 0.6600  | 0.6984 
18    | 7           | [93, 94, 95, 99, 100, 101, 102]                | [0.0100, 0.0100, 0.1000, 0.0500, 0.4000, 0.3600, 0.0700]                         | 4.0076   | 0.6800  | 0.6998 
19    | 7           | [94, 95, 96, 97, 98, 99, 100]                  | [0.0200, 0.2500, 0.0100, 0.0300, 0.4000, 0.1700, 0.1200]                         | 3.0691   | 0.7800  | 0.7402 
20    | 7           | [98, 99, 100, 101, 102, 103, 106]              | [0.3100, 0.2000, 0.1000, 0.2300, 0.1300, 0.0100, 0.0200]                         | 2.9676   | 0.8200  | 0.7915 
21    | 7           | [91, 92, 93, 94, 95, 96, 97]                   | [0.0100, 0.0600, 0.0200, 0.3800, 0.1000, 0.1700, 0.2600]                         | 2.3675   | 0.8000  | 0.7525 

[Per-locus summary - Population 2]
Locus | Num_Alleles | Alleles                                   | Frequencies                                                              | Variance | Obs_Het | Exp_Het
------+-------------+-------------------------------------------+--------------------------------------------------------------------------+----------+---------+--------
1     | 8           | [94, 95, 96, 97, 99, 100, 101, 102]       | [0.0100, 0.1300, 0.0700, 0.2600, 0.0300, 0.1300, 0.3100, 0.0600]         | 5.7731   | 0.7800  | 0.8010 
2     | 8           | [97, 98, 99, 100, 101, 102, 103, 104]     | [0.1600, 0.0300, 0.0400, 0.0600, 0.1400, 0.1600, 0.3300, 0.0800]         | 5.2139   | 0.9000  | 0.8160 
3     | 7           | [99, 100, 101, 102, 103, 104, 105]        | [0.0400, 0.0100, 0.0900, 0.2300, 0.5000, 0.1100, 0.0200]                 | 1.3075   | 0.7400  | 0.6816 
4     | 7           | [96, 97, 99, 100, 101, 102, 103]          | [0.0600, 0.2300, 0.0600, 0.1600, 0.2200, 0.1400, 0.1300]                 | 5.0300   | 0.8400  | 0.8378 
5     | 8           | [97, 98, 99, 100, 101, 102, 103, 104]     | [0.0100, 0.0100, 0.0300, 0.1600, 0.4300, 0.2900, 0.0200, 0.0500]         | 1.3139   | 0.5800  | 0.7085 
6     | 8           | [96, 97, 98, 99, 100, 101, 103, 104]      | [0.0200, 0.0400, 0.1900, 0.1700, 0.2700, 0.2900, 0.0100, 0.0100]         | 1.9979   | 0.8400  | 0.7836 
7     | 7           | [98, 99, 100, 101, 102, 103, 104]         | [0.0100, 0.2500, 0.1400, 0.2600, 0.1300, 0.1800, 0.0300]                 | 2.3419   | 0.7200  | 0.8081 
8     | 8           | [97, 98, 99, 100, 101, 102, 103, 104]     | [0.0100, 0.1700, 0.2200, 0.2300, 0.0100, 0.0300, 0.3200, 0.0100]         | 3.9296   | 0.7400  | 0.7739 
9     | 7           | [97, 98, 99, 100, 101, 102, 103]          | [0.0600, 0.0300, 0.1000, 0.2800, 0.3100, 0.2100, 0.0100]                 | 1.8236   | 0.8200  | 0.7745 
10    | 7           | [99, 100, 101, 102, 103, 104, 105]        | [0.0900, 0.3100, 0.0100, 0.2900, 0.0300, 0.2300, 0.0400]                 | 3.2859   | 0.7200  | 0.7638 
11    | 8           | [96, 97, 98, 99, 100, 101, 102, 103]      | [0.2400, 0.0600, 0.1500, 0.1800, 0.0300, 0.0700, 0.1400, 0.1300]         | 6.1856   | 0.8000  | 0.8501 
12    | 4           | [99, 100, 101, 102]                       | [0.1400, 0.4300, 0.3700, 0.0600]                                         | 0.6275   | 0.6200  | 0.6616 
13    | 7           | [94, 95, 96, 97, 98, 99, 100]             | [0.0300, 0.0600, 0.1400, 0.1500, 0.1800, 0.3700, 0.0700]                 | 2.3316   | 0.6800  | 0.7871 
14    | 9           | [96, 97, 98, 99, 100, 101, 102, 103, 104] | [0.0400, 0.0500, 0.0500, 0.0100, 0.0600, 0.1800, 0.1400, 0.1900, 0.2800] | 5.2371   | 0.8800  | 0.8315 
15    | 5           | [97, 98, 99, 100, 101]                    | [0.2900, 0.0300, 0.3400, 0.0600, 0.2800]                                 | 2.3699   | 0.7400  | 0.7247 
16    | 7           | [96, 97, 98, 99, 100, 101, 102]           | [0.0200, 0.3600, 0.0900, 0.1600, 0.3000, 0.0400, 0.0300]                 | 2.2800   | 0.7800  | 0.7513 
17    | 7           | [97, 98, 99, 100, 101, 102, 103]          | [0.0100, 0.0100, 0.1500, 0.2700, 0.5000, 0.0300, 0.0300]                 | 0.9675   | 0.6800  | 0.6592 
18    | 8           | [93, 94, 95, 98, 99, 100, 101, 102]       | [0.0400, 0.0100, 0.1000, 0.0200, 0.1300, 0.3800, 0.2700, 0.0500]         | 5.0904   | 0.8200  | 0.7588 
19    | 7           | [94, 95, 96, 97, 98, 99, 100]             | [0.0100, 0.1800, 0.0600, 0.0600, 0.3600, 0.1800, 0.1500]                 | 2.7816   | 0.7600  | 0.7836 
20    | 7           | [98, 99, 100, 101, 102, 103, 106]         | [0.2800, 0.1500, 0.1100, 0.2300, 0.1800, 0.0100, 0.0400]                 | 3.7275   | 0.9200  | 0.8081 
21    | 6           | [92, 93, 94, 95, 96, 97]                  | [0.0500, 0.0600, 0.3900, 0.1600, 0.1100, 0.2300]                         | 2.1019   | 0.7200  | 0.7588 
