
[Simulation Info]
simulation_id = sim_0007149
timestamp     = 20250428_101508
seed          = 355408
output_folder = /home/lejeunet/Bureau/simulations/Ref_table/sim_0007149

[Model Parameters]
pop_size           = 1320
num_loci           = 20
sample1_generation = 30
sample2_generation = 10
low_repeats        = 1
high_repeats       = 200
mutation_rate      = 0.001
recap_Ne           = 1320

[Sampling Design]
sample1_size_Ne  = 50
sample2_size_Ne  = 50
sample1_size_CMR = 50
sample2_size_CMR = 50

[Capture-Marquage-Recapture]
census_N   =  0
MatchCount =  0
# There were no match between sampling of individuals during CMR.

[Ne Estimates - One Sample - Decreasing critical values [0.050, 0.020, 0.010, 0+]]

[Linkage Desequilibrium]
LD_Ne_Pop1 = [1277.6, 1512.5, None, None]
LD_r2_Pop1 = [0.021536, 0.021496, 0.020966, 0.020966]
LD_Ne_Pop2 = [None, None, None, None]
LD_r2_Pop2 = [0.020843, 0.021207, 0.021204, 0.021204]

[Heterozygote excess]
HE_Neb_mean_Pop1        = [22.5, 27.3, 28.8, 28.8]
HE_weighted_D_mean_Pop1 = [0.0227, 0.01864, 0.01766, 0.01766]
HE_Neb_mean_Pop2        = [37.5, 29.8, 32.0, 32.0]
HE_weighted_D_mean_Pop2 = [0.01352, 0.01707, 0.01589, 0.01589]

[Molecular Coancestry]
Coan_Neb_n_Pop1 = None
Coan_f1_Pop1    = -0.01045
Coan_Neb_n_Pop2 = 1275.4
Coan_f1_Pop2    = 0.00039

[Ne Estimates - Temporal - Decreasing critical values (0.050, 0.020, 0.010, 0+)]

[Pollak]
P_Ne     = [4409.9, 15406.3, 245109.5, 12338.6]
P_Fk     = [0.02113, 0.02032, 0.02002, 0.02041]
P_Fprime = [0.00113, 0.00032, 2e-05, 0.00041]

[Nei/Tajima]
N_Ne     = [4324.5, 10776.4, 25153.0, 9631.1]
N_Fc     = [0.02116, 0.02046, 0.0202, 0.02052]
N_Fprime = [0.00116, 0.00046, 0.0002, 0.00052]

[Jorde/Ryman]
J_Ne     = [1340.6, 1369.3, 1364.8, 1349.8]
J_Fs     = [0.02383, 0.02376, 0.02377, 0.02381]
J_Fprime = [0.00373, 0.00365, 0.00366, 0.0037]

[Genetic Diversity - Heterozygosity]
mean_exp_het_pop1 = 0.6969
mean_obs_het_pop1 = 0.7133
mean_exp_het_pop2 = 0.6896
mean_obs_het_pop2 = 0.7076

[Genetic Diversity - Allele Counts]
mean_alleles_pop1 = 6.38
var_alleles_pop1  = 2.05
sum_alleles_pop1  = 134
mean_alleles_pop2 = 6.5
var_alleles_pop2  = 2.26
sum_alleles_pop2  = 273

[Genetic Diversity - Allelic Size Variance]
var_allele_size_pop1 = 3.7171
var_allele_size_pop2 = 3.6692

[Per-locus summary - Population 1]
Locus | Num_Alleles | Alleles                                   | Frequencies                                                              | Variance | Obs_Het | Exp_Het
------+-------------+-------------------------------------------+--------------------------------------------------------------------------+----------+---------+--------
1     | 8           | [95, 96, 98, 99, 100, 101, 102, 103]      | [0.0100, 0.0100, 0.2800, 0.0400, 0.1100, 0.3400, 0.1800, 0.0300]         | 2.8900   | 0.8200  | 0.7665 
2     | 7           | [94, 95, 96, 97, 98, 99, 100]             | [0.0100, 0.0700, 0.5200, 0.0800, 0.0200, 0.1700, 0.1300]                 | 2.7564   | 0.7000  | 0.6788 
3     | 5           | [101, 102, 103, 104, 105]                 | [0.2900, 0.0400, 0.5400, 0.1200, 0.0100]                                 | 1.1296   | 0.6200  | 0.6143 
4     | 6           | [101, 102, 103, 104, 105, 106]            | [0.0300, 0.6800, 0.0800, 0.1200, 0.0800, 0.0100]                         | 1.1451   | 0.4800  | 0.5145 
5     | 9           | [90, 91, 92, 93, 94, 97, 98, 99, 100]     | [0.0200, 0.1500, 0.4300, 0.0300, 0.1000, 0.0100, 0.0900, 0.1000, 0.0700] | 9.9579   | 0.8400  | 0.7659 
6     | 6           | [97, 98, 99, 100, 101, 102]               | [0.0800, 0.0200, 0.2700, 0.4700, 0.1500, 0.0100]                         | 1.1156   | 0.7200  | 0.6836 
7     | 9           | [95, 97, 98, 99, 104, 105, 106, 107, 108] | [0.0900, 0.0900, 0.2000, 0.0100, 0.0300, 0.0200, 0.3400, 0.1900, 0.0300] | 21.0300  | 0.8600  | 0.7978 
8     | 5           | [96, 97, 98, 99, 100]                     | [0.0700, 0.2700, 0.3700, 0.2700, 0.0200]                                 | 0.8900   | 0.7800  | 0.7192 
9     | 6           | [97, 98, 99, 100, 101, 102]               | [0.0100, 0.0500, 0.1400, 0.6600, 0.1300, 0.0100]                         | 0.5856   | 0.5400  | 0.5305 
10    | 6           | [98, 99, 100, 101, 102, 103]              | [0.1100, 0.2200, 0.0200, 0.0500, 0.5000, 0.1000]                         | 2.7819   | 0.6800  | 0.6834 
11    | 6           | [95, 96, 97, 98, 99, 100]                 | [0.0200, 0.1000, 0.1100, 0.4400, 0.2600, 0.0700]                         | 1.2291   | 0.6800  | 0.7186 
12    | 6           | [96, 97, 98, 99, 100, 101]                | [0.0200, 0.1500, 0.2100, 0.2600, 0.1300, 0.2300]                         | 2.0396   | 0.8800  | 0.8036 
13    | 6           | [102, 103, 104, 105, 106, 107]            | [0.1600, 0.0500, 0.2600, 0.1200, 0.3100, 0.1000]                         | 2.5011   | 0.8400  | 0.7917 
14    | 5           | [98, 99, 100, 101, 102]                   | [0.0900, 0.2100, 0.1200, 0.5500, 0.0300]                                 | 1.1916   | 0.5600  | 0.6364 
15    | 5           | [99, 101, 102, 103, 105]                  | [0.0300, 0.5700, 0.2300, 0.0100, 0.1600]                                 | 2.2611   | 0.6000  | 0.6016 
16    | 9           | [94, 96, 97, 98, 99, 103, 104, 105, 106]  | [0.0600, 0.1000, 0.3400, 0.1600, 0.0300, 0.0100, 0.2300, 0.0400, 0.0300] | 12.7000  | 0.8000  | 0.7968 
17    | 5           | [98, 99, 100, 102, 103]                   | [0.2800, 0.3700, 0.0600, 0.2500, 0.0400]                                 | 2.7539   | 0.9000  | 0.7242 
18    | 7           | [94, 95, 96, 97, 98, 99, 100]             | [0.0100, 0.2100, 0.1200, 0.2100, 0.1600, 0.2300, 0.0600]                 | 2.6171   | 0.8200  | 0.8234 
19    | 5           | [94, 95, 96, 97, 98]                      | [0.0500, 0.0700, 0.4800, 0.3600, 0.0400]                                 | 0.7171   | 0.5600  | 0.6374 
20    | 8           | [95, 96, 97, 98, 99, 101, 102, 103]       | [0.0100, 0.0100, 0.4300, 0.2500, 0.0100, 0.0500, 0.1500, 0.0900]         | 5.1371   | 0.6600  | 0.7265 
21    | 5           | [100, 101, 102, 103, 104]                 | [0.0500, 0.1500, 0.5500, 0.2400, 0.0100]                                 | 0.6299   | 0.6400  | 0.6210 

[Per-locus summary - Population 2]
Locus | Num_Alleles | Alleles                                        | Frequencies                                                                      | Variance | Obs_Het | Exp_Het
------+-------------+------------------------------------------------+----------------------------------------------------------------------------------+----------+---------+--------
1     | 7           | [97, 98, 99, 100, 101, 102, 103]               | [0.0100, 0.2000, 0.0800, 0.0900, 0.4300, 0.1400, 0.0500]                         | 2.2875   | 0.7400  | 0.7459 
2     | 6           | [95, 96, 97, 98, 99, 100]                      | [0.0600, 0.5700, 0.1700, 0.0300, 0.1100, 0.0600]                                 | 1.7524   | 0.6400  | 0.6323 
3     | 5           | [100, 101, 102, 103, 104]                      | [0.0100, 0.2500, 0.1000, 0.5800, 0.0600]                                         | 0.9251   | 0.5800  | 0.5933 
4     | 6           | [101, 102, 103, 104, 105, 106]                 | [0.0400, 0.6200, 0.0400, 0.1300, 0.1400, 0.0300]                                 | 1.7000   | 0.5800  | 0.5808 
5     | 8           | [90, 91, 92, 93, 94, 98, 99, 100]              | [0.0100, 0.0700, 0.5400, 0.0200, 0.1000, 0.1000, 0.1400, 0.0200]                 | 8.7731   | 0.7400  | 0.6697 
6     | 7           | [96, 97, 98, 99, 100, 101, 102]                | [0.0100, 0.0600, 0.0200, 0.2400, 0.3500, 0.3100, 0.0100]                         | 1.3411   | 0.8000  | 0.7269 
7     | 10          | [95, 97, 98, 99, 103, 104, 105, 106, 107, 108] | [0.1100, 0.1000, 0.1500, 0.0100, 0.0100, 0.0200, 0.0200, 0.3800, 0.1900, 0.0100] | 21.2924  | 0.7800  | 0.7816 
8     | 5           | [96, 97, 98, 99, 100]                          | [0.0600, 0.2400, 0.3000, 0.3900, 0.0100]                                         | 0.9075   | 0.7200  | 0.7036 
9     | 5           | [97, 98, 99, 100, 101]                         | [0.0400, 0.0600, 0.1000, 0.6800, 0.1200]                                         | 0.7716   | 0.4800  | 0.5131 
10    | 6           | [98, 99, 100, 101, 102, 103]                   | [0.1400, 0.1500, 0.0600, 0.0100, 0.5600, 0.0800]                                 | 2.7964   | 0.6200  | 0.6406 
11    | 6           | [95, 96, 97, 98, 99, 100]                      | [0.0400, 0.1400, 0.1000, 0.2800, 0.2500, 0.1900]                                 | 2.0131   | 0.9000  | 0.7998 
12    | 7           | [96, 97, 98, 99, 100, 101, 102]                | [0.0100, 0.1500, 0.2100, 0.2400, 0.1200, 0.2600, 0.0100]                         | 2.1331   | 0.8200  | 0.8016 
13    | 6           | [102, 103, 104, 105, 106, 107]                 | [0.0700, 0.0700, 0.2000, 0.1400, 0.4200, 0.1000]                                 | 1.9251   | 0.7800  | 0.7517 
14    | 5           | [98, 99, 100, 101, 102]                        | [0.1000, 0.1800, 0.0900, 0.6100, 0.0200]                                         | 1.1971   | 0.6000  | 0.5828 
15    | 6           | [99, 101, 102, 103, 104, 105]                  | [0.0700, 0.5000, 0.2200, 0.0100, 0.0100, 0.1900]                                 | 2.8779   | 0.8000  | 0.6671 
16    | 9           | [94, 96, 97, 98, 99, 103, 104, 105, 106]       | [0.0900, 0.1200, 0.2800, 0.2000, 0.0100, 0.0100, 0.1700, 0.1000, 0.0200]         | 13.6364  | 0.7400  | 0.8279 
17    | 6           | [98, 99, 100, 101, 102, 103]                   | [0.3200, 0.4200, 0.0800, 0.0100, 0.1300, 0.0400]                                 | 2.1411   | 0.7800  | 0.7032 
18    | 5           | [95, 96, 97, 98, 99]                           | [0.1800, 0.2900, 0.1500, 0.1900, 0.1900]                                         | 1.9536   | 0.7200  | 0.7968 
19    | 5           | [94, 95, 96, 97, 98]                           | [0.0400, 0.0800, 0.5600, 0.2700, 0.0500]                                         | 0.6659   | 0.6600  | 0.6091 
20    | 7           | [95, 97, 98, 101, 102, 103, 104]               | [0.0200, 0.3600, 0.3000, 0.0500, 0.1900, 0.0700, 0.0100]                         | 5.3300   | 0.7200  | 0.7438 
21    | 4           | [100, 101, 102, 103]                           | [0.0700, 0.1500, 0.5700, 0.2100]                                                 | 0.6336   | 0.6600  | 0.6097 
