
[Simulation Info]
simulation_id = sim_0009334
timestamp     = 20250428_111707
seed          = 478154
output_folder = /home/lejeunet/Bureau/simulations/Ref_table/sim_0009334

[Model Parameters]
pop_size           = 1476
num_loci           = 20
sample1_generation = 30
sample2_generation = 10
low_repeats        = 1
high_repeats       = 200
mutation_rate      = 0.001
recap_Ne           = 1476

[Sampling Design]
sample1_size_Ne  = 50
sample2_size_Ne  = 50
sample1_size_CMR = 50
sample2_size_CMR = 50

[Capture-Marquage-Recapture]
census_N   =  2601
MatchCount =  1

[Ne Estimates - One Sample - Decreasing critical values [0.050, 0.020, 0.010, 0+]]

[Linkage Desequilibrium]
LD_Ne_Pop1 = [None, None, None, None]
LD_r2_Pop1 = [0.020541, 0.020697, 0.020976, 0.020976]
LD_Ne_Pop2 = [498.1, 605.5, 630.4, 630.4]
LD_r2_Pop2 = [0.021942, 0.021825, 0.021803, 0.021803]

[Heterozygote excess]
HE_Neb_mean_Pop1        = [None, None, None, None]
HE_weighted_D_mean_Pop1 = [-0.00731, -0.00851, -0.00845, -0.00845]
HE_Neb_mean_Pop2        = [25.5, 28.6, 31.7, 31.7]
HE_weighted_D_mean_Pop2 = [0.02001, 0.01778, 0.01601, 0.01601]

[Molecular Coancestry]
Coan_Neb_n_Pop1 = None
Coan_f1_Pop1    = -0.02221
Coan_Neb_n_Pop2 = None
Coan_f1_Pop2    = -0.0115

[Ne Estimates - Temporal - Decreasing critical values (0.050, 0.020, 0.010, 0+)]

[Pollak]
P_Ne     = [-6491.0, -8685.7, -9502.9, -5761.7]
P_Fk     = [0.01923, 0.01942, 0.01947, 0.01913]
P_Fprime = [-0.00077, -0.00058, -0.00053, -0.00087]

[Nei/Tajima]
N_Ne     = [-5240.8, -6143.5, -6531.1, -4759.5]
N_Fc     = [0.01905, 0.01919, 0.01923, 0.01895]
N_Fprime = [-0.00095, -0.00081, -0.00077, -0.00105]

[Jorde/Ryman]
J_Ne     = [-10790.0, -14949.3, -17008.5, -15519.7]
J_Fs     = [0.01964, 0.01977, 0.01981, 0.01978]
J_Fprime = [-0.00046, -0.00033, -0.00029, -0.00032]

[Genetic Diversity - Heterozygosity]
mean_exp_het_pop1 = 0.6803
mean_obs_het_pop1 = 0.6686
mean_exp_het_pop2 = 0.6845
mean_obs_het_pop2 = 0.6914

[Genetic Diversity - Allele Counts]
mean_alleles_pop1 = 5.95
var_alleles_pop1  = 1.65
sum_alleles_pop1  = 125
mean_alleles_pop2 = 6.29
var_alleles_pop2  = 1.62
sum_alleles_pop2  = 264

[Genetic Diversity - Allelic Size Variance]
var_allele_size_pop1 = 1.4894
var_allele_size_pop2 = 1.4914

[Per-locus summary - Population 1]
Locus | Num_Alleles | Alleles                                 | Frequencies                                                              | Variance | Obs_Het | Exp_Het
------+-------------+-----------------------------------------+--------------------------------------------------------------------------+----------+---------+--------
1     | 5           | [98, 99, 100, 101, 102]                 | [0.1300, 0.1100, 0.1400, 0.5100, 0.1100]                                 | 1.4504   | 0.6200  | 0.6861 
2     | 5           | [99, 100, 101, 102, 103]                | [0.1000, 0.4000, 0.3700, 0.1200, 0.0100]                                 | 0.7484   | 0.6600  | 0.6855 
3     | 4           | [97, 98, 99, 100]                       | [0.0800, 0.6300, 0.1800, 0.1100]                                         | 0.5976   | 0.5400  | 0.5578 
4     | 5           | [97, 98, 99, 100, 101]                  | [0.0100, 0.1600, 0.4400, 0.3700, 0.0200]                                 | 0.5971   | 0.5800  | 0.6499 
5     | 6           | [96, 97, 98, 99, 100, 101]              | [0.0400, 0.0500, 0.0100, 0.6700, 0.0700, 0.1600]                         | 1.2544   | 0.5400  | 0.5216 
6     | 6           | [95, 96, 97, 98, 99, 100]               | [0.0200, 0.4400, 0.3800, 0.0900, 0.0100, 0.0600]                         | 1.1539   | 0.7000  | 0.6564 
7     | 8           | [95, 96, 97, 98, 99, 100, 101, 103]     | [0.0900, 0.0100, 0.0600, 0.3500, 0.3700, 0.0600, 0.0300, 0.0300]         | 2.3956   | 0.7000  | 0.7307 
8     | 6           | [99, 100, 101, 102, 103, 104]           | [0.1700, 0.3200, 0.1300, 0.1800, 0.1500, 0.0500]                         | 2.2291   | 0.8400  | 0.8024 
9     | 6           | [97, 98, 99, 100, 101, 102]             | [0.0500, 0.0800, 0.6000, 0.1900, 0.0600, 0.0200]                         | 0.8539   | 0.5400  | 0.5970 
10    | 6           | [97, 98, 99, 100, 101, 103]             | [0.0200, 0.0400, 0.4000, 0.3800, 0.0900, 0.0700]                         | 1.4024   | 0.7400  | 0.6875 
11    | 6           | [99, 100, 101, 102, 103, 104]           | [0.0100, 0.2800, 0.3100, 0.3200, 0.0600, 0.0200]                         | 1.0200   | 0.7200  | 0.7263 
12    | 6           | [96, 98, 99, 100, 101, 102]             | [0.0400, 0.0500, 0.3500, 0.4300, 0.1100, 0.0200]                         | 1.1684   | 0.6200  | 0.6828 
13    | 9           | [94, 95, 96, 97, 98, 99, 100, 101, 102] | [0.0100, 0.0600, 0.2300, 0.0500, 0.1300, 0.2200, 0.1100, 0.0200, 0.1700] | 5.0275   | 0.8200  | 0.8426 
14    | 7           | [97, 98, 99, 100, 101, 102, 103]        | [0.0100, 0.1700, 0.1800, 0.0400, 0.2600, 0.2900, 0.0500]                 | 2.6264   | 0.8400  | 0.7907 
15    | 5           | [98, 99, 100, 101, 102]                 | [0.0300, 0.3300, 0.3100, 0.3000, 0.0300]                                 | 0.8691   | 0.6200  | 0.7103 
16    | 4           | [96, 98, 99, 100]                       | [0.0200, 0.0900, 0.6200, 0.2700]                                         | 0.5256   | 0.5000  | 0.5396 
17    | 5           | [99, 100, 101, 102, 103]                | [0.0600, 0.5400, 0.3400, 0.0500, 0.0100]                                 | 0.5219   | 0.6400  | 0.5925 
18    | 5           | [97, 98, 99, 100, 101]                  | [0.0300, 0.2500, 0.2000, 0.4200, 0.1000]                                 | 1.0939   | 0.6800  | 0.7174 
19    | 8           | [95, 96, 97, 98, 99, 100, 101, 102]     | [0.0100, 0.0600, 0.1300, 0.1300, 0.3600, 0.1200, 0.1400, 0.0500]         | 2.4764   | 0.8000  | 0.8044 
20    | 6           | [95, 96, 98, 99, 100, 101]              | [0.0100, 0.0400, 0.0900, 0.2500, 0.5200, 0.0900]                         | 1.2875   | 0.6400  | 0.6558 
21    | 7           | [97, 98, 99, 100, 101, 102, 103]        | [0.0100, 0.1200, 0.5500, 0.0100, 0.1600, 0.1100, 0.0400]                 | 1.9776   | 0.7000  | 0.6501 

[Per-locus summary - Population 2]
Locus | Num_Alleles | Alleles                                      | Frequencies                                                                      | Variance | Obs_Het | Exp_Het
------+-------------+----------------------------------------------+----------------------------------------------------------------------------------+----------+---------+--------
1     | 5           | [98, 99, 100, 101, 102]                      | [0.1200, 0.1000, 0.1100, 0.5700, 0.1000]                                         | 1.3651   | 0.6400  | 0.6350 
2     | 6           | [98, 99, 100, 101, 102, 103]                 | [0.0100, 0.0700, 0.4800, 0.3400, 0.0700, 0.0300]                                 | 0.7696   | 0.6800  | 0.6497 
3     | 6           | [96, 97, 98, 99, 100, 101]                   | [0.0100, 0.1700, 0.5400, 0.1100, 0.1600, 0.0100]                                 | 0.9771   | 0.6400  | 0.6481 
4     | 6           | [97, 98, 99, 100, 101, 102]                  | [0.0100, 0.1100, 0.4400, 0.4100, 0.0200, 0.0100]                                 | 0.6075   | 0.6000  | 0.6319 
5     | 6           | [96, 97, 98, 99, 100, 101]                   | [0.0700, 0.0600, 0.0400, 0.6900, 0.0600, 0.0800]                                 | 1.2675   | 0.4800  | 0.5089 
6     | 6           | [95, 96, 97, 98, 99, 100]                    | [0.0100, 0.4200, 0.3500, 0.1600, 0.0200, 0.0400]                                 | 1.0456   | 0.7200  | 0.6802 
7     | 9           | [95, 96, 97, 98, 99, 100, 101, 102, 103]     | [0.1200, 0.0100, 0.0600, 0.3100, 0.3400, 0.0500, 0.0600, 0.0200, 0.0300]         | 3.1619   | 0.7600  | 0.7705 
8     | 6           | [99, 100, 101, 102, 103, 104]                | [0.1400, 0.3400, 0.2500, 0.1400, 0.1100, 0.0200]                                 | 1.6200   | 0.8800  | 0.7780 
9     | 5           | [97, 98, 99, 100, 101]                       | [0.0600, 0.1500, 0.5000, 0.2200, 0.0700]                                         | 0.8819   | 0.6400  | 0.6774 
10    | 7           | [97, 98, 99, 100, 101, 102, 103]             | [0.0300, 0.0200, 0.2600, 0.3900, 0.2000, 0.0100, 0.0900]                         | 1.6500   | 0.7400  | 0.7382 
11    | 5           | [100, 101, 102, 103, 104]                    | [0.2500, 0.3300, 0.3500, 0.0500, 0.0200]                                         | 0.9124   | 0.8000  | 0.7103 
12    | 6           | [96, 98, 99, 100, 101, 102]                  | [0.0800, 0.0400, 0.2500, 0.4700, 0.1500, 0.0100]                                 | 1.6496   | 0.7200  | 0.6929 
13    | 10          | [94, 95, 96, 97, 98, 99, 100, 101, 102, 103] | [0.0100, 0.0400, 0.2600, 0.0800, 0.1400, 0.2300, 0.0400, 0.0300, 0.1600, 0.0100] | 5.0011   | 0.8800  | 0.8319 
14    | 7           | [97, 98, 99, 100, 101, 102, 103]             | [0.0200, 0.1900, 0.1000, 0.1200, 0.2800, 0.2600, 0.0300]                         | 2.5075   | 0.8200  | 0.8002 
15    | 5           | [98, 99, 100, 101, 102]                      | [0.0400, 0.2900, 0.3200, 0.3000, 0.0500]                                         | 0.9491   | 0.6600  | 0.7267 
16    | 6           | [96, 97, 98, 99, 100, 101]                   | [0.0100, 0.0100, 0.1400, 0.5600, 0.2700, 0.0100]                                 | 0.5700   | 0.4600  | 0.5996 
17    | 5           | [99, 100, 101, 102, 103]                     | [0.0400, 0.4000, 0.4900, 0.0500, 0.0200]                                         | 0.5379   | 0.6400  | 0.6014 
18    | 6           | [95, 97, 98, 99, 100, 101]                   | [0.0100, 0.0400, 0.2200, 0.3000, 0.3600, 0.0700]                                 | 1.1544   | 0.7600  | 0.7327 
19    | 7           | [96, 97, 98, 99, 100, 101, 102]              | [0.0700, 0.1500, 0.1200, 0.4800, 0.0700, 0.0700, 0.0400]                         | 1.9700   | 0.7600  | 0.7236 
20    | 5           | [95, 96, 98, 99, 100]                        | [0.0200, 0.0600, 0.1200, 0.2900, 0.5100]                                         | 1.4731   | 0.5800  | 0.6438 
21    | 5           | [98, 99, 100, 101, 102]                      | [0.1000, 0.6000, 0.0400, 0.1900, 0.0700]                                         | 1.2491   | 0.6600  | 0.5933 
