
[Simulation Info]
simulation_id = sim_0005016
timestamp     = 20250428_092203
seed          = 425226
output_folder = /home/lejeunet/Bureau/simulations/Ref_table/sim_0005016

[Model Parameters]
pop_size           = 1059
num_loci           = 20
sample1_generation = 30
sample2_generation = 10
low_repeats        = 1
high_repeats       = 200
mutation_rate      = 0.001
recap_Ne           = 1059

[Sampling Design]
sample1_size_Ne  = 50
sample2_size_Ne  = 50
sample1_size_CMR = 50
sample2_size_CMR = 50

[Capture-Marquage-Recapture]
census_N   =  0
MatchCount =  0
# There were no match between sampling of individuals during CMR.

[Ne Estimates - One Sample - Decreasing critical values [0.050, 0.020, 0.010, 0+]]

[Linkage Desequilibrium]
LD_Ne_Pop1 = [3028.0, 1553.8, 56895.2, 56895.2]
LD_r2_Pop1 = [0.021386, 0.02149, 0.021282, 0.021282]
LD_Ne_Pop2 = [None, None, None, None]
LD_r2_Pop2 = [0.021275, 0.021183, 0.021019, 0.021019]

[Heterozygote excess]
HE_Neb_mean_Pop1        = [52.9, 59.0, 59.5, 59.5]
HE_weighted_D_mean_Pop1 = [0.00954, 0.00855, 0.00847, 0.00847]
HE_Neb_mean_Pop2        = [None, None, None, None]
HE_weighted_D_mean_Pop2 = [-0.03416, -0.02677, -0.02622, -0.02622]

[Molecular Coancestry]
Coan_Neb_n_Pop1 = 29.4
Coan_f1_Pop1    = 0.01701
Coan_Neb_n_Pop2 = None
Coan_f1_Pop2    = -0.00727

[Ne Estimates - Temporal - Decreasing critical values (0.050, 0.020, 0.010, 0+)]

[Pollak]
P_Ne     = [941.5, 893.0, 938.8, 935.0]
P_Fk     = [0.02531, 0.0256, 0.02533, 0.02535]
P_Fprime = [0.00531, 0.0056, 0.00533, 0.00535]

[Nei/Tajima]
N_Ne     = [1080.3, 1006.2, 1052.0, 1046.3]
N_Fc     = [0.02463, 0.02497, 0.02475, 0.02478]
N_Fprime = [0.00463, 0.00497, 0.00475, 0.00478]

[Jorde/Ryman]
J_Ne     = [1322.1, 1200.6, 1204.9, 1201.0]
J_Fs     = [0.02389, 0.02427, 0.02425, 0.02427]
J_Fprime = [0.00378, 0.00416, 0.00415, 0.00416]

[Genetic Diversity - Heterozygosity]
mean_exp_het_pop1 = 0.7084
mean_obs_het_pop1 = 0.7133
mean_exp_het_pop2 = 0.695
mean_obs_het_pop2 = 0.6638

[Genetic Diversity - Allele Counts]
mean_alleles_pop1 = 6.48
var_alleles_pop1  = 1.36
sum_alleles_pop1  = 136
mean_alleles_pop2 = 6.67
var_alleles_pop2  = 1.89
sum_alleles_pop2  = 280

[Genetic Diversity - Allelic Size Variance]
var_allele_size_pop1 = 3.2165
var_allele_size_pop2 = 3.0324

[Per-locus summary - Population 1]
Locus | Num_Alleles | Alleles                               | Frequencies                                                      | Variance | Obs_Het | Exp_Het
------+-------------+---------------------------------------+------------------------------------------------------------------+----------+---------+--------
1     | 8           | [95, 96, 97, 98, 99, 100, 101, 102]   | [0.1700, 0.1800, 0.1300, 0.1000, 0.0200, 0.0100, 0.2600, 0.1300] | 6.7444   | 0.9200  | 0.8351 
2     | 8           | [94, 95, 96, 97, 98, 99, 100, 101]    | [0.0700, 0.0100, 0.1600, 0.2300, 0.2800, 0.1000, 0.0300, 0.1200] | 3.2644   | 0.7800  | 0.8210 
3     | 8           | [97, 98, 99, 100, 101, 102, 103, 104] | [0.0200, 0.2000, 0.1100, 0.3700, 0.1000, 0.0900, 0.0700, 0.0400] | 2.8136   | 0.8200  | 0.7939 
4     | 7           | [95, 99, 100, 101, 102, 103, 105]     | [0.1000, 0.0400, 0.5300, 0.0100, 0.1800, 0.1100, 0.0300]         | 4.9139   | 0.6600  | 0.6687 
5     | 7           | [94, 95, 96, 97, 98, 99, 100]         | [0.0200, 0.0200, 0.1500, 0.1100, 0.5300, 0.1600, 0.0100]         | 1.2731   | 0.6000  | 0.6646 
6     | 6           | [97, 98, 99, 100, 101, 102]           | [0.0300, 0.0500, 0.6700, 0.1300, 0.0100, 0.1100]                 | 1.1931   | 0.5000  | 0.5238 
7     | 7           | [97, 98, 99, 100, 101, 102, 103]      | [0.0300, 0.2200, 0.0100, 0.0200, 0.2100, 0.4500, 0.0600]         | 3.1475   | 0.6000  | 0.7071 
8     | 6           | [95, 96, 97, 98, 99, 100]             | [0.0100, 0.0700, 0.5100, 0.3100, 0.0200, 0.0800]                 | 0.9700   | 0.6600  | 0.6384 
9     | 7           | [98, 99, 100, 101, 102, 103, 104]     | [0.2100, 0.0200, 0.1300, 0.3200, 0.0900, 0.2200, 0.0100]         | 3.1024   | 0.8200  | 0.7875 
10    | 6           | [95, 96, 99, 100, 101, 102]           | [0.0700, 0.1700, 0.0400, 0.5400, 0.1400, 0.0400]                 | 4.0875   | 0.7000  | 0.6584 
11    | 4           | [102, 104, 105, 106]                  | [0.1300, 0.3800, 0.4800, 0.0100]                                 | 0.9824   | 0.7200  | 0.6143 
12    | 8           | [96, 97, 99, 100, 101, 102, 103, 104] | [0.2100, 0.0500, 0.0100, 0.1400, 0.0100, 0.1700, 0.3100, 0.1000] | 8.4376   | 0.8800  | 0.8067 
13    | 5           | [95, 96, 98, 99, 100]                 | [0.1300, 0.0300, 0.0800, 0.3900, 0.3700]                         | 2.6976   | 0.6600  | 0.6937 
14    | 6           | [97, 98, 99, 102, 103, 104]           | [0.4000, 0.0600, 0.3600, 0.0600, 0.1100, 0.0100]                 | 4.1739   | 0.6800  | 0.6980 
15    | 7           | [97, 98, 99, 102, 103, 104, 105]      | [0.1300, 0.0300, 0.0300, 0.1000, 0.3700, 0.2600, 0.0800]         | 6.0571   | 0.7800  | 0.7681 
16    | 5           | [102, 103, 104, 105, 106]             | [0.1400, 0.6700, 0.1200, 0.0600, 0.0100]                         | 0.5731   | 0.6200  | 0.5186 
17    | 6           | [97, 98, 99, 100, 101, 102]           | [0.1700, 0.0400, 0.0100, 0.3600, 0.0800, 0.3400]                 | 3.1144   | 0.6400  | 0.7250 
18    | 5           | [99, 100, 101, 102, 103]              | [0.0100, 0.2500, 0.2400, 0.4200, 0.0800]                         | 0.9339   | 0.6400  | 0.7040 
19    | 6           | [99, 100, 101, 102, 103, 104]         | [0.0200, 0.3000, 0.4300, 0.1000, 0.0600, 0.0900]                 | 1.5075   | 0.7000  | 0.7101 
20    | 8           | [95, 96, 97, 99, 100, 101, 102, 103]  | [0.0100, 0.2100, 0.0700, 0.0500, 0.1000, 0.4200, 0.1000, 0.0400] | 5.3019   | 0.7800  | 0.7580 
21    | 6           | [99, 100, 101, 102, 103, 104]         | [0.0700, 0.3200, 0.2800, 0.1200, 0.0600, 0.1500]                 | 2.2571   | 0.8200  | 0.7816 

[Per-locus summary - Population 2]
Locus | Num_Alleles | Alleles                                 | Frequencies                                                              | Variance | Obs_Het | Exp_Het
------+-------------+-----------------------------------------+--------------------------------------------------------------------------+----------+---------+--------
1     | 9           | [94, 95, 96, 97, 98, 99, 100, 101, 102] | [0.0100, 0.0900, 0.2600, 0.1700, 0.1300, 0.0400, 0.0100, 0.2500, 0.0400] | 5.1491   | 0.8400  | 0.8208 
2     | 8           | [94, 95, 96, 97, 98, 99, 100, 101]      | [0.0100, 0.0100, 0.2400, 0.2000, 0.3100, 0.0800, 0.0100, 0.1400]         | 2.7371   | 0.6600  | 0.7879 
3     | 8           | [97, 98, 99, 100, 101, 102, 103, 104]   | [0.0400, 0.1400, 0.2400, 0.3400, 0.1400, 0.0200, 0.0200, 0.0600]         | 2.4944   | 0.7600  | 0.7895 
4     | 8           | [95, 99, 100, 102, 103, 104, 105, 106]  | [0.0900, 0.0700, 0.4800, 0.1000, 0.1900, 0.0100, 0.0500, 0.0100]         | 5.8400   | 0.7200  | 0.7149 
5     | 7           | [94, 95, 96, 97, 98, 99, 100]           | [0.0600, 0.0300, 0.1800, 0.0300, 0.4600, 0.2000, 0.0400]                 | 2.1464   | 0.7200  | 0.7162 
6     | 6           | [97, 98, 99, 100, 101, 102]             | [0.0200, 0.0400, 0.6700, 0.1400, 0.0500, 0.0800]                         | 1.0200   | 0.5000  | 0.5259 
7     | 7           | [97, 98, 99, 100, 101, 102, 103]        | [0.0200, 0.1400, 0.0100, 0.0100, 0.2100, 0.5700, 0.0400]                 | 2.3456   | 0.6400  | 0.6153 
8     | 5           | [96, 97, 98, 99, 100]                   | [0.0900, 0.6200, 0.2300, 0.0400, 0.0200]                                 | 0.5816   | 0.5400  | 0.5582 
9     | 7           | [98, 99, 100, 101, 102, 103, 104]       | [0.2000, 0.0400, 0.0900, 0.3300, 0.1200, 0.2100, 0.0100]                 | 3.0600   | 0.7600  | 0.7907 
10    | 6           | [95, 96, 99, 100, 101, 102]             | [0.1300, 0.1800, 0.0100, 0.5000, 0.1600, 0.0200]                         | 4.9876   | 0.6800  | 0.6814 
11    | 4           | [102, 104, 105, 106]                    | [0.1000, 0.4900, 0.3900, 0.0200]                                         | 0.8171   | 0.5000  | 0.6034 
12    | 7           | [96, 97, 100, 101, 102, 103, 104]       | [0.2200, 0.0400, 0.0600, 0.0600, 0.2800, 0.2900, 0.0500]                 | 7.9939   | 0.6000  | 0.7857 
13    | 6           | [95, 96, 97, 98, 99, 100]               | [0.1100, 0.0600, 0.0100, 0.0100, 0.5100, 0.3000]                         | 2.5275   | 0.6200  | 0.6404 
14    | 8           | [97, 98, 99, 100, 101, 102, 103, 104]   | [0.2800, 0.0300, 0.4600, 0.0100, 0.0300, 0.0200, 0.1400, 0.0300]         | 4.3875   | 0.6200  | 0.6941 
15    | 7           | [97, 98, 99, 102, 103, 104, 105]        | [0.0800, 0.0500, 0.0700, 0.0900, 0.3500, 0.2300, 0.1300]                 | 5.7179   | 0.8600  | 0.7937 
16    | 4           | [102, 103, 104, 105]                    | [0.2000, 0.6700, 0.0200, 0.1100]                                         | 0.6584   | 0.5200  | 0.5036 
17    | 6           | [97, 98, 100, 101, 102, 103]            | [0.1700, 0.0400, 0.3500, 0.0800, 0.3400, 0.0200]                         | 3.2571   | 0.6400  | 0.7319 
18    | 4           | [100, 101, 102, 103]                    | [0.2700, 0.2300, 0.3900, 0.1100]                                         | 0.9844   | 0.6600  | 0.7172 
19    | 5           | [100, 101, 102, 103, 104]               | [0.4400, 0.3200, 0.1400, 0.0600, 0.0400]                                 | 1.1764   | 0.5800  | 0.6861 
20    | 7           | [96, 97, 99, 100, 101, 102, 103]        | [0.1400, 0.0200, 0.0900, 0.1300, 0.4800, 0.0900, 0.0500]                 | 3.7900   | 0.8200  | 0.7212 
21    | 7           | [99, 100, 101, 102, 103, 104, 105]      | [0.0400, 0.4200, 0.3100, 0.0600, 0.0600, 0.0900, 0.0200]                 | 2.0091   | 0.7000  | 0.7174 
