
[Simulation Info]
simulation_id = sim_0006701
timestamp     = 20250428_100403
seed          = 314231
output_folder = /home/lejeunet/Bureau/simulations/Ref_table/sim_0006701

[Model Parameters]
pop_size           = 2051
num_loci           = 20
sample1_generation = 30
sample2_generation = 10
low_repeats        = 1
high_repeats       = 200
mutation_rate      = 0.001
recap_Ne           = 2051

[Sampling Design]
sample1_size_Ne  = 50
sample2_size_Ne  = 50
sample1_size_CMR = 50
sample2_size_CMR = 50

[Capture-Marquage-Recapture]
census_N   =  1300
MatchCount =  2

[Ne Estimates - One Sample - Decreasing critical values [0.050, 0.020, 0.010, 0+]]

[Linkage Desequilibrium]
LD_Ne_Pop1 = [2586.0, 2924.5, 2103.0, 2103.0]
LD_r2_Pop1 = [0.021405, 0.02139, 0.021434, 0.021434]
LD_Ne_Pop2 = [2035.5, 1654.6, None, None]
LD_r2_Pop2 = [0.02144, 0.021477, 0.021034, 0.021034]

[Heterozygote excess]
HE_Neb_mean_Pop1        = [64.2, 62.4, 64.4, 64.4]
HE_weighted_D_mean_Pop1 = [0.00785, 0.00807, 0.00782, 0.00782]
HE_Neb_mean_Pop2        = [47.1, 49.7, 53.0, 53.0]
HE_weighted_D_mean_Pop2 = [0.01073, 0.01015, 0.00952, 0.00952]

[Molecular Coancestry]
Coan_Neb_n_Pop1 = None
Coan_f1_Pop1    = -0.00022
Coan_Neb_n_Pop2 = 17.7
Coan_f1_Pop2    = 0.02832

[Ne Estimates - Temporal - Decreasing critical values (0.050, 0.020, 0.010, 0+)]

[Pollak]
P_Ne     = [26781.8, 14444.6, 10050.0, 10175.6]
P_Fk     = [0.02019, 0.02035, 0.0205, 0.02049]
P_Fprime = [0.00019, 0.00035, 0.0005, 0.00049]

[Nei/Tajima]
N_Ne     = [-32449.2, -361877.8, 38927.4, 39357.7]
N_Fc     = [0.01985, 0.01999, 0.02013, 0.02013]
N_Fprime = [-0.00015, -1e-05, 0.00013, 0.00013]

[Jorde/Ryman]
J_Ne     = [115538.1, 150795.3, -64092.9, -63991.5]
J_Fs     = [0.02014, 0.02013, 0.02002, 0.02002]
J_Fprime = [4e-05, 3e-05, -8e-05, -8e-05]

[Genetic Diversity - Heterozygosity]
mean_exp_het_pop1 = 0.7973
mean_obs_het_pop1 = 0.8038
mean_exp_het_pop2 = 0.7985
mean_obs_het_pop2 = 0.8152

[Genetic Diversity - Allele Counts]
mean_alleles_pop1 = 7.95
var_alleles_pop1  = 3.65
sum_alleles_pop1  = 167
mean_alleles_pop2 = 8.57
var_alleles_pop2  = 4.74
sum_alleles_pop2  = 360

[Genetic Diversity - Allelic Size Variance]
var_allele_size_pop1 = 10.6451
var_allele_size_pop2 = 10.5925

[Per-locus summary - Population 1]
Locus | Num_Alleles | Alleles                                            | Frequencies                                                                              | Variance | Obs_Het | Exp_Het
------+-------------+----------------------------------------------------+------------------------------------------------------------------------------------------+----------+---------+--------
1     | 10          | [87, 88, 89, 90, 91, 92, 102, 103, 104, 105]       | [0.0200, 0.1300, 0.1600, 0.0400, 0.0300, 0.1800, 0.0100, 0.1000, 0.2900, 0.0400]         | 49.9099  | 0.7600  | 0.8347 
2     | 5           | [105, 106, 107, 108, 109]                          | [0.0200, 0.0900, 0.4100, 0.4000, 0.0800]                                                 | 0.7051   | 0.7000  | 0.6636 
3     | 11          | [94, 95, 96, 97, 98, 102, 103, 104, 106, 107, 108] | [0.0100, 0.1900, 0.1300, 0.1600, 0.1100, 0.0300, 0.1000, 0.0700, 0.1200, 0.0400, 0.0400] | 19.9771  | 0.9000  | 0.8847 
4     | 6           | [94, 95, 96, 97, 98, 99]                           | [0.0400, 0.4700, 0.1100, 0.0600, 0.1200, 0.2000]                                         | 2.8475   | 0.6400  | 0.7146 
5     | 5           | [95, 96, 97, 98, 99]                               | [0.1000, 0.1700, 0.4500, 0.2300, 0.0500]                                                 | 0.9984   | 0.6800  | 0.7103 
6     | 9           | [96, 97, 98, 99, 100, 101, 102, 103, 104]          | [0.0100, 0.0400, 0.2200, 0.0300, 0.2400, 0.1900, 0.1500, 0.0800, 0.0400]                 | 3.5124   | 0.8600  | 0.8331 
7     | 9           | [97, 98, 99, 100, 101, 102, 104, 105, 106]         | [0.1200, 0.2700, 0.1700, 0.0100, 0.0100, 0.1100, 0.1300, 0.1000, 0.0800]                 | 9.8044   | 0.8800  | 0.8467 
8     | 10          | [97, 98, 99, 100, 101, 102, 103, 104, 105, 106]    | [0.0200, 0.0900, 0.1800, 0.1300, 0.0300, 0.1700, 0.2100, 0.0400, 0.0800, 0.0500]         | 5.6864   | 0.9400  | 0.8665 
9     | 7           | [98, 99, 100, 101, 102, 103, 104]                  | [0.1600, 0.1400, 0.3300, 0.2800, 0.0400, 0.0200, 0.0300]                                 | 1.8736   | 0.8600  | 0.7723 
10    | 10          | [95, 96, 97, 98, 99, 101, 102, 103, 104, 105]      | [0.0300, 0.0800, 0.0400, 0.1700, 0.0700, 0.0500, 0.0500, 0.0800, 0.3800, 0.0500]         | 10.0944  | 0.8200  | 0.8071 
11    | 11          | [88, 89, 90, 91, 92, 93, 95, 99, 100, 101, 102]    | [0.0200, 0.1800, 0.0900, 0.0300, 0.1100, 0.1200, 0.0900, 0.0200, 0.0800, 0.1400, 0.1200] | 24.8600  | 0.9200  | 0.8917 
12    | 6           | [100, 101, 102, 103, 104, 105]                     | [0.1100, 0.1300, 0.1900, 0.2700, 0.2700, 0.0300]                                         | 1.8875   | 0.8600  | 0.7962 
13    | 10          | [98, 99, 100, 101, 102, 108, 109, 110, 111, 112]   | [0.0400, 0.0700, 0.1000, 0.0600, 0.1800, 0.0300, 0.2800, 0.0300, 0.0200, 0.1900]         | 24.4011  | 0.8200  | 0.8392 
14    | 6           | [99, 100, 101, 102, 103, 104]                      | [0.0200, 0.2500, 0.2100, 0.3300, 0.1800, 0.0100]                                         | 1.2851   | 0.7000  | 0.7592 
15    | 7           | [95, 96, 97, 106, 107, 108, 109]                   | [0.0900, 0.2000, 0.2400, 0.0600, 0.1200, 0.2200, 0.0700]                                 | 32.7756  | 0.8400  | 0.8313 
16    | 7           | [91, 92, 93, 94, 95, 96, 97]                       | [0.0700, 0.0100, 0.3100, 0.2300, 0.3200, 0.0400, 0.0200]                                 | 1.6336   | 0.7800  | 0.7491 
17    | 7           | [95, 96, 97, 98, 99, 100, 101]                     | [0.2100, 0.1300, 0.1300, 0.0600, 0.2200, 0.1700, 0.0800]                                 | 4.1116   | 0.8400  | 0.8432 
18    | 7           | [97, 98, 99, 100, 101, 102, 103]                   | [0.1200, 0.3100, 0.3800, 0.1400, 0.0100, 0.0100, 0.0300]                                 | 1.4824   | 0.6800  | 0.7317 
19    | 7           | [98, 99, 100, 101, 102, 103, 104]                  | [0.0800, 0.3900, 0.0900, 0.1900, 0.1000, 0.1400, 0.0100]                                 | 2.6300   | 0.7800  | 0.7753 
20    | 9           | [97, 98, 99, 100, 103, 105, 106, 107, 109]         | [0.0400, 0.3600, 0.2000, 0.0600, 0.0800, 0.0500, 0.0100, 0.1600, 0.0400]                 | 14.4299  | 0.7600  | 0.7970 
21    | 8           | [95, 96, 97, 100, 101, 102, 103, 104]              | [0.1700, 0.2900, 0.0300, 0.0700, 0.2900, 0.0900, 0.0200, 0.0400]                         | 8.6419   | 0.8600  | 0.7950 

[Per-locus summary - Population 2]
Locus | Num_Alleles | Alleles                                                   | Frequencies                                                                                      | Variance | Obs_Het | Exp_Het
------+-------------+-----------------------------------------------------------+--------------------------------------------------------------------------------------------------+----------+---------+--------
1     | 8           | [88, 89, 90, 91, 92, 102, 103, 104]                       | [0.0800, 0.1200, 0.0600, 0.0200, 0.1600, 0.0100, 0.0900, 0.4600]                                 | 47.2259  | 0.7200  | 0.7372 
2     | 5           | [105, 106, 107, 108, 109]                                 | [0.0200, 0.1100, 0.4300, 0.4000, 0.0400]                                                         | 0.6411   | 0.7600  | 0.6475 
3     | 12          | [94, 95, 96, 97, 98, 102, 103, 104, 105, 106, 107, 108]   | [0.0100, 0.2800, 0.1000, 0.0800, 0.0700, 0.0400, 0.1400, 0.1100, 0.0200, 0.0700, 0.0700, 0.0100] | 20.1859  | 0.8800  | 0.8652 
4     | 6           | [94, 95, 96, 97, 98, 99]                                  | [0.0500, 0.4700, 0.1300, 0.1600, 0.0900, 0.1000]                                                 | 2.0851   | 0.7400  | 0.7232 
5     | 7           | [94, 95, 96, 97, 98, 99, 100]                             | [0.0200, 0.0900, 0.1500, 0.4500, 0.2400, 0.0300, 0.0200]                                         | 1.2291   | 0.7000  | 0.7147 
6     | 8           | [97, 98, 99, 100, 101, 102, 103, 104]                     | [0.0300, 0.1200, 0.0400, 0.2800, 0.2200, 0.1700, 0.1200, 0.0200]                                 | 2.6931   | 0.8200  | 0.8208 
7     | 9           | [97, 98, 99, 100, 102, 103, 104, 105, 106]                | [0.1800, 0.3000, 0.1300, 0.0300, 0.0600, 0.0100, 0.1100, 0.1300, 0.0500]                         | 10.0171  | 0.8200  | 0.8329 
8     | 10          | [97, 98, 99, 100, 101, 102, 103, 104, 105, 106]           | [0.0100, 0.0600, 0.1500, 0.1100, 0.0600, 0.1600, 0.2000, 0.0900, 0.0600, 0.1000]                 | 5.7564   | 0.8400  | 0.8796 
9     | 8           | [97, 98, 99, 100, 101, 102, 103, 104]                     | [0.0100, 0.1500, 0.1800, 0.3100, 0.1800, 0.0700, 0.0600, 0.0400]                                 | 2.4875   | 0.8200  | 0.8145 
10    | 11          | [95, 96, 97, 98, 99, 100, 101, 102, 103, 104, 105]        | [0.0100, 0.1000, 0.0600, 0.2600, 0.0800, 0.0100, 0.0900, 0.0400, 0.1400, 0.1700, 0.0400]         | 8.6824   | 0.8800  | 0.8610 
11    | 12          | [88, 89, 90, 92, 93, 94, 95, 96, 99, 100, 101, 102]       | [0.0400, 0.1100, 0.1100, 0.1200, 0.1000, 0.0100, 0.1100, 0.0100, 0.0100, 0.0100, 0.2200, 0.1500] | 25.6819  | 0.8600  | 0.8751 
12    | 6           | [99, 100, 101, 102, 103, 104]                             | [0.0100, 0.1000, 0.2100, 0.1200, 0.3100, 0.2500]                                                 | 1.8731   | 0.8000  | 0.7806 
13    | 11          | [98, 99, 100, 101, 102, 108, 109, 110, 111, 112, 113]     | [0.0400, 0.0700, 0.0900, 0.0900, 0.1300, 0.0200, 0.2800, 0.0400, 0.0300, 0.2000, 0.0100]         | 25.2204  | 0.8000  | 0.8475 
14    | 6           | [99, 100, 101, 102, 103, 104]                             | [0.0900, 0.2800, 0.2400, 0.2100, 0.1600, 0.0200]                                                 | 1.6531   | 0.8200  | 0.7937 
15    | 8           | [95, 96, 97, 106, 107, 108, 109, 110]                     | [0.0600, 0.1900, 0.2000, 0.0600, 0.1600, 0.2200, 0.0900, 0.0200]                                 | 33.0019  | 0.9200  | 0.8426 
16    | 7           | [91, 92, 93, 94, 95, 96, 97]                              | [0.0600, 0.0200, 0.2600, 0.2900, 0.3000, 0.0500, 0.0200]                                         | 1.5596   | 0.8000  | 0.7590 
17    | 7           | [95, 96, 97, 98, 99, 100, 101]                            | [0.2000, 0.1100, 0.0800, 0.0900, 0.2900, 0.2200, 0.0100]                                         | 3.5604   | 0.8800  | 0.8089 
18    | 8           | [96, 97, 98, 99, 100, 101, 102, 103]                      | [0.0200, 0.1700, 0.2100, 0.4100, 0.1200, 0.0200, 0.0300, 0.0200]                                 | 1.7816   | 0.7600  | 0.7499 
19    | 7           | [98, 99, 100, 101, 102, 103, 104]                         | [0.0200, 0.3800, 0.1300, 0.2000, 0.0900, 0.1700, 0.0100]                                         | 2.4499   | 0.7400  | 0.7689 
20    | 12          | [97, 98, 99, 100, 102, 103, 104, 105, 106, 107, 108, 109] | [0.0400, 0.3800, 0.1700, 0.0200, 0.0300, 0.0700, 0.0200, 0.0700, 0.0400, 0.1100, 0.0100, 0.0400] | 14.3700  | 0.8800  | 0.8063 
21    | 9           | [93, 95, 96, 97, 100, 101, 102, 103, 104]                 | [0.0200, 0.2200, 0.2400, 0.0400, 0.0900, 0.2000, 0.0500, 0.0900, 0.0500]                         | 10.2875  | 0.8800  | 0.8392 
