
[Simulation Info]
simulation_id = sim_0012593
timestamp     = 20250429_095723
seed          = 118138
output_folder = /home/lejeunet/Bureau/simulations/Ref_table/sim_0012593

[Model Parameters]
pop_size           = 2379
num_loci           = 20
sample1_generation = 30
sample2_generation = 10
low_repeats        = 1
high_repeats       = 200
mutation_rate      = 0.001
recap_Ne           = 2379

[Sampling Design]
sample1_size_Ne  = 50
sample2_size_Ne  = 50
sample1_size_CMR = 50
sample2_size_CMR = 50

[Capture-Marquage-Recapture]
census_N   =  1300
MatchCount =  2

[Ne Estimates - One Sample - Decreasing critical values [0.050, 0.020, 0.010, 0+]]

[Linkage Desequilibrium]
LD_Ne_Pop1 = [846.0, 1551.2, 38009.9, 38009.9]
LD_r2_Pop1 = [0.021669, 0.021491, 0.021285, 0.021285]
LD_Ne_Pop2 = [706.1, 590.5, 376.1, 376.1]
LD_r2_Pop2 = [0.021747, 0.021839, 0.022157, 0.022157]

[Heterozygote excess]
HE_Neb_mean_Pop1        = [None, None, None, None]
HE_weighted_D_mean_Pop1 = [-0.00868, -0.01114, -0.01103, -0.01103]
HE_Neb_mean_Pop2        = [None, None, None, None]
HE_weighted_D_mean_Pop2 = [-0.00613, -0.00069, -0.00134, -0.00134]

[Molecular Coancestry]
Coan_Neb_n_Pop1 = 17.9
Coan_f1_Pop1    = 0.02789
Coan_Neb_n_Pop2 = 40.2
Coan_f1_Pop2    = 0.01245

[Ne Estimates - Temporal - Decreasing critical values (0.050, 0.020, 0.010, 0+)]

[Pollak]
P_Ne     = [3982.0, 3195.9, 2721.9, 3065.9]
P_Fk     = [0.02126, 0.02156, 0.02184, 0.02163]
P_Fprime = [0.00126, 0.00156, 0.00184, 0.00163]

[Nei/Tajima]
N_Ne     = [4758.0, 3762.5, 3184.0, 3590.0]
N_Fc     = [0.02105, 0.02133, 0.02157, 0.02139]
N_Fprime = [0.00105, 0.00133, 0.00157, 0.00139]

[Jorde/Ryman]
J_Ne     = [2698.6, 2161.2, 2123.7, 2134.9]
J_Fs     = [0.02195, 0.02242, 0.02246, 0.02244]
J_Fprime = [0.00185, 0.00231, 0.00235, 0.00234]

[Genetic Diversity - Heterozygosity]
mean_exp_het_pop1 = 0.8083
mean_obs_het_pop1 = 0.799
mean_exp_het_pop2 = 0.7832
mean_obs_het_pop2 = 0.7876

[Genetic Diversity - Allele Counts]
mean_alleles_pop1 = 8.29
var_alleles_pop1  = 3.01
sum_alleles_pop1  = 174
mean_alleles_pop2 = 8.64
var_alleles_pop2  = 4.19
sum_alleles_pop2  = 363

[Genetic Diversity - Allelic Size Variance]
var_allele_size_pop1 = 6.6566
var_allele_size_pop2 = 6.4987

[Per-locus summary - Population 1]
Locus | Num_Alleles | Alleles                                                 | Frequencies                                                                                      | Variance | Obs_Het | Exp_Het
------+-------------+---------------------------------------------------------+--------------------------------------------------------------------------------------------------+----------+---------+--------
1     | 7           | [93, 94, 95, 96, 97, 98, 99]                            | [0.0300, 0.1400, 0.1500, 0.1600, 0.1200, 0.3700, 0.0300]                                         | 2.6651   | 0.7800  | 0.7871 
2     | 7           | [99, 100, 101, 102, 103, 104, 105]                      | [0.1700, 0.0100, 0.0900, 0.2300, 0.0800, 0.2100, 0.2100]                                         | 4.2099   | 0.7800  | 0.8236 
3     | 9           | [87, 88, 89, 96, 97, 98, 99, 100, 102]                  | [0.0100, 0.0100, 0.1000, 0.0700, 0.4000, 0.2800, 0.0300, 0.0900, 0.0100]                         | 9.5800   | 0.8000  | 0.7449 
4     | 6           | [99, 100, 101, 102, 103, 104]                           | [0.0700, 0.1400, 0.0900, 0.3700, 0.2900, 0.0400]                                                 | 1.6859   | 0.7200  | 0.7523 
5     | 7           | [100, 101, 102, 103, 104, 105, 106]                     | [0.0200, 0.2100, 0.0700, 0.4000, 0.2400, 0.0200, 0.0400]                                         | 1.7475   | 0.6200  | 0.7384 
6     | 9           | [91, 92, 93, 94, 95, 96, 98, 99, 100]                   | [0.1100, 0.2800, 0.2300, 0.0800, 0.1500, 0.0200, 0.0300, 0.0800, 0.0200]                         | 5.6859   | 0.9200  | 0.8279 
7     | 10          | [94, 95, 96, 100, 101, 102, 103, 104, 105, 106]         | [0.1500, 0.0100, 0.0200, 0.1100, 0.0800, 0.2300, 0.1000, 0.1700, 0.1200, 0.0100]                 | 12.6275  | 0.8800  | 0.8608 
8     | 11          | [96, 97, 98, 99, 100, 102, 103, 104, 105, 106, 107]     | [0.0200, 0.0100, 0.0200, 0.0900, 0.0300, 0.0500, 0.0600, 0.3100, 0.2700, 0.1300, 0.0100]         | 6.0896   | 0.7600  | 0.8061 
9     | 6           | [95, 96, 97, 98, 99, 100]                               | [0.1900, 0.2700, 0.2300, 0.1400, 0.1200, 0.0500]                                                 | 2.0856   | 0.8000  | 0.8097 
10    | 9           | [95, 96, 97, 105, 106, 107, 108, 109, 110]              | [0.0900, 0.0300, 0.0400, 0.0200, 0.1100, 0.2000, 0.0900, 0.3600, 0.0600]                         | 21.9091  | 0.7600  | 0.8036 
11    | 7           | [97, 98, 99, 100, 101, 102, 103]                        | [0.0800, 0.1800, 0.2600, 0.1300, 0.2400, 0.0900, 0.0200]                                         | 2.3356   | 0.8000  | 0.8188 
12    | 9           | [97, 98, 103, 104, 105, 106, 107, 108, 109]             | [0.0600, 0.0500, 0.0500, 0.1500, 0.0900, 0.2000, 0.2000, 0.1600, 0.0400]                         | 9.6944   | 0.8400  | 0.8622 
13    | 10          | [90, 91, 92, 100, 102, 103, 104, 105, 106, 107]         | [0.0100, 0.0100, 0.0900, 0.0100, 0.0500, 0.1600, 0.1500, 0.1300, 0.1100, 0.2800]                 | 20.0084  | 0.8000  | 0.8420 
14    | 8           | [94, 96, 97, 98, 99, 100, 101, 102]                     | [0.0200, 0.0700, 0.0300, 0.2000, 0.3300, 0.1500, 0.1300, 0.0700]                                 | 2.7475   | 0.8200  | 0.8087 
15    | 12          | [95, 96, 97, 98, 99, 100, 101, 102, 104, 105, 106, 107] | [0.1300, 0.0300, 0.3800, 0.0800, 0.0500, 0.0500, 0.0600, 0.0700, 0.0400, 0.0400, 0.0600, 0.0100] | 10.8731  | 0.8600  | 0.8192 
16    | 10          | [91, 92, 93, 94, 95, 96, 97, 98, 99, 100]               | [0.0700, 0.1600, 0.3200, 0.2200, 0.0800, 0.0100, 0.0700, 0.0200, 0.0400, 0.0100]                 | 3.9800   | 0.7400  | 0.8133 
17    | 6           | [95, 96, 97, 98, 99, 100]                               | [0.0500, 0.0700, 0.3000, 0.1700, 0.1500, 0.2600]                                                 | 2.2136   | 0.8200  | 0.7915 
18    | 9           | [96, 97, 98, 99, 100, 101, 103, 104, 105]               | [0.1200, 0.0300, 0.0500, 0.0800, 0.1400, 0.2000, 0.2500, 0.1100, 0.0200]                         | 6.6324   | 0.8200  | 0.8497 
19    | 8           | [92, 93, 94, 95, 96, 97, 101, 103]                      | [0.0300, 0.0600, 0.2400, 0.2600, 0.1900, 0.0700, 0.0800, 0.0700]                                 | 7.7336   | 0.8400  | 0.8263 
20    | 6           | [93, 95, 96, 97, 98, 99]                                | [0.0100, 0.2100, 0.3400, 0.2400, 0.1100, 0.0900]                                                 | 1.5499   | 0.7200  | 0.7701 
21    | 8           | [91, 92, 93, 94, 95, 96, 98, 99]                        | [0.0100, 0.1000, 0.2000, 0.0800, 0.3100, 0.1700, 0.0600, 0.0700]                                 | 3.7339   | 0.9000  | 0.8182 

[Per-locus summary - Population 2]
Locus | Num_Alleles | Alleles                                                     | Frequencies                                                                                              | Variance | Obs_Het | Exp_Het
------+-------------+-------------------------------------------------------------+----------------------------------------------------------------------------------------------------------+----------+---------+--------
1     | 7           | [93, 94, 95, 96, 97, 98, 99]                                | [0.0300, 0.0700, 0.1500, 0.1500, 0.1700, 0.4000, 0.0300]                                                 | 2.2776   | 0.7800  | 0.7671 
2     | 7           | [99, 100, 101, 102, 103, 104, 105]                          | [0.2000, 0.0500, 0.1000, 0.2100, 0.0800, 0.1500, 0.2100]                                                 | 4.6259   | 0.7600  | 0.8388 
3     | 8           | [88, 89, 96, 97, 98, 99, 100, 102]                          | [0.0200, 0.1200, 0.0100, 0.4500, 0.2500, 0.0100, 0.1100, 0.0300]                                         | 11.1800  | 0.8200  | 0.7141 
4     | 7           | [98, 99, 100, 101, 102, 103, 104]                           | [0.0200, 0.1000, 0.1000, 0.0800, 0.3800, 0.2900, 0.0300]                                                 | 2.0139   | 0.8000  | 0.7513 
5     | 7           | [100, 101, 102, 103, 104, 105, 106]                         | [0.0200, 0.1100, 0.0800, 0.4300, 0.2900, 0.0400, 0.0300]                                                 | 1.4100   | 0.7000  | 0.7168 
6     | 10          | [90, 91, 92, 93, 94, 95, 96, 98, 99, 100]                   | [0.0100, 0.1200, 0.2500, 0.2700, 0.0300, 0.1500, 0.0200, 0.0200, 0.0500, 0.0800]                         | 7.1611   | 0.8200  | 0.8253 
7     | 11          | [93, 94, 95, 99, 100, 101, 102, 103, 104, 105, 106]         | [0.0100, 0.0500, 0.0300, 0.0100, 0.1200, 0.0700, 0.1800, 0.1100, 0.3400, 0.0700, 0.0100]                 | 8.3800   | 0.8400  | 0.8202 
8     | 9           | [96, 98, 99, 102, 103, 104, 105, 106, 107]                  | [0.0100, 0.0100, 0.0800, 0.0200, 0.0500, 0.5300, 0.2600, 0.0200, 0.0200]                                 | 3.5771   | 0.6400  | 0.6477 
9     | 6           | [95, 96, 97, 98, 99, 100]                                   | [0.2200, 0.3600, 0.1900, 0.0900, 0.0700, 0.0700]                                                         | 2.1104   | 0.8000  | 0.7758 
10    | 11          | [94, 95, 96, 97, 98, 105, 106, 107, 108, 109, 110]          | [0.0100, 0.0700, 0.0300, 0.0200, 0.0100, 0.0100, 0.0800, 0.2000, 0.1000, 0.4200, 0.0500]                 | 20.2000  | 0.8000  | 0.7659 
11    | 6           | [97, 98, 99, 100, 101, 102]                                 | [0.1200, 0.1500, 0.2800, 0.1300, 0.2300, 0.0900]                                                         | 2.2691   | 0.9000  | 0.8149 
12    | 9           | [97, 98, 103, 104, 105, 106, 107, 108, 109]                 | [0.0600, 0.0800, 0.0300, 0.2100, 0.0900, 0.1100, 0.2400, 0.1500, 0.0300]                                 | 10.9675  | 0.8000  | 0.8523 
13    | 11          | [91, 92, 100, 102, 103, 104, 105, 106, 107, 108, 109]       | [0.0300, 0.0800, 0.0100, 0.0400, 0.0800, 0.1900, 0.0800, 0.1300, 0.3400, 0.0100, 0.0100]                 | 21.0500  | 0.8000  | 0.8176 
14    | 7           | [96, 97, 98, 99, 100, 101, 102]                             | [0.1000, 0.0600, 0.2700, 0.3400, 0.0500, 0.1100, 0.0700]                                                 | 2.4859   | 0.9000  | 0.7863 
15    | 13          | [94, 95, 96, 97, 98, 99, 100, 101, 102, 104, 105, 106, 107] | [0.0100, 0.1400, 0.0400, 0.3600, 0.0400, 0.0500, 0.0900, 0.0200, 0.0800, 0.0200, 0.0500, 0.0900, 0.0100] | 12.5699  | 0.7800  | 0.8273 
16    | 9           | [91, 92, 93, 94, 95, 96, 97, 98, 99]                        | [0.0700, 0.1900, 0.2400, 0.3100, 0.0500, 0.0100, 0.0500, 0.0200, 0.0600]                                 | 3.9371   | 0.8200  | 0.8042 
17    | 6           | [95, 96, 97, 98, 99, 100]                                   | [0.0400, 0.0800, 0.3500, 0.1500, 0.2200, 0.1600]                                                         | 1.8819   | 0.7800  | 0.7808 
18    | 10          | [95, 96, 98, 99, 100, 101, 102, 103, 104, 105]              | [0.0100, 0.2300, 0.0100, 0.0500, 0.0900, 0.1100, 0.0900, 0.2500, 0.1300, 0.0300]                         | 9.1211   | 0.7600  | 0.8442 
19    | 8           | [92, 93, 94, 95, 96, 97, 101, 103]                          | [0.0200, 0.0600, 0.2300, 0.2700, 0.2400, 0.0900, 0.0700, 0.0200]                                         | 4.7019   | 0.8200  | 0.8073 
20    | 7           | [93, 94, 95, 96, 97, 98, 99]                                | [0.0100, 0.0300, 0.1200, 0.4300, 0.3600, 0.0400, 0.0100]                                                 | 0.8724   | 0.6200  | 0.6752 
21    | 8           | [91, 92, 93, 94, 95, 96, 98, 99]                            | [0.0300, 0.0400, 0.1400, 0.1600, 0.3300, 0.1600, 0.0400, 0.1000]                                         | 3.6800   | 0.8000  | 0.8143 
