
[Simulation Info]
simulation_id = sim_0004166
timestamp     = 20250428_090200
seed          = 100095
output_folder = /home/lejeunet/Bureau/simulations/Ref_table/sim_0004166

[Model Parameters]
pop_size           = 3408
num_loci           = 20
sample1_generation = 30
sample2_generation = 10
low_repeats        = 1
high_repeats       = 200
mutation_rate      = 0.001
recap_Ne           = 3408

[Sampling Design]
sample1_size_Ne  = 50
sample2_size_Ne  = 50
sample1_size_CMR = 50
sample2_size_CMR = 50

[Capture-Marquage-Recapture]
census_N   =  1300
MatchCount =  2

[Ne Estimates - One Sample - Decreasing critical values [0.050, 0.020, 0.010, 0+]]

[Linkage Desequilibrium]
LD_Ne_Pop1 = [1454.5, None, 7428.4, 7428.4]
LD_r2_Pop1 = [0.021505, 0.021186, 0.021321, 0.021321]
LD_Ne_Pop2 = [1871.4, None, None, None]
LD_r2_Pop2 = [0.021454, 0.02125, 0.020982, 0.020982]

[Heterozygote excess]
HE_Neb_mean_Pop1        = [None, 1655.6, 3177.6, 3177.6]
HE_weighted_D_mean_Pop1 = [-0.0036, 0.0003, 0.00016, 0.00016]
HE_Neb_mean_Pop2        = [163.7, None, None, None]
HE_weighted_D_mean_Pop2 = [0.00306, -0.00274, -0.00287, -0.00287]

[Molecular Coancestry]
Coan_Neb_n_Pop1 = 76.1
Coan_f1_Pop1    = 0.00657
Coan_Neb_n_Pop2 = 39.9
Coan_f1_Pop2    = 0.01253

[Ne Estimates - Temporal - Decreasing critical values (0.050, 0.020, 0.010, 0+)]

[Pollak]
P_Ne     = [-54928.3, 7443.3, 26932.3, 27605.6]
P_Fk     = [0.01991, 0.02067, 0.02019, 0.02018]
P_Fprime = [-9e-05, 0.00067, 0.00019, 0.00018]

[Nei/Tajima]
N_Ne     = [-7283.8, 50981.7, -16854.6, -17227.0]
N_Fc     = [0.01931, 0.0201, 0.0197, 0.01971]
N_Fprime = [-0.00069, 0.0001, -0.0003, -0.00029]

[Jorde/Ryman]
J_Ne     = [-2715.9, -4147.6, -4255.3, -4254.5]
J_Fs     = [0.01826, 0.0189, 0.01893, 0.01893]
J_Fprime = [-0.00184, -0.00121, -0.00118, -0.00118]

[Genetic Diversity - Heterozygosity]
mean_exp_het_pop1 = 0.7996
mean_obs_het_pop1 = 0.7933
mean_exp_het_pop2 = 0.8092
mean_obs_het_pop2 = 0.8095

[Genetic Diversity - Allele Counts]
mean_alleles_pop1 = 8.24
var_alleles_pop1  = 3.69
sum_alleles_pop1  = 173
mean_alleles_pop2 = 8.62
var_alleles_pop2  = 2.92
sum_alleles_pop2  = 362

[Genetic Diversity - Allelic Size Variance]
var_allele_size_pop1 = 4.4192
var_allele_size_pop2 = 4.3511

[Per-locus summary - Population 1]
Locus | Num_Alleles | Alleles                                                    | Frequencies                                                                                              | Variance | Obs_Het | Exp_Het
------+-------------+------------------------------------------------------------+----------------------------------------------------------------------------------------------------------+----------+---------+--------
1     | 7           | [98, 99, 100, 101, 103, 104, 105]                          | [0.0100, 0.3900, 0.3300, 0.0400, 0.0300, 0.1300, 0.0700]                                                 | 4.2219   | 0.6000  | 0.7218 
2     | 13          | [93, 94, 95, 96, 97, 98, 99, 101, 102, 103, 104, 105, 106] | [0.0100, 0.1700, 0.1000, 0.0800, 0.0500, 0.1500, 0.0200, 0.0600, 0.0800, 0.0800, 0.1100, 0.0600, 0.0300] | 15.9000  | 0.9200  | 0.9052 
3     | 8           | [96, 97, 98, 99, 100, 101, 102, 103]                       | [0.0400, 0.2200, 0.0600, 0.0400, 0.2800, 0.2700, 0.0500, 0.0400]                                         | 3.4899   | 0.7600  | 0.7974 
4     | 6           | [99, 100, 101, 102, 103, 104]                              | [0.0300, 0.4900, 0.2800, 0.1200, 0.0700, 0.0100]                                                         | 1.0324   | 0.6800  | 0.6679 
5     | 7           | [98, 99, 100, 101, 102, 103, 105]                          | [0.0200, 0.0100, 0.1200, 0.3300, 0.2600, 0.2400, 0.0200]                                                 | 1.4956   | 0.6800  | 0.7582 
6     | 10          | [94, 95, 96, 97, 98, 99, 100, 101, 102, 103]               | [0.0100, 0.1400, 0.0500, 0.0600, 0.1000, 0.2700, 0.2500, 0.0800, 0.0200, 0.0200]                         | 4.1651   | 0.8800  | 0.8299 
7     | 7           | [97, 98, 99, 100, 101, 102, 103]                           | [0.0300, 0.1200, 0.1400, 0.2600, 0.1400, 0.2500, 0.0600]                                                 | 2.4475   | 0.8600  | 0.8200 
8     | 11          | [95, 96, 97, 98, 99, 100, 102, 103, 104, 105, 106]         | [0.0100, 0.0400, 0.1800, 0.3400, 0.1900, 0.0100, 0.0100, 0.0700, 0.1000, 0.0100, 0.0400]                 | 7.5300   | 0.8200  | 0.8054 
9     | 6           | [98, 99, 100, 101, 102, 103]                               | [0.3100, 0.2200, 0.2900, 0.0300, 0.1400, 0.0100]                                                         | 1.8900   | 0.7400  | 0.7584 
10    | 8           | [96, 97, 98, 99, 101, 102, 103, 104]                       | [0.0400, 0.3500, 0.1800, 0.0600, 0.0700, 0.1600, 0.1200, 0.0200]                                         | 6.0400   | 0.7800  | 0.8026 
11    | 10          | [97, 98, 99, 100, 102, 103, 104, 105, 106, 107]            | [0.0100, 0.0200, 0.0200, 0.1300, 0.1100, 0.1200, 0.1500, 0.2200, 0.2000, 0.0200]                         | 5.3291   | 0.8600  | 0.8529 
12    | 7           | [95, 96, 97, 98, 99, 100, 101]                             | [0.0200, 0.1200, 0.2000, 0.3000, 0.2300, 0.1100, 0.0200]                                                 | 1.7099   | 0.7800  | 0.7978 
13    | 10          | [94, 95, 96, 97, 98, 99, 100, 101, 102, 104]               | [0.0200, 0.2000, 0.0100, 0.0500, 0.0600, 0.0600, 0.1200, 0.2700, 0.1900, 0.0200]                         | 7.4024   | 0.8200  | 0.8343 
14    | 5           | [96, 97, 98, 99, 100]                                      | [0.3400, 0.3200, 0.1100, 0.1300, 0.1000]                                                                 | 1.7611   | 0.7400  | 0.7505 
15    | 9           | [94, 95, 96, 97, 98, 99, 100, 102, 103]                    | [0.1400, 0.1500, 0.1000, 0.1000, 0.0700, 0.2500, 0.0700, 0.1100, 0.0100]                                 | 6.4451   | 0.8200  | 0.8620 
16    | 10          | [97, 98, 99, 100, 101, 102, 103, 104, 105, 106]            | [0.0200, 0.0200, 0.0700, 0.3100, 0.1300, 0.0800, 0.2500, 0.1000, 0.0100, 0.0100]                         | 3.3356   | 0.8800  | 0.8103 
17    | 7           | [98, 99, 100, 101, 102, 103, 104]                          | [0.0200, 0.2100, 0.3300, 0.0900, 0.0900, 0.2000, 0.0600]                                                 | 2.7604   | 0.8400  | 0.7947 
18    | 7           | [96, 97, 98, 99, 100, 101, 102]                            | [0.0500, 0.0200, 0.2600, 0.4000, 0.1100, 0.0700, 0.0900]                                                 | 1.9851   | 0.6800  | 0.7519 
19    | 8           | [95, 96, 97, 98, 99, 100, 101, 102]                        | [0.0600, 0.1600, 0.1200, 0.0900, 0.1400, 0.0800, 0.2600, 0.0900]                                         | 4.8676   | 0.9000  | 0.8551 
20    | 9           | [96, 97, 98, 100, 101, 102, 103, 104, 105]                 | [0.0600, 0.1400, 0.0300, 0.0200, 0.2200, 0.3700, 0.1300, 0.0200, 0.0100]                                 | 5.2024   | 0.7800  | 0.7806 
21    | 8           | [97, 98, 99, 100, 101, 102, 103, 104]                      | [0.2400, 0.1800, 0.1000, 0.1500, 0.2100, 0.0300, 0.0800, 0.0100]                                         | 3.7931   | 0.8400  | 0.8343 

[Per-locus summary - Population 2]
Locus | Num_Alleles | Alleles                                                | Frequencies                                                                                      | Variance | Obs_Het | Exp_Het
------+-------------+--------------------------------------------------------+--------------------------------------------------------------------------------------------------+----------+---------+--------
1     | 8           | [98, 99, 100, 101, 102, 103, 104, 105]                 | [0.0300, 0.3400, 0.3500, 0.0600, 0.0200, 0.0300, 0.0900, 0.0800]                                 | 4.0075   | 0.7600  | 0.7491 
2     | 12          | [94, 95, 96, 97, 98, 99, 101, 102, 103, 104, 105, 106] | [0.1600, 0.0600, 0.0600, 0.0400, 0.1600, 0.0700, 0.0200, 0.0800, 0.1000, 0.1100, 0.0600, 0.0800] | 16.5739  | 0.9200  | 0.9052 
3     | 8           | [96, 97, 98, 99, 100, 101, 102, 103]                   | [0.0300, 0.1600, 0.0800, 0.0800, 0.1900, 0.2700, 0.1200, 0.0700]                                 | 3.6856   | 0.7800  | 0.8408 
4     | 6           | [99, 100, 101, 102, 103, 104]                          | [0.0400, 0.4300, 0.2800, 0.1700, 0.0600, 0.0200]                                                 | 1.1544   | 0.6600  | 0.7093 
5     | 7           | [98, 99, 100, 101, 102, 103, 105]                      | [0.0200, 0.0100, 0.1300, 0.3500, 0.2800, 0.1800, 0.0300]                                         | 1.5275   | 0.8000  | 0.7560 
6     | 10          | [94, 95, 96, 97, 98, 99, 100, 101, 102, 103]           | [0.0400, 0.1100, 0.1600, 0.0100, 0.1400, 0.2200, 0.1900, 0.0800, 0.0400, 0.0100]                 | 4.8171   | 0.8400  | 0.8570 
7     | 7           | [97, 98, 99, 100, 101, 102, 103]                       | [0.0600, 0.1300, 0.1100, 0.2500, 0.1600, 0.2600, 0.0300]                                         | 2.5916   | 0.8400  | 0.8190 
8     | 9           | [95, 96, 97, 98, 99, 102, 103, 104, 106]               | [0.0100, 0.0900, 0.2400, 0.3000, 0.2100, 0.0200, 0.0600, 0.0500, 0.0200]                         | 5.4400   | 0.8200  | 0.8012 
9     | 7           | [97, 98, 99, 100, 101, 102, 103]                       | [0.0400, 0.3200, 0.1700, 0.2700, 0.0800, 0.1100, 0.0100]                                         | 2.0600   | 0.7800  | 0.7834 
10    | 8           | [96, 97, 98, 99, 101, 102, 103, 104]                   | [0.0700, 0.2400, 0.2600, 0.0400, 0.0400, 0.2000, 0.1300, 0.0200]                                 | 6.2675   | 0.8200  | 0.8176 
11    | 10          | [97, 98, 99, 100, 102, 103, 104, 105, 106, 107]        | [0.0100, 0.0600, 0.0400, 0.0900, 0.1100, 0.0800, 0.2400, 0.1700, 0.1900, 0.0100]                 | 6.1259   | 0.8200  | 0.8539 
12    | 7           | [95, 96, 97, 98, 99, 100, 101]                         | [0.0100, 0.1400, 0.1300, 0.3600, 0.2500, 0.1000, 0.0100]                                         | 1.5184   | 0.7400  | 0.7689 
13    | 11          | [94, 95, 96, 97, 98, 99, 100, 101, 102, 104, 105]      | [0.0100, 0.0900, 0.0200, 0.1000, 0.0700, 0.1000, 0.2000, 0.1500, 0.2400, 0.0100, 0.0100]         | 5.5619   | 0.9400  | 0.8548 
14    | 7           | [95, 96, 97, 98, 99, 100, 101]                         | [0.0100, 0.3100, 0.3600, 0.0700, 0.1300, 0.1100, 0.0100]                                         | 1.9531   | 0.8000  | 0.7477 
15    | 10          | [94, 95, 96, 97, 98, 99, 100, 101, 102, 104]           | [0.0500, 0.1200, 0.0500, 0.1500, 0.1800, 0.2000, 0.0900, 0.0200, 0.1300, 0.0100]                 | 5.3659   | 0.8800  | 0.8689 
16    | 9           | [97, 99, 100, 101, 102, 103, 104, 105, 106]            | [0.0400, 0.1800, 0.1700, 0.1600, 0.0500, 0.1900, 0.1800, 0.0200, 0.0100]                         | 4.3619   | 0.7600  | 0.8485 
17    | 6           | [99, 100, 101, 102, 103, 104]                          | [0.1400, 0.3200, 0.1900, 0.1100, 0.1900, 0.0500]                                                 | 2.1984   | 0.8800  | 0.7992 
18    | 9           | [95, 96, 97, 98, 99, 100, 101, 102, 103]               | [0.0200, 0.0400, 0.0900, 0.2400, 0.4300, 0.0700, 0.0200, 0.0800, 0.0100]                         | 2.2571   | 0.6400  | 0.7430 
19    | 9           | [95, 96, 97, 98, 99, 100, 101, 102, 103]               | [0.0300, 0.1400, 0.1800, 0.0900, 0.1100, 0.1200, 0.1700, 0.1500, 0.0100]                         | 4.8584   | 0.8800  | 0.8697 
20    | 8           | [96, 97, 98, 99, 100, 101, 102, 103]                   | [0.0300, 0.1600, 0.0300, 0.0100, 0.0500, 0.1800, 0.4000, 0.1400]                                 | 4.5571   | 0.8200  | 0.7657 
21    | 9           | [96, 97, 98, 99, 100, 101, 102, 103, 104]              | [0.0100, 0.2500, 0.1800, 0.0300, 0.1700, 0.2000, 0.0500, 0.0800, 0.0300]                         | 4.4896   | 0.8200  | 0.8337 
