
[Simulation Info]
simulation_id = sim_0005132
timestamp     = 20250428_092451
seed          = 393794
output_folder = /home/lejeunet/Bureau/simulations/Ref_table/sim_0005132

[Model Parameters]
pop_size           = 1078
num_loci           = 20
sample1_generation = 30
sample2_generation = 10
low_repeats        = 1
high_repeats       = 200
mutation_rate      = 0.001
recap_Ne           = 1078

[Sampling Design]
sample1_size_Ne  = 50
sample2_size_Ne  = 50
sample1_size_CMR = 50
sample2_size_CMR = 50

[Capture-Marquage-Recapture]
census_N   =  1300
MatchCount =  2

[Ne Estimates - One Sample - Decreasing critical values [0.050, 0.020, 0.010, 0+]]

[Linkage Desequilibrium]
LD_Ne_Pop1 = [779.7, 1614.0, 8742.7, 8742.7]
LD_r2_Pop1 = [0.021702, 0.021482, 0.021314, 0.021314]
LD_Ne_Pop2 = [483.4, 2714.4, None, None]
LD_r2_Pop2 = [0.021963, 0.021399, 0.021241, 0.021241]

[Heterozygote excess]
HE_Neb_mean_Pop1        = [236.3, 65.0, 67.4, 67.4]
HE_weighted_D_mean_Pop1 = [0.00212, 0.00775, 0.00747, 0.00747]
HE_Neb_mean_Pop2        = [52.1, 56.5, 58.4, 58.4]
HE_weighted_D_mean_Pop2 = [0.00969, 0.00893, 0.00864, 0.00864]

[Molecular Coancestry]
Coan_Neb_n_Pop1 = 263.7
Coan_f1_Pop1    = 0.0019
Coan_Neb_n_Pop2 = None
Coan_f1_Pop2    = -0.00566

[Ne Estimates - Temporal - Decreasing critical values (0.050, 0.020, 0.010, 0+)]

[Pollak]
P_Ne     = [2034.7, 2920.8, 3984.7, 3448.1]
P_Fk     = [0.02246, 0.02171, 0.02125, 0.02145]
P_Fprime = [0.00246, 0.00171, 0.00125, 0.00145]

[Nei/Tajima]
N_Ne     = [2602.0, 3659.2, 5009.9, 4308.7]
N_Fc     = [0.02192, 0.02137, 0.021, 0.02116]
N_Fprime = [0.00192, 0.00137, 0.001, 0.00116]

[Jorde/Ryman]
J_Ne     = [4570.3, 4475.2, 4599.7, 4537.9]
J_Fs     = [0.02119, 0.02122, 0.02119, 0.0212]
J_Fprime = [0.00109, 0.00112, 0.00109, 0.0011]

[Genetic Diversity - Heterozygosity]
mean_exp_het_pop1 = 0.6325
mean_obs_het_pop1 = 0.6333
mean_exp_het_pop2 = 0.6528
mean_obs_het_pop2 = 0.659

[Genetic Diversity - Allele Counts]
mean_alleles_pop1 = 5.43
var_alleles_pop1  = 1.46
sum_alleles_pop1  = 114
mean_alleles_pop2 = 5.29
var_alleles_pop2  = 1.53
sum_alleles_pop2  = 222

[Genetic Diversity - Allelic Size Variance]
var_allele_size_pop1 = 1.3736
var_allele_size_pop2 = 1.3742

[Per-locus summary - Population 1]
Locus | Num_Alleles | Alleles                                 | Frequencies                                                      | Variance | Obs_Het | Exp_Het
------+-------------+-----------------------------------------+------------------------------------------------------------------+----------+---------+--------
1     | 8           | [98, 99, 100, 101, 102, 103, 104, 105]  | [0.0700, 0.1500, 0.0300, 0.0500, 0.2500, 0.4100, 0.0300, 0.0100] | 3.1444   | 0.7200  | 0.7450 
2     | 8           | [99, 100, 101, 102, 103, 104, 105, 106] | [0.0900, 0.4500, 0.1600, 0.1300, 0.0400, 0.0600, 0.0600, 0.0100] | 2.8475   | 0.7400  | 0.7454 
3     | 5           | [96, 97, 98, 99, 100]                   | [0.0100, 0.0400, 0.3300, 0.5900, 0.0300]                         | 0.4419   | 0.4800  | 0.5459 
4     | 5           | [98, 99, 100, 101, 102]                 | [0.0300, 0.6900, 0.1200, 0.0600, 0.1000]                         | 1.0299   | 0.5200  | 0.5000 
5     | 4           | [98, 99, 100, 101]                      | [0.0100, 0.2300, 0.6500, 0.1100]                                 | 0.3604   | 0.6200  | 0.5176 
6     | 5           | [97, 98, 99, 100, 102]                  | [0.1300, 0.5200, 0.1900, 0.0600, 0.1000]                         | 1.8236   | 0.7600  | 0.6697 
7     | 4           | [100, 101, 102, 103]                    | [0.0700, 0.5300, 0.3800, 0.0200]                                 | 0.4075   | 0.5200  | 0.5752 
8     | 5           | [97, 98, 99, 100, 101]                  | [0.0900, 0.2000, 0.2500, 0.3800, 0.0800]                         | 1.2344   | 0.6000  | 0.7461 
9     | 4           | [100, 101, 102, 103]                    | [0.0500, 0.3300, 0.5600, 0.0600]                                 | 0.4531   | 0.6200  | 0.5772 
10    | 5           | [99, 100, 101, 102, 103]                | [0.0300, 0.2600, 0.5000, 0.1500, 0.0600]                         | 0.7675   | 0.7200  | 0.6620 
11    | 7           | [97, 98, 99, 100, 101, 102, 103]        | [0.0400, 0.2800, 0.2200, 0.0100, 0.3500, 0.0900, 0.0100]         | 2.3844   | 0.7400  | 0.7483 
12    | 4           | [97, 98, 99, 100]                       | [0.0500, 0.7000, 0.2300, 0.0200]                                 | 0.3116   | 0.5000  | 0.4588 
13    | 6           | [100, 101, 102, 103, 104, 105]          | [0.1200, 0.2000, 0.1200, 0.2000, 0.2800, 0.0800]                 | 2.4064   | 0.8000  | 0.8145 
14    | 6           | [95, 96, 100, 101, 102, 103]            | [0.0300, 0.0700, 0.0200, 0.2700, 0.2600, 0.3500]                 | 4.3419   | 0.7000  | 0.7382 
15    | 5           | [98, 100, 101, 102, 103]                | [0.0300, 0.0800, 0.7800, 0.1000, 0.0100]                         | 0.4875   | 0.4200  | 0.3780 
16    | 6           | [97, 98, 99, 100, 101, 102]             | [0.0100, 0.0600, 0.3500, 0.1700, 0.2600, 0.1500]                 | 1.5364   | 0.7000  | 0.7624 
17    | 6           | [97, 98, 99, 100, 101, 102]             | [0.0100, 0.0400, 0.4700, 0.2200, 0.2500, 0.0100]                 | 0.9139   | 0.7200  | 0.6731 
18    | 5           | [98, 99, 100, 101, 102]                 | [0.1300, 0.1200, 0.6200, 0.1200, 0.0100]                         | 0.7424   | 0.6000  | 0.5756 
19    | 6           | [97, 98, 99, 100, 101, 102]             | [0.0400, 0.1100, 0.0700, 0.1100, 0.6200, 0.0500]                 | 1.5939   | 0.5200  | 0.5883 
20    | 4           | [99, 100, 101, 102]                     | [0.0400, 0.3400, 0.5800, 0.0400]                                 | 0.3956   | 0.5600  | 0.5503 
21    | 6           | [97, 98, 99, 100, 101, 102]             | [0.0200, 0.0900, 0.3900, 0.1600, 0.3300, 0.0100]                 | 1.2216   | 0.7400  | 0.7119 

[Per-locus summary - Population 2]
Locus | Num_Alleles | Alleles                           | Frequencies                                              | Variance | Obs_Het | Exp_Het
------+-------------+-----------------------------------+----------------------------------------------------------+----------+---------+--------
1     | 7           | [98, 99, 100, 101, 102, 103, 104] | [0.0600, 0.1200, 0.0500, 0.0400, 0.2700, 0.3800, 0.0800] | 2.9400   | 0.7800  | 0.7618 
2     | 6           | [99, 100, 101, 102, 104, 105]     | [0.0500, 0.3800, 0.1200, 0.2400, 0.1500, 0.0600]         | 2.9275   | 0.7800  | 0.7626 
3     | 5           | [96, 97, 98, 99, 100]             | [0.0200, 0.0200, 0.3000, 0.6100, 0.0500]                 | 0.4875   | 0.5400  | 0.5400 
4     | 5           | [98, 99, 100, 101, 102]           | [0.0400, 0.6000, 0.0900, 0.0700, 0.2000]                 | 1.5859   | 0.5600  | 0.5913 
5     | 3           | [99, 100, 101]                    | [0.2800, 0.5200, 0.2000]                                 | 0.4736   | 0.5600  | 0.6174 
6     | 6           | [97, 98, 99, 100, 101, 102]       | [0.1400, 0.5000, 0.1900, 0.0900, 0.0300, 0.0500]         | 1.4896   | 0.7000  | 0.6897 
7     | 4           | [100, 101, 102, 103]              | [0.1300, 0.4000, 0.4400, 0.0300]                         | 0.5531   | 0.5800  | 0.6350 
8     | 5           | [97, 98, 99, 100, 101]            | [0.1700, 0.1300, 0.3400, 0.2800, 0.0800]                 | 1.4091   | 0.7600  | 0.7614 
9     | 4           | [100, 101, 102, 103]              | [0.0600, 0.4200, 0.4700, 0.0500]                         | 0.4699   | 0.6600  | 0.6026 
10    | 5           | [99, 100, 101, 102, 103]          | [0.0500, 0.2700, 0.5100, 0.1600, 0.0100]                 | 0.6339   | 0.6400  | 0.6452 
11    | 6           | [98, 99, 100, 101, 102, 103]      | [0.2300, 0.2500, 0.0100, 0.4100, 0.0900, 0.0100]         | 2.0219   | 0.6600  | 0.7154 
12    | 3           | [97, 98, 99]                      | [0.0200, 0.6800, 0.3000]                                 | 0.2416   | 0.4400  | 0.4517 
13    | 6           | [100, 101, 102, 103, 104, 105]    | [0.1300, 0.1600, 0.1600, 0.1500, 0.3600, 0.0400]         | 2.3051   | 0.7200  | 0.7861 
14    | 7           | [95, 96, 100, 101, 102, 103, 104] | [0.0500, 0.0400, 0.0300, 0.2200, 0.3500, 0.3000, 0.0100] | 4.2675   | 0.7200  | 0.7414 
15    | 5           | [98, 100, 101, 102, 103]          | [0.0500, 0.0700, 0.7500, 0.1200, 0.0100]                 | 0.6736   | 0.4800  | 0.4198 
16    | 6           | [98, 99, 100, 101, 102, 103]      | [0.0400, 0.3500, 0.2100, 0.2900, 0.1000, 0.0100]         | 1.2819   | 0.8000  | 0.7450 
17    | 5           | [98, 99, 100, 101, 102]           | [0.0500, 0.4700, 0.1700, 0.2700, 0.0400]                 | 1.0516   | 0.7000  | 0.6800 
18    | 4           | [98, 99, 100, 101]                | [0.1200, 0.1300, 0.6500, 0.1000]                         | 0.6371   | 0.5800  | 0.5416 
19    | 5           | [98, 99, 100, 101, 102]           | [0.1800, 0.1200, 0.1000, 0.4600, 0.1400]                 | 1.7924   | 0.7600  | 0.7192 
20    | 4           | [99, 100, 101, 102]               | [0.0500, 0.4200, 0.5000, 0.0300]                         | 0.4099   | 0.7200  | 0.5760 
21    | 4           | [98, 99, 100, 101]                | [0.1800, 0.3700, 0.1500, 0.3000]                         | 1.2051   | 0.7000  | 0.7255 
