
[Simulation Info]
simulation_id = sim_0008600
timestamp     = 20250428_105600
seed          = 646695
output_folder = /home/lejeunet/Bureau/simulations/Ref_table/sim_0008600

[Model Parameters]
pop_size           = 987
num_loci           = 20
sample1_generation = 30
sample2_generation = 10
low_repeats        = 1
high_repeats       = 200
mutation_rate      = 0.001
recap_Ne           = 987

[Sampling Design]
sample1_size_Ne  = 50
sample2_size_Ne  = 50
sample1_size_CMR = 50
sample2_size_CMR = 50

[Capture-Marquage-Recapture]
census_N   =  650
MatchCount =  4

[Ne Estimates - One Sample - Decreasing critical values [0.050, 0.020, 0.010, 0+]]

[Linkage Desequilibrium]
LD_Ne_Pop1 = [214.0, 869.5, 632.5, 632.5]
LD_r2_Pop1 = [0.022818, 0.021658, 0.021801, 0.021801]
LD_Ne_Pop2 = [659.2, 698.1, 931.0, 931.0]
LD_r2_Pop2 = [0.02178, 0.021752, 0.021633, 0.021633]

[Heterozygote excess]
HE_Neb_mean_Pop1        = [None, None, None, None]
HE_weighted_D_mean_Pop1 = [-0.00131, -0.00094, -0.0011, -0.0011]
HE_Neb_mean_Pop2        = [14.0, 16.1, 16.8, 16.8]
HE_weighted_D_mean_Pop2 = [0.03686, 0.03192, 0.03065, 0.03065]

[Molecular Coancestry]
Coan_Neb_n_Pop1 = 20.5
Coan_f1_Pop1    = 0.02434
Coan_Neb_n_Pop2 = None
Coan_f1_Pop2    = -0.00145

[Ne Estimates - Temporal - Decreasing critical values (0.050, 0.020, 0.010, 0+)]

[Pollak]
P_Ne     = [578.3, 705.2, 765.0, 777.4]
P_Fk     = [0.02865, 0.02709, 0.02654, 0.02643]
P_Fprime = [0.00865, 0.00709, 0.00654, 0.00643]

[Nei/Tajima]
N_Ne     = [679.4, 819.8, 883.9, 896.1]
N_Fc     = [0.02736, 0.0261, 0.02566, 0.02558]
N_Fprime = [0.00736, 0.0061, 0.00566, 0.00558]

[Jorde/Ryman]
J_Ne     = [1153.3, 1491.2, 1510.4, 1510.4]
J_Fs     = [0.02444, 0.02346, 0.02341, 0.02341]
J_Fprime = [0.00434, 0.00335, 0.00331, 0.00331]

[Genetic Diversity - Heterozygosity]
mean_exp_het_pop1 = 0.7043
mean_obs_het_pop1 = 0.699
mean_exp_het_pop2 = 0.6902
mean_obs_het_pop2 = 0.7124

[Genetic Diversity - Allele Counts]
mean_alleles_pop1 = 6.48
var_alleles_pop1  = 2.36
sum_alleles_pop1  = 136
mean_alleles_pop2 = 6.76
var_alleles_pop2  = 1.7
sum_alleles_pop2  = 284

[Genetic Diversity - Allelic Size Variance]
var_allele_size_pop1 = 4.0977
var_allele_size_pop2 = 3.6054

[Per-locus summary - Population 1]
Locus | Num_Alleles | Alleles                                     | Frequencies                                                                      | Variance | Obs_Het | Exp_Het
------+-------------+---------------------------------------------+----------------------------------------------------------------------------------+----------+---------+--------
1     | 7           | [93, 94, 95, 96, 97, 98, 101]               | [0.3700, 0.0600, 0.1600, 0.0300, 0.1500, 0.1900, 0.0400]                         | 5.2044   | 0.8200  | 0.7806 
2     | 5           | [96, 97, 98, 99, 100]                       | [0.3400, 0.4900, 0.0900, 0.0700, 0.0100]                                         | 0.7936   | 0.6000  | 0.6376 
3     | 6           | [95, 96, 97, 99, 100, 101]                  | [0.0300, 0.1000, 0.1100, 0.0800, 0.5400, 0.1400]                                 | 2.8876   | 0.6400  | 0.6661 
4     | 8           | [96, 97, 98, 99, 100, 101, 102, 103]        | [0.0300, 0.1300, 0.0200, 0.4300, 0.3000, 0.0100, 0.0700, 0.0100]                 | 1.9000   | 0.7200  | 0.7089 
5     | 6           | [99, 100, 101, 102, 104, 105]               | [0.1200, 0.4000, 0.3400, 0.0100, 0.0400, 0.0900]                                 | 2.6675   | 0.6000  | 0.7073 
6     | 6           | [101, 102, 103, 104, 105, 106]              | [0.1000, 0.6600, 0.0200, 0.1100, 0.0800, 0.0300]                                 | 1.5100   | 0.5400  | 0.5400 
7     | 7           | [96, 97, 98, 99, 100, 101, 102]             | [0.1100, 0.0200, 0.1400, 0.3100, 0.1200, 0.1500, 0.1500]                         | 3.1504   | 0.8800  | 0.8206 
8     | 5           | [96, 103, 104, 105, 106]                    | [0.1800, 0.0300, 0.4200, 0.2800, 0.0900]                                         | 11.1699  | 0.7600  | 0.7109 
9     | 10          | [92, 93, 94, 95, 96, 97, 98, 100, 101, 102] | [0.0100, 0.1400, 0.1200, 0.2400, 0.2400, 0.0700, 0.0300, 0.0200, 0.0300, 0.1000] | 6.9996   | 0.9000  | 0.8420 
10    | 8           | [96, 97, 98, 99, 100, 101, 102, 103]        | [0.0300, 0.0700, 0.1400, 0.0200, 0.0600, 0.5100, 0.1100, 0.0600]                 | 3.1016   | 0.6400  | 0.7018 
11    | 5           | [98, 99, 100, 101, 104]                     | [0.0100, 0.2200, 0.5900, 0.1500, 0.0300]                                         | 0.8891   | 0.5400  | 0.5859 
12    | 6           | [95, 100, 101, 102, 103, 104]               | [0.1300, 0.1300, 0.0600, 0.2600, 0.2800, 0.1400]                                 | 7.3411   | 0.8600  | 0.8051 
13    | 4           | [99, 100, 101, 103]                         | [0.1500, 0.7200, 0.0800, 0.0500]                                                 | 0.6736   | 0.4800  | 0.4547 
14    | 8           | [95, 96, 97, 98, 99, 100, 105, 106]         | [0.0500, 0.0200, 0.1200, 0.3000, 0.1600, 0.3000, 0.0100, 0.0400]                 | 4.3544   | 0.7200  | 0.7832 
15    | 6           | [102, 103, 105, 106, 107, 108]              | [0.2300, 0.0700, 0.1300, 0.2800, 0.0800, 0.2100]                                 | 4.7824   | 0.7800  | 0.8044 
16    | 5           | [99, 103, 104, 105, 106]                    | [0.0300, 0.3400, 0.4500, 0.0700, 0.1100]                                         | 1.5600   | 0.6200  | 0.6707 
17    | 8           | [97, 98, 99, 100, 101, 102, 103, 104]       | [0.0300, 0.0400, 0.2000, 0.4300, 0.0400, 0.1000, 0.1500, 0.0100]                 | 2.4504   | 0.7400  | 0.7459 
18    | 8           | [93, 94, 95, 96, 101, 103, 104, 105]        | [0.0600, 0.1400, 0.3000, 0.0900, 0.1000, 0.1700, 0.0200, 0.1200]                 | 18.5211  | 0.9000  | 0.8333 
19    | 7           | [91, 92, 93, 94, 95, 96, 99]                | [0.0100, 0.0900, 0.2400, 0.3000, 0.3300, 0.0200, 0.0100]                         | 1.3491   | 0.7200  | 0.7422 
20    | 4           | [99, 100, 101, 103]                         | [0.3600, 0.4100, 0.2000, 0.0300]                                                 | 0.8251   | 0.6600  | 0.6681 
21    | 7           | [93, 94, 95, 96, 97, 99, 100]               | [0.0200, 0.6300, 0.0800, 0.0400, 0.1000, 0.0500, 0.0800]                         | 3.9211   | 0.5600  | 0.5816 

[Per-locus summary - Population 2]
Locus | Num_Alleles | Alleles                                 | Frequencies                                                              | Variance | Obs_Het | Exp_Het
------+-------------+-----------------------------------------+--------------------------------------------------------------------------+----------+---------+--------
1     | 7           | [93, 94, 95, 96, 97, 98, 101]           | [0.3500, 0.0100, 0.1400, 0.0300, 0.2800, 0.1800, 0.0100]                 | 4.3096   | 0.7800  | 0.7535 
2     | 5           | [96, 97, 98, 99, 100]                   | [0.3400, 0.4500, 0.1400, 0.0600, 0.0100]                                 | 0.8075   | 0.6600  | 0.6653 
3     | 7           | [95, 96, 97, 99, 100, 101, 102]         | [0.0600, 0.0300, 0.0300, 0.0400, 0.7400, 0.0900, 0.0100]                 | 2.2264   | 0.4600  | 0.4416 
4     | 7           | [96, 97, 98, 99, 100, 101, 102]         | [0.0600, 0.1600, 0.0500, 0.2700, 0.3900, 0.0300, 0.0400]                 | 2.0996   | 0.8200  | 0.7483 
5     | 5           | [99, 100, 101, 104, 105]                | [0.2100, 0.3700, 0.3800, 0.0100, 0.0300]                                 | 1.3704   | 0.6800  | 0.6804 
6     | 6           | [101, 102, 103, 104, 105, 106]          | [0.0300, 0.6700, 0.0100, 0.1700, 0.0900, 0.0300]                         | 1.5059   | 0.5400  | 0.5174 
7     | 6           | [96, 98, 99, 100, 101, 102]             | [0.1200, 0.1600, 0.3400, 0.1300, 0.2100, 0.0400]                         | 2.5475   | 0.7800  | 0.7897 
8     | 5           | [96, 103, 104, 105, 106]                | [0.1700, 0.0300, 0.4100, 0.2800, 0.1100]                                 | 10.8379  | 0.7200  | 0.7188 
9     | 8           | [93, 94, 95, 96, 97, 98, 101, 102]      | [0.1800, 0.1200, 0.2700, 0.3000, 0.0100, 0.0400, 0.0200, 0.0600]         | 4.9500   | 0.8400  | 0.7925 
10    | 8           | [96, 97, 98, 99, 100, 101, 102, 103]    | [0.0200, 0.1100, 0.1200, 0.0700, 0.0600, 0.5100, 0.1000, 0.0100]         | 2.8596   | 0.7800  | 0.7014 
11    | 6           | [98, 99, 100, 101, 102, 104]            | [0.0100, 0.2300, 0.5200, 0.1500, 0.0100, 0.0800]                         | 1.6824   | 0.6600  | 0.6541 
12    | 7           | [95, 100, 101, 102, 103, 104, 105]      | [0.0400, 0.1400, 0.1400, 0.2400, 0.3600, 0.0700, 0.0100]                 | 3.3611   | 0.8000  | 0.7748 
13    | 5           | [99, 100, 101, 102, 103]                | [0.0800, 0.7000, 0.1000, 0.0700, 0.0500]                                 | 0.8139   | 0.5200  | 0.4911 
14    | 5           | [95, 97, 98, 99, 100]                   | [0.0700, 0.1800, 0.3200, 0.1200, 0.3100]                                 | 2.0475   | 0.7600  | 0.7574 
15    | 7           | [101, 102, 103, 105, 106, 107, 108]     | [0.0300, 0.2300, 0.1300, 0.1200, 0.2800, 0.1000, 0.1100]                 | 4.6724   | 0.8400  | 0.8226 
16    | 7           | [98, 99, 102, 103, 104, 105, 106]       | [0.0100, 0.0300, 0.0100, 0.1700, 0.4900, 0.1200, 0.1700]                 | 2.1164   | 0.7000  | 0.6935 
17    | 7           | [97, 98, 99, 100, 101, 102, 103]        | [0.0200, 0.0600, 0.1600, 0.5200, 0.0100, 0.1100, 0.1200]                 | 2.0475   | 0.6400  | 0.6802 
18    | 8           | [93, 94, 95, 96, 101, 103, 104, 105]    | [0.0500, 0.0700, 0.3500, 0.1000, 0.1500, 0.1500, 0.0300, 0.1000]         | 16.9100  | 0.8200  | 0.8123 
19    | 7           | [92, 93, 94, 95, 96, 99, 100]           | [0.0400, 0.2600, 0.3100, 0.2500, 0.0500, 0.0800, 0.0100]                 | 3.0091   | 0.8200  | 0.7709 
20    | 5           | [98, 99, 100, 101, 103]                 | [0.0100, 0.3500, 0.4700, 0.1300, 0.0400]                                 | 0.8656   | 0.7000  | 0.6444 
21    | 9           | [93, 94, 95, 96, 97, 99, 100, 102, 103] | [0.0100, 0.6300, 0.0700, 0.0800, 0.0700, 0.0900, 0.0200, 0.0100, 0.0200] | 4.6724   | 0.6400  | 0.5836 
