
[Simulation Info]
simulation_id = sim_0006511
timestamp     = 20250428_095859
seed          = 66039
output_folder = /home/lejeunet/Bureau/simulations/Ref_table/sim_0006511

[Model Parameters]
pop_size           = 2938
num_loci           = 20
sample1_generation = 30
sample2_generation = 10
low_repeats        = 1
high_repeats       = 200
mutation_rate      = 0.001
recap_Ne           = 2938

[Sampling Design]
sample1_size_Ne  = 50
sample2_size_Ne  = 50
sample1_size_CMR = 50
sample2_size_CMR = 50

[Capture-Marquage-Recapture]
census_N   =  2601
MatchCount =  1

[Ne Estimates - One Sample - Decreasing critical values [0.050, 0.020, 0.010, 0+]]

[Linkage Desequilibrium]
LD_Ne_Pop1 = [992.0, 994.6, 2268.9, 2268.9]
LD_r2_Pop1 = [0.021611, 0.02161, 0.021423, 0.021423]
LD_Ne_Pop2 = [6921.5, 3435.8, 2527.1, 2527.1]
LD_r2_Pop2 = [0.021324, 0.021373, 0.021408, 0.021408]

[Heterozygote excess]
HE_Neb_mean_Pop1        = [None, None, None, None]
HE_weighted_D_mean_Pop1 = [-0.00047, -0.00485, -0.00522, -0.00522]
HE_Neb_mean_Pop2        = [47.2, 64.0, 67.7, 67.7]
HE_weighted_D_mean_Pop2 = [0.01072, 0.00788, 0.00744, 0.00744]

[Molecular Coancestry]
Coan_Neb_n_Pop1 = 24.3
Coan_f1_Pop1    = 0.02055
Coan_Neb_n_Pop2 = None
Coan_f1_Pop2    = -0.00617

[Ne Estimates - Temporal - Decreasing critical values (0.050, 0.020, 0.010, 0+)]

[Pollak]
P_Ne     = [3317.6, 3086.6, 3060.1, 3221.7]
P_Fk     = [0.02151, 0.02162, 0.02163, 0.02155]
P_Fprime = [0.00151, 0.00162, 0.00163, 0.00155]

[Nei/Tajima]
N_Ne     = [4080.6, 3722.1, 3667.8, 3857.9]
N_Fc     = [0.02123, 0.02134, 0.02136, 0.0213]
N_Fprime = [0.00123, 0.00134, 0.00136, 0.0013]

[Jorde/Ryman]
J_Ne     = [3146.1, 2812.9, 2781.1, 2781.7]
J_Fs     = [0.02169, 0.02188, 0.0219, 0.0219]
J_Fprime = [0.00159, 0.00178, 0.0018, 0.0018]

[Genetic Diversity - Heterozygosity]
mean_exp_het_pop1 = 0.822
mean_obs_het_pop1 = 0.8238
mean_exp_het_pop2 = 0.8137
mean_obs_het_pop2 = 0.8238

[Genetic Diversity - Allele Counts]
mean_alleles_pop1 = 9.14
var_alleles_pop1  = 3.23
sum_alleles_pop1  = 192
mean_alleles_pop2 = 9.26
var_alleles_pop2  = 3.61
sum_alleles_pop2  = 389

[Genetic Diversity - Allelic Size Variance]
var_allele_size_pop1 = 5.6507
var_allele_size_pop2 = 5.3281

[Per-locus summary - Population 1]
Locus | Num_Alleles | Alleles                                                         | Frequencies                                                                                              | Variance | Obs_Het | Exp_Het
------+-------------+-----------------------------------------------------------------+----------------------------------------------------------------------------------------------------------+----------+---------+--------
1     | 10          | [93, 97, 98, 99, 100, 101, 102, 103, 104, 105]                  | [0.0300, 0.1200, 0.3000, 0.2200, 0.0100, 0.1300, 0.0100, 0.1200, 0.0100, 0.0500]                         | 6.2819   | 0.8200  | 0.8204 
2     | 11          | [95, 96, 97, 98, 99, 100, 101, 102, 103, 104, 105]              | [0.0200, 0.0100, 0.0600, 0.1800, 0.1400, 0.0800, 0.0600, 0.1100, 0.1700, 0.1400, 0.0300]                 | 6.6176   | 0.8800  | 0.8812 
3     | 5           | [98, 99, 100, 101, 102]                                         | [0.2300, 0.2800, 0.2000, 0.2200, 0.0700]                                                                 | 1.5556   | 0.7800  | 0.7832 
4     | 7           | [96, 97, 98, 99, 100, 101, 102]                                 | [0.0400, 0.0700, 0.3600, 0.1600, 0.1300, 0.2300, 0.0100]                                                 | 2.1400   | 0.7400  | 0.7762 
5     | 13          | [98, 99, 100, 101, 102, 103, 104, 105, 106, 107, 108, 109, 110] | [0.0500, 0.0800, 0.1600, 0.1900, 0.0400, 0.1200, 0.0400, 0.0600, 0.1000, 0.0200, 0.1000, 0.0300, 0.0100] | 10.3076  | 0.8800  | 0.8958 
6     | 9           | [98, 99, 100, 101, 102, 103, 104, 105, 106]                     | [0.0200, 0.0300, 0.0900, 0.0500, 0.0200, 0.2000, 0.4500, 0.1300, 0.0100]                                 | 3.0531   | 0.7600  | 0.7356 
7     | 8           | [98, 99, 101, 102, 103, 104, 105, 106]                          | [0.0200, 0.1400, 0.1900, 0.0200, 0.3300, 0.2600, 0.0200, 0.0200]                                         | 3.5500   | 0.8000  | 0.7739 
8     | 9           | [99, 100, 101, 102, 103, 104, 105, 106, 107]                    | [0.0100, 0.0200, 0.0700, 0.2600, 0.0800, 0.2800, 0.1000, 0.1500, 0.0300]                                 | 3.0875   | 0.9000  | 0.8170 
9     | 9           | [95, 96, 97, 98, 99, 100, 101, 102, 103]                        | [0.0600, 0.0600, 0.1000, 0.0100, 0.0600, 0.1900, 0.1900, 0.2200, 0.1100]                                 | 5.5184   | 0.8600  | 0.8549 
10    | 9           | [95, 97, 98, 100, 101, 102, 103, 104, 106]                      | [0.0300, 0.0700, 0.1300, 0.0300, 0.1700, 0.3200, 0.1500, 0.0900, 0.0100]                                 | 5.3764   | 0.8400  | 0.8226 
11    | 8           | [97, 98, 99, 100, 101, 102, 103, 104]                           | [0.0900, 0.2600, 0.0300, 0.1100, 0.1000, 0.1300, 0.2100, 0.0700]                                         | 5.3075   | 0.8000  | 0.8438 
12    | 8           | [98, 99, 100, 101, 102, 103, 104, 106]                          | [0.0200, 0.0100, 0.1100, 0.2500, 0.0700, 0.1500, 0.3300, 0.0600]                                         | 3.3091   | 0.8400  | 0.7929 
13    | 7           | [102, 103, 104, 105, 106, 107, 108]                             | [0.1100, 0.3200, 0.1300, 0.2900, 0.1200, 0.0200, 0.0100]                                                 | 1.8619   | 0.8200  | 0.7774 
14    | 10          | [97, 98, 99, 100, 102, 103, 104, 105, 106, 107]                 | [0.0100, 0.0900, 0.1000, 0.0200, 0.0100, 0.0200, 0.1900, 0.2700, 0.1100, 0.1800]                         | 8.9000   | 0.7600  | 0.8358 
15    | 10          | [94, 95, 96, 97, 99, 100, 101, 102, 103, 104]                   | [0.0100, 0.0500, 0.1400, 0.0200, 0.1600, 0.0600, 0.2300, 0.2000, 0.1200, 0.0100]                         | 6.4564   | 0.8200  | 0.8493 
16    | 11          | [91, 92, 94, 96, 97, 98, 99, 100, 101, 102, 103]                | [0.0300, 0.0500, 0.0200, 0.0100, 0.0400, 0.1100, 0.3500, 0.0800, 0.1800, 0.1100, 0.0200]                 | 7.3364   | 0.7600  | 0.8168 
17    | 11          | [93, 96, 98, 99, 100, 101, 102, 103, 104, 105, 107]             | [0.0500, 0.1100, 0.1700, 0.0600, 0.0700, 0.1900, 0.1100, 0.0400, 0.1400, 0.0400, 0.0200]                 | 10.1024  | 0.9200  | 0.8854 
18    | 11          | [95, 96, 97, 98, 101, 102, 103, 104, 105, 107, 108]             | [0.0100, 0.0900, 0.1500, 0.0100, 0.0100, 0.0100, 0.4100, 0.1400, 0.0700, 0.0900, 0.0100]                 | 11.8600  | 0.7800  | 0.7760 
19    | 8           | [95, 96, 97, 98, 99, 101, 102, 103]                             | [0.0500, 0.2000, 0.1400, 0.2100, 0.0100, 0.0700, 0.2300, 0.0900]                                         | 7.1500   | 0.8400  | 0.8362 
20    | 10          | [98, 99, 100, 101, 102, 103, 104, 105, 106, 108]                | [0.0300, 0.1600, 0.2000, 0.1600, 0.1600, 0.0400, 0.0600, 0.0900, 0.0800, 0.0200]                         | 5.8859   | 0.8800  | 0.8709 
21    | 8           | [93, 94, 95, 96, 97, 98, 99, 100]                               | [0.0100, 0.0100, 0.2300, 0.2300, 0.1800, 0.0500, 0.2100, 0.0800]                                         | 3.0075   | 0.8200  | 0.8168 

[Per-locus summary - Population 2]
Locus | Num_Alleles | Alleles                                                         | Frequencies                                                                                              | Variance | Obs_Het | Exp_Het
------+-------------+-----------------------------------------------------------------+----------------------------------------------------------------------------------------------------------+----------+---------+--------
1     | 9           | [93, 94, 97, 98, 99, 101, 102, 103, 105]                        | [0.0900, 0.0100, 0.1200, 0.2700, 0.2500, 0.0800, 0.0100, 0.1100, 0.0600]                                 | 8.5579   | 0.8400  | 0.8281 
2     | 11          | [95, 96, 97, 98, 99, 100, 101, 102, 103, 104, 105]              | [0.0100, 0.0300, 0.0700, 0.1500, 0.1800, 0.1000, 0.1000, 0.1200, 0.1800, 0.0400, 0.0200]                 | 5.4016   | 0.9000  | 0.8792 
3     | 6           | [97, 98, 99, 100, 101, 102]                                     | [0.0100, 0.1800, 0.3700, 0.1000, 0.2300, 0.1100]                                                         | 1.7539   | 0.7800  | 0.7632 
4     | 6           | [96, 97, 98, 99, 100, 101]                                      | [0.0200, 0.0600, 0.3300, 0.2900, 0.1300, 0.1700]                                                         | 1.5584   | 0.8000  | 0.7649 
5     | 13          | [98, 99, 100, 101, 102, 103, 104, 105, 106, 107, 108, 109, 110] | [0.1200, 0.0800, 0.1400, 0.1600, 0.0500, 0.1000, 0.0200, 0.0900, 0.1100, 0.0400, 0.0500, 0.0200, 0.0200] | 10.9299  | 0.9000  | 0.9051 
6     | 9           | [98, 99, 100, 101, 102, 103, 104, 105, 106]                     | [0.0200, 0.0100, 0.0600, 0.0600, 0.0300, 0.1000, 0.5200, 0.1700, 0.0300]                                 | 2.7096   | 0.6400  | 0.6881 
7     | 9           | [98, 99, 100, 101, 102, 103, 104, 105, 106]                     | [0.0100, 0.1000, 0.0100, 0.0900, 0.0500, 0.4200, 0.2600, 0.0300, 0.0300]                                 | 2.9100   | 0.8000  | 0.7408 
8     | 8           | [100, 101, 102, 103, 104, 105, 106, 107]                        | [0.0100, 0.1000, 0.2400, 0.0400, 0.2700, 0.1100, 0.1900, 0.0400]                                         | 3.2275   | 0.8200  | 0.8162 
9     | 9           | [95, 96, 97, 98, 99, 100, 101, 102, 103]                        | [0.0300, 0.0700, 0.1500, 0.0100, 0.0800, 0.2200, 0.2600, 0.1200, 0.0600]                                 | 4.5300   | 0.9400  | 0.8396 
10    | 7           | [95, 97, 98, 101, 102, 103, 104]                                | [0.0300, 0.0400, 0.0600, 0.3100, 0.2400, 0.2400, 0.0800]                                                 | 3.9864   | 0.7800  | 0.7840 
11    | 8           | [97, 98, 99, 100, 101, 102, 103, 104]                           | [0.0800, 0.3700, 0.0300, 0.0600, 0.0800, 0.1300, 0.2400, 0.0100]                                         | 5.1419   | 0.8600  | 0.7790 
12    | 9           | [98, 99, 100, 101, 102, 103, 104, 105, 106]                     | [0.0300, 0.0300, 0.1700, 0.3000, 0.0200, 0.1900, 0.1900, 0.0200, 0.0500]                                 | 3.6596   | 0.8200  | 0.8119 
13    | 7           | [102, 103, 104, 105, 106, 107, 108]                             | [0.1800, 0.3300, 0.1400, 0.2200, 0.0300, 0.0600, 0.0400]                                                 | 2.5651   | 0.8600  | 0.7925 
14    | 11          | [98, 99, 100, 101, 102, 103, 104, 105, 106, 107, 108]           | [0.0900, 0.0400, 0.0200, 0.0400, 0.0300, 0.0100, 0.2300, 0.2300, 0.1000, 0.2000, 0.0100]                 | 7.6364   | 0.8400  | 0.8398 
15    | 8           | [95, 96, 97, 99, 100, 101, 102, 103]                            | [0.0600, 0.1400, 0.0300, 0.0900, 0.0600, 0.1900, 0.2400, 0.1900]                                         | 6.9200   | 0.7800  | 0.8428 
16    | 10          | [92, 93, 94, 97, 98, 99, 100, 101, 102, 103]                    | [0.0100, 0.0200, 0.0300, 0.0300, 0.2000, 0.3800, 0.0900, 0.1700, 0.0500, 0.0200]                         | 3.8164   | 0.7200  | 0.7812 
17    | 12          | [93, 94, 96, 98, 99, 100, 101, 102, 103, 104, 105, 107]         | [0.0600, 0.0100, 0.0700, 0.1200, 0.0900, 0.0300, 0.2300, 0.1300, 0.1100, 0.1200, 0.0100, 0.0200]         | 9.7200   | 0.7800  | 0.8800 
18    | 9           | [96, 97, 98, 102, 103, 104, 105, 107, 108]                      | [0.1000, 0.1100, 0.0100, 0.0500, 0.3600, 0.1900, 0.0800, 0.0700, 0.0300]                                 | 11.0776  | 0.8400  | 0.8054 
19    | 8           | [96, 97, 98, 99, 100, 101, 102, 103]                            | [0.1800, 0.1100, 0.2100, 0.0200, 0.0200, 0.1100, 0.2400, 0.1100]                                         | 6.4651   | 0.8400  | 0.8372 
20    | 11          | [98, 99, 100, 101, 102, 103, 104, 105, 106, 107, 108]           | [0.0400, 0.2300, 0.1800, 0.0700, 0.1300, 0.0500, 0.1600, 0.0600, 0.0500, 0.0200, 0.0100]                 | 6.2531   | 0.9000  | 0.8652 
21    | 7           | [94, 95, 96, 97, 98, 99, 100]                                   | [0.0400, 0.1300, 0.2000, 0.2100, 0.1000, 0.1800, 0.1400]                                                 | 3.0700   | 0.8600  | 0.8438 
