
[Simulation Info]
simulation_id = sim_0001158
timestamp     = 20250428_075637
seed          = 642136
output_folder = /home/lejeunet/Bureau/simulations/Ref_table/sim_0001158

[Model Parameters]
pop_size           = 71
num_loci           = 20
sample1_generation = 30
sample2_generation = 10
low_repeats        = 1
high_repeats       = 200
mutation_rate      = 0.001
recap_Ne           = 71

[Sampling Design]
sample1_size_Ne  = 50
sample2_size_Ne  = 50
sample1_size_CMR = 50
sample2_size_CMR = 50

[Capture-Marquage-Recapture]
census_N   =  74
MatchCount =  35

[Ne Estimates - One Sample - Decreasing critical values [0.050, 0.020, 0.010, 0+]]

[Linkage Desequilibrium]
LD_Ne_Pop1 = [49.5, 59.2, 366.8, 366.8]
LD_r2_Pop1 = [0.027731, 0.026707, 0.02218, 0.02218]
LD_Ne_Pop2 = [173.2, 147.8, 250.0, 250.0]
LD_r2_Pop2 = [0.023178, 0.023499, 0.022598, 0.022598]

[Heterozygote excess]
HE_Neb_mean_Pop1        = [164.5, 99.3, 108.7, 108.7]
HE_weighted_D_mean_Pop1 = [0.00305, 0.00506, 0.00462, 0.00462]
HE_Neb_mean_Pop2        = [None, None, None, None]
HE_weighted_D_mean_Pop2 = [-0.01085, -0.009, -0.00805, -0.00805]

[Molecular Coancestry]
Coan_Neb_n_Pop1 = None
Coan_f1_Pop1    = -0.02032
Coan_Neb_n_Pop2 = None
Coan_f1_Pop2    = -0.02177

[Ne Estimates - Temporal - Decreasing critical values (0.050, 0.020, 0.010, 0+)]

[Pollak]
P_Ne     = [72.5, 76.6, 80.1, 86.8]
P_Fk     = [0.08899, 0.08529, 0.08241, 0.07761]
P_Fprime = [0.06899, 0.06529, 0.06241, 0.05761]

[Nei/Tajima]
N_Ne     = [75.9, 78.6, 83.0, 91.3]
N_Fc     = [0.08585, 0.08359, 0.08023, 0.07476]
N_Fprime = [0.06585, 0.06359, 0.06023, 0.05476]

[Jorde/Ryman]
J_Ne     = [83.7, 85.9, 86.3, 86.7]
J_Fs     = [0.08071, 0.07919, 0.07889, 0.07862]
J_Fprime = [0.05971, 0.05823, 0.05794, 0.05768]

[Genetic Diversity - Heterozygosity]
mean_exp_het_pop1 = 0.2552
mean_obs_het_pop1 = 0.2576
mean_exp_het_pop2 = 0.2919
mean_obs_het_pop2 = 0.2933

[Genetic Diversity - Allele Counts]
mean_alleles_pop1 = 2.28
var_alleles_pop1  = 0.33
sum_alleles_pop1  = 41
mean_alleles_pop2 = 2.25
var_alleles_pop2  = 0.36
sum_alleles_pop2  = 81

[Genetic Diversity - Allelic Size Variance]
var_allele_size_pop1 = 0.1348
var_allele_size_pop2 = 0.1325

[Per-locus summary - Population 1]
Locus | Num_Alleles | Alleles        | Frequencies              | Variance | Obs_Het | Exp_Het
------+-------------+----------------+--------------------------+----------+---------+--------
1     | 2           | [99, 100]      | [0.0100, 0.9900]         | 0.0099   | 0.0200  | 0.0200 
2     | 2           | [100, 101]     | [0.9700, 0.0300]         | 0.0291   | 0.0600  | 0.0588 
3     | 1           | [100]          | [1.0000]                 | 0.0000   | NA      | NA     
4     | 3           | [99, 100, 101] | [0.0300, 0.8600, 0.1100] | 0.1336   | 0.2400  | 0.2499 
5     | 2           | [99, 100]      | [0.0200, 0.9800]         | 0.0196   | 0.0400  | 0.0396 
6     | 2           | [100, 101]     | [0.8300, 0.1700]         | 0.1411   | 0.3400  | 0.2851 
7     | 2           | [100, 101]     | [0.3000, 0.7000]         | 0.2100   | 0.4000  | 0.4242 
8     | 3           | [99, 100, 101] | [0.0100, 0.9200, 0.0700] | 0.0764   | 0.1200  | 0.1501 
9     | 3           | [99, 100, 101] | [0.2400, 0.4300, 0.3300] | 0.5619   | 0.6600  | 0.6552 
10    | 2           | [100, 101]     | [0.5300, 0.4700]         | 0.2491   | 0.4600  | 0.5032 
11    | 2           | [99, 100]      | [0.5700, 0.4300]         | 0.2451   | 0.5400  | 0.4951 
12    | 2           | [100, 101]     | [0.9700, 0.0300]         | 0.0291   | 0.0600  | 0.0588 
13    | 3           | [99, 100, 101] | [0.0500, 0.9400, 0.0100] | 0.0584   | 0.1200  | 0.1149 
14    | 2           | [99, 100]      | [0.0100, 0.9900]         | 0.0099   | 0.0200  | 0.0200 
15    | 3           | [99, 100, 101] | [0.2700, 0.7000, 0.0300] | 0.2424   | 0.4000  | 0.4406 
16    | 2           | [99, 100]      | [0.2900, 0.7100]         | 0.2059   | 0.4600  | 0.4160 
17    | 2           | [99, 100]      | [0.0700, 0.9300]         | 0.0651   | 0.1400  | 0.1315 
18    | 3           | [99, 100, 101] | [0.0100, 0.8400, 0.1500] | 0.1404   | 0.3000  | 0.2746 

[Per-locus summary - Population 2]
Locus | Num_Alleles | Alleles        | Frequencies              | Variance | Obs_Het | Exp_Het
------+-------------+----------------+--------------------------+----------+---------+--------
1     | 3           | [99, 100, 101] | [0.0500, 0.8700, 0.0800] | 0.1291   | 0.2200  | 0.2366 
2     | 2           | [100, 101]     | [0.8200, 0.1800]         | 0.1476   | 0.3200  | 0.2982 
3     | 2           | [100, 101]     | [0.9900, 0.0100]         | 0.0099   | 0.0200  | 0.0200 
4     | 2           | [100, 101]     | [0.8500, 0.1500]         | 0.1275   | 0.3000  | 0.2576 
5     | 1           | [100]          | [1.0000]                 | 0.0000   | NA      | NA     
6     | 2           | [100, 101]     | [0.9700, 0.0300]         | 0.0291   | 0.0600  | 0.0588 
7     | 2           | [100, 101]     | [0.3600, 0.6400]         | 0.2304   | 0.4400  | 0.4654 
8     | 2           | [100, 101]     | [0.8900, 0.1100]         | 0.0979   | 0.1800  | 0.1978 
9     | 3           | [99, 100, 101] | [0.3900, 0.5400, 0.0700] | 0.3576   | 0.5200  | 0.5570 
10    | 2           | [100, 101]     | [0.4600, 0.5400]         | 0.2484   | 0.6000  | 0.5018 
11    | 3           | [98, 99, 100]  | [0.0300, 0.6400, 0.3300] | 0.2700   | 0.3400  | 0.4854 
12    | 1           | [100]          | [1.0000]                 | 0.0000   | NA      | NA     
13    | 2           | [99, 100]      | [0.0600, 0.9400]         | 0.0564   | 0.0800  | 0.1139 
14    | 1           | [100]          | [1.0000]                 | 0.0000   | NA      | NA     
15    | 3           | [99, 100, 101] | [0.2600, 0.6200, 0.1200] | 0.3604   | 0.6200  | 0.5390 
16    | 2           | [99, 100]      | [0.4300, 0.5700]         | 0.2451   | 0.5400  | 0.4951 
17    | 2           | [99, 100]      | [0.0700, 0.9300]         | 0.0651   | 0.1400  | 0.1315 
18    | 2           | [100, 101]     | [0.9900, 0.0100]         | 0.0099   | 0.0200  | 0.0200 
