
[Simulation Info]
simulation_id = sim_0011536
timestamp     = 20250429_091403
seed          = 275198
output_folder = /home/lejeunet/Bureau/simulations/Ref_table/sim_0011536

[Model Parameters]
pop_size           = 73
num_loci           = 20
sample1_generation = 30
sample2_generation = 10
low_repeats        = 1
high_repeats       = 200
mutation_rate      = 0.001
recap_Ne           = 73

[Sampling Design]
sample1_size_Ne  = 50
sample2_size_Ne  = 50
sample1_size_CMR = 50
sample2_size_CMR = 50

[Capture-Marquage-Recapture]
census_N   =  78
MatchCount =  33

[Ne Estimates - One Sample - Decreasing critical values [0.050, 0.020, 0.010, 0+]]

[Linkage Desequilibrium]
LD_Ne_Pop1 = [163.6, 157.2, 464.2, 464.2]
LD_r2_Pop1 = [0.023288, 0.023368, 0.021991, 0.021991]
LD_Ne_Pop2 = [174.8, 52.9, 54.7, 54.7]
LD_r2_Pop2 = [0.023161, 0.027331, 0.027144, 0.027144]

[Heterozygote excess]
HE_Neb_mean_Pop1        = [14.8, 17.5, 19.0, 19.0]
HE_weighted_D_mean_Pop1 = [0.03491, 0.02938, 0.02703, 0.02703]
HE_Neb_mean_Pop2        = [9.3, 10.4, 10.9, 10.9]
HE_weighted_D_mean_Pop2 = [0.05685, 0.05051, 0.04811, 0.04811]

[Molecular Coancestry]
Coan_Neb_n_Pop1 = 5.7
Coan_f1_Pop1    = 0.08844
Coan_Neb_n_Pop2 = None
Coan_f1_Pop2    = -0.03932

[Ne Estimates - Temporal - Decreasing critical values (0.050, 0.020, 0.010, 0+)]

[Pollak]
P_Ne     = [683.8, 789.0, 509.2, 547.9]
P_Fk     = [0.02731, 0.02634, 0.02982, 0.02913]
P_Fprime = [0.00731, 0.00634, 0.00982, 0.00913]

[Nei/Tajima]
N_Ne     = [623.8, 740.1, 471.3, 515.2]
N_Fc     = [0.02801, 0.02676, 0.03061, 0.02971]
N_Fprime = [0.00801, 0.00676, 0.01061, 0.00971]

[Jorde/Ryman]
J_Ne     = [683.7, 707.9, 655.8, 658.8]
J_Fs     = [0.02743, 0.02718, 0.02774, 0.0277]
J_Fprime = [0.00731, 0.00706, 0.00762, 0.00759]

[Genetic Diversity - Heterozygosity]
mean_exp_het_pop1 = 0.2396
mean_obs_het_pop1 = 0.25
mean_exp_het_pop2 = 0.2966
mean_obs_het_pop2 = 0.32

[Genetic Diversity - Allele Counts]
mean_alleles_pop1 = 2.32
var_alleles_pop1  = 0.34
sum_alleles_pop1  = 44
mean_alleles_pop2 = 2.29
var_alleles_pop2  = 0.43
sum_alleles_pop2  = 87

[Genetic Diversity - Allelic Size Variance]
var_allele_size_pop1 = 0.1265
var_allele_size_pop2 = 0.1312

[Per-locus summary - Population 1]
Locus | Num_Alleles | Alleles         | Frequencies              | Variance | Obs_Het | Exp_Het
------+-------------+-----------------+--------------------------+----------+---------+--------
1     | 3           | [99, 100, 101]  | [0.0100, 0.9700, 0.0200] | 0.0299   | 0.0600  | 0.0592 
2     | 2           | [100, 101]      | [0.9600, 0.0400]         | 0.0384   | 0.0800  | 0.0776 
3     | 2           | [100, 101]      | [0.9200, 0.0800]         | 0.0736   | 0.1600  | 0.1487 
4     | 2           | [99, 100]       | [0.0100, 0.9900]         | 0.0099   | 0.0200  | 0.0200 
5     | 2           | [99, 100]       | [0.0300, 0.9700]         | 0.0291   | 0.0600  | 0.0588 
6     | 2           | [99, 100]       | [0.1000, 0.9000]         | 0.0900   | 0.2000  | 0.1818 
7     | 2           | [100, 101]      | [0.4200, 0.5800]         | 0.2436   | 0.4800  | 0.4921 
8     | 3           | [98, 99, 100]   | [0.0800, 0.4400, 0.4800] | 0.4000   | 0.6000  | 0.5754 
9     | 3           | [99, 100, 101]  | [0.0500, 0.4800, 0.4700] | 0.3436   | 0.5800  | 0.5517 
10    | 2           | [100, 101]      | [0.9800, 0.0200]         | 0.0196   | 0.0400  | 0.0396 
11    | 2           | [99, 100]       | [0.0100, 0.9900]         | 0.0099   | 0.0200  | 0.0200 
12    | 3           | [99, 100, 101]  | [0.0900, 0.8700, 0.0400] | 0.1275   | 0.2200  | 0.2358 
13    | 1           | [100]           | [1.0000]                 | 0.0000   | NA      | NA     
14    | 2           | [100, 101]      | [0.8200, 0.1800]         | 0.1476   | 0.3200  | 0.2982 
15    | 2           | [99, 100]       | [0.6500, 0.3500]         | 0.2275   | 0.5000  | 0.4596 
16    | 2           | [100, 101]      | [0.8400, 0.1600]         | 0.1344   | 0.2800  | 0.2715 
17    | 3           | [99, 100, 101]  | [0.0100, 0.9600, 0.0300] | 0.0396   | 0.0800  | 0.0782 
18    | 3           | [99, 100, 101]  | [0.0700, 0.8600, 0.0700] | 0.1400   | 0.2800  | 0.2531 
19    | 3           | [100, 101, 102] | [0.2700, 0.6600, 0.0700] | 0.3000   | 0.5200  | 0.4915 

[Per-locus summary - Population 2]
Locus | Num_Alleles | Alleles         | Frequencies              | Variance | Obs_Het | Exp_Het
------+-------------+-----------------+--------------------------+----------+---------+--------
1     | 1           | [100]           | [1.0000]                 | 0.0000   | NA      | NA     
2     | 2           | [100, 101]      | [0.9800, 0.0200]         | 0.0196   | 0.0400  | 0.0396 
3     | 2           | [100, 101]      | [0.9400, 0.0600]         | 0.0564   | 0.1200  | 0.1139 
4     | 1           | [100]           | [1.0000]                 | 0.0000   | NA      | NA     
5     | 1           | [100]           | [1.0000]                 | 0.0000   | NA      | NA     
6     | 2           | [99, 100]       | [0.0900, 0.9100]         | 0.0819   | 0.1400  | 0.1655 
7     | 3           | [99, 100, 101]  | [0.0200, 0.3200, 0.6600] | 0.2704   | 0.5200  | 0.4663 
8     | 3           | [98, 99, 100]   | [0.0900, 0.4900, 0.4200] | 0.4011   | 0.6800  | 0.5812 
9     | 3           | [99, 100, 101]  | [0.0400, 0.4500, 0.5100] | 0.3291   | 0.5600  | 0.5412 
10    | 1           | [100]           | [1.0000]                 | 0.0000   | NA      | NA     
11    | 2           | [100, 101]      | [0.9700, 0.0300]         | 0.0291   | 0.0600  | 0.0588 
12    | 3           | [99, 100, 101]  | [0.0400, 0.9300, 0.0300] | 0.0699   | 0.1400  | 0.1339 
13    | 2           | [100, 101]      | [0.9900, 0.0100]         | 0.0099   | 0.0200  | 0.0200 
14    | 2           | [100, 101]      | [0.7400, 0.2600]         | 0.1924   | 0.4000  | 0.3887 
15    | 2           | [99, 100]       | [0.6000, 0.4000]         | 0.2400   | 0.5600  | 0.4849 
16    | 2           | [100, 101]      | [0.7000, 0.3000]         | 0.2100   | 0.5200  | 0.4242 
17    | 2           | [100, 101]      | [0.8800, 0.1200]         | 0.1056   | 0.2000  | 0.2133 
18    | 3           | [99, 100, 101]  | [0.0400, 0.8200, 0.1400] | 0.1700   | 0.3200  | 0.3095 
19    | 3           | [100, 101, 102] | [0.3100, 0.6300, 0.0600] | 0.3075   | 0.5200  | 0.5085 
