
[Simulation Info]
simulation_id = sim_0012092
timestamp     = 20250429_094144
seed          = 374644
output_folder = /home/lejeunet/Bureau/simulations/Ref_table/sim_0012092

[Model Parameters]
pop_size           = 1854
num_loci           = 20
sample1_generation = 30
sample2_generation = 10
low_repeats        = 1
high_repeats       = 200
mutation_rate      = 0.001
recap_Ne           = 1854

[Sampling Design]
sample1_size_Ne  = 50
sample2_size_Ne  = 50
sample1_size_CMR = 50
sample2_size_CMR = 50

[Capture-Marquage-Recapture]
census_N   =  1300
MatchCount =  2

[Ne Estimates - One Sample - Decreasing critical values [0.050, 0.020, 0.010, 0+]]

[Linkage Desequilibrium]
LD_Ne_Pop1 = [None, None, None, None]
LD_r2_Pop1 = [0.020903, 0.021092, 0.02112, 0.02112]
LD_Ne_Pop2 = [420.7, 283.7, 568.2, 568.2]
LD_r2_Pop2 = [0.022064, 0.022442, 0.021861, 0.021861]

[Heterozygote excess]
HE_Neb_mean_Pop1        = [404.8, None, None, None]
HE_weighted_D_mean_Pop1 = [0.00124, -0.00334, -0.00359, -0.00359]
HE_Neb_mean_Pop2        = [None, None, None, None]
HE_weighted_D_mean_Pop2 = [-0.0434, -0.0368, -0.0363, -0.0363]

[Molecular Coancestry]
Coan_Neb_n_Pop1 = None
Coan_f1_Pop1    = -0.01078
Coan_Neb_n_Pop2 = 13.8
Coan_f1_Pop2    = 0.03626

[Ne Estimates - Temporal - Decreasing critical values (0.050, 0.020, 0.010, 0+)]

[Pollak]
P_Ne     = [1354.5, 2018.6, 1983.6, 1880.5]
P_Fk     = [0.02369, 0.02248, 0.02252, 0.02266]
P_Fprime = [0.00369, 0.00248, 0.00252, 0.00266]

[Nei/Tajima]
N_Ne     = [1402.4, 1978.3, 1962.3, 1874.1]
N_Fc     = [0.02357, 0.02253, 0.02255, 0.02267]
N_Fprime = [0.00357, 0.00253, 0.00255, 0.00267]

[Jorde/Ryman]
J_Ne     = [896.8, 871.8, 876.4, 872.6]
J_Fs     = [0.02568, 0.02584, 0.02581, 0.02584]
J_Fprime = [0.00558, 0.00574, 0.00571, 0.00573]

[Genetic Diversity - Heterozygosity]
mean_exp_het_pop1 = 0.7643
mean_obs_het_pop1 = 0.7581
mean_exp_het_pop2 = 0.7701
mean_obs_het_pop2 = 0.7467

[Genetic Diversity - Allele Counts]
mean_alleles_pop1 = 7.67
var_alleles_pop1  = 2.83
sum_alleles_pop1  = 161
mean_alleles_pop2 = 7.88
var_alleles_pop2  = 4.11
sum_alleles_pop2  = 331

[Genetic Diversity - Allelic Size Variance]
var_allele_size_pop1 = 4.4558
var_allele_size_pop2 = 4.5539

[Per-locus summary - Population 1]
Locus | Num_Alleles | Alleles                                            | Frequencies                                                                      | Variance | Obs_Het | Exp_Het
------+-------------+----------------------------------------------------+----------------------------------------------------------------------------------+----------+---------+--------
1     | 5           | [94, 95, 96, 97, 98]                               | [0.0100, 0.0300, 0.4500, 0.3800, 0.1300]                                         | 0.6219   | 0.7000  | 0.6416 
2     | 7           | [98, 99, 100, 101, 102, 103, 104]                  | [0.1200, 0.0500, 0.1000, 0.4300, 0.1800, 0.1100, 0.0100]                         | 2.0731   | 0.7200  | 0.7511 
3     | 7           | [95, 97, 98, 99, 100, 101, 102]                    | [0.0500, 0.2600, 0.4100, 0.1300, 0.0500, 0.0600, 0.0400]                         | 2.1944   | 0.6400  | 0.7447 
4     | 8           | [96, 97, 98, 99, 100, 101, 102, 103]               | [0.0600, 0.0700, 0.1200, 0.2800, 0.1100, 0.0500, 0.2300, 0.0800]                 | 3.9916   | 0.9200  | 0.8331 
5     | 9           | [99, 100, 101, 102, 103, 104, 105, 106, 107]       | [0.0400, 0.0100, 0.3100, 0.1900, 0.0800, 0.1200, 0.1800, 0.0600, 0.0100]         | 3.6100   | 0.8200  | 0.8174 
6     | 9           | [91, 92, 93, 94, 96, 97, 99, 100, 101]             | [0.0100, 0.2500, 0.3900, 0.0700, 0.0200, 0.0200, 0.0700, 0.1600, 0.0100]         | 9.4264   | 0.7200  | 0.7566 
7     | 4           | [96, 97, 98, 99]                                   | [0.0500, 0.4500, 0.4300, 0.0700]                                                 | 0.4896   | 0.6000  | 0.6113 
8     | 9           | [101, 102, 103, 104, 105, 106, 107, 108, 109]      | [0.0900, 0.0300, 0.2900, 0.2600, 0.0700, 0.1500, 0.0500, 0.0400, 0.0200]         | 3.4544   | 0.8400  | 0.8156 
9     | 10          | [100, 101, 102, 103, 104, 105, 106, 107, 108, 109] | [0.1000, 0.2100, 0.1800, 0.2600, 0.0700, 0.1100, 0.0100, 0.0200, 0.0200, 0.0200] | 3.9816   | 0.9000  | 0.8360 
10    | 7           | [98, 99, 100, 101, 103, 104, 105]                  | [0.0600, 0.2600, 0.0400, 0.1500, 0.0900, 0.2700, 0.1300]                         | 5.8971   | 0.8000  | 0.8149 
11    | 5           | [96, 97, 98, 99, 100]                              | [0.0700, 0.1700, 0.5200, 0.2100, 0.0300]                                         | 0.7784   | 0.6200  | 0.6574 
12    | 10          | [92, 93, 94, 95, 96, 97, 99, 100, 101, 102]        | [0.0300, 0.0500, 0.0200, 0.4300, 0.2400, 0.1100, 0.0100, 0.0400, 0.0600, 0.0100] | 4.1336   | 0.8000  | 0.7436 
13    | 6           | [96, 97, 99, 100, 101, 102]                        | [0.0100, 0.1300, 0.0700, 0.2500, 0.5100, 0.0300]                                 | 2.0251   | 0.6000  | 0.6612 
14    | 7           | [98, 99, 100, 101, 102, 103, 104]                  | [0.0300, 0.1100, 0.0300, 0.1500, 0.3000, 0.3400, 0.0400]                         | 2.1824   | 0.7800  | 0.7640 
15    | 10          | [93, 94, 96, 97, 98, 101, 102, 103, 104, 105]      | [0.0100, 0.1000, 0.0100, 0.0500, 0.1900, 0.0800, 0.2300, 0.0600, 0.1700, 0.1000] | 11.7844  | 0.8200  | 0.8580 
16    | 8           | [98, 99, 100, 101, 102, 103, 104, 105]             | [0.0100, 0.2300, 0.1000, 0.2100, 0.2200, 0.0200, 0.1100, 0.1000]                 | 3.8400   | 0.7800  | 0.8303 
17    | 9           | [95, 96, 97, 102, 103, 104, 105, 106, 107]         | [0.0300, 0.2800, 0.0100, 0.0100, 0.0300, 0.2300, 0.2000, 0.1900, 0.0200]         | 18.0899  | 0.8400  | 0.7982 
18    | 7           | [96, 97, 100, 101, 102, 103, 104]                  | [0.0600, 0.0600, 0.0800, 0.3300, 0.4200, 0.0300, 0.0200]                         | 3.2536   | 0.6600  | 0.7069 
19    | 8           | [96, 97, 98, 100, 101, 102, 103, 104]              | [0.0500, 0.1700, 0.1000, 0.0200, 0.2700, 0.1700, 0.1400, 0.0800]                 | 6.0264   | 0.8400  | 0.8388 
20    | 8           | [95, 96, 97, 98, 99, 100, 101, 102]                | [0.0800, 0.3900, 0.3100, 0.0100, 0.0700, 0.0900, 0.0300, 0.0200]                 | 2.7819   | 0.6800  | 0.7384 
21    | 8           | [98, 99, 100, 101, 102, 103, 104, 105]             | [0.0500, 0.0800, 0.2400, 0.1300, 0.1800, 0.2400, 0.0500, 0.0300]                 | 2.9356   | 0.8400  | 0.8315 

[Per-locus summary - Population 2]
Locus | Num_Alleles | Alleles                                                 | Frequencies                                                                                      | Variance | Obs_Het | Exp_Het
------+-------------+---------------------------------------------------------+--------------------------------------------------------------------------------------------------+----------+---------+--------
1     | 5           | [95, 96, 97, 98, 99]                                    | [0.0300, 0.4800, 0.4200, 0.0600, 0.0100]                                                         | 0.4884   | 0.6000  | 0.5946 
2     | 7           | [98, 99, 100, 101, 102, 103, 104]                       | [0.1800, 0.0600, 0.0500, 0.3200, 0.2800, 0.1000, 0.0100]                                         | 2.6400   | 0.8200  | 0.7784 
3     | 7           | [95, 97, 98, 99, 100, 101, 102]                         | [0.0300, 0.3200, 0.4600, 0.0800, 0.0500, 0.0300, 0.0300]                                         | 1.6196   | 0.6600  | 0.6812 
4     | 8           | [96, 97, 98, 99, 100, 101, 102, 103]                    | [0.0700, 0.0600, 0.2200, 0.3200, 0.1100, 0.0100, 0.1500, 0.0600]                                 | 3.4771   | 0.7600  | 0.8105 
5     | 8           | [99, 100, 101, 102, 103, 104, 105, 106]                 | [0.0200, 0.0200, 0.3800, 0.1200, 0.1400, 0.1600, 0.1200, 0.0400]                                 | 2.8900   | 0.9200  | 0.7871 
6     | 8           | [92, 93, 94, 95, 96, 97, 99, 100]                       | [0.1900, 0.3900, 0.1400, 0.0100, 0.0500, 0.0300, 0.0800, 0.1100]                                 | 7.3499   | 0.6800  | 0.7780 
7     | 4           | [96, 97, 98, 99]                                        | [0.0100, 0.4000, 0.5200, 0.0700]                                                                 | 0.3875   | 0.5000  | 0.5703 
8     | 10          | [100, 101, 102, 103, 104, 105, 106, 107, 108, 109]      | [0.0100, 0.1000, 0.0600, 0.3000, 0.2500, 0.0300, 0.1300, 0.0400, 0.0600, 0.0200]                 | 3.9699   | 0.8000  | 0.8186 
9     | 11          | [99, 100, 101, 102, 103, 104, 105, 106, 107, 108, 109]  | [0.0100, 0.1200, 0.1900, 0.2100, 0.1500, 0.0700, 0.1400, 0.0400, 0.0100, 0.0200, 0.0400]         | 5.2804   | 0.8400  | 0.8632 
10    | 8           | [98, 99, 100, 101, 102, 103, 104, 105]                  | [0.0700, 0.2900, 0.0300, 0.1200, 0.0100, 0.1200, 0.2900, 0.0700]                                 | 5.7036   | 0.8800  | 0.8002 
11    | 5           | [96, 97, 98, 99, 100]                                   | [0.1300, 0.2300, 0.3700, 0.1700, 0.1000]                                                         | 1.3056   | 0.7400  | 0.7620 
12    | 8           | [93, 94, 95, 96, 97, 100, 101, 102]                     | [0.0700, 0.0400, 0.4300, 0.1000, 0.1400, 0.0300, 0.1800, 0.0100]                                 | 6.4500   | 0.7600  | 0.7531 
13    | 5           | [97, 99, 100, 101, 102]                                 | [0.2300, 0.1100, 0.1100, 0.5000, 0.0500]                                                         | 2.8400   | 0.6800  | 0.6772 
14    | 6           | [99, 100, 101, 102, 103, 104]                           | [0.0700, 0.0300, 0.2400, 0.2800, 0.3300, 0.0500]                                                 | 1.5136   | 0.7400  | 0.7543 
15    | 12          | [93, 94, 95, 97, 98, 100, 101, 102, 103, 104, 105, 106] | [0.0100, 0.1400, 0.0200, 0.0100, 0.2200, 0.0300, 0.0900, 0.1100, 0.0200, 0.2100, 0.1300, 0.0100] | 14.4864  | 0.6600  | 0.8574 
16    | 8           | [98, 99, 100, 101, 102, 103, 104, 105]                  | [0.0100, 0.1500, 0.1000, 0.2600, 0.2600, 0.0300, 0.1400, 0.0500]                                 | 2.9699   | 0.8000  | 0.8174 
17    | 8           | [95, 96, 102, 103, 104, 105, 106, 107]                  | [0.0200, 0.1800, 0.0100, 0.1000, 0.1900, 0.2900, 0.1900, 0.0200]                                 | 13.4899  | 0.7800  | 0.8085 
18    | 7           | [96, 97, 100, 101, 102, 103, 104]                       | [0.1200, 0.0400, 0.0700, 0.3500, 0.2700, 0.1100, 0.0400]                                         | 4.7316   | 0.7200  | 0.7778 
19    | 9           | [96, 97, 98, 99, 101, 102, 103, 104, 105]               | [0.0800, 0.2100, 0.0800, 0.0100, 0.1100, 0.2700, 0.1200, 0.1100, 0.0100]                         | 7.6356   | 0.7600  | 0.8398 
20    | 8           | [95, 96, 97, 98, 99, 100, 101, 102]                     | [0.1300, 0.3300, 0.2500, 0.0200, 0.1300, 0.1000, 0.0300, 0.0100]                                 | 2.9944   | 0.8000  | 0.7913 
21    | 8           | [98, 99, 100, 101, 102, 103, 104, 105]                  | [0.0500, 0.1000, 0.1900, 0.1000, 0.2300, 0.1900, 0.0800, 0.0600]                                 | 3.4075   | 0.7800  | 0.8509 
