
[Simulation Info]
simulation_id = sim_0007056
timestamp     = 20250428_101248
seed          = 857928
output_folder = /home/lejeunet/Bureau/simulations/Ref_table/sim_0007056

[Model Parameters]
pop_size           = 232
num_loci           = 20
sample1_generation = 30
sample2_generation = 10
low_repeats        = 1
high_repeats       = 200
mutation_rate      = 0.001
recap_Ne           = 232

[Sampling Design]
sample1_size_Ne  = 50
sample2_size_Ne  = 50
sample1_size_CMR = 50
sample2_size_CMR = 50

[Capture-Marquage-Recapture]
census_N   =  433
MatchCount =  6

[Ne Estimates - One Sample - Decreasing critical values [0.050, 0.020, 0.010, 0+]]

[Linkage Desequilibrium]
LD_Ne_Pop1 = [246.5, 1190.3, 239.8, 239.8]
LD_r2_Pop1 = [0.022617, 0.021556, 0.022654, 0.022654]
LD_Ne_Pop2 = [108.3, 94.5, 94.5, 94.5]
LD_r2_Pop2 = [0.024294, 0.024727, 0.024727, 0.024727]

[Heterozygote excess]
HE_Neb_mean_Pop1        = [None, None, None, None]
HE_weighted_D_mean_Pop1 = [-0.00943, -0.00819, -0.00819, -0.00819]
HE_Neb_mean_Pop2        = [None, None, None, None]
HE_weighted_D_mean_Pop2 = [-0.00523, -0.00156, -0.00156, -0.00156]

[Molecular Coancestry]
Coan_Neb_n_Pop1 = 12.4
Coan_f1_Pop1    = 0.04022
Coan_Neb_n_Pop2 = 3.5
Coan_f1_Pop2    = 0.1422

[Ne Estimates - Temporal - Decreasing critical values (0.050, 0.020, 0.010, 0+)]

[Pollak]
P_Ne     = [199.0, 207.2, 207.2, 207.2]
P_Fk     = [0.04513, 0.04413, 0.04413, 0.04413]
P_Fprime = [0.02513, 0.02413, 0.02413, 0.02413]

[Nei/Tajima]
N_Ne     = [212.0, 218.0, 218.0, 218.0]
N_Fc     = [0.04359, 0.04294, 0.04294, 0.04294]
N_Fprime = [0.02359, 0.02294, 0.02294, 0.02294]

[Jorde/Ryman]
J_Ne     = [189.5, 190.2, 190.2, 190.2]
J_Fs     = [0.04665, 0.04656, 0.04656, 0.04656]
J_Fprime = [0.02638, 0.02629, 0.02629, 0.02629]

[Genetic Diversity - Heterozygosity]
mean_exp_het_pop1 = 0.4613
mean_obs_het_pop1 = 0.4552
mean_exp_het_pop2 = 0.4507
mean_obs_het_pop2 = 0.4533

[Genetic Diversity - Allele Counts]
mean_alleles_pop1 = 3.05
var_alleles_pop1  = 0.65
sum_alleles_pop1  = 64
mean_alleles_pop2 = 3.07
var_alleles_pop2  = 0.56
sum_alleles_pop2  = 129

[Genetic Diversity - Allelic Size Variance]
var_allele_size_pop1 = 0.4722
var_allele_size_pop2 = 0.4453

[Per-locus summary - Population 1]
Locus | Num_Alleles | Alleles             | Frequencies                      | Variance | Obs_Het | Exp_Het
------+-------------+---------------------+----------------------------------+----------+---------+--------
1     | 4           | [97, 98, 99, 100]   | [0.1300, 0.2500, 0.2400, 0.3800] | 1.1331   | 0.6800  | 0.7259 
2     | 3           | [99, 100, 101]      | [0.2200, 0.6000, 0.1800]         | 0.3984   | 0.5200  | 0.5648 
3     | 2           | [100, 101]          | [0.4300, 0.5700]                 | 0.2451   | 0.5000  | 0.4951 
4     | 4           | [99, 101, 102, 103] | [0.7400, 0.1300, 0.0100, 0.1200] | 1.9371   | 0.4400  | 0.4253 
5     | 3           | [99, 100, 101]      | [0.0100, 0.5400, 0.4500]         | 0.2664   | 0.6000  | 0.5109 
6     | 2           | [100, 101]          | [0.8200, 0.1800]                 | 0.1476   | 0.3600  | 0.2982 
7     | 4           | [98, 99, 101, 102]  | [0.0800, 0.5900, 0.3100, 0.0200] | 1.1400   | 0.5600  | 0.5545 
8     | 3           | [99, 100, 101]      | [0.2300, 0.7500, 0.0200]         | 0.2059   | 0.3600  | 0.3881 
9     | 3           | [99, 100, 101]      | [0.0100, 0.9600, 0.0300]         | 0.0396   | 0.0800  | 0.0782 
10    | 2           | [99, 100]           | [0.2000, 0.8000]                 | 0.1600   | 0.3200  | 0.3232 
11    | 4           | [99, 100, 101, 102] | [0.1300, 0.4500, 0.3900, 0.0300] | 0.5376   | 0.5200  | 0.6339 
12    | 2           | [100, 101]          | [0.9100, 0.0900]                 | 0.0819   | 0.1800  | 0.1655 
13    | 4           | [99, 100, 101, 102] | [0.2800, 0.1500, 0.4900, 0.0800] | 0.9531   | 0.6600  | 0.6592 
14    | 3           | [99, 100, 101]      | [0.2700, 0.5400, 0.1900]         | 0.4536   | 0.6200  | 0.6055 
15    | 3           | [99, 100, 101]      | [0.0200, 0.7400, 0.2400]         | 0.2116   | 0.4400  | 0.3984 
16    | 4           | [98, 99, 100, 101]  | [0.0700, 0.2200, 0.6900, 0.0200] | 0.4044   | 0.5000  | 0.4749 
17    | 4           | [98, 99, 100, 101]  | [0.0100, 0.7400, 0.1300, 0.1200] | 0.4904   | 0.4400  | 0.4253 
18    | 3           | [99, 100, 101]      | [0.0200, 0.6900, 0.2900]         | 0.2371   | 0.4600  | 0.4438 
19    | 2           | [99, 100]           | [0.6600, 0.3400]                 | 0.2244   | 0.3200  | 0.4533 
20    | 2           | [100, 101]          | [0.5800, 0.4200]                 | 0.2436   | 0.4400  | 0.4921 
21    | 3           | [99, 100, 101]      | [0.1700, 0.5900, 0.2400]         | 0.4051   | 0.5600  | 0.5711 

[Per-locus summary - Population 2]
Locus | Num_Alleles | Alleles             | Frequencies                      | Variance | Obs_Het | Exp_Het
------+-------------+---------------------+----------------------------------+----------+---------+--------
1     | 4           | [97, 98, 99, 100]   | [0.0900, 0.3500, 0.3200, 0.2400] | 0.8659   | 0.7200  | 0.7166 
2     | 3           | [99, 100, 101]      | [0.1300, 0.7900, 0.0800]         | 0.2075   | 0.3200  | 0.3562 
3     | 2           | [100, 101]          | [0.5300, 0.4700]                 | 0.2491   | 0.5400  | 0.5032 
4     | 4           | [99, 101, 102, 103] | [0.7600, 0.1100, 0.0200, 0.1100] | 1.8616   | 0.4600  | 0.4018 
5     | 4           | [99, 100, 101, 102] | [0.0500, 0.4700, 0.4600, 0.0200] | 0.3875   | 0.5200  | 0.5703 
6     | 2           | [100, 101]          | [0.7700, 0.2300]                 | 0.1771   | 0.3000  | 0.3578 
7     | 4           | [98, 99, 101, 102]  | [0.0300, 0.5800, 0.3400, 0.0500] | 1.2000   | 0.5200  | 0.5501 
8     | 3           | [99, 100, 101]      | [0.1500, 0.7900, 0.0600]         | 0.2019   | 0.4000  | 0.3533 
9     | 3           | [99, 100, 101]      | [0.0500, 0.9300, 0.0200]         | 0.0691   | 0.1400  | 0.1335 
10    | 2           | [99, 100]           | [0.2300, 0.7700]                 | 0.1771   | 0.3400  | 0.3578 
11    | 3           | [99, 100, 101]      | [0.0400, 0.5300, 0.4300]         | 0.3179   | 0.5200  | 0.5380 
12    | 3           | [99, 100, 101]      | [0.0200, 0.9500, 0.0300]         | 0.0499   | 0.0800  | 0.0972 
13    | 4           | [99, 100, 101, 102] | [0.3600, 0.0900, 0.4300, 0.1200] | 1.1739   | 0.6400  | 0.6697 
14    | 3           | [99, 100, 101]      | [0.1900, 0.6800, 0.1300]         | 0.3164   | 0.4600  | 0.4895 
15    | 2           | [100, 101]          | [0.6400, 0.3600]                 | 0.2304   | 0.5200  | 0.4654 
16    | 3           | [98, 99, 100]       | [0.1200, 0.4000, 0.4800]         | 0.4704   | 0.7600  | 0.6012 
17    | 3           | [99, 100, 101]      | [0.7600, 0.1600, 0.0800]         | 0.3776   | 0.4000  | 0.3943 
18    | 2           | [100, 101]          | [0.5800, 0.4200]                 | 0.2436   | 0.4400  | 0.4921 
19    | 2           | [99, 100]           | [0.5500, 0.4500]                 | 0.2475   | 0.4600  | 0.5000 
20    | 3           | [99, 100, 101]      | [0.0400, 0.7200, 0.2400]         | 0.2400   | 0.4800  | 0.4267 
21    | 3           | [99, 100, 101]      | [0.0500, 0.6500, 0.3000]         | 0.2875   | 0.5000  | 0.4899 
