
[Simulation Info]
simulation_id = sim_0000813
timestamp     = 20250428_074934
seed          = 284696
output_folder = /home/lejeunet/Bureau/simulations/Ref_table/sim_0000813

[Model Parameters]
pop_size           = 9573
num_loci           = 20
sample1_generation = 30
sample2_generation = 10
low_repeats        = 1
high_repeats       = 200
mutation_rate      = 0.001
recap_Ne           = 9573

[Sampling Design]
sample1_size_Ne  = 50
sample2_size_Ne  = 50
sample1_size_CMR = 50
sample2_size_CMR = 50

[Capture-Marquage-Recapture]
census_N   =  0
MatchCount =  0
# There were no match between sampling of individuals during CMR.

[Ne Estimates - One Sample - Decreasing critical values [0.050, 0.020, 0.010, 0+]]

[Linkage Desequilibrium]
LD_Ne_Pop1 = [6352.3, None, None, None]
LD_r2_Pop1 = [0.021328, 0.02124, 0.021202, 0.021202]
LD_Ne_Pop2 = [760.7, 1048.1, 1312.8, 1312.8]
LD_r2_Pop2 = [0.021713, 0.021593, 0.02153, 0.02153]

[Heterozygote excess]
HE_Neb_mean_Pop1        = [331.4, 158.3, 259.9, 259.9]
HE_weighted_D_mean_Pop1 = [0.00151, 0.00317, 0.00193, 0.00193]
HE_Neb_mean_Pop2        = [30.3, 87.0, 106.0, 106.0]
HE_weighted_D_mean_Pop2 = [0.01679, 0.00578, 0.00474, 0.00474]

[Molecular Coancestry]
Coan_Neb_n_Pop1 = 115.4
Coan_f1_Pop1    = 0.00433
Coan_Neb_n_Pop2 = 49.8
Coan_f1_Pop2    = 0.01004

[Ne Estimates - Temporal - Decreasing critical values (0.050, 0.020, 0.010, 0+)]

[Pollak]
P_Ne     = [2455.1, 2804.4, 1754.2, 1841.4]
P_Fk     = [0.02204, 0.02178, 0.02285, 0.02272]
P_Fprime = [0.00204, 0.00178, 0.00285, 0.00272]

[Nei/Tajima]
N_Ne     = [2883.4, 3278.1, 1971.5, 2065.7]
N_Fc     = [0.02173, 0.02153, 0.02254, 0.02242]
N_Fprime = [0.00173, 0.00153, 0.00254, 0.00242]

[Jorde/Ryman]
J_Ne     = [2298.9, 2200.1, 1818.7, 1819.4]
J_Fs     = [0.02228, 0.02237, 0.02285, 0.02285]
J_Fprime = [0.00217, 0.00227, 0.00275, 0.00275]

[Genetic Diversity - Heterozygosity]
mean_exp_het_pop1 = 0.8917
mean_obs_het_pop1 = 0.8981
mean_exp_het_pop2 = 0.894
mean_obs_het_pop2 = 0.9095

[Genetic Diversity - Allele Counts]
mean_alleles_pop1 = 14.38
var_alleles_pop1  = 8.05
sum_alleles_pop1  = 302
mean_alleles_pop2 = 14.81
var_alleles_pop2  = 8.65
sum_alleles_pop2  = 622

[Genetic Diversity - Allelic Size Variance]
var_allele_size_pop1 = 20.2897
var_allele_size_pop2 = 18.9149

[Per-locus summary - Population 1]
Locus | Num_Alleles | Alleles                                                                                  | Frequencies                                                                                                                                              | Variance | Obs_Het | Exp_Het
------+-------------+------------------------------------------------------------------------------------------+----------------------------------------------------------------------------------------------------------------------------------------------------------+----------+---------+--------
1     | 11          | [99, 100, 103, 104, 105, 106, 107, 108, 109, 110, 111]                                   | [0.0100, 0.0200, 0.0700, 0.1400, 0.1300, 0.0600, 0.2400, 0.1200, 0.0200, 0.1700, 0.0200]                                                                 | 6.3899   | 0.8600  | 0.8614 
2     | 16          | [90, 91, 92, 93, 94, 95, 96, 97, 98, 99, 100, 101, 102, 103, 104, 105]                   | [0.0600, 0.1000, 0.1100, 0.0400, 0.1000, 0.0100, 0.1000, 0.2000, 0.1400, 0.0400, 0.0100, 0.0100, 0.0400, 0.0200, 0.0100, 0.0100]                         | 12.4379  | 0.8000  | 0.8980 
3     | 18          | [88, 90, 91, 92, 93, 94, 95, 96, 97, 98, 99, 100, 101, 102, 103, 104, 105, 106]          | [0.0200, 0.1100, 0.1800, 0.0300, 0.0200, 0.0500, 0.0800, 0.0200, 0.0100, 0.1400, 0.0700, 0.0200, 0.0900, 0.0300, 0.0300, 0.0200, 0.0500, 0.0300]         | 25.2675  | 0.9000  | 0.9150 
4     | 17          | [91, 92, 93, 94, 95, 96, 97, 98, 99, 100, 102, 103, 104, 105, 106, 107, 108]             | [0.0300, 0.0500, 0.1100, 0.0400, 0.0800, 0.0100, 0.0200, 0.0300, 0.0500, 0.0900, 0.0500, 0.1400, 0.0400, 0.0900, 0.0900, 0.0500, 0.0300]                 | 26.9291  | 0.8800  | 0.9305 
5     | 15          | [92, 93, 94, 95, 96, 97, 98, 99, 100, 101, 102, 103, 105, 106, 107]                      | [0.0100, 0.0200, 0.0400, 0.1400, 0.0400, 0.0800, 0.0200, 0.0600, 0.2200, 0.1900, 0.0200, 0.1200, 0.0200, 0.0100, 0.0100]                                 | 10.0544  | 0.9000  | 0.8751 
6     | 13          | [97, 98, 99, 100, 101, 102, 103, 104, 105, 106, 107, 110, 114]                           | [0.0700, 0.0100, 0.0600, 0.2100, 0.0200, 0.0400, 0.0300, 0.1800, 0.1000, 0.1900, 0.0500, 0.0100, 0.0300]                                                 | 12.9331  | 0.9200  | 0.8711 
7     | 11          | [97, 98, 99, 100, 101, 102, 104, 105, 106, 107, 108]                                     | [0.0100, 0.1400, 0.1200, 0.0800, 0.1600, 0.0100, 0.0100, 0.1400, 0.0700, 0.2300, 0.0300]                                                                 | 12.7224  | 0.9400  | 0.8640 
8     | 13          | [86, 87, 88, 89, 90, 91, 92, 93, 94, 95, 96, 97, 100]                                    | [0.0300, 0.1000, 0.1600, 0.2000, 0.0600, 0.1000, 0.0300, 0.0700, 0.0300, 0.1300, 0.0600, 0.0100, 0.0200]                                                 | 10.7611  | 0.8400  | 0.8911 
9     | 14          | [89, 90, 91, 92, 93, 94, 95, 96, 107, 108, 109, 110, 111, 112]                           | [0.0200, 0.0100, 0.1400, 0.0700, 0.1000, 0.1300, 0.1100, 0.0800, 0.0300, 0.0200, 0.0200, 0.0700, 0.1400, 0.0600]                                         | 68.8396  | 0.9000  | 0.9089 
10    | 10          | [92, 93, 94, 95, 96, 97, 98, 99, 100, 101]                                               | [0.0600, 0.0800, 0.0900, 0.1800, 0.1900, 0.0300, 0.0400, 0.1800, 0.1300, 0.0200]                                                                         | 6.4251   | 0.8600  | 0.8699 
11    | 16          | [98, 99, 100, 101, 102, 103, 104, 105, 106, 107, 108, 109, 110, 111, 115, 116]           | [0.0400, 0.0500, 0.0100, 0.0200, 0.1000, 0.0800, 0.1600, 0.2200, 0.0400, 0.0100, 0.0500, 0.0100, 0.0900, 0.0600, 0.0400, 0.0200]                         | 17.1075  | 0.9200  | 0.8960 
12    | 19          | [91, 92, 93, 94, 95, 98, 99, 100, 101, 102, 103, 104, 105, 106, 107, 108, 109, 110, 111] | [0.0800, 0.0700, 0.0200, 0.0300, 0.0100, 0.0100, 0.0300, 0.0300, 0.0600, 0.0700, 0.0800, 0.1300, 0.1000, 0.0100, 0.0200, 0.0400, 0.0900, 0.1100, 0.0100] | 37.0900  | 0.9400  | 0.9305 
13    | 14          | [97, 98, 99, 100, 101, 102, 103, 104, 107, 109, 110, 111, 112, 113]                      | [0.0400, 0.0800, 0.2200, 0.1700, 0.1900, 0.0400, 0.0500, 0.0100, 0.1000, 0.0100, 0.0100, 0.0600, 0.0100, 0.0100]                                         | 15.8624  | 0.8800  | 0.8691 
14    | 18          | [95, 96, 97, 98, 99, 100, 101, 102, 103, 104, 105, 106, 107, 108, 109, 110, 112, 113]    | [0.0500, 0.0500, 0.0600, 0.0600, 0.0800, 0.1000, 0.0900, 0.0300, 0.0300, 0.0600, 0.0600, 0.0600, 0.0100, 0.0200, 0.1200, 0.0200, 0.0800, 0.0200]         | 27.1584  | 0.9200  | 0.9380 
15    | 13          | [96, 97, 98, 99, 100, 101, 104, 105, 106, 107, 108, 109, 110]                            | [0.0100, 0.0300, 0.1500, 0.0100, 0.0500, 0.0400, 0.0200, 0.0800, 0.1600, 0.1400, 0.1500, 0.1100, 0.0500]                                                 | 17.3459  | 0.9600  | 0.8921 
16    | 12          | [97, 98, 99, 100, 101, 102, 103, 104, 105, 106, 107, 108]                                | [0.0300, 0.1400, 0.0300, 0.0700, 0.1000, 0.0400, 0.2300, 0.1300, 0.1300, 0.0800, 0.0100, 0.0100]                                                         | 7.3771   | 0.8600  | 0.8776 
17    | 13          | [85, 86, 87, 88, 89, 90, 91, 92, 93, 94, 96, 98, 101]                                    | [0.1000, 0.0100, 0.0300, 0.1300, 0.1500, 0.0900, 0.1800, 0.1800, 0.0400, 0.0100, 0.0100, 0.0200, 0.0500]                                                 | 12.5251  | 0.9400  | 0.8808 
18    | 11          | [97, 99, 100, 101, 102, 103, 104, 105, 106, 107, 109]                                    | [0.0400, 0.0200, 0.0500, 0.1100, 0.1200, 0.2100, 0.1400, 0.1900, 0.0600, 0.0100, 0.0500]                                                                 | 6.1171   | 0.8600  | 0.8717 
19    | 17          | [92, 93, 94, 95, 96, 97, 98, 99, 100, 101, 102, 107, 108, 109, 110, 111, 112]            | [0.0200, 0.0600, 0.0300, 0.0100, 0.0600, 0.0800, 0.1100, 0.2000, 0.0600, 0.0700, 0.0200, 0.0100, 0.0300, 0.0900, 0.0900, 0.0500, 0.0100]                 | 33.0219  | 0.9400  | 0.9133 
20    | 19          | [85, 86, 87, 88, 89, 90, 91, 92, 93, 94, 95, 96, 99, 100, 104, 106, 107, 108, 109]       | [0.0100, 0.0500, 0.0200, 0.0300, 0.1600, 0.0900, 0.0900, 0.0300, 0.0400, 0.1300, 0.0600, 0.0300, 0.0100, 0.0100, 0.0600, 0.0100, 0.0200, 0.1300, 0.0200] | 53.0899  | 0.9200  | 0.9180 
21    | 12          | [92, 93, 94, 95, 96, 97, 98, 99, 100, 101, 103, 105]                                     | [0.0100, 0.0300, 0.1000, 0.1400, 0.2000, 0.0900, 0.2600, 0.0700, 0.0200, 0.0100, 0.0400, 0.0300]                                                         | 6.6291   | 0.9200  | 0.8543 

[Per-locus summary - Population 2]
Locus | Num_Alleles | Alleles                                                                                   | Frequencies                                                                                                                                              | Variance | Obs_Het | Exp_Het
------+-------------+-------------------------------------------------------------------------------------------+----------------------------------------------------------------------------------------------------------------------------------------------------------+----------+---------+--------
1     | 11          | [100, 102, 103, 104, 105, 106, 107, 108, 109, 110, 111]                                   | [0.0100, 0.0100, 0.0700, 0.0900, 0.1100, 0.1400, 0.3000, 0.0900, 0.0600, 0.1100, 0.0100]                                                                 | 4.5275   | 0.9200  | 0.8497 
2     | 14          | [90, 91, 92, 93, 94, 95, 96, 97, 98, 99, 100, 102, 103, 104]                              | [0.0600, 0.0900, 0.0500, 0.0800, 0.0700, 0.0600, 0.0700, 0.2900, 0.0800, 0.0800, 0.0100, 0.0100, 0.0300, 0.0200]                                         | 10.7859  | 0.9200  | 0.8764 
3     | 18          | [88, 89, 90, 91, 92, 93, 94, 95, 96, 97, 98, 99, 100, 101, 102, 103, 104, 105]            | [0.0100, 0.0300, 0.0700, 0.1100, 0.0800, 0.0400, 0.1000, 0.0700, 0.0200, 0.0300, 0.1700, 0.0400, 0.0300, 0.0200, 0.0700, 0.0100, 0.0100, 0.0900]         | 22.4656  | 0.8800  | 0.9220 
4     | 18          | [91, 92, 93, 94, 95, 96, 97, 98, 99, 100, 101, 102, 103, 104, 105, 106, 107, 108]         | [0.0100, 0.0200, 0.1100, 0.0600, 0.0700, 0.0100, 0.0500, 0.0100, 0.0500, 0.0500, 0.0100, 0.0500, 0.1600, 0.0900, 0.1100, 0.1000, 0.0200, 0.0200]         | 23.6219  | 0.9800  | 0.9212 
5     | 16          | [92, 93, 94, 95, 96, 97, 98, 99, 100, 101, 102, 103, 104, 105, 106, 107]                  | [0.0200, 0.0500, 0.0400, 0.0600, 0.0500, 0.1100, 0.0400, 0.0400, 0.1600, 0.1700, 0.0200, 0.1200, 0.0300, 0.0500, 0.0300, 0.0100]                         | 13.0299  | 0.9200  | 0.9095 
6     | 14          | [97, 98, 99, 100, 101, 102, 103, 104, 105, 106, 107, 109, 110, 115]                       | [0.0700, 0.0400, 0.1800, 0.1500, 0.0100, 0.0300, 0.0700, 0.1400, 0.1000, 0.1600, 0.0200, 0.0100, 0.0100, 0.0100]                                         | 11.9339  | 0.9000  | 0.8857 
7     | 11          | [97, 98, 99, 100, 101, 102, 104, 105, 106, 107, 108]                                      | [0.0200, 0.0600, 0.1700, 0.0800, 0.1000, 0.0700, 0.0400, 0.1300, 0.1000, 0.1500, 0.0800]                                                                 | 11.9899  | 0.9000  | 0.8974 
8     | 12          | [85, 86, 87, 88, 89, 90, 91, 92, 93, 94, 95, 96]                                          | [0.0100, 0.0600, 0.2100, 0.1900, 0.1600, 0.0900, 0.0500, 0.0300, 0.0400, 0.0400, 0.0800, 0.0400]                                                         | 8.4451   | 0.8600  | 0.8766 
9     | 13          | [90, 91, 92, 93, 94, 95, 96, 97, 108, 109, 110, 111, 112]                                 | [0.0700, 0.1900, 0.1300, 0.1400, 0.0600, 0.0900, 0.0600, 0.0100, 0.0100, 0.0300, 0.0400, 0.1400, 0.0300]                                                 | 63.1804  | 0.8800  | 0.8929 
10    | 11          | [92, 93, 94, 95, 96, 97, 98, 99, 100, 101, 102]                                           | [0.0800, 0.0300, 0.1000, 0.2600, 0.1500, 0.0100, 0.0700, 0.1500, 0.0900, 0.0200, 0.0400]                                                                 | 7.0451   | 0.8800  | 0.8636 
11    | 15          | [99, 100, 101, 102, 103, 104, 105, 106, 107, 108, 109, 110, 111, 115, 116]                | [0.0400, 0.0500, 0.0300, 0.0700, 0.1800, 0.1700, 0.1900, 0.0300, 0.0300, 0.0400, 0.0400, 0.0100, 0.0500, 0.0300, 0.0400]                                 | 15.7179  | 0.8800  | 0.8915 
12    | 19          | [91, 92, 93, 95, 96, 98, 99, 100, 101, 102, 103, 104, 105, 106, 107, 108, 109, 110, 111]  | [0.0200, 0.0500, 0.0300, 0.0200, 0.0300, 0.0100, 0.0200, 0.0800, 0.0800, 0.0900, 0.0100, 0.1300, 0.0700, 0.0600, 0.0200, 0.0400, 0.1200, 0.0800, 0.0400] | 29.3875  | 0.8800  | 0.9329 
13    | 13          | [96, 97, 98, 99, 100, 101, 102, 103, 104, 106, 107, 111, 112]                             | [0.0100, 0.0100, 0.2000, 0.2300, 0.0900, 0.1800, 0.0700, 0.0500, 0.0200, 0.0300, 0.0500, 0.0200, 0.0400]                                                 | 13.0536  | 0.9400  | 0.8618 
14    | 19          | [94, 95, 96, 97, 98, 99, 100, 101, 102, 103, 104, 105, 106, 107, 108, 109, 110, 111, 112] | [0.0100, 0.0400, 0.0600, 0.0500, 0.0800, 0.0800, 0.0600, 0.0400, 0.0700, 0.0300, 0.0300, 0.0700, 0.0800, 0.0700, 0.0400, 0.0700, 0.0300, 0.0300, 0.0600] | 26.0656  | 0.9200  | 0.9489 
15    | 12          | [96, 97, 98, 99, 100, 101, 105, 106, 107, 108, 109, 110]                                  | [0.0200, 0.0300, 0.1500, 0.0100, 0.0300, 0.0600, 0.1200, 0.1000, 0.1600, 0.1900, 0.1000, 0.0300]                                                         | 17.6156  | 0.9400  | 0.8834 
16    | 12          | [98, 99, 100, 101, 102, 103, 104, 105, 106, 108, 109, 110]                                | [0.0900, 0.0700, 0.1200, 0.1000, 0.0400, 0.1700, 0.1100, 0.1300, 0.1300, 0.0200, 0.0100, 0.0100]                                                         | 7.9244   | 0.9200  | 0.8945 
17    | 13          | [85, 86, 87, 88, 89, 90, 91, 92, 93, 94, 96, 98, 101]                                     | [0.0900, 0.0500, 0.0500, 0.1800, 0.1000, 0.0500, 0.2200, 0.1800, 0.0400, 0.0100, 0.0100, 0.0100, 0.0100]                                                 | 7.9171   | 0.9000  | 0.8679 
18    | 12          | [94, 97, 99, 100, 101, 102, 103, 104, 105, 106, 107, 109]                                 | [0.0100, 0.0500, 0.0200, 0.0700, 0.1600, 0.0900, 0.2200, 0.0800, 0.1700, 0.0500, 0.0100, 0.0700]                                                         | 8.1764   | 0.8600  | 0.8760 
19    | 14          | [92, 93, 94, 96, 97, 98, 99, 100, 101, 108, 109, 110, 111, 112]                           | [0.0500, 0.0700, 0.0200, 0.1200, 0.0900, 0.0700, 0.1400, 0.1300, 0.0500, 0.0400, 0.0800, 0.1000, 0.0200, 0.0200]                                         | 34.6299  | 0.9200  | 0.9162 
20    | 18          | [86, 88, 89, 90, 91, 92, 93, 94, 95, 96, 97, 100, 101, 104, 106, 108, 109, 110]           | [0.0400, 0.1300, 0.1000, 0.1000, 0.1200, 0.0300, 0.0200, 0.1000, 0.0400, 0.0400, 0.0200, 0.0300, 0.0300, 0.0600, 0.0100, 0.0600, 0.0200, 0.0500]         | 51.3659  | 0.9800  | 0.9295 
21    | 13          | [93, 94, 95, 96, 97, 98, 99, 100, 101, 102, 103, 104, 105]                                | [0.0300, 0.1800, 0.2200, 0.1500, 0.0900, 0.1000, 0.0700, 0.0100, 0.0500, 0.0300, 0.0400, 0.0100, 0.0200]                                                 | 8.3344   | 0.9200  | 0.8760 
