
[Simulation Info]
simulation_id = sim_0001695
timestamp     = 20250428_080801
seed          = 98550
output_folder = /home/lejeunet/Bureau/simulations/Ref_table/sim_0001695

[Model Parameters]
pop_size           = 2528
num_loci           = 20
sample1_generation = 30
sample2_generation = 10
low_repeats        = 1
high_repeats       = 200
mutation_rate      = 0.001
recap_Ne           = 2528

[Sampling Design]
sample1_size_Ne  = 50
sample2_size_Ne  = 50
sample1_size_CMR = 50
sample2_size_CMR = 50

[Capture-Marquage-Recapture]
census_N   =  1300
MatchCount =  2

[Ne Estimates - One Sample - Decreasing critical values [0.050, 0.020, 0.010, 0+]]

[Linkage Desequilibrium]
LD_Ne_Pop1 = [None, None, None, None]
LD_r2_Pop1 = [0.0211, 0.021092, 0.021087, 0.021087]
LD_Ne_Pop2 = [None, None, None, None]
LD_r2_Pop2 = [0.020657, 0.020914, 0.020912, 0.020912]

[Heterozygote excess]
HE_Neb_mean_Pop1        = [31.5, 36.3, 37.0, 37.0]
HE_weighted_D_mean_Pop1 = [0.01614, 0.01395, 0.0137, 0.0137]
HE_Neb_mean_Pop2        = [117.9, 590.2, 6153.3, 6153.3]
HE_weighted_D_mean_Pop2 = [0.00426, 0.00085, 8e-05, 8e-05]

[Molecular Coancestry]
Coan_Neb_n_Pop1 = 19.0
Coan_f1_Pop1    = 0.02626
Coan_Neb_n_Pop2 = None
Coan_f1_Pop2    = -0.0102

[Ne Estimates - Temporal - Decreasing critical values (0.050, 0.020, 0.010, 0+)]

[Pollak]
P_Ne     = [-3546.2, -3946.2, -4796.5, -3649.3]
P_Fk     = [0.01859, 0.01873, 0.01896, 0.01863]
P_Fprime = [-0.00141, -0.00127, -0.00104, -0.00137]

[Nei/Tajima]
N_Ne     = [-3348.9, -3590.8, -4169.2, -3363.6]
N_Fc     = [0.01851, 0.01861, 0.0188, 0.01851]
N_Fprime = [-0.00149, -0.00139, -0.0012, -0.00149]

[Jorde/Ryman]
J_Ne     = [-12312.6, -8940.1, -9019.3, -8474.4]
J_Fs     = [0.01969, 0.01954, 0.01955, 0.01951]
J_Fprime = [-0.00041, -0.00056, -0.00055, -0.00059]

[Genetic Diversity - Heterozygosity]
mean_exp_het_pop1 = 0.8191
mean_obs_het_pop1 = 0.8295
mean_exp_het_pop2 = 0.8167
mean_obs_het_pop2 = 0.8105

[Genetic Diversity - Allele Counts]
mean_alleles_pop1 = 8.48
var_alleles_pop1  = 3.16
sum_alleles_pop1  = 178
mean_alleles_pop2 = 9.29
var_alleles_pop2  = 4.11
sum_alleles_pop2  = 390

[Genetic Diversity - Allelic Size Variance]
var_allele_size_pop1 = 12.3402
var_allele_size_pop2 = 12.2818

[Per-locus summary - Population 1]
Locus | Num_Alleles | Alleles                                                | Frequencies                                                                                      | Variance | Obs_Het | Exp_Het
------+-------------+--------------------------------------------------------+--------------------------------------------------------------------------------------------------+----------+---------+--------
1     | 8           | [99, 100, 101, 102, 103, 104, 105, 106]                | [0.1600, 0.1500, 0.1300, 0.1500, 0.1100, 0.1200, 0.1100, 0.0700]                                 | 4.8675   | 0.9600  | 0.8778 
2     | 6           | [93, 94, 95, 96, 97, 98]                               | [0.0600, 0.0300, 0.1400, 0.1600, 0.4500, 0.1600]                                                 | 1.7379   | 0.6600  | 0.7295 
3     | 11          | [88, 90, 91, 92, 93, 96, 97, 98, 99, 100, 101]         | [0.0200, 0.0200, 0.1200, 0.2400, 0.1000, 0.0200, 0.0900, 0.1500, 0.1000, 0.1300, 0.0100]         | 12.8856  | 0.9000  | 0.8679 
4     | 9           | [97, 98, 99, 100, 101, 102, 104, 105, 106]             | [0.1800, 0.0900, 0.0300, 0.2400, 0.1100, 0.0400, 0.0100, 0.1300, 0.1700]                         | 10.4875  | 0.9000  | 0.8499 
5     | 7           | [99, 100, 101, 102, 103, 104, 105]                     | [0.2800, 0.0800, 0.2100, 0.2500, 0.0600, 0.0900, 0.0300]                                         | 2.9656   | 0.8600  | 0.8040 
6     | 6           | [97, 98, 99, 100, 101, 102]                            | [0.0500, 0.1000, 0.2300, 0.2500, 0.2600, 0.1100]                                                 | 1.7700   | 0.8200  | 0.8004 
7     | 8           | [96, 97, 98, 99, 100, 101, 102, 104]                   | [0.0900, 0.0600, 0.0800, 0.1300, 0.3700, 0.1400, 0.1000, 0.0300]                                 | 3.3131   | 0.7600  | 0.8057 
8     | 7           | [97, 98, 99, 100, 101, 102, 103]                       | [0.0600, 0.0300, 0.4800, 0.2000, 0.1500, 0.0600, 0.0200]                                         | 1.5579   | 0.6600  | 0.7057 
9     | 8           | [101, 102, 103, 104, 105, 106, 107, 108]               | [0.0100, 0.1500, 0.1800, 0.1400, 0.3500, 0.0400, 0.1100, 0.0200]                                 | 2.5811   | 0.8200  | 0.7968 
10    | 8           | [101, 102, 103, 104, 105, 106, 107, 108]               | [0.0100, 0.0100, 0.0400, 0.0600, 0.3200, 0.0900, 0.2700, 0.2000]                                 | 2.3996   | 0.8400  | 0.7790 
11    | 8           | [95, 96, 97, 98, 100, 108, 110, 111]                   | [0.0400, 0.2200, 0.1100, 0.1500, 0.0300, 0.1800, 0.1200, 0.1500]                                 | 41.1236  | 0.8200  | 0.8537 
12    | 10          | [98, 99, 100, 101, 102, 103, 104, 105, 106, 107]       | [0.0500, 0.0500, 0.1900, 0.2600, 0.2000, 0.0200, 0.0100, 0.0900, 0.0900, 0.0400]                 | 5.5656   | 0.8200  | 0.8414 
13    | 9           | [93, 94, 95, 99, 102, 103, 104, 105, 106]              | [0.0100, 0.4400, 0.0700, 0.0200, 0.0400, 0.0900, 0.2100, 0.0600, 0.0600]                         | 24.5771  | 0.8600  | 0.7475 
14    | 7           | [96, 97, 98, 99, 100, 101, 102]                        | [0.0400, 0.0900, 0.2200, 0.1200, 0.2600, 0.2000, 0.0700]                                         | 2.5075   | 0.7800  | 0.8232 
15    | 8           | [92, 93, 94, 95, 103, 104, 105, 106]                   | [0.0100, 0.1200, 0.1700, 0.1300, 0.0400, 0.2600, 0.2600, 0.0100]                                 | 27.2651  | 0.8000  | 0.8109 
16    | 10          | [91, 92, 93, 94, 95, 101, 102, 103, 104, 105]          | [0.0600, 0.0300, 0.1500, 0.0500, 0.0300, 0.1800, 0.1600, 0.2400, 0.0500, 0.0500]                 | 21.3379  | 0.9000  | 0.8576 
17    | 12          | [90, 91, 92, 93, 94, 95, 102, 103, 104, 105, 106, 107] | [0.0300, 0.1800, 0.0100, 0.1300, 0.0700, 0.0300, 0.0400, 0.2200, 0.1200, 0.0200, 0.0300, 0.1200] | 38.0804  | 0.8600  | 0.8725 
18    | 11          | [93, 94, 95, 96, 97, 101, 102, 103, 104, 105, 106]     | [0.0100, 0.0800, 0.0300, 0.1500, 0.1500, 0.0200, 0.1200, 0.1300, 0.0200, 0.2200, 0.0700]         | 17.6300  | 0.8400  | 0.8709 
19    | 6           | [91, 92, 93, 94, 95, 96]                               | [0.0700, 0.1200, 0.2800, 0.2200, 0.1000, 0.2100]                                                 | 2.2859   | 0.8600  | 0.8079 
20    | 8           | [98, 99, 100, 101, 102, 103, 104, 105]                 | [0.0300, 0.2800, 0.1200, 0.2100, 0.0300, 0.0800, 0.1000, 0.1500]                                 | 5.0576   | 0.8400  | 0.8307 
21    | 11          | [91, 92, 93, 94, 95, 96, 97, 103, 104, 105, 106]       | [0.0900, 0.0200, 0.0200, 0.1400, 0.0500, 0.2400, 0.0200, 0.0400, 0.1000, 0.1300, 0.1500]         | 29.1475  | 0.8600  | 0.8687 

[Per-locus summary - Population 2]
Locus | Num_Alleles | Alleles                                                     | Frequencies                                                                                              | Variance | Obs_Het | Exp_Het
------+-------------+-------------------------------------------------------------+----------------------------------------------------------------------------------------------------------+----------+---------+--------
1     | 8           | [99, 100, 101, 102, 103, 104, 105, 106]                     | [0.1200, 0.1300, 0.1600, 0.1700, 0.1000, 0.1100, 0.1100, 0.1000]                                         | 4.8171   | 0.9200  | 0.8788 
2     | 7           | [92, 93, 94, 95, 96, 97, 98]                                | [0.0100, 0.0600, 0.0100, 0.0900, 0.1400, 0.5300, 0.1600]                                                 | 1.7296   | 0.6400  | 0.6687 
3     | 12          | [88, 89, 90, 91, 92, 93, 96, 97, 98, 99, 100, 103]          | [0.0300, 0.0100, 0.0100, 0.0900, 0.2200, 0.1200, 0.0200, 0.0700, 0.1600, 0.1000, 0.1600, 0.0100]         | 13.8444  | 0.9000  | 0.8701 
4     | 9           | [97, 98, 99, 100, 101, 102, 104, 105, 106]                  | [0.1200, 0.0400, 0.0200, 0.3500, 0.1100, 0.0200, 0.0300, 0.1600, 0.1500]                                 | 9.0499   | 0.7200  | 0.8077 
5     | 9           | [98, 99, 100, 101, 102, 103, 104, 105, 106]                 | [0.0100, 0.2300, 0.1100, 0.2300, 0.2600, 0.0800, 0.0600, 0.0100, 0.0100]                                 | 2.6419   | 0.8600  | 0.8123 
6     | 7           | [97, 98, 99, 100, 101, 102, 103]                            | [0.0300, 0.1500, 0.2700, 0.2900, 0.1600, 0.0900, 0.0100]                                                 | 1.6659   | 0.7000  | 0.7937 
7     | 9           | [96, 97, 98, 99, 100, 101, 102, 103, 104]                   | [0.1500, 0.1300, 0.0600, 0.0900, 0.3100, 0.0800, 0.1400, 0.0200, 0.0200]                                 | 4.5500   | 0.8800  | 0.8343 
8     | 7           | [97, 98, 99, 100, 101, 102, 103]                            | [0.0600, 0.0400, 0.5100, 0.1700, 0.1800, 0.0300, 0.0100]                                                 | 1.3500   | 0.7000  | 0.6792 
9     | 8           | [101, 102, 103, 104, 105, 106, 107, 108]                    | [0.0100, 0.1600, 0.1600, 0.1300, 0.2500, 0.0700, 0.2100, 0.0100]                                         | 3.1675   | 0.8200  | 0.8285 
10    | 6           | [103, 104, 105, 106, 107, 108]                              | [0.0700, 0.1000, 0.2200, 0.1800, 0.2800, 0.1500]                                                         | 2.1275   | 0.8400  | 0.8115 
11    | 10          | [95, 96, 97, 98, 100, 108, 109, 110, 111, 112]              | [0.0300, 0.2300, 0.1000, 0.1200, 0.0600, 0.1600, 0.0100, 0.1600, 0.1200, 0.0100]                         | 40.9800  | 0.8200  | 0.8610 
12    | 10          | [98, 99, 100, 101, 102, 103, 104, 105, 106, 107]            | [0.0300, 0.0300, 0.1100, 0.3100, 0.1600, 0.0100, 0.0100, 0.0500, 0.2400, 0.0500]                         | 6.6675   | 0.8000  | 0.8097 
13    | 10          | [93, 94, 95, 99, 102, 103, 104, 105, 106, 107]              | [0.0200, 0.3800, 0.0500, 0.0200, 0.0700, 0.1500, 0.1800, 0.0500, 0.0600, 0.0200]                         | 24.4331  | 0.7400  | 0.7939 
14    | 8           | [95, 96, 97, 98, 99, 100, 101, 102]                         | [0.0100, 0.0200, 0.0600, 0.2600, 0.1800, 0.1900, 0.1800, 0.1000]                                         | 2.5131   | 0.8400  | 0.8257 
15    | 9           | [93, 94, 95, 102, 103, 104, 105, 106, 107]                  | [0.1300, 0.2600, 0.2000, 0.0100, 0.0400, 0.1600, 0.1700, 0.0100, 0.0200]                                 | 26.5904  | 0.7400  | 0.8271 
16    | 10          | [91, 92, 93, 94, 95, 101, 102, 103, 104, 105]               | [0.1000, 0.0600, 0.1700, 0.0600, 0.0300, 0.1100, 0.1300, 0.2900, 0.0300, 0.0200]                         | 24.7756  | 0.9200  | 0.8471 
17    | 10          | [91, 92, 93, 94, 101, 103, 104, 105, 106, 107]              | [0.1600, 0.0100, 0.0500, 0.1200, 0.0100, 0.2600, 0.1800, 0.0300, 0.0500, 0.1300]                         | 34.4416  | 0.8600  | 0.8455 
18    | 13          | [93, 94, 95, 96, 97, 98, 100, 102, 103, 104, 105, 106, 107] | [0.0200, 0.0500, 0.0600, 0.1800, 0.0900, 0.0200, 0.0100, 0.0700, 0.2300, 0.0600, 0.1000, 0.1000, 0.0100] | 17.7291  | 0.9200  | 0.8798 
19    | 7           | [91, 92, 93, 94, 95, 96, 97]                                | [0.0300, 0.0900, 0.3300, 0.2400, 0.1100, 0.1900, 0.0100]                                                 | 1.9136   | 0.7000  | 0.7840 
20    | 9           | [98, 99, 100, 101, 102, 103, 104, 105, 106]                 | [0.0200, 0.2300, 0.0500, 0.3000, 0.1200, 0.1000, 0.0800, 0.0900, 0.0100]                                 | 3.9200   | 0.8200  | 0.8234 
21    | 13          | [90, 91, 92, 93, 94, 95, 96, 97, 103, 104, 105, 106, 107]   | [0.0100, 0.0800, 0.0300, 0.0100, 0.1700, 0.0600, 0.2400, 0.0100, 0.0800, 0.0500, 0.1000, 0.1500, 0.0100] | 29.0091  | 0.8800  | 0.8695 
