
[Simulation Info]
simulation_id = sim_0006451
timestamp     = 20250428_095706
seed          = 498890
output_folder = /home/lejeunet/Bureau/simulations/Ref_table/sim_0006451

[Model Parameters]
pop_size           = 6002
num_loci           = 20
sample1_generation = 30
sample2_generation = 10
low_repeats        = 1
high_repeats       = 200
mutation_rate      = 0.001
recap_Ne           = 6002

[Sampling Design]
sample1_size_Ne  = 50
sample2_size_Ne  = 50
sample1_size_CMR = 50
sample2_size_CMR = 50

[Capture-Marquage-Recapture]
census_N   =  0
MatchCount =  0
# There were no match between sampling of individuals during CMR.

[Ne Estimates - One Sample - Decreasing critical values [0.050, 0.020, 0.010, 0+]]

[Linkage Desequilibrium]
LD_Ne_Pop1 = [756.0, 902.3, 1282.6, 1282.6]
LD_r2_Pop1 = [0.021716, 0.021645, 0.021535, 0.021535]
LD_Ne_Pop2 = [None, None, None, None]
LD_r2_Pop2 = [0.021006, 0.021023, 0.021121, 0.021121]

[Heterozygote excess]
HE_Neb_mean_Pop1        = [None, None, None, None]
HE_weighted_D_mean_Pop1 = [-0.0041, -0.00235, -0.0029, -0.0029]
HE_Neb_mean_Pop2        = [432.0, 653.0, 3887.5, 3887.5]
HE_weighted_D_mean_Pop2 = [0.00116, 0.00077, 0.00013, 0.00013]

[Molecular Coancestry]
Coan_Neb_n_Pop1 = 64.0
Coan_f1_Pop1    = 0.00781
Coan_Neb_n_Pop2 = 44.7
Coan_f1_Pop2    = 0.01119

[Ne Estimates - Temporal - Decreasing critical values (0.050, 0.020, 0.010, 0+)]

[Pollak]
P_Ne     = [37426.8, 3835.7, 12380.4, 9058.7]
P_Fk     = [0.02013, 0.0213, 0.0204, 0.02055]
P_Fprime = [0.00013, 0.0013, 0.0004, 0.00055]

[Nei/Tajima]
N_Ne     = [-18533.4, 6043.0, 165520.6, 28454.0]
N_Fc     = [0.01973, 0.02083, 0.02003, 0.02018]
N_Fprime = [-0.00027, 0.00083, 3e-05, 0.00018]

[Jorde/Ryman]
J_Ne     = [-4813.1, -8740.8, -6182.2, -6358.3]
J_Fs     = [0.01906, 0.01953, 0.01929, 0.01931]
J_Fprime = [-0.00104, -0.00057, -0.00081, -0.00079]

[Genetic Diversity - Heterozygosity]
mean_exp_het_pop1 = 0.8384
mean_obs_het_pop1 = 0.8419
mean_exp_het_pop2 = 0.8389
mean_obs_het_pop2 = 0.8419

[Genetic Diversity - Allele Counts]
mean_alleles_pop1 = 10.1
var_alleles_pop1  = 4.79
sum_alleles_pop1  = 212
mean_alleles_pop2 = 10.48
var_alleles_pop2  = 4.94
sum_alleles_pop2  = 440

[Genetic Diversity - Allelic Size Variance]
var_allele_size_pop1 = 10.4668
var_allele_size_pop2 = 9.7775

[Per-locus summary - Population 1]
Locus | Num_Alleles | Alleles                                                             | Frequencies                                                                                                              | Variance | Obs_Het | Exp_Het
------+-------------+---------------------------------------------------------------------+--------------------------------------------------------------------------------------------------------------------------+----------+---------+--------
1     | 13          | [91, 92, 93, 94, 95, 96, 101, 102, 103, 104, 106, 107, 108]         | [0.0100, 0.0600, 0.1100, 0.1500, 0.0400, 0.1000, 0.0200, 0.1000, 0.0500, 0.0200, 0.3000, 0.0300, 0.0100]                 | 32.0500  | 0.8400  | 0.8543 
2     | 11          | [92, 93, 94, 95, 97, 98, 104, 105, 106, 107, 109]                   | [0.0600, 0.3100, 0.1500, 0.0200, 0.0300, 0.0100, 0.0200, 0.0800, 0.1200, 0.1800, 0.0200]                                 | 41.0656  | 0.8600  | 0.8307 
3     | 13          | [93, 94, 95, 96, 97, 98, 99, 100, 101, 102, 103, 104, 105]          | [0.0100, 0.1200, 0.0300, 0.0100, 0.2100, 0.1700, 0.0400, 0.1000, 0.0700, 0.0100, 0.1000, 0.0900, 0.0400]                 | 10.6984  | 0.8400  | 0.8840 
4     | 9           | [99, 100, 101, 102, 103, 104, 105, 106, 107]                        | [0.0100, 0.0700, 0.2600, 0.3000, 0.1400, 0.1100, 0.0700, 0.0300, 0.0100]                                                 | 2.4739   | 0.8800  | 0.8079 
5     | 10          | [97, 98, 99, 100, 101, 102, 103, 104, 105, 106]                     | [0.1000, 0.0100, 0.1400, 0.2300, 0.1600, 0.1900, 0.1200, 0.0100, 0.0100, 0.0300]                                         | 4.0659   | 0.8200  | 0.8487 
6     | 9           | [99, 100, 101, 102, 103, 104, 105, 106, 107]                        | [0.0700, 0.0400, 0.1500, 0.2200, 0.2500, 0.0400, 0.1400, 0.0800, 0.0100]                                                 | 3.6776   | 0.8600  | 0.8408 
7     | 11          | [97, 98, 99, 100, 101, 102, 103, 104, 105, 106, 107]                | [0.0400, 0.1600, 0.0800, 0.0500, 0.0300, 0.1100, 0.0500, 0.1600, 0.2100, 0.0800, 0.0300]                                 | 9.0524   | 0.9200  | 0.8802 
8     | 10          | [93, 94, 95, 96, 97, 98, 99, 100, 101, 102]                         | [0.0500, 0.0700, 0.0500, 0.0400, 0.0700, 0.1300, 0.0200, 0.3300, 0.2100, 0.0300]                                         | 6.4000   | 0.8200  | 0.8206 
9     | 14          | [93, 94, 95, 96, 97, 98, 99, 100, 101, 102, 103, 104, 105, 106]     | [0.0200, 0.0900, 0.2300, 0.0200, 0.0600, 0.1900, 0.0900, 0.0200, 0.0500, 0.0800, 0.0400, 0.0300, 0.0300, 0.0500]         | 12.6844  | 0.9000  | 0.8840 
10    | 9           | [94, 95, 96, 97, 98, 99, 100, 101, 102]                             | [0.0100, 0.1900, 0.0500, 0.1100, 0.0800, 0.1900, 0.0500, 0.3000, 0.0200]                                                 | 5.3875   | 0.8400  | 0.8220 
11    | 11          | [94, 95, 96, 97, 98, 99, 100, 101, 102, 103, 104]                   | [0.0400, 0.2000, 0.0100, 0.0200, 0.0100, 0.2300, 0.0500, 0.0600, 0.1600, 0.1200, 0.1000]                                 | 10.2275  | 0.9200  | 0.8574 
12    | 8           | [95, 96, 98, 99, 100, 101, 102, 104]                                | [0.0400, 0.0500, 0.1700, 0.2700, 0.2100, 0.2400, 0.0100, 0.0100]                                                         | 2.6859   | 0.8600  | 0.8002 
13    | 8           | [100, 102, 103, 104, 105, 106, 107, 108]                            | [0.0200, 0.0500, 0.0800, 0.2300, 0.2300, 0.3100, 0.0700, 0.0100]                                                         | 2.1544   | 0.7800  | 0.7917 
14    | 9           | [101, 102, 103, 104, 105, 106, 107, 108, 109]                       | [0.0500, 0.0700, 0.0800, 0.1500, 0.2300, 0.1900, 0.1900, 0.0300, 0.0100]                                                 | 3.2796   | 0.8200  | 0.8461 
15    | 8           | [101, 102, 103, 104, 105, 106, 108, 109]                            | [0.0700, 0.0800, 0.2500, 0.1900, 0.1100, 0.1000, 0.1900, 0.0100]                                                         | 4.7500   | 0.7400  | 0.8402 
16    | 10          | [99, 100, 101, 102, 103, 104, 105, 106, 107, 108]                   | [0.0300, 0.0900, 0.2400, 0.1800, 0.1200, 0.1100, 0.0600, 0.0700, 0.0700, 0.0300]                                         | 5.2476   | 0.9000  | 0.8689 
17    | 11          | [89, 90, 91, 92, 93, 94, 96, 104, 105, 106, 107]                    | [0.0100, 0.1800, 0.0900, 0.1700, 0.0800, 0.0100, 0.0400, 0.1300, 0.1600, 0.0900, 0.0400]                                 | 46.1816  | 0.7200  | 0.8790 
18    | 8           | [98, 99, 100, 101, 102, 103, 104, 105]                              | [0.0900, 0.1300, 0.1600, 0.2200, 0.1200, 0.2000, 0.0400, 0.0400]                                                         | 3.3979   | 0.9200  | 0.8519 
19    | 15          | [92, 93, 94, 95, 96, 97, 98, 99, 100, 101, 102, 103, 104, 105, 106] | [0.0100, 0.0700, 0.0200, 0.0200, 0.0700, 0.1100, 0.2400, 0.0900, 0.2000, 0.0400, 0.0100, 0.0100, 0.0200, 0.0700, 0.0200] | 9.6411   | 0.8400  | 0.8727 
20    | 8           | [98, 99, 100, 101, 102, 103, 104, 105]                              | [0.0500, 0.4000, 0.1900, 0.1200, 0.1100, 0.0800, 0.0200, 0.0300]                                                         | 2.8539   | 0.8200  | 0.7750 
21    | 7           | [95, 97, 98, 99, 100, 101, 102]                                     | [0.0400, 0.1300, 0.1300, 0.4200, 0.2000, 0.0700, 0.0100]                                                                 | 1.8276   | 0.7800  | 0.7507 

[Per-locus summary - Population 2]
Locus | Num_Alleles | Alleles                                                         | Frequencies                                                                                                      | Variance | Obs_Het | Exp_Het
------+-------------+-----------------------------------------------------------------+------------------------------------------------------------------------------------------------------------------+----------+---------+--------
1     | 14          | [91, 92, 93, 94, 95, 96, 97, 101, 102, 103, 104, 105, 106, 107] | [0.0300, 0.0300, 0.0900, 0.0900, 0.0600, 0.0900, 0.0100, 0.0300, 0.1200, 0.0400, 0.0100, 0.0400, 0.3200, 0.0400] | 30.3284  | 0.8000  | 0.8562 
2     | 13          | [92, 93, 94, 95, 96, 97, 103, 104, 105, 106, 107, 108, 109]     | [0.0600, 0.1900, 0.2200, 0.0200, 0.0100, 0.0400, 0.0200, 0.0800, 0.1300, 0.1000, 0.0800, 0.0100, 0.0400]         | 37.6224  | 0.9000  | 0.8768 
3     | 11          | [94, 95, 96, 97, 98, 99, 100, 101, 102, 103, 104]               | [0.0600, 0.0400, 0.0300, 0.3200, 0.1900, 0.0100, 0.0700, 0.1100, 0.0200, 0.0500, 0.1000]                         | 7.7611   | 0.8800  | 0.8337 
4     | 8           | [99, 100, 101, 102, 103, 104, 105, 106]                         | [0.0100, 0.1200, 0.2600, 0.2300, 0.1700, 0.1300, 0.0500, 0.0300]                                                 | 2.4211   | 0.7800  | 0.8240 
5     | 9           | [97, 98, 99, 100, 101, 102, 103, 104, 105]                      | [0.0600, 0.0100, 0.1600, 0.2400, 0.2400, 0.1200, 0.0700, 0.0500, 0.0500]                                         | 3.5316   | 0.8200  | 0.8396 
6     | 9           | [99, 100, 101, 102, 103, 104, 105, 106, 107]                    | [0.0200, 0.0800, 0.1200, 0.2800, 0.2700, 0.0600, 0.1400, 0.0200, 0.0100]                                         | 2.6000   | 0.8600  | 0.8119 
7     | 12          | [96, 97, 98, 99, 100, 101, 102, 103, 104, 105, 106, 107]        | [0.0100, 0.0400, 0.1400, 0.1100, 0.0200, 0.0600, 0.0700, 0.0500, 0.1400, 0.2000, 0.0700, 0.0900]                 | 10.3419  | 0.9200  | 0.8915 
8     | 10          | [93, 94, 95, 96, 97, 98, 99, 100, 101, 102]                     | [0.0400, 0.1200, 0.0500, 0.0300, 0.0900, 0.0500, 0.0800, 0.1900, 0.2800, 0.0700]                                 | 7.7000   | 0.8400  | 0.8527 
9     | 12          | [94, 95, 97, 98, 99, 100, 101, 102, 103, 104, 105, 106]         | [0.1200, 0.2200, 0.0500, 0.1400, 0.1400, 0.0300, 0.0300, 0.0300, 0.1200, 0.0600, 0.0300, 0.0300]                 | 13.1131  | 0.8800  | 0.8818 
10    | 9           | [94, 95, 96, 97, 98, 99, 100, 101, 102]                         | [0.0300, 0.1900, 0.0900, 0.0800, 0.1300, 0.1500, 0.1100, 0.2000, 0.0200]                                         | 5.3300   | 0.9000  | 0.8652 
11    | 12          | [93, 94, 95, 96, 97, 98, 99, 100, 101, 102, 103, 104]           | [0.0200, 0.0300, 0.1900, 0.0200, 0.0200, 0.0600, 0.1400, 0.0500, 0.0300, 0.1800, 0.1300, 0.1300]                 | 11.5531  | 0.7400  | 0.8778 
12    | 8           | [95, 96, 97, 98, 99, 100, 101, 102]                             | [0.0100, 0.0700, 0.0100, 0.1800, 0.2100, 0.1600, 0.3500, 0.0100]                                                 | 2.4664   | 0.7400  | 0.7780 
13    | 8           | [100, 102, 103, 104, 105, 106, 107, 108]                        | [0.0100, 0.0800, 0.1300, 0.1900, 0.2100, 0.2900, 0.0700, 0.0200]                                                 | 2.3675   | 0.7800  | 0.8152 
14    | 10          | [100, 101, 102, 103, 104, 105, 106, 107, 108, 109]              | [0.0100, 0.0500, 0.1100, 0.0400, 0.1900, 0.1600, 0.2100, 0.1800, 0.0400, 0.0100]                                 | 3.8256   | 0.8200  | 0.8523 
15    | 11          | [100, 101, 102, 103, 104, 105, 106, 107, 108, 109, 110]         | [0.0100, 0.0500, 0.0200, 0.2600, 0.1800, 0.1200, 0.1200, 0.0300, 0.1900, 0.0100, 0.0100]                         | 4.7811   | 0.8400  | 0.8394 
16    | 10          | [99, 100, 101, 102, 103, 104, 105, 106, 107, 108]               | [0.0700, 0.1200, 0.1500, 0.2300, 0.1400, 0.1000, 0.0400, 0.0600, 0.0800, 0.0100]                                 | 5.1664   | 0.9400  | 0.8727 
17    | 11          | [90, 91, 92, 93, 94, 95, 96, 97, 104, 105, 106]                 | [0.2000, 0.1000, 0.2000, 0.0800, 0.0100, 0.0300, 0.0300, 0.0100, 0.1300, 0.1900, 0.0200]                         | 39.3811  | 0.8200  | 0.8568 
18    | 8           | [98, 99, 100, 101, 102, 103, 104, 105]                          | [0.0500, 0.1400, 0.1700, 0.2500, 0.0900, 0.2500, 0.0300, 0.0200]                                                 | 2.8344   | 0.9400  | 0.8228 
19    | 13          | [92, 93, 94, 95, 96, 97, 98, 99, 100, 101, 104, 105, 106]       | [0.0100, 0.0800, 0.0100, 0.0700, 0.1500, 0.0700, 0.2500, 0.0800, 0.1700, 0.0400, 0.0100, 0.0500, 0.0100]         | 8.3875   | 0.9200  | 0.8677 
20    | 8           | [97, 99, 100, 101, 102, 103, 104, 105]                          | [0.0100, 0.3300, 0.2500, 0.1100, 0.2400, 0.0100, 0.0100, 0.0400]                                                 | 2.4900   | 0.8000  | 0.7647 
21    | 7           | [95, 97, 98, 99, 100, 101, 102]                                 | [0.0100, 0.1400, 0.1500, 0.4000, 0.2600, 0.0300, 0.0100]                                                         | 1.3256   | 0.7600  | 0.7366 
