
[Simulation Info]
simulation_id = sim_0012466
timestamp     = 20250429_095312
seed          = 777472
output_folder = /home/lejeunet/Bureau/simulations/Ref_table/sim_0012466

[Model Parameters]
pop_size           = 7611
num_loci           = 20
sample1_generation = 30
sample2_generation = 10
low_repeats        = 1
high_repeats       = 200
mutation_rate      = 0.001
recap_Ne           = 7611

[Sampling Design]
sample1_size_Ne  = 50
sample2_size_Ne  = 50
sample1_size_CMR = 50
sample2_size_CMR = 50

[Capture-Marquage-Recapture]
census_N   =  2601
MatchCount =  1

[Ne Estimates - One Sample - Decreasing critical values [0.050, 0.020, 0.010, 0+]]

[Linkage Desequilibrium]
LD_Ne_Pop1 = [3189.1, None, None, None]
LD_r2_Pop1 = [0.02138, 0.021002, 0.021065, 0.021065]
LD_Ne_Pop2 = [None, None, None, None]
LD_r2_Pop2 = [0.020917, 0.021142, 0.021094, 0.021094]

[Heterozygote excess]
HE_Neb_mean_Pop1        = [250.4, 178.8, 236.4, 236.4]
HE_weighted_D_mean_Pop1 = [0.002, 0.0028, 0.00212, 0.00212]
HE_Neb_mean_Pop2        = [69.9, 109.1, 141.8, 141.8]
HE_weighted_D_mean_Pop2 = [0.0072, 0.0046, 0.00354, 0.00354]

[Molecular Coancestry]
Coan_Neb_n_Pop1 = 104.0
Coan_f1_Pop1    = 0.00481
Coan_Neb_n_Pop2 = None
Coan_f1_Pop2    = -0.01523

[Ne Estimates - Temporal - Decreasing critical values (0.050, 0.020, 0.010, 0+)]

[Pollak]
P_Ne     = [5221.5, 2878.1, 6871.3, 5260.2]
P_Fk     = [0.02096, 0.02174, 0.02073, 0.02095]
P_Fprime = [0.00096, 0.00174, 0.00073, 0.00095]

[Nei/Tajima]
N_Ne     = [17177.3, 4580.1, 24357.5, 11741.6]
N_Fc     = [0.02029, 0.02109, 0.02021, 0.02043]
N_Fprime = [0.00029, 0.00109, 0.00021, 0.00043]

[Jorde/Ryman]
J_Ne     = [-2756.4, -2531.7, -1906.0, -1938.4]
J_Fs     = [0.01829, 0.01813, 0.01748, 0.01752]
J_Fprime = [-0.00181, -0.00197, -0.00262, -0.00258]

[Genetic Diversity - Heterozygosity]
mean_exp_het_pop1 = 0.8643
mean_obs_het_pop1 = 0.8676
mean_exp_het_pop2 = 0.8684
mean_obs_het_pop2 = 0.8733

[Genetic Diversity - Allele Counts]
mean_alleles_pop1 = 12.71
var_alleles_pop1  = 6.51
sum_alleles_pop1  = 267
mean_alleles_pop2 = 13.48
var_alleles_pop2  = 7.43
sum_alleles_pop2  = 566

[Genetic Diversity - Allelic Size Variance]
var_allele_size_pop1 = 19.9281
var_allele_size_pop2 = 19.2538

[Per-locus summary - Population 1]
Locus | Num_Alleles | Alleles                                                                     | Frequencies                                                                                                                              | Variance | Obs_Het | Exp_Het
------+-------------+-----------------------------------------------------------------------------+------------------------------------------------------------------------------------------------------------------------------------------+----------+---------+--------
1     | 8           | [98, 99, 100, 101, 102, 103, 104, 105]                                      | [0.0900, 0.1500, 0.1600, 0.1800, 0.1300, 0.1700, 0.1000, 0.0200]                                                                         | 3.5856   | 0.8400  | 0.8638 
2     | 14          | [96, 97, 98, 99, 100, 101, 102, 103, 104, 105, 106, 107, 108, 109]          | [0.0100, 0.0800, 0.0500, 0.0600, 0.1700, 0.1600, 0.1500, 0.1100, 0.0200, 0.0800, 0.0200, 0.0200, 0.0400, 0.0300]                         | 9.0776   | 0.9200  | 0.8972 
3     | 15          | [92, 93, 95, 96, 97, 98, 99, 100, 101, 102, 103, 104, 105, 106, 107]        | [0.0300, 0.0300, 0.0700, 0.0500, 0.0300, 0.0200, 0.0300, 0.1700, 0.2300, 0.0900, 0.0800, 0.0900, 0.0500, 0.0200, 0.0100]                 | 11.4459  | 0.9600  | 0.8901 
4     | 12          | [84, 85, 88, 89, 90, 91, 92, 93, 96, 97, 98, 100]                           | [0.0200, 0.0300, 0.0200, 0.0800, 0.1100, 0.2800, 0.2300, 0.1100, 0.0100, 0.0700, 0.0200, 0.0200]                                         | 8.3619   | 0.8600  | 0.8390 
5     | 14          | [90, 92, 93, 94, 95, 96, 97, 98, 99, 100, 101, 102, 104, 105]               | [0.0100, 0.0700, 0.1200, 0.1800, 0.1400, 0.0700, 0.0300, 0.1000, 0.1100, 0.0100, 0.0100, 0.0500, 0.0500, 0.0500]                         | 13.9400  | 0.8600  | 0.9020 
6     | 13          | [82, 83, 84, 85, 86, 87, 88, 89, 90, 97, 98, 99, 100]                       | [0.0200, 0.0900, 0.1200, 0.0500, 0.0800, 0.1500, 0.1100, 0.1900, 0.0300, 0.0300, 0.0500, 0.0700, 0.0100]                                 | 23.3000  | 0.8600  | 0.8972 
7     | 14          | [86, 87, 88, 89, 90, 91, 100, 101, 103, 104, 105, 106, 107, 108]            | [0.0800, 0.1000, 0.1900, 0.1200, 0.1800, 0.0900, 0.0600, 0.0400, 0.0200, 0.0200, 0.0400, 0.0400, 0.0100, 0.0100]                         | 42.0804  | 0.8800  | 0.8921 
8     | 14          | [91, 92, 93, 94, 95, 96, 97, 112, 113, 114, 116, 117, 118, 125]             | [0.0400, 0.0400, 0.1200, 0.3300, 0.1200, 0.0200, 0.0400, 0.0100, 0.0100, 0.0700, 0.1000, 0.0400, 0.0200, 0.0400]                         | 112.4051 | 0.8600  | 0.8469 
9     | 13          | [99, 100, 101, 102, 103, 104, 105, 106, 109, 110, 112, 113, 114]            | [0.0200, 0.1200, 0.3200, 0.1900, 0.0700, 0.0300, 0.0300, 0.0800, 0.0100, 0.0600, 0.0200, 0.0400, 0.0100]                                 | 13.8171  | 0.8600  | 0.8362 
10    | 14          | [95, 96, 97, 98, 99, 100, 103, 104, 105, 106, 107, 108, 109, 110]           | [0.0200, 0.0300, 0.0100, 0.0700, 0.0300, 0.0400, 0.0100, 0.0600, 0.0900, 0.2500, 0.1800, 0.1200, 0.0200, 0.0700]                         | 14.7900  | 0.8400  | 0.8735 
11    | 10          | [93, 94, 95, 96, 97, 98, 99, 100, 101, 102]                                 | [0.0100, 0.0100, 0.1200, 0.1500, 0.1000, 0.2400, 0.1900, 0.0800, 0.0500, 0.0500]                                                         | 3.9275   | 0.9000  | 0.8564 
12    | 13          | [93, 94, 95, 96, 97, 98, 99, 100, 101, 102, 103, 104, 105]                  | [0.0500, 0.0600, 0.0800, 0.0600, 0.2400, 0.1600, 0.0900, 0.0600, 0.0300, 0.0900, 0.0200, 0.0100, 0.0500]                                 | 8.7536   | 0.9200  | 0.8859 
13    | 7           | [95, 96, 97, 98, 99, 100, 101]                                              | [0.0100, 0.1500, 0.0900, 0.0800, 0.2600, 0.3300, 0.0800]                                                                                 | 2.5324   | 0.7400  | 0.7879 
14    | 13          | [91, 92, 93, 94, 95, 96, 99, 100, 103, 104, 105, 106, 107]                  | [0.0100, 0.1600, 0.2600, 0.2300, 0.0600, 0.0400, 0.0200, 0.0500, 0.0200, 0.0100, 0.0500, 0.0800, 0.0100]                                 | 21.9675  | 0.8600  | 0.8447 
15    | 13          | [93, 94, 97, 98, 99, 100, 101, 102, 103, 104, 105, 106, 108]                | [0.0300, 0.0100, 0.0200, 0.0300, 0.3200, 0.2100, 0.1400, 0.0600, 0.0300, 0.0900, 0.0200, 0.0300, 0.0100]                                 | 6.6304   | 0.8600  | 0.8259 
16    | 12          | [91, 92, 93, 94, 95, 96, 97, 98, 99, 100, 101, 102]                         | [0.0300, 0.1500, 0.2700, 0.0900, 0.0400, 0.1100, 0.1600, 0.0300, 0.0100, 0.0600, 0.0400, 0.0100]                                         | 7.6091   | 0.9000  | 0.8586 
17    | 17          | [90, 91, 92, 93, 94, 95, 96, 97, 98, 99, 106, 107, 109, 110, 111, 112, 114] | [0.0100, 0.0700, 0.0700, 0.2300, 0.2100, 0.0600, 0.0400, 0.0200, 0.0100, 0.0400, 0.0400, 0.0300, 0.0200, 0.0400, 0.0200, 0.0500, 0.0400] | 52.9411  | 0.8600  | 0.8857 
18    | 13          | [89, 90, 91, 92, 93, 94, 95, 96, 97, 98, 99, 100, 101]                      | [0.0400, 0.1300, 0.0900, 0.0800, 0.1500, 0.1700, 0.0800, 0.0200, 0.0100, 0.0400, 0.0700, 0.1100, 0.0100]                                 | 11.4419  | 0.8800  | 0.8990 
19    | 14          | [90, 91, 93, 94, 95, 97, 100, 101, 102, 103, 104, 105, 106, 107]            | [0.0500, 0.0100, 0.0200, 0.0500, 0.0100, 0.0200, 0.0200, 0.1900, 0.0400, 0.0600, 0.1100, 0.2600, 0.1400, 0.0200]                         | 20.0691  | 0.9400  | 0.8612 
20    | 16          | [90, 91, 92, 93, 94, 95, 96, 97, 98, 99, 103, 104, 105, 106, 111, 112]      | [0.0200, 0.0800, 0.1000, 0.0900, 0.0200, 0.1600, 0.1600, 0.1000, 0.0400, 0.0400, 0.0100, 0.0300, 0.0700, 0.0400, 0.0200, 0.0200]         | 26.9331  | 0.8800  | 0.9111 
21    | 8           | [96, 97, 98, 99, 100, 101, 102, 104]                                        | [0.1000, 0.1200, 0.3400, 0.2300, 0.0300, 0.1300, 0.0300, 0.0200]                                                                         | 2.8800   | 0.7400  | 0.7960 

[Per-locus summary - Population 2]
Locus | Num_Alleles | Alleles                                                                              | Frequencies                                                                                                                              | Variance | Obs_Het | Exp_Het
------+-------------+--------------------------------------------------------------------------------------+------------------------------------------------------------------------------------------------------------------------------------------+----------+---------+--------
1     | 8           | [98, 99, 100, 101, 102, 103, 104, 105]                                               | [0.0400, 0.1100, 0.1800, 0.1700, 0.1800, 0.1600, 0.1200, 0.0400]                                                                         | 3.2700   | 0.9000  | 0.8596 
2     | 12          | [97, 98, 99, 100, 101, 102, 103, 104, 105, 106, 108, 109]                            | [0.1200, 0.0300, 0.0700, 0.1700, 0.1800, 0.1300, 0.1600, 0.0200, 0.0600, 0.0400, 0.0100, 0.0100]                                         | 6.6316   | 0.8800  | 0.8790 
3     | 15          | [92, 93, 95, 96, 98, 99, 100, 101, 102, 103, 104, 105, 106, 107, 108]                | [0.0100, 0.0700, 0.0500, 0.0200, 0.0300, 0.0400, 0.1300, 0.1900, 0.1200, 0.0700, 0.1800, 0.0200, 0.0300, 0.0300, 0.0100]                 | 12.8051  | 0.9000  | 0.8915 
4     | 13          | [84, 85, 86, 88, 89, 90, 91, 92, 93, 94, 97, 98, 100]                                | [0.0700, 0.0800, 0.0100, 0.0200, 0.0600, 0.0600, 0.3600, 0.1300, 0.0800, 0.0100, 0.0900, 0.0200, 0.0100]                                 | 12.5811  | 0.8200  | 0.8277 
5     | 13          | [92, 93, 94, 95, 96, 97, 98, 99, 101, 102, 103, 104, 105]                            | [0.0200, 0.0800, 0.1700, 0.1500, 0.1100, 0.0300, 0.1200, 0.0400, 0.0400, 0.0700, 0.0400, 0.0700, 0.0600]                                 | 15.0636  | 0.8600  | 0.9052 
6     | 11          | [83, 84, 85, 86, 87, 88, 89, 97, 98, 99, 100]                                        | [0.1300, 0.0800, 0.0700, 0.1000, 0.1000, 0.1600, 0.1400, 0.0100, 0.0100, 0.1700, 0.0300]                                                 | 31.3336  | 0.8800  | 0.8854 
7     | 13          | [86, 87, 88, 89, 90, 91, 100, 101, 103, 104, 105, 106, 108]                          | [0.0900, 0.0600, 0.1800, 0.1700, 0.2500, 0.0400, 0.0500, 0.0400, 0.0100, 0.0100, 0.0500, 0.0400, 0.0100]                                 | 38.0675  | 0.7800  | 0.8630 
8     | 15          | [91, 92, 93, 94, 95, 96, 97, 98, 113, 115, 116, 117, 118, 124, 125]                  | [0.0100, 0.0500, 0.0700, 0.3300, 0.2000, 0.0800, 0.0600, 0.0300, 0.0200, 0.0100, 0.0200, 0.0300, 0.0300, 0.0200, 0.0400]                 | 90.3324  | 0.8200  | 0.8364 
9     | 17          | [99, 100, 101, 102, 103, 104, 105, 106, 107, 108, 109, 110, 111, 112, 113, 114, 115] | [0.0300, 0.1200, 0.2900, 0.1300, 0.0900, 0.0300, 0.0300, 0.0400, 0.0200, 0.0200, 0.0100, 0.0500, 0.0200, 0.0300, 0.0500, 0.0300, 0.0100] | 19.7899  | 0.9000  | 0.8727 
10    | 14          | [96, 97, 98, 99, 100, 101, 103, 104, 105, 106, 107, 108, 109, 110]                   | [0.0300, 0.0300, 0.0600, 0.0300, 0.0400, 0.0100, 0.0100, 0.0600, 0.0900, 0.2200, 0.2100, 0.1300, 0.0400, 0.0400]                         | 13.4984  | 0.8400  | 0.8764 
11    | 11          | [93, 94, 95, 96, 97, 98, 99, 100, 101, 102, 103]                                     | [0.0200, 0.0600, 0.1600, 0.1700, 0.0500, 0.2800, 0.1700, 0.0300, 0.0300, 0.0200, 0.0100]                                                 | 4.1824   | 0.8800  | 0.8378 
12    | 14          | [93, 94, 95, 96, 97, 98, 99, 100, 101, 102, 103, 104, 105, 106]                      | [0.0200, 0.0600, 0.1000, 0.1300, 0.2500, 0.1700, 0.0100, 0.0200, 0.0400, 0.0900, 0.0100, 0.0100, 0.0600, 0.0300]                         | 10.4675  | 0.8400  | 0.8715 
13    | 7           | [95, 96, 97, 98, 99, 100, 101]                                                       | [0.0600, 0.0800, 0.1400, 0.1300, 0.2400, 0.3300, 0.0200]                                                                                 | 2.5096   | 0.7400  | 0.7945 
14    | 15          | [91, 92, 93, 94, 95, 96, 97, 99, 100, 101, 103, 104, 105, 106, 107]                  | [0.0200, 0.2000, 0.1700, 0.1400, 0.0800, 0.1000, 0.0100, 0.0400, 0.0900, 0.0200, 0.0200, 0.0200, 0.0100, 0.0600, 0.0200]                 | 19.6691  | 0.9000  | 0.8885 
15    | 14          | [92, 93, 94, 95, 97, 98, 99, 100, 101, 102, 103, 104, 106, 107]                      | [0.0100, 0.0700, 0.0200, 0.0100, 0.0100, 0.0600, 0.2600, 0.1300, 0.1700, 0.1000, 0.0200, 0.0600, 0.0500, 0.0300]                         | 10.6091  | 0.9200  | 0.8687 
16    | 11          | [91, 92, 93, 94, 95, 96, 97, 98, 99, 100, 101]                                       | [0.0400, 0.1400, 0.3000, 0.1500, 0.0300, 0.1000, 0.1300, 0.0600, 0.0100, 0.0200, 0.0200]                                                 | 5.5091   | 0.8200  | 0.8424 
17    | 16          | [90, 91, 92, 93, 94, 95, 96, 97, 99, 100, 106, 107, 109, 110, 112, 113]              | [0.0100, 0.0800, 0.1200, 0.2100, 0.1900, 0.1000, 0.0200, 0.0300, 0.0500, 0.0200, 0.0200, 0.0300, 0.0400, 0.0100, 0.0600, 0.0100]         | 40.1491  | 0.9400  | 0.8869 
18    | 13          | [88, 89, 90, 91, 92, 93, 94, 95, 96, 97, 98, 99, 100]                                | [0.0100, 0.1000, 0.0800, 0.0900, 0.0400, 0.1100, 0.1300, 0.1000, 0.0800, 0.0100, 0.0200, 0.1300, 0.1000]                                 | 12.8216  | 0.9600  | 0.9101 
19    | 14          | [91, 92, 93, 94, 95, 97, 100, 101, 103, 104, 105, 106, 107, 108]                     | [0.0300, 0.0200, 0.0400, 0.0400, 0.0100, 0.0600, 0.0400, 0.1100, 0.1100, 0.1200, 0.2400, 0.1400, 0.0300, 0.0100]                         | 19.7851  | 0.9400  | 0.8822 
20    | 15          | [90, 91, 92, 93, 94, 95, 96, 97, 98, 99, 103, 105, 106, 111, 112]                    | [0.0100, 0.0500, 0.0900, 0.0600, 0.0900, 0.1400, 0.1700, 0.0900, 0.0400, 0.0300, 0.0300, 0.0800, 0.0600, 0.0300, 0.0300]                 | 30.5875  | 0.9400  | 0.9150 
21    | 11          | [95, 96, 97, 98, 99, 100, 101, 102, 103, 104, 105]                                   | [0.0200, 0.0500, 0.1000, 0.2800, 0.2100, 0.0600, 0.1500, 0.0500, 0.0200, 0.0300, 0.0300]                                                 | 4.6659   | 0.8800  | 0.8422 
