
[Simulation Info]
simulation_id = sim_0003334
timestamp     = 20250428_084159
seed          = 902716
output_folder = /home/lejeunet/Bureau/simulations/Ref_table/sim_0003334

[Model Parameters]
pop_size           = 358
num_loci           = 20
sample1_generation = 30
sample2_generation = 10
low_repeats        = 1
high_repeats       = 200
mutation_rate      = 0.001
recap_Ne           = 358

[Sampling Design]
sample1_size_Ne  = 50
sample2_size_Ne  = 50
sample1_size_CMR = 50
sample2_size_CMR = 50

[Capture-Marquage-Recapture]
census_N   =  650
MatchCount =  4

[Ne Estimates - One Sample - Decreasing critical values [0.050, 0.020, 0.010, 0+]]

[Linkage Desequilibrium]
LD_Ne_Pop1 = [159.8, 265.4, 381.6, 381.6]
LD_r2_Pop1 = [0.023334, 0.022522, 0.022145, 0.022145]
LD_Ne_Pop2 = [None, 2718.9, None, None]
LD_r2_Pop2 = [0.020331, 0.021399, 0.020958, 0.020958]

[Heterozygote excess]
HE_Neb_mean_Pop1        = [15.4, 16.1, 16.1, 16.1]
HE_weighted_D_mean_Pop1 = [0.03346, 0.03198, 0.03198, 0.03198]
HE_Neb_mean_Pop2        = [892.8, 66.8, 68.6, 68.6]
HE_weighted_D_mean_Pop2 = [0.00056, 0.00754, 0.00734, 0.00734]

[Molecular Coancestry]
Coan_Neb_n_Pop1 = 7.2
Coan_f1_Pop1    = 0.06928
Coan_Neb_n_Pop2 = None
Coan_f1_Pop2    = -0.06697

[Ne Estimates - Temporal - Decreasing critical values (0.050, 0.020, 0.010, 0+)]

[Pollak]
P_Ne     = [583.1, 676.4, 703.7, 703.7]
P_Fk     = [0.02857, 0.02739, 0.02711, 0.02711]
P_Fprime = [0.00857, 0.00739, 0.00711, 0.00711]

[Nei/Tajima]
N_Ne     = [578.4, 682.4, 701.7, 701.7]
N_Fc     = [0.02864, 0.02733, 0.02713, 0.02713]
N_Fprime = [0.00864, 0.00733, 0.00713, 0.00713]

[Jorde/Ryman]
J_Ne     = [465.7, 494.5, 494.5, 494.5]
J_Fs     = [0.03087, 0.03024, 0.03024, 0.03024]
J_Fprime = [0.01074, 0.01011, 0.01011, 0.01011]

[Genetic Diversity - Heterozygosity]
mean_exp_het_pop1 = 0.4091
mean_obs_het_pop1 = 0.4219
mean_exp_het_pop2 = 0.403
mean_obs_het_pop2 = 0.4048

[Genetic Diversity - Allele Counts]
mean_alleles_pop1 = 2.95
var_alleles_pop1  = 0.35
sum_alleles_pop1  = 62
mean_alleles_pop2 = 3.31
var_alleles_pop2  = 0.66
sum_alleles_pop2  = 139

[Genetic Diversity - Allelic Size Variance]
var_allele_size_pop1 = 0.2774
var_allele_size_pop2 = 0.2863

[Per-locus summary - Population 1]
Locus | Num_Alleles | Alleles             | Frequencies                      | Variance | Obs_Het | Exp_Het
------+-------------+---------------------+----------------------------------+----------+---------+--------
1     | 2           | [99, 100]           | [0.0300, 0.9700]                 | 0.0291   | 0.0600  | 0.0588 
2     | 3           | [100, 101, 102]     | [0.5800, 0.3700, 0.0500]         | 0.3491   | 0.5800  | 0.5295 
3     | 4           | [99, 100, 101, 102] | [0.4500, 0.2400, 0.3000, 0.0100] | 0.7731   | 0.5800  | 0.6564 
4     | 4           | [98, 99, 100, 101]  | [0.0200, 0.8000, 0.1700, 0.0100] | 0.2011   | 0.3200  | 0.3339 
5     | 3           | [99, 100, 101]      | [0.1300, 0.8400, 0.0300]         | 0.1500   | 0.3200  | 0.2794 
6     | 3           | [99, 100, 101]      | [0.0500, 0.9300, 0.0200]         | 0.0691   | 0.1400  | 0.1335 
7     | 3           | [98, 99, 100]       | [0.0600, 0.1700, 0.7700]         | 0.3259   | 0.3600  | 0.3784 
8     | 2           | [100, 101]          | [0.4900, 0.5100]                 | 0.2499   | 0.4600  | 0.5049 
9     | 3           | [99, 100, 101]      | [0.0200, 0.5900, 0.3900]         | 0.2731   | 0.5600  | 0.5044 
10    | 3           | [99, 100, 101]      | [0.2400, 0.4300, 0.3300]         | 0.5619   | 0.6800  | 0.6552 
11    | 3           | [99, 100, 101]      | [0.1300, 0.7100, 0.1600]         | 0.2891   | 0.5000  | 0.4580 
12    | 3           | [99, 100, 101]      | [0.1100, 0.8400, 0.0500]         | 0.1564   | 0.3000  | 0.2826 
13    | 3           | [99, 100, 101]      | [0.0300, 0.7500, 0.2200]         | 0.2139   | 0.4600  | 0.3921 
14    | 3           | [99, 100, 101]      | [0.0200, 0.7700, 0.2100]         | 0.1939   | 0.3200  | 0.3663 
15    | 3           | [98, 99, 100]       | [0.0800, 0.6200, 0.3000]         | 0.3316   | 0.5800  | 0.5244 
16    | 2           | [99, 100]           | [0.2700, 0.7300]                 | 0.1971   | 0.5000  | 0.3982 
17    | 3           | [99, 100, 101]      | [0.0300, 0.3000, 0.6700]         | 0.2904   | 0.3800  | 0.4648 
18    | 3           | [100, 101, 102]     | [0.5600, 0.3000, 0.1400]         | 0.5236   | 0.6200  | 0.5826 
19    | 3           | [99, 100, 101]      | [0.0600, 0.8800, 0.0600]         | 0.1200   | 0.2400  | 0.2206 
20    | 4           | [98, 99, 100, 101]  | [0.0100, 0.3100, 0.6000, 0.0800] | 0.3675   | 0.6200  | 0.5428 
21    | 2           | [100, 101]          | [0.8000, 0.2000]                 | 0.1600   | 0.2800  | 0.3232 

[Per-locus summary - Population 2]
Locus | Num_Alleles | Alleles                 | Frequencies                              | Variance | Obs_Het | Exp_Het
------+-------------+-------------------------+------------------------------------------+----------+---------+--------
1     | 2           | [99, 100]               | [0.0300, 0.9700]                         | 0.0291   | 0.0600  | 0.0588 
2     | 4           | [99, 100, 101, 102]     | [0.0100, 0.6900, 0.2600, 0.0400]         | 0.3211   | 0.4400  | 0.4592 
3     | 5           | [98, 99, 100, 101, 102] | [0.0100, 0.3800, 0.2000, 0.4000, 0.0100] | 0.8596   | 0.6800  | 0.6620 
4     | 4           | [98, 99, 100, 101]      | [0.0200, 0.8000, 0.1600, 0.0200]         | 0.2276   | 0.3200  | 0.3370 
5     | 3           | [99, 100, 101]          | [0.1300, 0.8000, 0.0700]                 | 0.1964   | 0.3800  | 0.3416 
6     | 3           | [99, 100, 101]          | [0.1000, 0.8700, 0.0300]                 | 0.1251   | 0.2600  | 0.2346 
7     | 4           | [98, 99, 100, 101]      | [0.0400, 0.0900, 0.8300, 0.0400]         | 0.2731   | 0.3000  | 0.3028 
8     | 2           | [100, 101]              | [0.5500, 0.4500]                         | 0.2475   | 0.6200  | 0.5000 
9     | 3           | [99, 100, 101]          | [0.0300, 0.5100, 0.4600]                 | 0.3051   | 0.4400  | 0.5327 
10    | 4           | [99, 100, 101, 102]     | [0.1400, 0.2600, 0.5700, 0.0300]         | 0.5899   | 0.5200  | 0.5929 
11    | 3           | [99, 100, 101]          | [0.1400, 0.7300, 0.1300]                 | 0.2699   | 0.4400  | 0.4350 
12    | 3           | [99, 100, 101]          | [0.1400, 0.7500, 0.1100]                 | 0.2491   | 0.4400  | 0.4099 
13    | 3           | [99, 100, 101]          | [0.0700, 0.7800, 0.1500]                 | 0.2136   | 0.4200  | 0.3679 
14    | 3           | [99, 100, 101]          | [0.0200, 0.7500, 0.2300]                 | 0.2059   | 0.4200  | 0.3881 
15    | 3           | [98, 99, 100]           | [0.0400, 0.7200, 0.2400]                 | 0.2400   | 0.3800  | 0.4267 
16    | 3           | [99, 100, 101]          | [0.2800, 0.7100, 0.0100]                 | 0.2171   | 0.4400  | 0.4216 
17    | 4           | [99, 100, 101, 102]     | [0.0200, 0.2900, 0.6600, 0.0300]         | 0.3100   | 0.5200  | 0.4838 
18    | 3           | [100, 101, 102]         | [0.5000, 0.4200, 0.0800]                 | 0.4036   | 0.5800  | 0.5729 
19    | 2           | [100, 101]              | [0.9700, 0.0300]                         | 0.0291   | 0.0600  | 0.0588 
20    | 5           | [98, 99, 100, 101, 103] | [0.0400, 0.2500, 0.6200, 0.0800, 0.0100] | 0.5316   | 0.4800  | 0.5505 
21    | 3           | [99, 100, 101]          | [0.0100, 0.8000, 0.1900]                 | 0.1676   | 0.3000  | 0.3271 
