
[Simulation Info]
simulation_id = sim_0010776
timestamp     = 20250429_085138
seed          = 24204
output_folder = /home/lejeunet/Bureau/simulations/Ref_table/sim_0010776

[Model Parameters]
pop_size           = 2382
num_loci           = 20
sample1_generation = 30
sample2_generation = 10
low_repeats        = 1
high_repeats       = 200
mutation_rate      = 0.001
recap_Ne           = 2382

[Sampling Design]
sample1_size_Ne  = 50
sample2_size_Ne  = 50
sample1_size_CMR = 50
sample2_size_CMR = 50

[Capture-Marquage-Recapture]
census_N   =  867
MatchCount =  3

[Ne Estimates - One Sample - Decreasing critical values [0.050, 0.020, 0.010, 0+]]

[Linkage Desequilibrium]
LD_Ne_Pop1 = [4387.0, 1061.9, 959.6, 959.6]
LD_r2_Pop1 = [0.021352, 0.021589, 0.021623, 0.021623]
LD_Ne_Pop2 = [None, None, 1290.4, 1290.4]
LD_r2_Pop2 = [0.021162, 0.021255, 0.021534, 0.021534]

[Heterozygote excess]
HE_Neb_mean_Pop1        = [30.7, 32.7, 34.8, 34.8]
HE_weighted_D_mean_Pop1 = [0.01653, 0.01555, 0.01458, 0.01458]
HE_Neb_mean_Pop2        = [145.0, None, None, None]
HE_weighted_D_mean_Pop2 = [0.00346, -0.00102, -0.00153, -0.00153]

[Molecular Coancestry]
Coan_Neb_n_Pop1 = 21.6
Coan_f1_Pop1    = 0.02313
Coan_Neb_n_Pop2 = None
Coan_f1_Pop2    = -0.01419

[Ne Estimates - Temporal - Decreasing critical values (0.050, 0.020, 0.010, 0+)]

[Pollak]
P_Ne     = [-2318.4, -3362.8, -7758.5, -6551.4]
P_Fk     = [0.01784, 0.01851, 0.01936, 0.01924]
P_Fprime = [-0.00216, -0.00149, -0.00064, -0.00076]

[Nei/Tajima]
N_Ne     = [-1955.3, -2654.1, -4492.6, -4113.2]
N_Fc     = [0.01744, 0.01812, 0.01889, 0.01878]
N_Fprime = [-0.00256, -0.00188, -0.00111, -0.00122]

[Jorde/Ryman]
J_Ne     = [-1550.6, -1840.5, -1958.0, -1948.9]
J_Fs     = [0.01688, 0.01739, 0.01755, 0.01754]
J_Fprime = [-0.00322, -0.00272, -0.00255, -0.00257]

[Genetic Diversity - Heterozygosity]
mean_exp_het_pop1 = 0.8128
mean_obs_het_pop1 = 0.8219
mean_exp_het_pop2 = 0.8038
mean_obs_het_pop2 = 0.8038

[Genetic Diversity - Allele Counts]
mean_alleles_pop1 = 8.33
var_alleles_pop1  = 2.03
sum_alleles_pop1  = 175
mean_alleles_pop2 = 8.48
var_alleles_pop2  = 2.74
sum_alleles_pop2  = 356

[Genetic Diversity - Allelic Size Variance]
var_allele_size_pop1 = 4.6079
var_allele_size_pop2 = 4.5189

[Per-locus summary - Population 1]
Locus | Num_Alleles | Alleles                                             | Frequencies                                                                              | Variance | Obs_Het | Exp_Het
------+-------------+-----------------------------------------------------+------------------------------------------------------------------------------------------+----------+---------+--------
1     | 8           | [97, 98, 99, 100, 101, 102, 103, 104]               | [0.0500, 0.2300, 0.1700, 0.0900, 0.1000, 0.2800, 0.0700, 0.0100]                         | 3.5331   | 0.8800  | 0.8224 
2     | 11          | [95, 96, 97, 98, 99, 100, 101, 103, 104, 105, 106]  | [0.0100, 0.1500, 0.0500, 0.0100, 0.1400, 0.3100, 0.0700, 0.1300, 0.0400, 0.0600, 0.0300] | 7.7204   | 0.8800  | 0.8396 
3     | 9           | [93, 94, 95, 96, 97, 98, 99, 100, 101]              | [0.1500, 0.2200, 0.1100, 0.1400, 0.0200, 0.0200, 0.0400, 0.2500, 0.0500]                 | 7.8651   | 0.8600  | 0.8384 
4     | 6           | [96, 97, 98, 99, 100, 101]                          | [0.0600, 0.3200, 0.1100, 0.1700, 0.2400, 0.1000]                                         | 2.3299   | 0.7600  | 0.7933 
5     | 9           | [97, 98, 99, 100, 101, 102, 103, 104, 105]          | [0.0400, 0.1800, 0.2700, 0.0200, 0.1000, 0.1800, 0.0700, 0.1100, 0.0300]                 | 5.0499   | 0.9000  | 0.8408 
6     | 9           | [96, 97, 98, 99, 100, 101, 102, 105, 106]           | [0.0200, 0.2300, 0.0300, 0.1300, 0.2200, 0.1200, 0.1200, 0.1000, 0.0300]                 | 6.8136   | 0.7400  | 0.8493 
7     | 8           | [95, 96, 97, 99, 100, 101, 102, 103]                | [0.0200, 0.1100, 0.0100, 0.2500, 0.2400, 0.1700, 0.1300, 0.0700]                         | 3.8876   | 0.7600  | 0.8248 
8     | 9           | [100, 101, 102, 103, 104, 105, 106, 107, 108]       | [0.0600, 0.2600, 0.0600, 0.0900, 0.0400, 0.0700, 0.3300, 0.0500, 0.0400]                 | 6.0739   | 0.8400  | 0.8057 
9     | 7           | [97, 98, 99, 100, 101, 102, 103]                    | [0.1000, 0.1200, 0.1800, 0.1300, 0.3800, 0.0800, 0.0100]                                 | 2.3275   | 0.7600  | 0.7832 
10    | 8           | [97, 98, 99, 100, 101, 102, 103, 104]               | [0.0500, 0.0200, 0.0600, 0.3300, 0.4500, 0.0700, 0.0100, 0.0100]                         | 1.4019   | 0.8000  | 0.6838 
11    | 8           | [98, 99, 100, 101, 102, 103, 104, 105]              | [0.0100, 0.1500, 0.1200, 0.1500, 0.3100, 0.1800, 0.0100, 0.0700]                         | 2.7691   | 0.8200  | 0.8152 
12    | 10          | [94, 95, 96, 97, 99, 100, 101, 102, 103, 104]       | [0.0100, 0.0100, 0.1200, 0.1000, 0.0100, 0.0400, 0.3300, 0.2600, 0.0900, 0.0300]         | 5.9844   | 0.7600  | 0.7962 
13    | 7           | [98, 99, 100, 101, 102, 103, 104]                   | [0.0300, 0.3000, 0.1700, 0.2000, 0.1000, 0.1600, 0.0400]                                 | 2.6376   | 0.7600  | 0.8111 
14    | 7           | [99, 100, 101, 102, 103, 104, 105]                  | [0.0400, 0.2600, 0.1600, 0.0900, 0.2100, 0.2100, 0.0300]                                 | 2.8736   | 0.8200  | 0.8162 
15    | 8           | [93, 94, 95, 96, 97, 100, 101, 102]                 | [0.0100, 0.0200, 0.1000, 0.3200, 0.0400, 0.1500, 0.2200, 0.1400]                         | 7.4419   | 0.9400  | 0.8030 
16    | 8           | [97, 98, 99, 100, 101, 102, 104, 105]               | [0.0200, 0.0800, 0.2200, 0.2100, 0.0600, 0.1700, 0.0900, 0.1500]                         | 5.5051   | 0.8400  | 0.8461 
17    | 6           | [98, 99, 100, 101, 102, 103]                        | [0.0200, 0.1900, 0.1200, 0.2800, 0.3000, 0.0900]                                         | 1.7136   | 0.8200  | 0.7804 
18    | 9           | [97, 98, 99, 100, 101, 102, 103, 104, 105]          | [0.0100, 0.0300, 0.2000, 0.0600, 0.1300, 0.1300, 0.2100, 0.2100, 0.0200]                 | 4.0211   | 0.7400  | 0.8414 
19    | 10          | [96, 97, 98, 99, 100, 101, 102, 103, 104, 106]      | [0.0200, 0.1600, 0.1000, 0.0100, 0.1100, 0.0700, 0.2000, 0.1900, 0.1200, 0.0200]         | 6.6331   | 0.9000  | 0.8647 
20    | 11          | [96, 97, 98, 99, 100, 101, 102, 103, 104, 105, 106] | [0.0100, 0.0800, 0.2300, 0.0800, 0.0600, 0.0100, 0.1300, 0.0300, 0.2100, 0.1400, 0.0200] | 8.8200   | 0.8400  | 0.8572 
21    | 7           | [97, 98, 99, 100, 101, 102, 104]                    | [0.0400, 0.1200, 0.3100, 0.3200, 0.1900, 0.0100, 0.0100]                                 | 1.3636   | 0.8400  | 0.7568 

[Per-locus summary - Population 2]
Locus | Num_Alleles | Alleles                                             | Frequencies                                                                              | Variance | Obs_Het | Exp_Het
------+-------------+-----------------------------------------------------+------------------------------------------------------------------------------------------+----------+---------+--------
1     | 8           | [97, 98, 99, 100, 101, 102, 103, 104]               | [0.0200, 0.1400, 0.1700, 0.1100, 0.1500, 0.3400, 0.0600, 0.0100]                         | 2.8284   | 0.7600  | 0.8053 
2     | 11          | [96, 97, 98, 99, 100, 101, 102, 103, 104, 105, 106] | [0.1200, 0.0300, 0.0300, 0.1700, 0.2900, 0.0300, 0.0200, 0.1300, 0.0400, 0.0700, 0.0700] | 8.3219   | 0.8800  | 0.8497 
3     | 10          | [92, 93, 94, 95, 96, 97, 98, 99, 100, 101]          | [0.0100, 0.0800, 0.3200, 0.1400, 0.1400, 0.0300, 0.0200, 0.0200, 0.2100, 0.0300]         | 6.6964   | 0.8000  | 0.8133 
4     | 6           | [96, 97, 98, 99, 100, 101]                          | [0.0500, 0.2400, 0.1900, 0.1800, 0.2700, 0.0700]                                         | 1.9819   | 0.9000  | 0.8016 
5     | 9           | [97, 98, 99, 100, 101, 102, 103, 104, 105]          | [0.0100, 0.2800, 0.1900, 0.0300, 0.0800, 0.2100, 0.0800, 0.0900, 0.0300]                 | 5.0091   | 0.8000  | 0.8269 
6     | 8           | [97, 98, 99, 100, 101, 102, 105, 106]               | [0.1800, 0.0200, 0.2000, 0.2700, 0.1500, 0.0700, 0.0800, 0.0300]                         | 5.4019   | 0.7400  | 0.8279 
7     | 8           | [96, 97, 98, 99, 100, 101, 102, 103]                | [0.1200, 0.0200, 0.0200, 0.2000, 0.2900, 0.2000, 0.0800, 0.0700]                         | 3.4859   | 0.8800  | 0.8176 
8     | 9           | [100, 101, 102, 103, 104, 105, 106, 107, 108]       | [0.0300, 0.2900, 0.0600, 0.0400, 0.0400, 0.1200, 0.2600, 0.0500, 0.1100]                 | 6.7336   | 0.8000  | 0.8198 
9     | 5           | [97, 98, 99, 100, 101]                              | [0.0200, 0.1700, 0.2000, 0.1900, 0.4200]                                                 | 1.4476   | 0.7400  | 0.7255 
10    | 8           | [97, 98, 99, 100, 101, 102, 103, 104]               | [0.0500, 0.0600, 0.0300, 0.3900, 0.3400, 0.1100, 0.0100, 0.0100]                         | 1.6411   | 0.6400  | 0.7202 
11    | 7           | [99, 100, 101, 102, 103, 104, 105]                  | [0.1800, 0.0800, 0.1100, 0.2600, 0.3300, 0.0100, 0.0300]                                 | 2.5531   | 0.7600  | 0.7794 
12    | 11          | [94, 95, 96, 97, 98, 99, 100, 101, 102, 103, 104]   | [0.0100, 0.0300, 0.0900, 0.1500, 0.0100, 0.0200, 0.0300, 0.3100, 0.2500, 0.0900, 0.0100] | 6.2364   | 0.8000  | 0.8083 
13    | 8           | [97, 98, 99, 100, 101, 102, 103, 104]               | [0.0100, 0.0100, 0.3700, 0.1700, 0.1800, 0.0600, 0.1900, 0.0100]                         | 2.5499   | 0.8200  | 0.7695 
14    | 7           | [99, 100, 101, 102, 103, 104, 105]                  | [0.0500, 0.2400, 0.1300, 0.0800, 0.1700, 0.2500, 0.0800]                                 | 3.4075   | 0.9000  | 0.8271 
15    | 7           | [93, 95, 96, 99, 100, 101, 102]                     | [0.0700, 0.2100, 0.2700, 0.0100, 0.1200, 0.1600, 0.1600]                                 | 9.1875   | 0.8800  | 0.8206 
16    | 8           | [98, 99, 100, 101, 102, 103, 104, 105]              | [0.1200, 0.1700, 0.2400, 0.0400, 0.1900, 0.0200, 0.1000, 0.1200]                         | 5.0851   | 0.8800  | 0.8450 
17    | 6           | [98, 99, 100, 101, 102, 103]                        | [0.0100, 0.1800, 0.1400, 0.2200, 0.3500, 0.1000]                                         | 1.6996   | 0.7200  | 0.7748 
18    | 10          | [96, 97, 98, 99, 100, 101, 102, 103, 104, 105]      | [0.0100, 0.0100, 0.0100, 0.2100, 0.0700, 0.1400, 0.1100, 0.2000, 0.2300, 0.0100]         | 4.1531   | 0.8400  | 0.8343 
19    | 10          | [97, 98, 99, 100, 101, 102, 103, 104, 105, 106]     | [0.1000, 0.0900, 0.1100, 0.1100, 0.0100, 0.2200, 0.2300, 0.0900, 0.0100, 0.0300]         | 5.8004   | 0.9000  | 0.8558 
20    | 9           | [97, 98, 99, 100, 102, 103, 104, 105, 106]          | [0.1100, 0.2400, 0.1200, 0.0500, 0.0600, 0.0400, 0.2200, 0.1200, 0.0400]                 | 9.5691   | 0.7600  | 0.8523 
21    | 7           | [97, 98, 99, 100, 101, 102, 104]                    | [0.0300, 0.1000, 0.3200, 0.4200, 0.1100, 0.0100, 0.0100]                                 | 1.1064   | 0.6800  | 0.7050 
