
[Simulation Info]
simulation_id = sim_0010172
timestamp     = 20250429_083419
seed          = 142463
output_folder = /home/lejeunet/Bureau/simulations/Ref_table/sim_0010172

[Model Parameters]
pop_size           = 131
num_loci           = 20
sample1_generation = 30
sample2_generation = 10
low_repeats        = 1
high_repeats       = 200
mutation_rate      = 0.001
recap_Ne           = 131

[Sampling Design]
sample1_size_Ne  = 50
sample2_size_Ne  = 50
sample1_size_CMR = 50
sample2_size_CMR = 50

[Capture-Marquage-Recapture]
census_N   =  144
MatchCount =  18

[Ne Estimates - One Sample - Decreasing critical values [0.050, 0.020, 0.010, 0+]]

[Linkage Desequilibrium]
LD_Ne_Pop1 = [142.3, 138.8, 179.3, 179.3]
LD_r2_Pop1 = [0.023585, 0.023641, 0.023113, 0.023113]
LD_Ne_Pop2 = [137.9, 314.2, 633.7, 633.7]
LD_r2_Pop2 = [0.023657, 0.02233, 0.0218, 0.0218]

[Heterozygote excess]
HE_Neb_mean_Pop1        = [102.5, None, None, None]
HE_weighted_D_mean_Pop1 = [0.0049, -0.01851, -0.01851, -0.01851]
HE_Neb_mean_Pop2        = [44.7, 45.7, 45.7, 45.7]
HE_weighted_D_mean_Pop2 = [0.01132, 0.01106, 0.01106, 0.01106]

[Molecular Coancestry]
Coan_Neb_n_Pop1 = None
Coan_f1_Pop1    = -0.0321
Coan_Neb_n_Pop2 = None
Coan_f1_Pop2    = -0.00996

[Ne Estimates - Temporal - Decreasing critical values (0.050, 0.020, 0.010, 0+)]

[Pollak]
P_Ne     = [678.0, 763.8, 763.8, 763.8]
P_Fk     = [0.02737, 0.02655, 0.02655, 0.02655]
P_Fprime = [0.00737, 0.00655, 0.00655, 0.00655]

[Nei/Tajima]
N_Ne     = [588.6, 668.2, 668.2, 668.2]
N_Fc     = [0.0285, 0.02748, 0.02748, 0.02748]
N_Fprime = [0.0085, 0.00748, 0.00748, 0.00748]

[Jorde/Ryman]
J_Ne     = [497.1, 508.4, 508.4, 508.4]
J_Fs     = [0.03018, 0.02996, 0.02996, 0.02996]
J_Fprime = [0.01006, 0.00984, 0.00984, 0.00984]

[Genetic Diversity - Heterozygosity]
mean_exp_het_pop1 = 0.4308
mean_obs_het_pop1 = 0.4238
mean_exp_het_pop2 = 0.436
mean_obs_het_pop2 = 0.4419

[Genetic Diversity - Allele Counts]
mean_alleles_pop1 = 2.57
var_alleles_pop1  = 0.26
sum_alleles_pop1  = 54
mean_alleles_pop2 = 2.74
var_alleles_pop2  = 0.49
sum_alleles_pop2  = 115

[Genetic Diversity - Allelic Size Variance]
var_allele_size_pop1 = 0.4525
var_allele_size_pop2 = 0.4542

[Per-locus summary - Population 1]
Locus | Num_Alleles | Alleles         | Frequencies              | Variance | Obs_Het | Exp_Het
------+-------------+-----------------+--------------------------+----------+---------+--------
1     | 2           | [99, 100]       | [0.8100, 0.1900]         | 0.1539   | 0.3000  | 0.3109 
2     | 3           | [99, 100, 101]  | [0.0100, 0.6200, 0.3700] | 0.2504   | 0.4600  | 0.4834 
3     | 2           | [99, 100]       | [0.1600, 0.8400]         | 0.1344   | 0.2400  | 0.2715 
4     | 3           | [98, 100, 101]  | [0.0100, 0.5400, 0.4500] | 0.3051   | 0.6000  | 0.5109 
5     | 3           | [99, 100, 101]  | [0.0100, 0.9600, 0.0300] | 0.0396   | 0.0400  | 0.0782 
6     | 3           | [99, 100, 101]  | [0.1500, 0.4100, 0.4400] | 0.5059   | 0.5600  | 0.6220 
7     | 3           | [100, 101, 102] | [0.3800, 0.2600, 0.3600] | 0.7396   | 0.7000  | 0.6651 
8     | 3           | [100, 101, 102] | [0.0400, 0.8900, 0.0700] | 0.1091   | 0.2200  | 0.2034 
9     | 3           | [99, 100, 101]  | [0.0600, 0.9000, 0.0400] | 0.0996   | 0.2000  | 0.1867 
10    | 2           | [100, 101]      | [0.4300, 0.5700]         | 0.2451   | 0.4600  | 0.4951 
11    | 2           | [100, 101]      | [0.9300, 0.0700]         | 0.0651   | 0.1400  | 0.1315 
12    | 2           | [101, 102]      | [0.5200, 0.4800]         | 0.2496   | 0.4800  | 0.5042 
13    | 2           | [99, 101]       | [0.4800, 0.5200]         | 0.9984   | 0.4000  | 0.5042 
14    | 3           | [99, 100, 101]  | [0.6600, 0.2300, 0.1100] | 0.4675   | 0.5600  | 0.5044 
15    | 3           | [99, 100, 101]  | [0.5200, 0.3000, 0.1800] | 0.5844   | 0.6000  | 0.6133 
16    | 2           | [99, 101]       | [0.5200, 0.4800]         | 0.9984   | 0.5200  | 0.5042 
17    | 3           | [98, 99, 100]   | [0.0700, 0.2200, 0.7100] | 0.3704   | 0.5000  | 0.4471 
18    | 2           | [99, 100]       | [0.3700, 0.6300]         | 0.2331   | 0.5000  | 0.4709 
19    | 3           | [96, 97, 100]   | [0.3100, 0.4300, 0.2600] | 2.4291   | 0.6200  | 0.6580 
20    | 3           | [99, 100, 101]  | [0.0900, 0.5900, 0.3200] | 0.3571   | 0.4600  | 0.5469 
21    | 2           | [100, 101]      | [0.2100, 0.7900]         | 0.1659   | 0.3400  | 0.3352 

[Per-locus summary - Population 2]
Locus | Num_Alleles | Alleles             | Frequencies                      | Variance | Obs_Het | Exp_Het
------+-------------+---------------------+----------------------------------+----------+---------+--------
1     | 2           | [99, 100]           | [0.6100, 0.3900]                 | 0.2379   | 0.5000  | 0.4806 
2     | 2           | [100, 101]          | [0.7300, 0.2700]                 | 0.1971   | 0.4200  | 0.3982 
3     | 2           | [99, 100]           | [0.1000, 0.9000]                 | 0.0900   | 0.2000  | 0.1818 
4     | 3           | [98, 100, 101]      | [0.0100, 0.4800, 0.5100]         | 0.3099   | 0.4400  | 0.5145 
5     | 3           | [99, 100, 101]      | [0.0300, 0.9500, 0.0200]         | 0.0499   | 0.1000  | 0.0972 
6     | 3           | [99, 100, 101]      | [0.1700, 0.3700, 0.4600]         | 0.5459   | 0.5600  | 0.6289 
7     | 4           | [99, 100, 101, 102] | [0.0200, 0.4000, 0.2100, 0.3700] | 0.8451   | 0.7200  | 0.6653 
8     | 3           | [100, 101, 102]     | [0.1000, 0.8200, 0.0800]         | 0.1796   | 0.3000  | 0.3143 
9     | 3           | [99, 100, 101]      | [0.0400, 0.9500, 0.0100]         | 0.0491   | 0.1000  | 0.0968 
10    | 2           | [100, 101]          | [0.4300, 0.5700]                 | 0.2451   | 0.6200  | 0.4951 
11    | 2           | [100, 101]          | [0.9500, 0.0500]                 | 0.0475   | 0.1000  | 0.0960 
12    | 2           | [101, 102]          | [0.4500, 0.5500]                 | 0.2475   | 0.5800  | 0.5000 
13    | 2           | [99, 101]           | [0.4000, 0.6000]                 | 0.9600   | 0.5600  | 0.4849 
14    | 3           | [99, 100, 101]      | [0.6500, 0.2300, 0.1200]         | 0.4891   | 0.4600  | 0.5153 
15    | 3           | [99, 100, 101]      | [0.3300, 0.4300, 0.2400]         | 0.5619   | 0.6800  | 0.6552 
16    | 3           | [99, 100, 101]      | [0.4900, 0.0200, 0.4900]         | 0.9800   | 0.4400  | 0.5246 
17    | 4           | [98, 99, 100, 101]  | [0.0900, 0.2500, 0.6300, 0.0300] | 0.4800   | 0.5600  | 0.5370 
18    | 2           | [99, 100]           | [0.4600, 0.5400]                 | 0.2484   | 0.5200  | 0.5018 
19    | 3           | [96, 97, 100]       | [0.2200, 0.5300, 0.2500]         | 2.1891   | 0.6200  | 0.6143 
20    | 4           | [99, 100, 101, 102] | [0.1100, 0.5300, 0.3400, 0.0200] | 0.4571   | 0.5800  | 0.5970 
21    | 2           | [100, 101]          | [0.1500, 0.8500]                 | 0.1275   | 0.2200  | 0.2576 
