
[Simulation Info]
simulation_id = sim_0012695
timestamp     = 20250429_100026
seed          = 853600
output_folder = /home/lejeunet/Bureau/simulations/Ref_table/sim_0012695

[Model Parameters]
pop_size           = 928
num_loci           = 20
sample1_generation = 30
sample2_generation = 10
low_repeats        = 1
high_repeats       = 200
mutation_rate      = 0.001
recap_Ne           = 928

[Sampling Design]
sample1_size_Ne  = 50
sample2_size_Ne  = 50
sample1_size_CMR = 50
sample2_size_CMR = 50

[Capture-Marquage-Recapture]
census_N   =  1300
MatchCount =  2

[Ne Estimates - One Sample - Decreasing critical values [0.050, 0.020, 0.010, 0+]]

[Linkage Desequilibrium]
LD_Ne_Pop1 = [956.5, None, None, None]
LD_r2_Pop1 = [0.021624, 0.021162, 0.020965, 0.020965]
LD_Ne_Pop2 = [323.2, 352.2, 514.4, 514.4]
LD_r2_Pop2 = [0.022301, 0.022217, 0.021921, 0.021921]

[Heterozygote excess]
HE_Neb_mean_Pop1        = [None, None, None, None]
HE_weighted_D_mean_Pop1 = [-0.02242, -0.02539, -0.02527, -0.02527]
HE_Neb_mean_Pop2        = [88.9, 71.5, 74.6, 74.6]
HE_weighted_D_mean_Pop2 = [0.00566, 0.00704, 0.00675, 0.00675]

[Molecular Coancestry]
Coan_Neb_n_Pop1 = 28.1
Coan_f1_Pop1    = 0.01778
Coan_Neb_n_Pop2 = None
Coan_f1_Pop2    = -0.0269

[Ne Estimates - Temporal - Decreasing critical values (0.050, 0.020, 0.010, 0+)]

[Pollak]
P_Ne     = [-23242.1, 2791.7, 2986.6, 3411.3]
P_Fk     = [0.01978, 0.02179, 0.02167, 0.02147]
P_Fprime = [-0.00022, 0.00179, 0.00167, 0.00147]

[Nei/Tajima]
N_Ne     = [-4645.7, 7996.7, 8963.5, 12711.2]
N_Fc     = [0.01892, 0.02063, 0.02056, 0.02039]
N_Fprime = [-0.00108, 0.00063, 0.00056, 0.00039]

[Jorde/Ryman]
J_Ne     = [-3002.7, -3613.3, -3609.1, -3572.0]
J_Fs     = [0.01844, 0.01872, 0.01872, 0.0187]
J_Fprime = [-0.00167, -0.00138, -0.00139, -0.0014]

[Genetic Diversity - Heterozygosity]
mean_exp_het_pop1 = 0.6682
mean_obs_het_pop1 = 0.6524
mean_exp_het_pop2 = 0.6722
mean_obs_het_pop2 = 0.6857

[Genetic Diversity - Allele Counts]
mean_alleles_pop1 = 5.62
var_alleles_pop1  = 1.55
sum_alleles_pop1  = 118
mean_alleles_pop2 = 5.69
var_alleles_pop2  = 1.44
sum_alleles_pop2  = 239

[Genetic Diversity - Allelic Size Variance]
var_allele_size_pop1 = 2.2749
var_allele_size_pop2 = 2.1707

[Per-locus summary - Population 1]
Locus | Num_Alleles | Alleles                                | Frequencies                                                      | Variance | Obs_Het | Exp_Het
------+-------------+----------------------------------------+------------------------------------------------------------------+----------+---------+--------
1     | 5           | [99, 100, 101, 102, 103]               | [0.0200, 0.1700, 0.2400, 0.5400, 0.0300]                         | 0.7579   | 0.5800  | 0.6269 
2     | 7           | [94, 95, 96, 97, 103, 104, 105]        | [0.2100, 0.4400, 0.1400, 0.0600, 0.0300, 0.1100, 0.0100]         | 10.5156  | 0.6800  | 0.7333 
3     | 5           | [100, 101, 102, 103, 104]              | [0.1400, 0.1400, 0.2400, 0.2600, 0.2200]                         | 1.7616   | 0.7400  | 0.7952 
4     | 4           | [101, 102, 103, 104]                   | [0.1900, 0.2400, 0.2600, 0.3100]                                 | 1.2139   | 0.7000  | 0.7501 
5     | 5           | [97, 99, 100, 101, 102]                | [0.1000, 0.0200, 0.0300, 0.5800, 0.2700]                         | 1.9400   | 0.6600  | 0.5853 
6     | 6           | [99, 100, 101, 102, 103, 104]          | [0.0700, 0.7200, 0.0300, 0.0100, 0.0700, 0.1000]                 | 2.0219   | 0.4600  | 0.4654 
7     | 8           | [98, 99, 100, 101, 102, 103, 104, 105] | [0.0600, 0.0900, 0.0500, 0.0100, 0.1500, 0.0400, 0.5700, 0.0300] | 4.1475   | 0.5600  | 0.6422 
8     | 5           | [96, 98, 99, 100, 101]                 | [0.0400, 0.2100, 0.0800, 0.5900, 0.0800]                         | 1.3036   | 0.6000  | 0.5994 
9     | 5           | [99, 100, 101, 102, 104]               | [0.0300, 0.2500, 0.2100, 0.4900, 0.0200]                         | 0.9824   | 0.6800  | 0.6586 
10    | 5           | [96, 97, 98, 99, 102]                  | [0.0900, 0.3100, 0.1000, 0.3600, 0.1400]                         | 3.0851   | 0.7400  | 0.7440 
11    | 4           | [96, 97, 98, 99]                       | [0.0600, 0.5300, 0.1300, 0.2800]                                 | 0.9131   | 0.5400  | 0.6265 
12    | 8           | [96, 97, 98, 99, 100, 101, 102, 103]   | [0.1300, 0.0100, 0.0800, 0.1300, 0.1300, 0.0500, 0.2000, 0.2700] | 5.7236   | 0.8600  | 0.8358 
13    | 7           | [96, 97, 98, 99, 100, 101, 102]        | [0.0100, 0.0100, 0.1100, 0.3500, 0.1600, 0.3400, 0.0200]         | 1.3924   | 0.7000  | 0.7309 
14    | 6           | [97, 98, 99, 100, 101, 102]            | [0.0300, 0.1900, 0.1700, 0.1100, 0.3700, 0.1300]                 | 2.0899   | 0.7400  | 0.7760 
15    | 6           | [98, 99, 100, 101, 102, 103]           | [0.0500, 0.0100, 0.0700, 0.6500, 0.1100, 0.1100]                 | 1.1019   | 0.5800  | 0.5513 
16    | 6           | [96, 97, 98, 99, 100, 101]             | [0.0400, 0.3200, 0.5100, 0.0100, 0.1000, 0.0200]                 | 1.0531   | 0.6600  | 0.6317 
17    | 6           | [98, 99, 100, 101, 102, 103]           | [0.0300, 0.0800, 0.0700, 0.5900, 0.2200, 0.0100]                 | 0.9136   | 0.5200  | 0.5972 
18    | 5           | [98, 99, 100, 101, 102]                | [0.1400, 0.0100, 0.0600, 0.3800, 0.4100]                         | 1.7619   | 0.7000  | 0.6709 
19    | 6           | [98, 99, 100, 101, 102, 104]           | [0.1600, 0.2500, 0.0800, 0.2500, 0.0900, 0.1700]                 | 3.9284   | 0.7600  | 0.8141 
20    | 6           | [99, 100, 101, 102, 103, 104]          | [0.0500, 0.0400, 0.4700, 0.3600, 0.0700, 0.0100]                 | 0.8179   | 0.6800  | 0.6469 
21    | 3           | [102, 103, 104]                        | [0.0500, 0.4500, 0.5000]                                         | 0.3475   | 0.5600  | 0.5505 

[Per-locus summary - Population 2]
Locus | Num_Alleles | Alleles                              | Frequencies                                                      | Variance | Obs_Het | Exp_Het
------+-------------+--------------------------------------+------------------------------------------------------------------+----------+---------+--------
1     | 6           | [98, 99, 100, 101, 102, 103]         | [0.0200, 0.0400, 0.1800, 0.1700, 0.5100, 0.0800]                 | 1.2275   | 0.6600  | 0.6770 
2     | 6           | [94, 95, 96, 97, 103, 104]           | [0.2900, 0.4300, 0.0700, 0.0800, 0.0200, 0.1100]                 | 9.6819   | 0.8400  | 0.7143 
3     | 5           | [100, 101, 102, 103, 104]            | [0.1000, 0.1900, 0.2200, 0.3000, 0.1900]                         | 1.5659   | 0.7800  | 0.7873 
4     | 5           | [101, 102, 103, 104, 105]            | [0.2100, 0.1700, 0.1900, 0.4200, 0.0100]                         | 1.4475   | 0.7600  | 0.7216 
5     | 5           | [97, 100, 101, 102, 103]             | [0.1400, 0.0300, 0.5800, 0.2100, 0.0400]                         | 2.5500   | 0.6200  | 0.6034 
6     | 4           | [99, 100, 101, 104]                  | [0.1200, 0.7300, 0.0600, 0.0900]                                 | 1.5300   | 0.4800  | 0.4455 
7     | 6           | [98, 99, 100, 102, 103, 104]         | [0.0600, 0.1200, 0.0700, 0.2500, 0.0300, 0.4700]                 | 4.1771   | 0.7800  | 0.6998 
8     | 6           | [96, 97, 98, 99, 100, 101]           | [0.0300, 0.0400, 0.1500, 0.0600, 0.6100, 0.1100]                 | 1.3699   | 0.5400  | 0.5931 
9     | 5           | [99, 100, 101, 102, 104]             | [0.0200, 0.3100, 0.1700, 0.4700, 0.0300]                         | 1.0859   | 0.6400  | 0.6594 
10    | 7           | [96, 97, 98, 99, 100, 101, 102]      | [0.0800, 0.3000, 0.1700, 0.3000, 0.0100, 0.0100, 0.1300]         | 2.9619   | 0.6800  | 0.7753 
11    | 4           | [96, 97, 98, 99]                     | [0.0600, 0.5800, 0.1100, 0.2500]                                 | 0.8675   | 0.5800  | 0.5913 
12    | 8           | [96, 97, 98, 99, 100, 101, 102, 103] | [0.0800, 0.0100, 0.0400, 0.1900, 0.2100, 0.1100, 0.1800, 0.1800] | 4.0179   | 0.7800  | 0.8432 
13    | 6           | [96, 97, 98, 99, 100, 101]           | [0.0200, 0.0200, 0.0500, 0.3300, 0.1500, 0.4300]                 | 1.4404   | 0.7800  | 0.6873 
14    | 7           | [97, 98, 99, 100, 101, 102, 103]     | [0.0600, 0.2600, 0.2200, 0.1800, 0.1700, 0.1000, 0.0100]         | 2.1896   | 0.8000  | 0.8172 
15    | 5           | [98, 100, 101, 102, 103]             | [0.0800, 0.0800, 0.6000, 0.1100, 0.1300]                         | 1.4275   | 0.6200  | 0.6042 
16    | 5           | [96, 97, 98, 100, 101]               | [0.0500, 0.3400, 0.5400, 0.0500, 0.0200]                         | 0.8416   | 0.5600  | 0.5933 
17    | 5           | [98, 99, 100, 101, 102]              | [0.0500, 0.0800, 0.1200, 0.5700, 0.1800]                         | 1.0075   | 0.6400  | 0.6257 
18    | 4           | [98, 100, 101, 102]                  | [0.0500, 0.0500, 0.4200, 0.4800]                                 | 0.9016   | 0.7000  | 0.5941 
19    | 6           | [98, 99, 100, 101, 102, 104]         | [0.1800, 0.3200, 0.0600, 0.2400, 0.0600, 0.1400]                 | 3.7024   | 0.7400  | 0.7887 
20    | 6           | [99, 100, 101, 102, 103, 104]        | [0.0500, 0.0700, 0.4400, 0.3400, 0.0500, 0.0500]                 | 1.0836   | 0.7200  | 0.6853 
21    | 3           | [102, 103, 104]                      | [0.1400, 0.3700, 0.4900]                                         | 0.5075   | 0.7000  | 0.6095 
