
[Simulation Info]
simulation_id = sim_0012563
timestamp     = 20250429_095629
seed          = 525385
output_folder = /home/lejeunet/Bureau/simulations/Ref_table/sim_0012563

[Model Parameters]
pop_size           = 1889
num_loci           = 20
sample1_generation = 30
sample2_generation = 10
low_repeats        = 1
high_repeats       = 200
mutation_rate      = 0.001
recap_Ne           = 1889

[Sampling Design]
sample1_size_Ne  = 50
sample2_size_Ne  = 50
sample1_size_CMR = 50
sample2_size_CMR = 50

[Capture-Marquage-Recapture]
census_N   =  650
MatchCount =  4

[Ne Estimates - One Sample - Decreasing critical values [0.050, 0.020, 0.010, 0+]]

[Linkage Desequilibrium]
LD_Ne_Pop1 = [None, None, None, None]
LD_r2_Pop1 = [0.020962, 0.021059, 0.021103, 0.021103]
LD_Ne_Pop2 = [None, None, None, None]
LD_r2_Pop2 = [0.021173, 0.021133, 0.02099, 0.02099]

[Heterozygote excess]
HE_Neb_mean_Pop1        = [30.0, 48.7, 50.5, 50.5]
HE_weighted_D_mean_Pop1 = [0.01697, 0.01037, 0.01, 0.01]
HE_Neb_mean_Pop2        = [29.7, 38.6, 39.9, 39.9]
HE_weighted_D_mean_Pop2 = [0.01711, 0.01312, 0.0127, 0.0127]

[Molecular Coancestry]
Coan_Neb_n_Pop1 = None
Coan_f1_Pop1    = -0.00805
Coan_Neb_n_Pop2 = None
Coan_f1_Pop2    = -0.01405

[Ne Estimates - Temporal - Decreasing critical values (0.050, 0.020, 0.010, 0+)]

[Pollak]
P_Ne     = [1147.7, 1611.1, 1342.0, 1498.6]
P_Fk     = [0.02436, 0.0231, 0.02373, 0.02334]
P_Fprime = [0.00436, 0.0031, 0.00373, 0.00334]

[Nei/Tajima]
N_Ne     = [1227.2, 1668.6, 1414.6, 1562.4]
N_Fc     = [0.02407, 0.023, 0.02353, 0.0232]
N_Fprime = [0.00407, 0.003, 0.00353, 0.0032]

[Jorde/Ryman]
J_Ne     = [1030.4, 1052.6, 1029.4, 1034.7]
J_Fs     = [0.02496, 0.02486, 0.02496, 0.02494]
J_Fprime = [0.00485, 0.00475, 0.00486, 0.00483]

[Genetic Diversity - Heterozygosity]
mean_exp_het_pop1 = 0.7881
mean_obs_het_pop1 = 0.8029
mean_exp_het_pop2 = 0.7752
mean_obs_het_pop2 = 0.7848

[Genetic Diversity - Allele Counts]
mean_alleles_pop1 = 7.33
var_alleles_pop1  = 2.03
sum_alleles_pop1  = 154
mean_alleles_pop2 = 7.48
var_alleles_pop2  = 1.91
sum_alleles_pop2  = 314

[Genetic Diversity - Allelic Size Variance]
var_allele_size_pop1 = 3.0923
var_allele_size_pop2 = 3.0963

[Per-locus summary - Population 1]
Locus | Num_Alleles | Alleles                                    | Frequencies                                                                      | Variance | Obs_Het | Exp_Het
------+-------------+--------------------------------------------+----------------------------------------------------------------------------------+----------+---------+--------
1     | 7           | [98, 99, 100, 101, 102, 103, 104]          | [0.1300, 0.0800, 0.0800, 0.4100, 0.2400, 0.0100, 0.0500]                         | 2.2516   | 0.7200  | 0.7495 
2     | 7           | [96, 97, 98, 99, 100, 101, 102]            | [0.0600, 0.1200, 0.1600, 0.1800, 0.3700, 0.0900, 0.0200]                         | 2.0891   | 0.8400  | 0.7865 
3     | 8           | [99, 100, 101, 102, 103, 104, 105, 106]    | [0.0100, 0.0300, 0.1800, 0.1100, 0.2700, 0.1700, 0.0500, 0.1800]                 | 3.2059   | 0.8400  | 0.8261 
4     | 7           | [96, 97, 98, 99, 100, 101, 102]            | [0.0600, 0.1100, 0.0600, 0.1900, 0.2900, 0.2600, 0.0300]                         | 2.4464   | 0.8000  | 0.8000 
5     | 9           | [95, 96, 97, 98, 99, 101, 102, 103, 104]   | [0.1500, 0.0300, 0.2400, 0.1600, 0.1300, 0.0300, 0.0200, 0.2200, 0.0200]         | 8.0571   | 0.8400  | 0.8347 
6     | 9           | [97, 98, 99, 100, 101, 102, 103, 104, 105] | [0.0200, 0.3000, 0.2000, 0.1600, 0.2000, 0.0500, 0.0200, 0.0400, 0.0100]         | 2.9659   | 0.8600  | 0.8075 
7     | 6           | [98, 99, 100, 101, 102, 103]               | [0.0400, 0.1100, 0.2900, 0.2200, 0.3100, 0.0300]                                 | 1.4524   | 0.8200  | 0.7644 
8     | 8           | [99, 100, 101, 103, 104, 105, 106, 107]    | [0.0800, 0.1400, 0.1200, 0.0200, 0.1100, 0.2800, 0.2200, 0.0300]                 | 6.4891   | 0.7800  | 0.8277 
9     | 8           | [97, 98, 99, 100, 101, 102, 103, 104]      | [0.0200, 0.0400, 0.0300, 0.2600, 0.1800, 0.1900, 0.0700, 0.2100]                 | 3.2264   | 0.9200  | 0.8202 
10    | 8           | [97, 98, 99, 100, 101, 102, 103, 104]      | [0.0100, 0.0400, 0.0700, 0.1400, 0.3700, 0.2400, 0.1000, 0.0300]                 | 1.8419   | 0.7200  | 0.7762 
11    | 6           | [94, 96, 97, 98, 99, 101]                  | [0.0300, 0.1800, 0.2000, 0.4900, 0.0600, 0.0400]                                 | 1.5700   | 0.7200  | 0.6883 
12    | 5           | [98, 99, 100, 101, 102]                    | [0.0400, 0.3100, 0.3000, 0.1400, 0.2100]                                         | 1.4211   | 0.7800  | 0.7562 
13    | 10          | [92, 93, 94, 95, 96, 97, 98, 99, 100, 101] | [0.0200, 0.0100, 0.1300, 0.0100, 0.0300, 0.2700, 0.0700, 0.0400, 0.2000, 0.2200] | 6.3475   | 0.8400  | 0.8220 
14    | 8           | [96, 97, 98, 99, 100, 101, 102, 103]       | [0.0300, 0.0500, 0.1600, 0.2100, 0.3000, 0.1600, 0.0400, 0.0500]                 | 2.3819   | 0.7800  | 0.8154 
15    | 7           | [97, 98, 99, 100, 101, 102, 103]           | [0.1100, 0.0800, 0.2600, 0.2900, 0.2200, 0.0300, 0.0100]                         | 1.8064   | 0.7800  | 0.7883 
16    | 9           | [96, 97, 98, 99, 100, 101, 102, 103, 104]  | [0.0100, 0.1100, 0.2300, 0.0500, 0.1400, 0.1300, 0.2100, 0.1100, 0.0100]         | 4.2384   | 0.9200  | 0.8481 
17    | 8           | [98, 99, 100, 101, 102, 103, 104, 105]     | [0.1200, 0.0100, 0.0600, 0.1400, 0.3200, 0.3100, 0.0300, 0.0100]                 | 2.7731   | 0.7600  | 0.7705 
18    | 7           | [95, 96, 97, 98, 99, 100, 101]             | [0.0900, 0.2400, 0.1400, 0.0100, 0.2600, 0.1500, 0.1100]                         | 3.7600   | 0.8200  | 0.8206 
19    | 7           | [97, 98, 99, 100, 102, 103, 104]           | [0.0500, 0.1100, 0.1800, 0.0700, 0.2100, 0.3400, 0.0400]                         | 4.5075   | 0.8200  | 0.7947 
20    | 4           | [98, 99, 100, 101]                         | [0.0600, 0.1900, 0.3500, 0.4000]                                                 | 0.8219   | 0.6800  | 0.6846 
21    | 6           | [94, 95, 96, 97, 98, 99]                   | [0.0100, 0.2000, 0.2600, 0.3000, 0.2000, 0.0300]                                 | 1.2851   | 0.8200  | 0.7691 

[Per-locus summary - Population 2]
Locus | Num_Alleles | Alleles                                        | Frequencies                                                                      | Variance | Obs_Het | Exp_Het
------+-------------+------------------------------------------------+----------------------------------------------------------------------------------+----------+---------+--------
1     | 7           | [98, 99, 100, 101, 102, 103, 104]              | [0.1100, 0.0300, 0.0700, 0.4800, 0.2300, 0.0400, 0.0400]                         | 1.9291   | 0.7600  | 0.7026 
2     | 7           | [96, 97, 98, 99, 100, 101, 102]                | [0.0700, 0.0800, 0.2300, 0.1500, 0.2700, 0.1800, 0.0200]                         | 2.3419   | 0.8400  | 0.8158 
3     | 6           | [100, 101, 102, 103, 104, 106]                 | [0.0200, 0.1900, 0.1000, 0.3500, 0.1700, 0.1700]                                 | 2.7204   | 0.7200  | 0.7810 
4     | 7           | [96, 97, 98, 99, 100, 101, 102]                | [0.0200, 0.1200, 0.0800, 0.2100, 0.3200, 0.2200, 0.0300]                         | 1.9891   | 0.7400  | 0.7909 
5     | 9           | [95, 96, 97, 98, 99, 101, 102, 103, 104]       | [0.1000, 0.0500, 0.2000, 0.0800, 0.2500, 0.0200, 0.0300, 0.2200, 0.0500]         | 7.9971   | 0.8800  | 0.8347 
6     | 8           | [97, 98, 99, 100, 101, 102, 104, 105]          | [0.0100, 0.3000, 0.1300, 0.1300, 0.3600, 0.0200, 0.0400, 0.0100]                 | 2.7275   | 0.8200  | 0.7519 
7     | 6           | [98, 99, 100, 101, 102, 103]                   | [0.0300, 0.0800, 0.2600, 0.2600, 0.3600, 0.0100]                                 | 1.2331   | 0.6600  | 0.7351 
8     | 9           | [99, 100, 101, 102, 103, 104, 105, 106, 108]   | [0.0700, 0.2000, 0.0900, 0.0100, 0.0200, 0.0900, 0.2300, 0.2600, 0.0300]         | 7.2219   | 0.8400  | 0.8253 
9     | 10          | [96, 97, 98, 99, 100, 101, 102, 103, 104, 105] | [0.0100, 0.0100, 0.0400, 0.0300, 0.2400, 0.1600, 0.2000, 0.1100, 0.1900, 0.0100] | 3.3696   | 0.8600  | 0.8341 
10    | 8           | [97, 98, 99, 100, 101, 102, 103, 104]          | [0.0200, 0.0500, 0.0400, 0.3000, 0.2100, 0.2700, 0.0800, 0.0300]                 | 2.0819   | 0.8600  | 0.7891 
11    | 7           | [94, 96, 97, 98, 99, 101, 102]                 | [0.0600, 0.1100, 0.2400, 0.4800, 0.0600, 0.0300, 0.0200]                         | 2.0691   | 0.6200  | 0.6984 
12    | 6           | [98, 99, 100, 101, 102, 103]                   | [0.0700, 0.3200, 0.2900, 0.1200, 0.1800, 0.0200]                                 | 1.6136   | 0.8400  | 0.7691 
13    | 10          | [92, 93, 94, 95, 96, 97, 98, 99, 100, 101]     | [0.0100, 0.0300, 0.0600, 0.0400, 0.0200, 0.3900, 0.0500, 0.0200, 0.2500, 0.1300] | 5.0819   | 0.6800  | 0.7667 
14    | 7           | [96, 98, 99, 100, 101, 102, 103]               | [0.0500, 0.2600, 0.2200, 0.2100, 0.1300, 0.0800, 0.0500]                         | 2.7100   | 0.8400  | 0.8198 
15    | 7           | [93, 97, 98, 99, 100, 101, 102]                | [0.0100, 0.1600, 0.1600, 0.2000, 0.2300, 0.2000, 0.0400]                         | 2.5059   | 0.9000  | 0.8224 
16    | 7           | [97, 98, 99, 100, 101, 102, 103]               | [0.0600, 0.3400, 0.0800, 0.0400, 0.2000, 0.1400, 0.1400]                         | 3.9984   | 0.8200  | 0.8016 
17    | 6           | [98, 100, 101, 102, 103, 104]                  | [0.0400, 0.0400, 0.1100, 0.4700, 0.3000, 0.0400]                                 | 1.3691   | 0.7000  | 0.6790 
18    | 7           | [95, 96, 97, 98, 99, 100, 101]                 | [0.1600, 0.1700, 0.0600, 0.0200, 0.3000, 0.1700, 0.1200]                         | 4.2256   | 0.8000  | 0.8164 
19    | 7           | [97, 98, 99, 100, 102, 103, 104]               | [0.1500, 0.0500, 0.1900, 0.0900, 0.0900, 0.4100, 0.0200]                         | 5.5475   | 0.7400  | 0.7618 
20    | 5           | [98, 99, 100, 101, 102]                        | [0.0400, 0.2700, 0.3100, 0.3400, 0.0400]                                         | 0.9251   | 0.6600  | 0.7194 
21    | 6           | [94, 95, 96, 97, 98, 99]                       | [0.0300, 0.2500, 0.1900, 0.3300, 0.1900, 0.0100]                                 | 1.3651   | 0.9000  | 0.7630 
