
[Simulation Info]
simulation_id = sim_0011170
timestamp     = 20250429_090314
seed          = 187014
output_folder = /home/lejeunet/Bureau/simulations/Ref_table/sim_0011170

[Model Parameters]
pop_size           = 666
num_loci           = 20
sample1_generation = 30
sample2_generation = 10
low_repeats        = 1
high_repeats       = 200
mutation_rate      = 0.001
recap_Ne           = 666

[Sampling Design]
sample1_size_Ne  = 50
sample2_size_Ne  = 50
sample1_size_CMR = 50
sample2_size_CMR = 50

[Capture-Marquage-Recapture]
census_N   =  1300
MatchCount =  2

[Ne Estimates - One Sample - Decreasing critical values [0.050, 0.020, 0.010, 0+]]

[Linkage Desequilibrium]
LD_Ne_Pop1 = [188.6, 257.7, 185.4, 185.4]
LD_r2_Pop1 = [0.023024, 0.022559, 0.023054, 0.023054]
LD_Ne_Pop2 = [None, None, 1990.6, 1990.6]
LD_r2_Pop2 = [0.021006, 0.021152, 0.021443, 0.021443]

[Heterozygote excess]
HE_Neb_mean_Pop1        = [156.3, 58.8, 59.4, 59.4]
HE_weighted_D_mean_Pop1 = [0.00321, 0.00858, 0.0085, 0.0085]
HE_Neb_mean_Pop2        = [None, None, None, None]
HE_weighted_D_mean_Pop2 = [-0.00561, -0.00621, -0.00621, -0.00621]

[Molecular Coancestry]
Coan_Neb_n_Pop1 = 17.0
Coan_f1_Pop1    = 0.02947
Coan_Neb_n_Pop2 = 10.2
Coan_f1_Pop2    = 0.04925

[Ne Estimates - Temporal - Decreasing critical values (0.050, 0.020, 0.010, 0+)]

[Pollak]
P_Ne     = [1042.0, 1113.9, 1199.5, 1294.5]
P_Fk     = [0.0248, 0.02449, 0.02417, 0.02386]
P_Fprime = [0.0048, 0.00449, 0.00417, 0.00386]

[Nei/Tajima]
N_Ne     = [1509.4, 1548.5, 1672.9, 1812.2]
N_Fc     = [0.02331, 0.02323, 0.02299, 0.02276]
N_Fprime = [0.00331, 0.00323, 0.00299, 0.00276]

[Jorde/Ryman]
J_Ne     = [3881.5, 3564.9, 3778.0, 3823.2]
J_Fs     = [0.02139, 0.0215, 0.02142, 0.02141]
J_Fprime = [0.00129, 0.0014, 0.00132, 0.00131]

[Genetic Diversity - Heterozygosity]
mean_exp_het_pop1 = 0.6259
mean_obs_het_pop1 = 0.6248
mean_exp_het_pop2 = 0.6023
mean_obs_het_pop2 = 0.5962

[Genetic Diversity - Allele Counts]
mean_alleles_pop1 = 4.71
var_alleles_pop1  = 0.91
sum_alleles_pop1  = 99
mean_alleles_pop2 = 4.55
var_alleles_pop2  = 0.84
sum_alleles_pop2  = 191

[Genetic Diversity - Allelic Size Variance]
var_allele_size_pop1 = 0.8727
var_allele_size_pop2 = 0.803

[Per-locus summary - Population 1]
Locus | Num_Alleles | Alleles                      | Frequencies                                      | Variance | Obs_Het | Exp_Het
------+-------------+------------------------------+--------------------------------------------------+----------+---------+--------
1     | 5           | [97, 98, 99, 100, 101]       | [0.0700, 0.0700, 0.4700, 0.3000, 0.0900]         | 0.9371   | 0.7000  | 0.6780 
2     | 6           | [98, 99, 100, 101, 102, 103] | [0.0700, 0.0100, 0.1600, 0.4700, 0.1500, 0.1400] | 1.5384   | 0.7000  | 0.7135 
3     | 5           | [98, 99, 100, 101, 102]      | [0.0700, 0.2200, 0.1700, 0.2700, 0.2700]         | 1.6475   | 0.8000  | 0.7798 
4     | 5           | [98, 100, 101, 102, 103]     | [0.0200, 0.1200, 0.0600, 0.5100, 0.2900]         | 1.1419   | 0.6400  | 0.6438 
5     | 6           | [98, 99, 100, 101, 102, 103] | [0.0300, 0.3100, 0.3800, 0.2200, 0.0400, 0.0200] | 0.9899   | 0.6200  | 0.7154 
6     | 4           | [98, 99, 100, 101]           | [0.2900, 0.3400, 0.1500, 0.2200]                 | 1.2300   | 0.8400  | 0.7368 
7     | 4           | [97, 98, 99, 100]            | [0.0200, 0.2000, 0.7600, 0.0200]                 | 0.2516   | 0.4600  | 0.3855 
8     | 4           | [98, 99, 100, 101]           | [0.0200, 0.1200, 0.4000, 0.4600]                 | 0.5700   | 0.5800  | 0.6198 
9     | 4           | [99, 100, 101, 103]          | [0.1900, 0.4900, 0.3100, 0.0100]                 | 0.5675   | 0.6200  | 0.6339 
10    | 4           | [100, 101, 102, 103]         | [0.1100, 0.4100, 0.4700, 0.0100]                 | 0.4756   | 0.5600  | 0.6048 
11    | 5           | [99, 100, 101, 102, 103]     | [0.0400, 0.0900, 0.1000, 0.6800, 0.0900]         | 0.8139   | 0.4400  | 0.5150 
12    | 5           | [97, 98, 99, 100, 101]       | [0.0300, 0.3100, 0.1600, 0.4100, 0.0900]         | 1.1516   | 0.7400  | 0.7083 
13    | 5           | [98, 99, 100, 101, 102]      | [0.0100, 0.1000, 0.0600, 0.4100, 0.4200]         | 0.9531   | 0.6600  | 0.6483 
14    | 4           | [98, 99, 100, 101]           | [0.1400, 0.2000, 0.5700, 0.0900]                 | 0.6979   | 0.5600  | 0.6135 
15    | 4           | [99, 100, 101, 102]          | [0.0100, 0.4100, 0.5400, 0.0400]                 | 0.3379   | 0.4600  | 0.5440 
16    | 5           | [99, 101, 102, 103, 104]     | [0.0200, 0.1800, 0.5800, 0.1900, 0.0300]         | 0.6699   | 0.5600  | 0.5998 
17    | 3           | [99, 100, 101]               | [0.1900, 0.7200, 0.0900]                         | 0.2700   | 0.4400  | 0.4418 
18    | 3           | [99, 100, 101]               | [0.4000, 0.5700, 0.0300]                         | 0.2931   | 0.5400  | 0.5194 
19    | 6           | [97, 98, 99, 100, 101, 102]  | [0.0300, 0.0300, 0.0900, 0.4700, 0.2900, 0.0900] | 1.0771   | 0.6800  | 0.6838 
20    | 6           | [96, 97, 98, 99, 100, 101]   | [0.0100, 0.2700, 0.0200, 0.1800, 0.5100, 0.0100] | 1.7364   | 0.7000  | 0.6404 
21    | 6           | [96, 97, 98, 99, 100, 101]   | [0.0200, 0.0400, 0.2600, 0.3600, 0.3000, 0.0200] | 0.9764   | 0.8200  | 0.7176 

[Per-locus summary - Population 2]
Locus | Num_Alleles | Alleles                      | Frequencies                                      | Variance | Obs_Het | Exp_Het
------+-------------+------------------------------+--------------------------------------------------+----------+---------+--------
1     | 5           | [97, 98, 99, 100, 101]       | [0.1300, 0.0200, 0.4400, 0.3800, 0.0300]         | 1.0144   | 0.5600  | 0.6503 
2     | 5           | [98, 100, 101, 102, 103]     | [0.0100, 0.0800, 0.5000, 0.2000, 0.2100]         | 0.9499   | 0.6800  | 0.6661 
3     | 5           | [98, 99, 100, 101, 102]      | [0.0500, 0.2600, 0.2200, 0.2500, 0.2200]         | 1.4811   | 0.6800  | 0.7784 
4     | 5           | [98, 100, 101, 102, 103]     | [0.0500, 0.1300, 0.0300, 0.5300, 0.2600]         | 1.5571   | 0.7000  | 0.6376 
5     | 6           | [98, 99, 100, 101, 102, 103] | [0.0400, 0.3900, 0.3600, 0.1400, 0.0400, 0.0300] | 1.0944   | 0.6200  | 0.7016 
6     | 4           | [98, 99, 100, 101]           | [0.3300, 0.3700, 0.2100, 0.0900]                 | 0.8964   | 0.7800  | 0.7091 
7     | 3           | [98, 99, 100]                | [0.1700, 0.8200, 0.0100]                         | 0.1544   | 0.2800  | 0.3016 
8     | 4           | [98, 99, 100, 101]           | [0.0400, 0.1600, 0.4200, 0.3800]                 | 0.6804   | 0.4200  | 0.6586 
9     | 4           | [99, 100, 101, 103]          | [0.1100, 0.5800, 0.3000, 0.0100]                 | 0.4516   | 0.6000  | 0.5671 
10    | 4           | [100, 101, 102, 103]         | [0.1400, 0.3700, 0.4700, 0.0200]                 | 0.5531   | 0.6600  | 0.6285 
11    | 5           | [99, 100, 101, 102, 103]     | [0.0200, 0.1700, 0.1000, 0.6300, 0.0800]         | 0.8636   | 0.4600  | 0.5630 
12    | 5           | [97, 98, 99, 100, 101]       | [0.0100, 0.2200, 0.1800, 0.5200, 0.0700]         | 0.8836   | 0.6800  | 0.6503 
13    | 3           | [99, 101, 102]               | [0.1100, 0.5400, 0.3500]                         | 0.7731   | 0.5400  | 0.5796 
14    | 4           | [98, 99, 100, 101]           | [0.0800, 0.3000, 0.5400, 0.0800]                 | 0.5556   | 0.5600  | 0.6117 
15    | 3           | [100, 101, 102]              | [0.2500, 0.6600, 0.0900]                         | 0.3144   | 0.5200  | 0.4988 
16    | 4           | [99, 101, 102, 103]          | [0.0100, 0.2100, 0.6000, 0.1800]                 | 0.4764   | 0.5400  | 0.5691 
17    | 4           | [98, 99, 100, 101]           | [0.0100, 0.2000, 0.7300, 0.0600]                 | 0.2744   | 0.4200  | 0.4277 
18    | 3           | [99, 100, 101]               | [0.4100, 0.5800, 0.0100]                         | 0.2600   | 0.5400  | 0.5004 
19    | 5           | [98, 99, 100, 101, 102]      | [0.0500, 0.0800, 0.4200, 0.3800, 0.0700]         | 0.8244   | 0.8400  | 0.6721 
20    | 4           | [97, 98, 99, 100]            | [0.3500, 0.0500, 0.0700, 0.5300]                 | 1.9316   | 0.7000  | 0.5951 
21    | 6           | [96, 97, 98, 99, 100, 101]   | [0.0300, 0.0200, 0.2300, 0.4500, 0.2600, 0.0100] | 0.8736   | 0.7400  | 0.6824 
