
[Simulation Info]
simulation_id = sim_0000278
timestamp     = 20250428_074001
seed          = 676629
output_folder = /home/lejeunet/Bureau/simulations/Ref_table/sim_0000278

[Model Parameters]
pop_size           = 2493
num_loci           = 20
sample1_generation = 30
sample2_generation = 10
low_repeats        = 1
high_repeats       = 200
mutation_rate      = 0.001
recap_Ne           = 2493

[Sampling Design]
sample1_size_Ne  = 50
sample2_size_Ne  = 50
sample1_size_CMR = 50
sample2_size_CMR = 50

[Capture-Marquage-Recapture]
census_N   =  1300
MatchCount =  2

[Ne Estimates - One Sample - Decreasing critical values [0.050, 0.020, 0.010, 0+]]

[Linkage Desequilibrium]
LD_Ne_Pop1 = [1901.9, None, 2773.6, 2773.6]
LD_r2_Pop1 = [0.021451, 0.021176, 0.021396, 0.021396]
LD_Ne_Pop2 = [5133.5, None, None, None]
LD_r2_Pop2 = [0.021341, 0.021216, 0.02092, 0.02092]

[Heterozygote excess]
HE_Neb_mean_Pop1        = [None, None, None, None]
HE_weighted_D_mean_Pop1 = [-0.00696, -0.00749, -0.00753, -0.00753]
HE_Neb_mean_Pop2        = [19.2, 25.6, 26.4, 26.4]
HE_weighted_D_mean_Pop2 = [0.02667, 0.01994, 0.01931, 0.01931]

[Molecular Coancestry]
Coan_Neb_n_Pop1 = None
Coan_f1_Pop1    = -0.00087
Coan_Neb_n_Pop2 = 103.5
Coan_f1_Pop2    = 0.00483

[Ne Estimates - Temporal - Decreasing critical values (0.050, 0.020, 0.010, 0+)]

[Pollak]
P_Ne     = [2153.3, 4337.5, 5027.4, 4505.6]
P_Fk     = [0.02232, 0.02115, 0.02099, 0.02111]
P_Fprime = [0.00232, 0.00115, 0.00099, 0.00111]

[Nei/Tajima]
N_Ne     = [2609.8, 5453.1, 6400.5, 5652.8]
N_Fc     = [0.02192, 0.02092, 0.02078, 0.02088]
N_Fprime = [0.00192, 0.00092, 0.00078, 0.00088]

[Jorde/Ryman]
J_Ne     = [2377.6, 2492.0, 2465.0, 2451.1]
J_Fs     = [0.0222, 0.02211, 0.02213, 0.02214]
J_Fprime = [0.0021, 0.00201, 0.00203, 0.00204]

[Genetic Diversity - Heterozygosity]
mean_exp_het_pop1 = 0.8274
mean_obs_het_pop1 = 0.8095
mean_exp_het_pop2 = 0.8248
mean_obs_het_pop2 = 0.8448

[Genetic Diversity - Allele Counts]
mean_alleles_pop1 = 8.71
var_alleles_pop1  = 2.01
sum_alleles_pop1  = 183
mean_alleles_pop2 = 8.74
var_alleles_pop2  = 1.95
sum_alleles_pop2  = 367

[Genetic Diversity - Allelic Size Variance]
var_allele_size_pop1 = 5.8387
var_allele_size_pop2 = 5.7254

[Per-locus summary - Population 1]
Locus | Num_Alleles | Alleles                                             | Frequencies                                                                              | Variance | Obs_Het | Exp_Het
------+-------------+-----------------------------------------------------+------------------------------------------------------------------------------------------+----------+---------+--------
1     | 8           | [95, 96, 97, 98, 99, 100, 101, 102]                 | [0.0800, 0.0100, 0.3200, 0.1200, 0.2500, 0.1200, 0.0500, 0.0500]                         | 2.9924   | 0.8200  | 0.8028 
2     | 11          | [95, 97, 98, 99, 100, 101, 102, 103, 104, 105, 106] | [0.1700, 0.0600, 0.0300, 0.0600, 0.1900, 0.0900, 0.0900, 0.0800, 0.1700, 0.0300, 0.0300] | 10.5531  | 0.8600  | 0.8824 
3     | 8           | [94, 95, 96, 97, 98, 99, 100, 101]                  | [0.0100, 0.2500, 0.0800, 0.2400, 0.1500, 0.1000, 0.1600, 0.0100]                         | 3.2524   | 0.7800  | 0.8234 
4     | 10          | [95, 96, 97, 98, 99, 100, 101, 102, 103, 104]       | [0.0300, 0.1100, 0.1500, 0.1100, 0.2600, 0.1000, 0.0600, 0.0700, 0.0700, 0.0400]         | 5.2675   | 0.9000  | 0.8685 
5     | 10          | [94, 95, 96, 97, 98, 102, 104, 105, 106, 107]       | [0.1300, 0.1000, 0.1900, 0.1800, 0.0500, 0.0200, 0.0400, 0.0800, 0.1800, 0.0300]         | 22.0859  | 0.9000  | 0.8691 
6     | 6           | [98, 99, 100, 101, 102, 103]                        | [0.0700, 0.1400, 0.4800, 0.1100, 0.1800, 0.0200]                                         | 1.3675   | 0.5800  | 0.7073 
7     | 9           | [96, 97, 98, 99, 100, 101, 102, 103, 104]           | [0.0100, 0.1500, 0.1600, 0.1100, 0.1200, 0.2000, 0.1400, 0.1000, 0.0100]                 | 4.0700   | 0.8400  | 0.8642 
8     | 9           | [98, 99, 100, 101, 102, 103, 104, 105, 106]         | [0.0100, 0.1100, 0.0700, 0.1100, 0.2200, 0.1400, 0.1900, 0.1400, 0.0100]                 | 3.7304   | 0.8600  | 0.8556 
9     | 6           | [97, 98, 99, 100, 101, 102]                         | [0.0600, 0.2800, 0.2700, 0.2300, 0.1400, 0.0200]                                         | 1.4611   | 0.7400  | 0.7800 
10    | 8           | [98, 99, 100, 101, 102, 103, 104, 105]              | [0.0100, 0.2500, 0.1300, 0.1700, 0.1800, 0.0500, 0.1200, 0.0900]                         | 4.0044   | 0.7600  | 0.8426 
11    | 7           | [97, 98, 99, 100, 101, 102, 103]                    | [0.0100, 0.0600, 0.2800, 0.2600, 0.1900, 0.1700, 0.0300]                                 | 1.7139   | 0.8000  | 0.7923 
12    | 10          | [95, 96, 97, 98, 99, 104, 105, 106, 107, 108]       | [0.0900, 0.0600, 0.2400, 0.1900, 0.0800, 0.0800, 0.1400, 0.0500, 0.0600, 0.0100]         | 16.3675  | 0.8800  | 0.8647 
13    | 8           | [93, 94, 95, 96, 97, 98, 99, 101]                   | [0.0700, 0.0600, 0.1600, 0.2700, 0.2500, 0.1100, 0.0700, 0.0100]                         | 2.5424   | 0.8000  | 0.8216 
14    | 10          | [95, 96, 97, 98, 99, 100, 102, 103, 104, 105]       | [0.0800, 0.0900, 0.1400, 0.3200, 0.0100, 0.0400, 0.1800, 0.1100, 0.0100, 0.0200]         | 7.3600   | 0.8400  | 0.8250 
15    | 10          | [95, 96, 97, 98, 99, 100, 101, 102, 103, 104]       | [0.0400, 0.0500, 0.1000, 0.0800, 0.0400, 0.1400, 0.1000, 0.0100, 0.2900, 0.1500]         | 7.7339   | 0.8000  | 0.8501 
16    | 10          | [96, 97, 98, 100, 101, 102, 103, 104, 105, 106]     | [0.0500, 0.1900, 0.0300, 0.0700, 0.0900, 0.1800, 0.1000, 0.1800, 0.1000, 0.0100]         | 8.6400   | 0.8600  | 0.8713 
17    | 8           | [97, 98, 99, 100, 101, 102, 103, 104]               | [0.0200, 0.0200, 0.2100, 0.0400, 0.0300, 0.2400, 0.2100, 0.2300]                         | 3.9675   | 0.8000  | 0.8061 
18    | 9           | [97, 98, 99, 100, 101, 102, 103, 104, 105]          | [0.0400, 0.0100, 0.0300, 0.2200, 0.1800, 0.2200, 0.2100, 0.0700, 0.0200]                 | 2.8684   | 0.7000  | 0.8271 
19    | 10          | [95, 96, 97, 98, 99, 100, 101, 102, 103, 104]       | [0.0200, 0.1400, 0.3500, 0.0100, 0.0800, 0.0100, 0.1600, 0.1200, 0.0800, 0.0300]         | 6.7475   | 0.8400  | 0.8117 
20    | 9           | [95, 96, 97, 98, 99, 100, 101, 102, 103]            | [0.0400, 0.0200, 0.1300, 0.0700, 0.3800, 0.2400, 0.0500, 0.0500, 0.0200]                 | 2.6196   | 0.7800  | 0.7766 
21    | 7           | [95, 97, 98, 99, 100, 101, 102]                     | [0.0500, 0.0500, 0.2100, 0.1300, 0.1900, 0.2300, 0.1400]                                 | 3.2664   | 0.8600  | 0.8337 

[Per-locus summary - Population 2]
Locus | Num_Alleles | Alleles                                             | Frequencies                                                                              | Variance | Obs_Het | Exp_Het
------+-------------+-----------------------------------------------------+------------------------------------------------------------------------------------------+----------+---------+--------
1     | 8           | [95, 96, 97, 98, 99, 100, 101, 102]                 | [0.0300, 0.0500, 0.2500, 0.1600, 0.2300, 0.1600, 0.0500, 0.0700]                         | 2.8684   | 0.8400  | 0.8309 
2     | 11          | [95, 97, 98, 99, 100, 101, 102, 103, 104, 105, 106] | [0.1200, 0.0800, 0.0300, 0.0700, 0.1600, 0.1300, 0.1100, 0.1200, 0.1000, 0.0700, 0.0100] | 8.9675   | 0.9200  | 0.8984 
3     | 8           | [94, 95, 96, 97, 98, 99, 100, 101]                  | [0.0100, 0.2400, 0.0700, 0.2400, 0.2100, 0.0800, 0.1400, 0.0100]                         | 3.0075   | 0.9000  | 0.8178 
4     | 10          | [95, 96, 97, 98, 99, 100, 101, 102, 103, 104]       | [0.0900, 0.1300, 0.1600, 0.1200, 0.1500, 0.1100, 0.1300, 0.0800, 0.0200, 0.0100]         | 5.0875   | 0.8600  | 0.8854 
5     | 10          | [94, 95, 96, 97, 98, 103, 104, 105, 106, 107]       | [0.0600, 0.2500, 0.1600, 0.2300, 0.0300, 0.0100, 0.0100, 0.0500, 0.1600, 0.0400]         | 20.3064  | 0.8400  | 0.8329 
6     | 6           | [98, 99, 100, 101, 102, 103]                        | [0.0500, 0.1400, 0.5600, 0.0900, 0.1400, 0.0200]                                         | 1.1339   | 0.6000  | 0.6426 
7     | 9           | [96, 97, 98, 99, 100, 101, 102, 103, 104]           | [0.0100, 0.0700, 0.1300, 0.1100, 0.0800, 0.2200, 0.2600, 0.1000, 0.0200]                 | 3.6500   | 0.9000  | 0.8416 
8     | 9           | [98, 99, 100, 101, 102, 103, 104, 105, 106]         | [0.0500, 0.1700, 0.0900, 0.1400, 0.1500, 0.1100, 0.1400, 0.1400, 0.0100]                 | 4.8876   | 0.8600  | 0.8758 
9     | 7           | [97, 98, 99, 100, 101, 102, 103]                    | [0.0100, 0.2500, 0.3000, 0.2000, 0.1900, 0.0400, 0.0100]                                 | 1.5491   | 0.8000  | 0.7774 
10    | 8           | [98, 99, 100, 101, 102, 103, 104, 105]              | [0.0400, 0.1400, 0.1200, 0.1700, 0.1500, 0.1700, 0.1600, 0.0500]                         | 3.6875   | 0.9800  | 0.8647 
11    | 7           | [97, 98, 99, 100, 101, 102, 103]                    | [0.0200, 0.0600, 0.2500, 0.2600, 0.2100, 0.1700, 0.0300]                                 | 1.7859   | 0.7800  | 0.8000 
12    | 10          | [95, 96, 97, 98, 99, 104, 105, 106, 107, 108]       | [0.0700, 0.1100, 0.1700, 0.3000, 0.0300, 0.0300, 0.1600, 0.0600, 0.0600, 0.0100]         | 16.4675  | 0.8400  | 0.8378 
13    | 7           | [93, 94, 95, 96, 97, 98, 99]                        | [0.0700, 0.0300, 0.2700, 0.2600, 0.1700, 0.1600, 0.0400]                                 | 2.1851   | 0.9000  | 0.8057 
14    | 10          | [95, 96, 97, 98, 99, 100, 101, 102, 103, 105]       | [0.0700, 0.0600, 0.1300, 0.2800, 0.0200, 0.0600, 0.0100, 0.1800, 0.1500, 0.0400]         | 7.8084   | 0.8000  | 0.8440 
15    | 10          | [95, 96, 97, 98, 99, 100, 101, 102, 103, 104]       | [0.0300, 0.1100, 0.0800, 0.0200, 0.0700, 0.1800, 0.1100, 0.0300, 0.2600, 0.1100]         | 7.5075   | 0.8400  | 0.8588 
16    | 9           | [96, 97, 98, 100, 101, 102, 103, 104, 105]          | [0.0700, 0.2000, 0.0700, 0.0500, 0.0300, 0.1800, 0.0800, 0.1200, 0.2000]                 | 10.4019  | 0.9800  | 0.8622 
17    | 8           | [97, 98, 99, 100, 101, 102, 103, 104]               | [0.0200, 0.0200, 0.2300, 0.0200, 0.0200, 0.2400, 0.2700, 0.1800]                         | 3.8900   | 0.8200  | 0.7905 
18    | 8           | [97, 99, 100, 101, 102, 103, 104, 105]              | [0.0200, 0.0400, 0.2700, 0.2000, 0.2400, 0.1600, 0.0200, 0.0500]                         | 2.4579   | 0.7800  | 0.8071 
19    | 10          | [95, 96, 97, 98, 99, 100, 101, 102, 103, 104]       | [0.0400, 0.0200, 0.2400, 0.0300, 0.0500, 0.0100, 0.1700, 0.2000, 0.2300, 0.0100]         | 6.8139   | 0.8200  | 0.8232 
20    | 9           | [95, 96, 97, 98, 99, 100, 101, 102, 103]            | [0.0200, 0.0200, 0.1300, 0.0800, 0.3100, 0.3200, 0.0800, 0.0200, 0.0200]                 | 2.2204   | 0.8200  | 0.7780 
21    | 7           | [95, 97, 98, 99, 100, 101, 102]                     | [0.0500, 0.1100, 0.1100, 0.2200, 0.1600, 0.1700, 0.1800]                                 | 3.5499   | 0.8600  | 0.8465 
