
[Simulation Info]
simulation_id = sim_0012606
timestamp     = 20250429_095744
seed          = 9448
output_folder = /home/lejeunet/Bureau/simulations/Ref_table/sim_0012606

[Model Parameters]
pop_size           = 1217
num_loci           = 20
sample1_generation = 30
sample2_generation = 10
low_repeats        = 1
high_repeats       = 200
mutation_rate      = 0.001
recap_Ne           = 1217

[Sampling Design]
sample1_size_Ne  = 50
sample2_size_Ne  = 50
sample1_size_CMR = 50
sample2_size_CMR = 50

[Capture-Marquage-Recapture]
census_N   =  650
MatchCount =  4

[Ne Estimates - One Sample - Decreasing critical values [0.050, 0.020, 0.010, 0+]]

[Linkage Desequilibrium]
LD_Ne_Pop1 = [None, 1649.8, 1440.0, 1440.0]
LD_r2_Pop1 = [0.020926, 0.021478, 0.021507, 0.021507]
LD_Ne_Pop2 = [799.1, 13300.0, None, None]
LD_r2_Pop2 = [0.021692, 0.021301, 0.02103, 0.02103]

[Heterozygote excess]
HE_Neb_mean_Pop1        = [None, None, None, None]
HE_weighted_D_mean_Pop1 = [-0.00164, -0.00298, -0.00308, -0.00308]
HE_Neb_mean_Pop2        = [None, 113.0, 122.3, 122.3]
HE_weighted_D_mean_Pop2 = [-0.00252, 0.00445, 0.0041, 0.0041]

[Molecular Coancestry]
Coan_Neb_n_Pop1 = 29.8
Coan_f1_Pop1    = 0.01678
Coan_Neb_n_Pop2 = 326.6
Coan_f1_Pop2    = 0.00153

[Ne Estimates - Temporal - Decreasing critical values (0.050, 0.020, 0.010, 0+)]

[Pollak]
P_Ne     = [2431.6, 2356.6, 3353.5, 3838.9]
P_Fk     = [0.02206, 0.02212, 0.02149, 0.0213]
P_Fprime = [0.00206, 0.00212, 0.00149, 0.0013]

[Nei/Tajima]
N_Ne     = [1999.3, 2005.4, 2585.4, 2822.6]
N_Fc     = [0.0225, 0.02249, 0.02193, 0.02177]
N_Fprime = [0.0025, 0.00249, 0.00193, 0.00177]

[Jorde/Ryman]
J_Ne     = [853.6, 832.7, 856.1, 858.1]
J_Fs     = [0.02597, 0.02611, 0.02595, 0.02594]
J_Fprime = [0.00586, 0.006, 0.00584, 0.00583]

[Genetic Diversity - Heterozygosity]
mean_exp_het_pop1 = 0.7077
mean_obs_het_pop1 = 0.6971
mean_exp_het_pop2 = 0.7126
mean_obs_het_pop2 = 0.7124

[Genetic Diversity - Allele Counts]
mean_alleles_pop1 = 6.05
var_alleles_pop1  = 1.85
sum_alleles_pop1  = 127
mean_alleles_pop2 = 6.31
var_alleles_pop2  = 2.71
sum_alleles_pop2  = 265

[Genetic Diversity - Allelic Size Variance]
var_allele_size_pop1 = 3.3295
var_allele_size_pop2 = 3.1671

[Per-locus summary - Population 1]
Locus | Num_Alleles | Alleles                                 | Frequencies                                                      | Variance | Obs_Het | Exp_Het
------+-------------+-----------------------------------------+------------------------------------------------------------------+----------+---------+--------
1     | 4           | [96, 97, 98, 99]                        | [0.1100, 0.5500, 0.2700, 0.0700]                                 | 0.5700   | 0.6200  | 0.6137 
2     | 5           | [96, 97, 98, 99, 100]                   | [0.0100, 0.1700, 0.3600, 0.2400, 0.2200]                         | 1.0899   | 0.7800  | 0.7428 
3     | 5           | [92, 93, 101, 102, 103]                 | [0.1000, 0.2900, 0.0600, 0.3600, 0.1900]                         | 21.6296  | 0.7200  | 0.7440 
4     | 5           | [97, 98, 99, 100, 101]                  | [0.0200, 0.2500, 0.1700, 0.5300, 0.0300]                         | 0.8900   | 0.5400  | 0.6327 
5     | 8           | [94, 95, 96, 97, 100, 101, 102, 103]    | [0.0400, 0.1900, 0.0800, 0.2700, 0.0200, 0.3100, 0.0700, 0.0200] | 7.3939   | 0.8800  | 0.7891 
6     | 7           | [97, 98, 99, 100, 101, 102, 103]        | [0.0600, 0.0700, 0.1700, 0.1600, 0.5000, 0.0200, 0.0200]         | 1.7379   | 0.5200  | 0.6931 
7     | 6           | [97, 98, 99, 100, 101, 102]             | [0.0200, 0.2500, 0.5800, 0.0500, 0.0400, 0.0600]                 | 1.0796   | 0.5600  | 0.5990 
8     | 6           | [95, 96, 97, 98, 102, 103]              | [0.0300, 0.2400, 0.0600, 0.1900, 0.3200, 0.1600]                 | 8.3075   | 0.7000  | 0.7816 
9     | 7           | [99, 100, 101, 102, 103, 104, 105]      | [0.0100, 0.3000, 0.0600, 0.0400, 0.4100, 0.1700, 0.0100]         | 2.5219   | 0.7000  | 0.7147 
10    | 8           | [97, 98, 99, 100, 101, 102, 103, 104]   | [0.0900, 0.1300, 0.0700, 0.0700, 0.4600, 0.0200, 0.0700, 0.0900] | 3.7891   | 0.8200  | 0.7477 
11    | 7           | [98, 99, 100, 101, 102, 103, 104]       | [0.0200, 0.4300, 0.1100, 0.0500, 0.3200, 0.0200, 0.0500]         | 2.5896   | 0.6600  | 0.7018 
12    | 7           | [97, 98, 101, 102, 103, 104, 106]       | [0.0100, 0.0500, 0.2500, 0.3300, 0.2900, 0.0400, 0.0300]         | 2.2299   | 0.7000  | 0.7469 
13    | 6           | [95, 98, 99, 100, 101, 102]             | [0.0200, 0.2200, 0.2300, 0.3700, 0.1500, 0.0100]                 | 1.4400   | 0.8000  | 0.7463 
14    | 8           | [99, 100, 101, 102, 103, 104, 105, 106] | [0.0200, 0.0400, 0.0500, 0.1200, 0.1100, 0.2600, 0.3600, 0.0400] | 2.5976   | 0.8600  | 0.7780 
15    | 6           | [98, 99, 100, 101, 102, 103]            | [0.0400, 0.0900, 0.3100, 0.3400, 0.1700, 0.0500]                 | 1.2844   | 0.7600  | 0.7548 
16    | 5           | [99, 100, 101, 102, 103]                | [0.3200, 0.2400, 0.1700, 0.2400, 0.0300]                         | 1.5436   | 0.7200  | 0.7602 
17    | 6           | [95, 96, 97, 98, 99, 100]               | [0.0100, 0.0800, 0.1300, 0.3200, 0.3100, 0.1500]                 | 1.3659   | 0.7800  | 0.7632 
18    | 4           | [98, 99, 100, 101]                      | [0.0100, 0.2400, 0.6400, 0.1100]                                 | 0.3675   | 0.4600  | 0.5259 
19    | 4           | [100, 101, 102, 103]                    | [0.2300, 0.2900, 0.4700, 0.0100]                                 | 0.6724   | 0.6800  | 0.6485 
20    | 8           | [97, 98, 99, 101, 103, 104, 105, 106]   | [0.0700, 0.1000, 0.2100, 0.0200, 0.4500, 0.1200, 0.0200, 0.0100] | 6.1579   | 0.7400  | 0.7305 
21    | 5           | [99, 100, 101, 102, 103]                | [0.0100, 0.4600, 0.3500, 0.1600, 0.0200]                         | 0.6616   | 0.6400  | 0.6463 

[Per-locus summary - Population 2]
Locus | Num_Alleles | Alleles                                     | Frequencies                                                              | Variance | Obs_Het | Exp_Het
------+-------------+---------------------------------------------+--------------------------------------------------------------------------+----------+---------+--------
1     | 4           | [96, 97, 98, 99]                            | [0.2100, 0.5200, 0.2100, 0.0600]                                         | 0.6456   | 0.5200  | 0.6442 
2     | 5           | [96, 97, 98, 99, 100]                       | [0.0200, 0.1700, 0.2500, 0.2900, 0.2700]                                 | 1.2356   | 0.8000  | 0.7588 
3     | 6           | [92, 93, 94, 101, 102, 103]                 | [0.0600, 0.1700, 0.0100, 0.0900, 0.5000, 0.1700]                         | 16.1331  | 0.6800  | 0.6873 
4     | 5           | [97, 98, 99, 100, 101]                      | [0.0200, 0.1600, 0.2900, 0.5100, 0.0200]                                 | 0.7075   | 0.6400  | 0.6358 
5     | 9           | [94, 95, 96, 97, 98, 100, 101, 102, 103]    | [0.0200, 0.2200, 0.0500, 0.2200, 0.0200, 0.0300, 0.3300, 0.0600, 0.0500] | 7.7896   | 0.8000  | 0.7919 
6     | 7           | [97, 98, 99, 100, 101, 102, 103]            | [0.1100, 0.0700, 0.0500, 0.2000, 0.5400, 0.0100, 0.0200]                 | 2.0700   | 0.6800  | 0.6550 
7     | 7           | [97, 98, 99, 100, 101, 102, 103]            | [0.0200, 0.1900, 0.5200, 0.1000, 0.0900, 0.0700, 0.0100]                 | 1.4300   | 0.7000  | 0.6768 
8     | 8           | [95, 96, 97, 98, 101, 102, 103, 104]        | [0.0400, 0.3300, 0.0800, 0.1300, 0.0100, 0.2500, 0.1500, 0.0100]         | 8.9996   | 0.7200  | 0.7889 
9     | 6           | [99, 100, 101, 102, 103, 104]               | [0.0500, 0.3700, 0.0500, 0.0300, 0.3200, 0.1800]                         | 2.9524   | 0.7200  | 0.7297 
10    | 8           | [97, 98, 99, 100, 101, 102, 103, 104]       | [0.0700, 0.1400, 0.1200, 0.1400, 0.2900, 0.0400, 0.0900, 0.1100]         | 4.1091   | 0.8400  | 0.8440 
11    | 8           | [97, 98, 99, 100, 101, 102, 103, 104]       | [0.0100, 0.0200, 0.3200, 0.0800, 0.0900, 0.3700, 0.0600, 0.0500]         | 2.7276   | 0.6800  | 0.7471 
12    | 9           | [97, 98, 100, 101, 102, 103, 104, 105, 106] | [0.0100, 0.0500, 0.0300, 0.3800, 0.2200, 0.2500, 0.0100, 0.0300, 0.0200] | 2.3675   | 0.6200  | 0.7473 
13    | 4           | [98, 99, 100, 101]                          | [0.3600, 0.1400, 0.4000, 0.1000]                                         | 1.1024   | 0.7400  | 0.6877 
14    | 8           | [99, 100, 101, 102, 103, 104, 105, 106]     | [0.0100, 0.0500, 0.0600, 0.1400, 0.0700, 0.1900, 0.3900, 0.0900]         | 2.9259   | 0.8000  | 0.7808 
15    | 6           | [98, 99, 100, 101, 102, 103]                | [0.0100, 0.0400, 0.3500, 0.4100, 0.1800, 0.0100]                         | 0.7524   | 0.7600  | 0.6820 
16    | 5           | [99, 100, 101, 102, 103]                    | [0.2200, 0.2700, 0.1300, 0.3100, 0.0700]                                 | 1.6724   | 0.7200  | 0.7685 
17    | 5           | [96, 97, 98, 99, 100]                       | [0.1000, 0.1300, 0.2900, 0.3100, 0.1700]                                 | 1.4176   | 0.7600  | 0.7717 
18    | 4           | [98, 99, 100, 101]                          | [0.0400, 0.2600, 0.5900, 0.1100]                                         | 0.4771   | 0.5200  | 0.5764 
19    | 4           | [100, 101, 102, 103]                        | [0.2600, 0.3900, 0.3300, 0.0200]                                         | 0.6579   | 0.7800  | 0.6778 
20    | 7           | [97, 98, 99, 101, 103, 104, 105]            | [0.0600, 0.1100, 0.1700, 0.0100, 0.5200, 0.1000, 0.0300]                 | 5.7875   | 0.7800  | 0.6808 
21    | 5           | [99, 100, 101, 102, 103]                    | [0.0100, 0.3900, 0.4500, 0.1400, 0.0100]                                 | 0.5475   | 0.7000  | 0.6319 
