
[Simulation Info]
simulation_id = sim_0008547
timestamp     = 20250428_105435
seed          = 777774
output_folder = /home/lejeunet/Bureau/simulations/Ref_table/sim_0008547

[Model Parameters]
pop_size           = 2251
num_loci           = 20
sample1_generation = 30
sample2_generation = 10
low_repeats        = 1
high_repeats       = 200
mutation_rate      = 0.001
recap_Ne           = 2251

[Sampling Design]
sample1_size_Ne  = 50
sample2_size_Ne  = 50
sample1_size_CMR = 50
sample2_size_CMR = 50

[Capture-Marquage-Recapture]
census_N   =  0
MatchCount =  0
# There were no match between sampling of individuals during CMR.

[Ne Estimates - One Sample - Decreasing critical values [0.050, 0.020, 0.010, 0+]]

[Linkage Desequilibrium]
LD_Ne_Pop1 = [2305.4, 897.9, 1662.0, 1662.0]
LD_r2_Pop1 = [0.02142, 0.021646, 0.021476, 0.021476]
LD_Ne_Pop2 = [None, None, None, None]
LD_r2_Pop2 = [0.020895, 0.020946, 0.020968, 0.020968]

[Heterozygote excess]
HE_Neb_mean_Pop1        = [73.2, 86.3, 100.0, 100.0]
HE_weighted_D_mean_Pop1 = [0.00688, 0.00583, 0.00503, 0.00503]
HE_Neb_mean_Pop2        = [None, 303.5, 359.5, 359.5]
HE_weighted_D_mean_Pop2 = [-0.00252, 0.00165, 0.00139, 0.00139]

[Molecular Coancestry]
Coan_Neb_n_Pop1 = 49.5
Coan_f1_Pop1    = 0.01011
Coan_Neb_n_Pop2 = 129.0
Coan_f1_Pop2    = 0.00388

[Ne Estimates - Temporal - Decreasing critical values (0.050, 0.020, 0.010, 0+)]

[Pollak]
P_Ne     = [-58663.4, -4345.8, -2880.7, -3441.4]
P_Fk     = [0.01991, 0.01885, 0.01826, 0.01855]
P_Fprime = [-9e-05, -0.00115, -0.00174, -0.00145]

[Nei/Tajima]
N_Ne     = [-8775.8, -3454.0, -2556.2, -2940.7]
N_Fc     = [0.01943, 0.01855, 0.01804, 0.0183]
N_Fprime = [-0.00057, -0.00145, -0.00196, -0.0017]

[Jorde/Ryman]
J_Ne     = [-2867.1, -2785.4, -2726.9, -2763.1]
J_Fs     = [0.01836, 0.01831, 0.01827, 0.01829]
J_Fprime = [-0.00174, -0.0018, -0.00183, -0.00181]

[Genetic Diversity - Heterozygosity]
mean_exp_het_pop1 = 0.7846
mean_obs_het_pop1 = 0.7952
mean_exp_het_pop2 = 0.7974
mean_obs_het_pop2 = 0.7971

[Genetic Diversity - Allele Counts]
mean_alleles_pop1 = 8.57
var_alleles_pop1  = 4.46
sum_alleles_pop1  = 180
mean_alleles_pop2 = 8.64
var_alleles_pop2  = 4.38
sum_alleles_pop2  = 363

[Genetic Diversity - Allelic Size Variance]
var_allele_size_pop1 = 6.3441
var_allele_size_pop2 = 6.5893

[Per-locus summary - Population 1]
Locus | Num_Alleles | Alleles                                                          | Frequencies                                                                                              | Variance | Obs_Het | Exp_Het
------+-------------+------------------------------------------------------------------+----------------------------------------------------------------------------------------------------------+----------+---------+--------
1     | 8           | [98, 99, 100, 101, 102, 103, 104, 105]                           | [0.0200, 0.1700, 0.1400, 0.0800, 0.3500, 0.1900, 0.0400, 0.0100]                                         | 2.5075   | 0.8000  | 0.7923 
2     | 9           | [95, 97, 98, 99, 100, 101, 102, 103, 104]                        | [0.0900, 0.0900, 0.2300, 0.0100, 0.1000, 0.0300, 0.0800, 0.3200, 0.0500]                                 | 7.9944   | 0.8000  | 0.8168 
3     | 11          | [96, 97, 98, 99, 100, 101, 105, 106, 107, 108, 109]              | [0.0100, 0.0500, 0.0900, 0.2100, 0.0200, 0.0100, 0.0900, 0.0200, 0.0900, 0.1300, 0.2800]                 | 22.0139  | 0.8600  | 0.8412 
4     | 5           | [100, 101, 102, 103, 104]                                        | [0.0100, 0.1500, 0.5600, 0.2000, 0.0800]                                                                 | 0.6739   | 0.6400  | 0.6236 
5     | 7           | [96, 97, 98, 99, 103, 104, 105]                                  | [0.0500, 0.2500, 0.1300, 0.1000, 0.1600, 0.2500, 0.0600]                                                 | 10.3891  | 0.8800  | 0.8246 
6     | 13          | [91, 92, 93, 94, 96, 97, 98, 99, 100, 101, 102, 103, 104]        | [0.0200, 0.0300, 0.0800, 0.0300, 0.0300, 0.0900, 0.0900, 0.0200, 0.0800, 0.1900, 0.1800, 0.1500, 0.0100] | 12.1259  | 0.8400  | 0.8852 
7     | 7           | [98, 99, 100, 101, 102, 103, 104]                                | [0.0100, 0.0300, 0.1200, 0.4600, 0.2100, 0.1300, 0.0400]                                                 | 1.2756   | 0.7400  | 0.7176 
8     | 10          | [97, 98, 99, 100, 101, 102, 103, 104, 105, 106]                  | [0.0100, 0.0700, 0.3000, 0.2100, 0.0200, 0.0100, 0.1100, 0.1300, 0.0700, 0.0700]                         | 6.6539   | 0.8000  | 0.8299 
9     | 9           | [98, 99, 100, 101, 102, 103, 104, 105, 106]                      | [0.2000, 0.1600, 0.0700, 0.1000, 0.1300, 0.1400, 0.1100, 0.0500, 0.0400]                                 | 5.9675   | 0.9000  | 0.8756 
10    | 7           | [98, 99, 100, 101, 102, 103, 104]                                | [0.0100, 0.1600, 0.3800, 0.2300, 0.1200, 0.0200, 0.0800]                                                 | 1.9211   | 0.8000  | 0.7634 
11    | 10          | [95, 96, 97, 98, 99, 101, 102, 103, 104, 105]                    | [0.0100, 0.1400, 0.3600, 0.0600, 0.0300, 0.0200, 0.0600, 0.1200, 0.1900, 0.0100]                         | 10.3491  | 0.7600  | 0.7996 
12    | 10          | [95, 96, 97, 98, 99, 100, 101, 102, 103, 104]                    | [0.0100, 0.0300, 0.0800, 0.1800, 0.3600, 0.3000, 0.0100, 0.0100, 0.0100, 0.0100]                         | 1.7691   | 0.7200  | 0.7477 
13    | 13          | [99, 100, 101, 102, 103, 104, 105, 106, 107, 108, 109, 110, 111] | [0.0800, 0.0800, 0.0900, 0.0400, 0.0700, 0.0400, 0.0100, 0.0500, 0.1600, 0.2200, 0.1300, 0.0100, 0.0200] | 12.6876  | 0.8600  | 0.8859 
14    | 9           | [96, 97, 98, 99, 100, 101, 102, 103, 104]                        | [0.0100, 0.1900, 0.0500, 0.0300, 0.0500, 0.0200, 0.2900, 0.2600, 0.1000]                                 | 6.1384   | 0.8200  | 0.8038 
15    | 7           | [99, 100, 101, 102, 103, 104, 105]                               | [0.0100, 0.0700, 0.0700, 0.3400, 0.3300, 0.1400, 0.0400]                                                 | 1.4499   | 0.7200  | 0.7519 
16    | 9           | [94, 95, 96, 97, 99, 100, 101, 102, 103]                         | [0.0500, 0.2600, 0.3100, 0.0200, 0.0400, 0.0400, 0.0200, 0.1900, 0.0700]                                 | 9.4611   | 0.8000  | 0.7968 
17    | 9           | [92, 93, 94, 95, 96, 100, 101, 102, 103]                         | [0.0100, 0.0600, 0.2700, 0.2300, 0.0200, 0.0600, 0.0700, 0.2500, 0.0300]                                 | 13.4739  | 0.8600  | 0.8063 
18    | 6           | [99, 100, 101, 102, 103, 104]                                    | [0.0400, 0.2200, 0.3600, 0.3100, 0.0600, 0.0100]                                                         | 0.9944   | 0.6800  | 0.7279 
19    | 7           | [99, 100, 101, 102, 103, 104, 105]                               | [0.1000, 0.3800, 0.1700, 0.1000, 0.2000, 0.0400, 0.0100]                                                 | 2.1936   | 0.8400  | 0.7727 
20    | 7           | [94, 95, 96, 97, 98, 99, 100]                                    | [0.0200, 0.1800, 0.1800, 0.4400, 0.1300, 0.0300, 0.0200]                                                 | 1.3875   | 0.8400  | 0.7303 
21    | 7           | [99, 100, 101, 102, 103, 104, 105]                               | [0.0300, 0.1600, 0.0600, 0.5100, 0.0600, 0.1700, 0.0100]                                                 | 1.7984   | 0.7400  | 0.6840 

[Per-locus summary - Population 2]
Locus | Num_Alleles | Alleles                                                          | Frequencies                                                                                              | Variance | Obs_Het | Exp_Het
------+-------------+------------------------------------------------------------------+----------------------------------------------------------------------------------------------------------+----------+---------+--------
1     | 7           | [99, 100, 101, 102, 103, 104, 105]                               | [0.1500, 0.1200, 0.0600, 0.3700, 0.2700, 0.0200, 0.0100]                                                 | 2.1619   | 0.8000  | 0.7568 
2     | 9           | [95, 97, 98, 99, 100, 101, 102, 103, 104]                        | [0.0900, 0.1100, 0.2100, 0.0200, 0.1300, 0.0100, 0.0600, 0.2400, 0.1300]                                 | 8.5675   | 0.8600  | 0.8487 
3     | 9           | [97, 98, 99, 100, 105, 106, 107, 108, 109]                       | [0.0800, 0.1200, 0.1800, 0.0700, 0.0300, 0.0800, 0.0200, 0.2000, 0.2200]                                 | 22.9939  | 0.8200  | 0.8543 
4     | 5           | [100, 101, 102, 103, 104]                                        | [0.0100, 0.1600, 0.3900, 0.3100, 0.1300]                                                                 | 0.8779   | 0.8200  | 0.7164 
5     | 7           | [96, 97, 98, 99, 103, 104, 105]                                  | [0.0500, 0.2600, 0.1200, 0.1500, 0.1600, 0.2200, 0.0400]                                                 | 9.6939   | 0.7800  | 0.8257 
6     | 13          | [91, 92, 93, 94, 96, 97, 98, 99, 100, 101, 102, 103, 104]        | [0.0200, 0.1000, 0.0200, 0.0500, 0.0700, 0.0900, 0.0300, 0.0100, 0.0700, 0.2300, 0.1500, 0.1500, 0.0100] | 14.1596  | 0.8400  | 0.8786 
7     | 7           | [99, 100, 101, 102, 103, 104, 105]                               | [0.0800, 0.2400, 0.4200, 0.1300, 0.1000, 0.0200, 0.0100]                                                 | 1.4291   | 0.6800  | 0.7396 
8     | 10          | [97, 98, 99, 100, 101, 102, 103, 104, 105, 106]                  | [0.0300, 0.1000, 0.3000, 0.1700, 0.0500, 0.0100, 0.0500, 0.1000, 0.0400, 0.1500]                         | 8.2331   | 0.8800  | 0.8394 
9     | 10          | [97, 98, 99, 100, 101, 102, 103, 104, 105, 106]                  | [0.0100, 0.0900, 0.0900, 0.1300, 0.1100, 0.2200, 0.1600, 0.1000, 0.0600, 0.0300]                         | 4.5579   | 0.8800  | 0.8750 
10    | 8           | [98, 99, 100, 101, 102, 103, 104, 105]                           | [0.0400, 0.1900, 0.3500, 0.2400, 0.0800, 0.0400, 0.0500, 0.0100]                                         | 2.0700   | 0.7800  | 0.7794 
11    | 10          | [95, 96, 97, 98, 99, 101, 102, 103, 104, 106]                    | [0.0100, 0.0900, 0.3800, 0.0800, 0.0400, 0.0500, 0.0500, 0.1400, 0.1500, 0.0100]                         | 9.4696   | 0.8200  | 0.8002 
12    | 9           | [95, 96, 97, 98, 99, 100, 101, 102, 103]                         | [0.0100, 0.0200, 0.0500, 0.1400, 0.3800, 0.2900, 0.0300, 0.0200, 0.0600]                                 | 2.1339   | 0.7200  | 0.7515 
13    | 13          | [99, 100, 101, 102, 103, 104, 105, 106, 107, 108, 109, 110, 111] | [0.0300, 0.1300, 0.0700, 0.0600, 0.0500, 0.0400, 0.0100, 0.0300, 0.2100, 0.1400, 0.1500, 0.0300, 0.0500] | 13.0699  | 0.9000  | 0.8879 
14    | 8           | [97, 98, 99, 100, 101, 102, 103, 104]                            | [0.2000, 0.0700, 0.0500, 0.0700, 0.0100, 0.3300, 0.2000, 0.0700]                                         | 5.8024   | 0.8400  | 0.8018 
15    | 7           | [97, 100, 101, 102, 103, 104, 105]                               | [0.0100, 0.1100, 0.0700, 0.3300, 0.2900, 0.1600, 0.0300]                                                 | 1.8304   | 0.8200  | 0.7711 
16    | 10          | [94, 95, 96, 97, 98, 99, 100, 101, 102, 103]                     | [0.0600, 0.1700, 0.2900, 0.0200, 0.0100, 0.0600, 0.0400, 0.0400, 0.2300, 0.0800]                         | 9.8771   | 0.7800  | 0.8250 
17    | 7           | [93, 94, 95, 100, 101, 102, 103]                                 | [0.0700, 0.2300, 0.1600, 0.1300, 0.0300, 0.2800, 0.1000]                                                 | 14.5916  | 0.7000  | 0.8186 
18    | 5           | [99, 100, 101, 102, 103]                                         | [0.0600, 0.2300, 0.4000, 0.2000, 0.1100]                                                                 | 1.1051   | 0.7800  | 0.7388 
19    | 7           | [99, 100, 101, 102, 103, 104, 105]                               | [0.0700, 0.3600, 0.1400, 0.1000, 0.2700, 0.0500, 0.0100]                                                 | 2.3211   | 0.7600  | 0.7681 
20    | 7           | [94, 95, 96, 97, 98, 99, 100]                                    | [0.0100, 0.1300, 0.2000, 0.3900, 0.2000, 0.0600, 0.0100]                                                 | 1.3204   | 0.7000  | 0.7548 
21    | 8           | [98, 99, 100, 101, 102, 103, 104, 105]                           | [0.0100, 0.0200, 0.1600, 0.0800, 0.4800, 0.0500, 0.1600, 0.0400]                                         | 2.1099   | 0.7800  | 0.7146 
