
[Simulation Info]
simulation_id = sim_0002589
timestamp     = 20250428_082508
seed          = 643232
output_folder = /home/lejeunet/Bureau/simulations/Ref_table/sim_0002589

[Model Parameters]
pop_size           = 6298
num_loci           = 20
sample1_generation = 30
sample2_generation = 10
low_repeats        = 1
high_repeats       = 200
mutation_rate      = 0.001
recap_Ne           = 6298

[Sampling Design]
sample1_size_Ne  = 50
sample2_size_Ne  = 50
sample1_size_CMR = 50
sample2_size_CMR = 50

[Capture-Marquage-Recapture]
census_N   =  0
MatchCount =  0
# There were no match between sampling of individuals during CMR.

[Ne Estimates - One Sample - Decreasing critical values [0.050, 0.020, 0.010, 0+]]

[Linkage Desequilibrium]
LD_Ne_Pop1 = [None, None, 2449.7, 2449.7]
LD_r2_Pop1 = [0.021137, 0.021244, 0.021412, 0.021412]
LD_Ne_Pop2 = [1393.7, 1173.4, 11076.8, 11076.8]
LD_r2_Pop2 = [0.021515, 0.02156, 0.021306, 0.021306]

[Heterozygote excess]
HE_Neb_mean_Pop1        = [34.9, 77.2, 72.8, 72.8]
HE_weighted_D_mean_Pop1 = [0.01452, 0.00652, 0.00692, 0.00692]
HE_Neb_mean_Pop2        = [48.2, 77.5, 89.5, 89.5]
HE_weighted_D_mean_Pop2 = [0.01047, 0.00649, 0.00562, 0.00562]

[Molecular Coancestry]
Coan_Neb_n_Pop1 = None
Coan_f1_Pop1    = -0.00415
Coan_Neb_n_Pop2 = 44.0
Coan_f1_Pop2    = 0.01136

[Ne Estimates - Temporal - Decreasing critical values (0.050, 0.020, 0.010, 0+)]

[Pollak]
P_Ne     = [-2391.1, 32559.3, 4351.7, 6434.7]
P_Fk     = [0.01791, 0.02015, 0.02115, 0.02078]
P_Fprime = [-0.00209, 0.00015, 0.00115, 0.00078]

[Nei/Tajima]
N_Ne     = [-2094.2, -20052.9, 7179.6, 13565.6]
N_Fc     = [0.01761, 0.01975, 0.0207, 0.02037]
N_Fprime = [-0.00239, -0.00025, 0.0007, 0.00037]

[Jorde/Ryman]
J_Ne     = [-1941.3, -4400.5, -6157.4, -5559.0]
J_Fs     = [0.01753, 0.01896, 0.01929, 0.0192]
J_Fprime = [-0.00258, -0.00114, -0.00081, -0.0009]

[Genetic Diversity - Heterozygosity]
mean_exp_het_pop1 = 0.8823
mean_obs_het_pop1 = 0.899
mean_exp_het_pop2 = 0.8877
mean_obs_het_pop2 = 0.9029

[Genetic Diversity - Allele Counts]
mean_alleles_pop1 = 12.81
var_alleles_pop1  = 6.46
sum_alleles_pop1  = 269
mean_alleles_pop2 = 13.12
var_alleles_pop2  = 6.79
sum_alleles_pop2  = 551

[Genetic Diversity - Allelic Size Variance]
var_allele_size_pop1 = 18.6681
var_allele_size_pop2 = 17.7359

[Per-locus summary - Population 1]
Locus | Num_Alleles | Alleles                                                                         | Frequencies                                                                                                                              | Variance | Obs_Het | Exp_Het
------+-------------+---------------------------------------------------------------------------------+------------------------------------------------------------------------------------------------------------------------------------------+----------+---------+--------
1     | 10          | [95, 97, 98, 99, 100, 101, 102, 103, 104, 105]                                  | [0.0200, 0.0200, 0.0900, 0.1300, 0.1000, 0.1300, 0.1200, 0.0800, 0.1700, 0.1400]                                                         | 6.4096   | 0.9400  | 0.8869 
2     | 11          | [95, 96, 97, 98, 99, 100, 101, 102, 103, 104, 105]                              | [0.0100, 0.0800, 0.1300, 0.1200, 0.0900, 0.0300, 0.0400, 0.0900, 0.1100, 0.0800, 0.2200]                                                 | 10.6656  | 0.8600  | 0.8854 
3     | 14          | [95, 96, 97, 98, 99, 100, 101, 102, 103, 104, 105, 107, 108, 109]               | [0.0200, 0.0100, 0.0700, 0.0100, 0.1200, 0.2200, 0.1400, 0.2000, 0.0200, 0.0400, 0.0200, 0.0100, 0.0800, 0.0400]                         | 10.4864  | 0.8400  | 0.8703 
4     | 12          | [90, 91, 92, 93, 94, 95, 96, 97, 98, 99, 100, 101]                              | [0.0100, 0.0200, 0.0500, 0.1000, 0.0900, 0.1600, 0.0800, 0.1300, 0.0900, 0.1700, 0.0700, 0.0300]                                         | 6.9075   | 0.9800  | 0.8962 
5     | 9           | [98, 99, 100, 101, 102, 103, 104, 105, 106]                                     | [0.0200, 0.0600, 0.1200, 0.1400, 0.0400, 0.1300, 0.1100, 0.2600, 0.1200]                                                                 | 5.3691   | 0.9800  | 0.8580 
6     | 17          | [93, 94, 95, 96, 98, 99, 100, 101, 102, 103, 104, 105, 106, 107, 108, 109, 110] | [0.0400, 0.0600, 0.0500, 0.0100, 0.0800, 0.1800, 0.1500, 0.0300, 0.0900, 0.0400, 0.0300, 0.0100, 0.0300, 0.1100, 0.0700, 0.0100, 0.0100] | 19.4051  | 0.9400  | 0.9103 
7     | 16          | [91, 92, 93, 94, 95, 96, 97, 98, 99, 100, 101, 108, 109, 110, 111, 113]         | [0.0900, 0.0800, 0.0200, 0.0100, 0.0100, 0.1000, 0.1600, 0.1000, 0.0700, 0.0100, 0.1000, 0.0600, 0.0600, 0.0500, 0.0100, 0.0700]         | 44.3059  | 0.8600  | 0.9188 
8     | 9           | [99, 100, 101, 102, 103, 104, 105, 106, 107]                                    | [0.0600, 0.1300, 0.1600, 0.1800, 0.2000, 0.0200, 0.1100, 0.1200, 0.0200]                                                                 | 4.6075   | 0.9000  | 0.8628 
9     | 16          | [91, 92, 98, 99, 100, 101, 104, 105, 106, 108, 109, 110, 111, 112, 114, 117]    | [0.0100, 0.0300, 0.0400, 0.0900, 0.0600, 0.0100, 0.0500, 0.0600, 0.0300, 0.0700, 0.1400, 0.2400, 0.0700, 0.0800, 0.0100, 0.0100]         | 29.4275  | 0.9400  | 0.8939 
10    | 10          | [98, 99, 100, 101, 102, 103, 104, 105, 106, 107]                                | [0.0800, 0.0700, 0.1300, 0.0600, 0.0100, 0.0300, 0.3500, 0.1700, 0.0700, 0.0300]                                                         | 6.6476   | 0.8200  | 0.8182 
11    | 15          | [85, 86, 87, 88, 89, 90, 91, 92, 93, 94, 96, 97, 98, 99, 100]                   | [0.0200, 0.0400, 0.0800, 0.1600, 0.0200, 0.0200, 0.0300, 0.1900, 0.1300, 0.0400, 0.0400, 0.0700, 0.0600, 0.0600, 0.0400]                 | 17.5371  | 0.9200  | 0.9034 
12    | 15          | [95, 96, 97, 98, 99, 100, 101, 102, 103, 104, 105, 106, 107, 108, 109]          | [0.0300, 0.0300, 0.1200, 0.0900, 0.0200, 0.0500, 0.0300, 0.0400, 0.0200, 0.0500, 0.0700, 0.1100, 0.1800, 0.1100, 0.0500]                 | 19.6204  | 0.9200  | 0.9125 
13    | 15          | [95, 96, 97, 98, 99, 100, 101, 102, 104, 105, 106, 107, 108, 110, 111]          | [0.0200, 0.0200, 0.1400, 0.2100, 0.0400, 0.0700, 0.0900, 0.0700, 0.0100, 0.1100, 0.1200, 0.0700, 0.0100, 0.0100, 0.0100]                 | 15.2524  | 0.9400  | 0.8931 
14    | 10          | [93, 94, 95, 96, 97, 98, 99, 100, 101, 102]                                     | [0.0200, 0.0100, 0.0100, 0.0200, 0.2000, 0.1700, 0.2300, 0.2600, 0.0600, 0.0200]                                                         | 2.8000   | 0.8000  | 0.8137 
15    | 11          | [94, 95, 96, 97, 98, 99, 100, 102, 103, 104, 105]                               | [0.0200, 0.0500, 0.1000, 0.2000, 0.1700, 0.0800, 0.0200, 0.0200, 0.0700, 0.2600, 0.0100]                                                 | 11.0475  | 0.9400  | 0.8469 
16    | 13          | [91, 92, 93, 94, 95, 96, 97, 98, 99, 102, 106, 107, 108]                        | [0.0200, 0.0800, 0.0700, 0.2000, 0.1300, 0.1000, 0.0500, 0.1300, 0.0900, 0.0100, 0.0600, 0.0200, 0.0400]                                 | 18.6516  | 0.9000  | 0.8972 
17    | 16          | [87, 88, 89, 90, 91, 97, 98, 100, 103, 104, 105, 106, 107, 108, 109, 110]       | [0.0100, 0.0200, 0.1200, 0.1500, 0.0700, 0.0100, 0.0100, 0.0300, 0.0500, 0.0300, 0.1800, 0.1500, 0.0400, 0.0100, 0.1100, 0.0100]         | 63.1075  | 0.9000  | 0.8933 
18    | 11          | [89, 90, 91, 92, 97, 99, 101, 102, 103, 104, 105]                               | [0.1300, 0.1000, 0.0200, 0.0200, 0.0100, 0.0400, 0.1700, 0.2100, 0.1500, 0.1200, 0.0300]                                                 | 32.4211  | 0.8800  | 0.8685 
19    | 12          | [96, 97, 100, 101, 102, 103, 104, 105, 106, 107, 108, 109]                      | [0.0100, 0.0200, 0.0100, 0.0600, 0.1100, 0.1500, 0.0500, 0.0800, 0.1400, 0.1000, 0.1600, 0.1100]                                         | 8.6784   | 0.8200  | 0.8939 
20    | 14          | [95, 96, 97, 98, 99, 102, 103, 104, 106, 107, 108, 109, 110, 111]               | [0.0100, 0.1000, 0.1500, 0.1400, 0.1000, 0.0300, 0.1100, 0.0800, 0.0800, 0.0600, 0.0600, 0.0100, 0.0500, 0.0200]                         | 21.5156  | 0.9000  | 0.9109 
21    | 13          | [91, 93, 99, 100, 102, 103, 104, 105, 106, 107, 108, 109, 110]                  | [0.1500, 0.0500, 0.0100, 0.1100, 0.0300, 0.0500, 0.0900, 0.1700, 0.0100, 0.1200, 0.0700, 0.1300, 0.0100]                                 | 37.1664  | 0.9000  | 0.8950 

[Per-locus summary - Population 2]
Locus | Num_Alleles | Alleles                                                                         | Frequencies                                                                                                                              | Variance | Obs_Het | Exp_Het
------+-------------+---------------------------------------------------------------------------------+------------------------------------------------------------------------------------------------------------------------------------------+----------+---------+--------
1     | 9           | [95, 98, 99, 100, 101, 102, 103, 104, 105]                                      | [0.0200, 0.1000, 0.1000, 0.0600, 0.1000, 0.1900, 0.1200, 0.2100, 0.1000]                                                                 | 5.6316   | 0.9600  | 0.8701 
2     | 12          | [94, 95, 96, 97, 98, 99, 100, 101, 102, 103, 104, 105]                          | [0.0100, 0.0100, 0.0300, 0.0900, 0.1900, 0.1200, 0.0300, 0.0800, 0.0800, 0.1300, 0.0900, 0.1400]                                         | 8.8139   | 0.9400  | 0.8909 
3     | 13          | [96, 97, 99, 100, 101, 102, 103, 104, 105, 106, 107, 108, 109]                  | [0.0100, 0.0500, 0.0900, 0.2100, 0.1700, 0.1500, 0.0700, 0.0800, 0.0200, 0.0300, 0.0100, 0.0700, 0.0400]                                 | 9.2099   | 0.8600  | 0.8834 
4     | 12          | [90, 91, 92, 93, 94, 95, 96, 97, 98, 99, 100, 101]                              | [0.0100, 0.0300, 0.0600, 0.1500, 0.1300, 0.1300, 0.0800, 0.1200, 0.0700, 0.1300, 0.0600, 0.0300]                                         | 7.2875   | 0.8800  | 0.9010 
5     | 9           | [99, 100, 101, 102, 103, 104, 105, 106, 107]                                    | [0.0200, 0.1400, 0.0900, 0.0700, 0.1400, 0.1800, 0.2100, 0.1400, 0.0100]                                                                 | 4.3539   | 0.8400  | 0.8598 
6     | 17          | [93, 94, 95, 97, 98, 99, 100, 101, 102, 103, 104, 105, 106, 107, 108, 109, 110] | [0.0500, 0.0900, 0.0300, 0.0100, 0.0600, 0.1100, 0.1100, 0.0200, 0.0600, 0.0900, 0.0200, 0.0100, 0.0400, 0.0900, 0.1500, 0.0400, 0.0200] | 25.7131  | 0.9200  | 0.9230 
7     | 15          | [91, 92, 93, 95, 96, 97, 98, 99, 100, 101, 102, 108, 109, 110, 111]             | [0.0600, 0.0600, 0.0400, 0.0400, 0.1500, 0.1200, 0.0900, 0.0400, 0.0300, 0.0800, 0.0100, 0.0500, 0.1100, 0.1000, 0.0200]                 | 40.1891  | 0.9600  | 0.9198 
8     | 10          | [98, 99, 100, 101, 102, 103, 104, 105, 106, 107]                                | [0.0100, 0.0700, 0.1500, 0.1900, 0.1100, 0.1200, 0.1100, 0.1000, 0.1300, 0.0100]                                                         | 5.1491   | 0.9000  | 0.8796 
9     | 16          | [92, 97, 98, 99, 100, 104, 105, 106, 108, 109, 110, 111, 112, 113, 114, 117]    | [0.0200, 0.0300, 0.0500, 0.1200, 0.0600, 0.1500, 0.0300, 0.0100, 0.0500, 0.1200, 0.1900, 0.0500, 0.0400, 0.0300, 0.0400, 0.0100]         | 30.4531  | 0.9400  | 0.9040 
10    | 11          | [98, 99, 100, 101, 102, 103, 104, 105, 106, 107, 108]                           | [0.0500, 0.0700, 0.0600, 0.1100, 0.0300, 0.1400, 0.2600, 0.1600, 0.0600, 0.0500, 0.0100]                                                 | 5.8675   | 0.8400  | 0.8657 
11    | 13          | [86, 87, 88, 89, 90, 91, 92, 93, 94, 96, 97, 98, 99]                            | [0.0600, 0.0500, 0.1600, 0.0400, 0.0400, 0.0300, 0.2000, 0.1700, 0.0700, 0.0100, 0.0500, 0.0700, 0.0500]                                 | 13.3379  | 0.9000  | 0.8893 
12    | 15          | [96, 97, 98, 99, 100, 101, 102, 103, 104, 105, 106, 107, 108, 109, 110]         | [0.0300, 0.0800, 0.1100, 0.0200, 0.0800, 0.0500, 0.0100, 0.0800, 0.0100, 0.0700, 0.1100, 0.1400, 0.1000, 0.1000, 0.0100]                 | 18.1684  | 0.8600  | 0.9172 
13    | 12          | [96, 97, 98, 99, 100, 101, 102, 103, 105, 106, 107, 110]                        | [0.0300, 0.1300, 0.1400, 0.0600, 0.0600, 0.1500, 0.0900, 0.0600, 0.1300, 0.1200, 0.0200, 0.0100]                                         | 11.2571  | 0.9600  | 0.8984 
14    | 10          | [93, 94, 95, 96, 97, 98, 99, 100, 101, 102]                                     | [0.0300, 0.0200, 0.0100, 0.0700, 0.1600, 0.2400, 0.2900, 0.1500, 0.0100, 0.0200]                                                         | 2.8804   | 0.8400  | 0.8115 
15    | 11          | [94, 95, 96, 97, 98, 99, 100, 102, 103, 104, 105]                               | [0.0300, 0.0400, 0.1200, 0.1100, 0.1400, 0.1100, 0.0200, 0.0500, 0.1600, 0.1900, 0.0300]                                                 | 11.0819  | 0.8400  | 0.8826 
16    | 14          | [91, 92, 93, 94, 95, 96, 97, 98, 99, 100, 105, 106, 107, 108]                   | [0.0300, 0.1000, 0.0200, 0.1800, 0.0800, 0.0700, 0.0700, 0.1600, 0.1300, 0.0500, 0.0300, 0.0600, 0.0100, 0.0100]                         | 16.0291  | 0.9000  | 0.8994 
17    | 13          | [88, 89, 90, 91, 92, 98, 100, 103, 104, 105, 106, 107, 109]                     | [0.0200, 0.1200, 0.1500, 0.1000, 0.0200, 0.0200, 0.0100, 0.0200, 0.0500, 0.1200, 0.1700, 0.0700, 0.1300]                                 | 65.5356  | 0.8800  | 0.8927 
18    | 12          | [89, 90, 91, 92, 97, 98, 99, 100, 101, 102, 103, 104]                           | [0.0400, 0.1300, 0.0700, 0.0100, 0.0100, 0.0200, 0.0400, 0.0100, 0.1500, 0.2300, 0.1600, 0.1300]                                         | 28.0475  | 0.9400  | 0.8650 
19    | 10          | [97, 101, 102, 103, 104, 105, 106, 107, 108, 109]                               | [0.0200, 0.0500, 0.2000, 0.0900, 0.1000, 0.0900, 0.1300, 0.1000, 0.1100, 0.1100]                                                         | 7.6004   | 0.9600  | 0.8887 
20    | 15          | [95, 96, 97, 98, 99, 100, 102, 103, 104, 105, 106, 107, 108, 110, 111]          | [0.0400, 0.1500, 0.1300, 0.1300, 0.1200, 0.0100, 0.0200, 0.0600, 0.1000, 0.0100, 0.0100, 0.0700, 0.0900, 0.0400, 0.0200]                 | 22.6699  | 0.9400  | 0.9075 
21    | 14          | [91, 93, 99, 100, 101, 102, 103, 104, 105, 106, 107, 108, 109, 110]             | [0.1400, 0.0200, 0.0200, 0.1800, 0.0100, 0.0300, 0.0500, 0.1200, 0.1500, 0.0400, 0.0100, 0.0600, 0.1300, 0.0400]                         | 33.1779  | 0.9000  | 0.8919 
