
[Simulation Info]
simulation_id = sim_0004273
timestamp     = 20250428_090447
seed          = 246202
output_folder = /home/lejeunet/Bureau/simulations/Ref_table/sim_0004273

[Model Parameters]
pop_size           = 3479
num_loci           = 20
sample1_generation = 30
sample2_generation = 10
low_repeats        = 1
high_repeats       = 200
mutation_rate      = 0.001
recap_Ne           = 3479

[Sampling Design]
sample1_size_Ne  = 50
sample2_size_Ne  = 50
sample1_size_CMR = 50
sample2_size_CMR = 50

[Capture-Marquage-Recapture]
census_N   =  1300
MatchCount =  2

[Ne Estimates - One Sample - Decreasing critical values [0.050, 0.020, 0.010, 0+]]

[Linkage Desequilibrium]
LD_Ne_Pop1 = [None, None, None, None]
LD_r2_Pop1 = [0.021021, 0.021175, 0.021218, 0.021218]
LD_Ne_Pop2 = [None, 3080.3, 15841.4, 15841.4]
LD_r2_Pop2 = [0.021115, 0.021384, 0.021297, 0.021297]

[Heterozygote excess]
HE_Neb_mean_Pop1        = [3104.9, 83.9, 92.9, 92.9]
HE_weighted_D_mean_Pop1 = [0.00016, 0.006, 0.00541, 0.00541]
HE_Neb_mean_Pop2        = [33.6, 43.2, 47.3, 47.3]
HE_weighted_D_mean_Pop2 = [0.01508, 0.0117, 0.01068, 0.01068]

[Molecular Coancestry]
Coan_Neb_n_Pop1 = None
Coan_f1_Pop1    = -0.00078
Coan_Neb_n_Pop2 = 299.4
Coan_f1_Pop2    = 0.00167

[Ne Estimates - Temporal - Decreasing critical values (0.050, 0.020, 0.010, 0+)]

[Pollak]
P_Ne     = [697.4, 1074.3, 1105.7, 1133.3]
P_Fk     = [0.02717, 0.02465, 0.02452, 0.02441]
P_Fprime = [0.00717, 0.00465, 0.00452, 0.00441]

[Nei/Tajima]
N_Ne     = [748.9, 1140.3, 1169.8, 1196.7]
N_Fc     = [0.02668, 0.02438, 0.02427, 0.02418]
N_Fprime = [0.00668, 0.00438, 0.00427, 0.00418]

[Jorde/Ryman]
J_Ne     = [743.5, 907.1, 905.7, 905.8]
J_Fs     = [0.02684, 0.02562, 0.02563, 0.02563]
J_Fprime = [0.00673, 0.00551, 0.00552, 0.00552]

[Genetic Diversity - Heterozygosity]
mean_exp_het_pop1 = 0.8325
mean_obs_het_pop1 = 0.8352
mean_exp_het_pop2 = 0.8362
mean_obs_het_pop2 = 0.8495

[Genetic Diversity - Allele Counts]
mean_alleles_pop1 = 9.76
var_alleles_pop1  = 7.09
sum_alleles_pop1  = 205
mean_alleles_pop2 = 10.48
var_alleles_pop2  = 6.26
sum_alleles_pop2  = 440

[Genetic Diversity - Allelic Size Variance]
var_allele_size_pop1 = 10.6067
var_allele_size_pop2 = 10.9187

[Per-locus summary - Population 1]
Locus | Num_Alleles | Alleles                                                               | Frequencies                                                                                                              | Variance | Obs_Het | Exp_Het
------+-------------+-----------------------------------------------------------------------+--------------------------------------------------------------------------------------------------------------------------+----------+---------+--------
1     | 7           | [101, 102, 103, 104, 105, 106, 107]                                   | [0.1000, 0.2400, 0.1200, 0.0800, 0.1600, 0.2700, 0.0300]                                                                 | 3.4779   | 0.7800  | 0.8204 
2     | 9           | [95, 96, 97, 98, 99, 100, 101, 102, 104]                              | [0.0900, 0.0500, 0.0400, 0.0900, 0.2000, 0.3000, 0.1800, 0.0200, 0.0300]                                                 | 4.0539   | 0.9200  | 0.8242 
3     | 12          | [93, 94, 95, 96, 97, 98, 99, 100, 101, 102, 103, 104]                 | [0.0200, 0.1200, 0.3200, 0.1900, 0.0100, 0.0200, 0.0100, 0.0100, 0.0200, 0.1300, 0.0900, 0.0600]                         | 12.5299  | 0.8800  | 0.8253 
4     | 6           | [97, 98, 99, 100, 101, 102]                                           | [0.0800, 0.3200, 0.2900, 0.2300, 0.0500, 0.0300]                                                                         | 1.3364   | 0.8800  | 0.7584 
5     | 10          | [91, 94, 95, 96, 97, 98, 103, 104, 105, 106]                          | [0.0200, 0.0100, 0.1700, 0.0400, 0.1700, 0.0200, 0.0200, 0.1500, 0.3600, 0.0400]                                         | 20.6900  | 0.8200  | 0.7935 
6     | 9           | [95, 96, 97, 98, 99, 100, 101, 102, 103]                              | [0.0100, 0.0300, 0.1600, 0.1400, 0.1000, 0.1600, 0.1300, 0.2400, 0.0300]                                                 | 4.0811   | 0.8600  | 0.8513 
7     | 10          | [96, 97, 98, 99, 100, 101, 102, 103, 104, 105]                        | [0.0100, 0.1600, 0.2000, 0.1600, 0.0300, 0.1500, 0.0900, 0.0400, 0.0500, 0.1100]                                         | 6.9656   | 0.8600  | 0.8697 
8     | 7           | [96, 97, 98, 99, 100, 101, 102]                                       | [0.0400, 0.0400, 0.2500, 0.2100, 0.2800, 0.1100, 0.0700]                                                                 | 2.0524   | 0.8000  | 0.8028 
9     | 10          | [94, 95, 96, 97, 98, 99, 102, 103, 104, 105]                          | [0.1700, 0.1800, 0.1200, 0.0700, 0.0200, 0.0200, 0.1800, 0.1000, 0.1100, 0.0300]                                         | 15.3836  | 0.8600  | 0.8719 
10    | 13          | [90, 91, 92, 93, 94, 96, 101, 102, 103, 104, 105, 106, 107]           | [0.0200, 0.0600, 0.1000, 0.1400, 0.1800, 0.0300, 0.1300, 0.1200, 0.0500, 0.0200, 0.0500, 0.0600, 0.0400]                 | 28.8571  | 0.9000  | 0.9002 
11    | 8           | [97, 99, 100, 101, 102, 103, 104, 105]                                | [0.0100, 0.0400, 0.1900, 0.0900, 0.3400, 0.2100, 0.0700, 0.0500]                                                         | 2.3804   | 0.8000  | 0.7950 
12    | 10          | [89, 90, 91, 92, 93, 94, 95, 96, 97, 98]                              | [0.0200, 0.0300, 0.0300, 0.1500, 0.1100, 0.3000, 0.2500, 0.0300, 0.0700, 0.0100]                                         | 3.0944   | 0.8600  | 0.8129 
13    | 10          | [95, 96, 97, 98, 99, 100, 101, 105, 106, 107]                         | [0.0100, 0.1600, 0.2200, 0.1600, 0.1200, 0.2300, 0.0100, 0.0200, 0.0400, 0.0300]                                         | 7.4571   | 0.7800  | 0.8384 
14    | 15          | [94, 95, 96, 97, 98, 99, 100, 101, 102, 105, 106, 107, 108, 110, 111] | [0.0700, 0.1300, 0.0900, 0.0600, 0.0600, 0.0200, 0.0100, 0.0600, 0.0200, 0.0700, 0.0800, 0.1000, 0.1200, 0.1000, 0.0100] | 32.7675  | 0.9200  | 0.9218 
15    | 7           | [92, 93, 94, 95, 96, 97, 100]                                         | [0.1000, 0.3500, 0.1900, 0.1900, 0.0300, 0.0300, 0.1100]                                                                 | 5.0875   | 0.8000  | 0.7893 
16    | 15          | [87, 89, 90, 91, 92, 93, 94, 97, 98, 99, 100, 102, 103, 104, 105]     | [0.0100, 0.0200, 0.0300, 0.0700, 0.1900, 0.0200, 0.0100, 0.0200, 0.1200, 0.0200, 0.0100, 0.0200, 0.1200, 0.2900, 0.0500] | 31.7299  | 0.8800  | 0.8489 
17    | 11          | [94, 95, 96, 97, 98, 99, 100, 101, 102, 103, 104]                     | [0.0100, 0.0100, 0.0900, 0.1000, 0.1200, 0.2500, 0.1300, 0.0800, 0.1300, 0.0600, 0.0200]                                 | 4.7044   | 0.8000  | 0.8693 
18    | 11          | [89, 90, 91, 92, 93, 94, 95, 96, 98, 102, 103]                        | [0.0900, 0.2000, 0.0400, 0.0900, 0.0200, 0.0700, 0.0700, 0.2500, 0.0200, 0.1200, 0.0300]                                 | 17.5939  | 0.8400  | 0.8624 
19    | 12          | [92, 93, 94, 95, 96, 97, 99, 100, 101, 102, 103, 104]                 | [0.0100, 0.0600, 0.1400, 0.0400, 0.1100, 0.0400, 0.0500, 0.1600, 0.0700, 0.0800, 0.2000, 0.0400]                         | 13.2744  | 0.9200  | 0.8893 
20    | 6           | [98, 99, 100, 101, 102, 104]                                          | [0.2900, 0.1300, 0.1900, 0.2100, 0.1300, 0.0500]                                                                         | 2.8184   | 0.7400  | 0.8075 
21    | 7           | [95, 96, 97, 98, 99, 100, 102]                                        | [0.1600, 0.0500, 0.3300, 0.3700, 0.0300, 0.0100, 0.0500]                                                                 | 2.4044   | 0.6400  | 0.7299 

[Per-locus summary - Population 2]
Locus | Num_Alleles | Alleles                                                                    | Frequencies                                                                                                                      | Variance | Obs_Het | Exp_Het
------+-------------+----------------------------------------------------------------------------+----------------------------------------------------------------------------------------------------------------------------------+----------+---------+--------
1     | 7           | [101, 102, 103, 104, 105, 106, 107]                                        | [0.0500, 0.2100, 0.2300, 0.1300, 0.1500, 0.2200, 0.0100]                                                                         | 2.6076   | 0.8400  | 0.8208 
2     | 10          | [95, 96, 97, 98, 99, 100, 101, 102, 103, 104]                              | [0.1200, 0.0500, 0.0500, 0.0900, 0.2300, 0.2100, 0.1500, 0.0300, 0.0400, 0.0300]                                                 | 5.1219   | 0.8400  | 0.8582 
3     | 11          | [94, 95, 96, 97, 98, 99, 100, 101, 102, 103, 104]                          | [0.0700, 0.3500, 0.1500, 0.0600, 0.0400, 0.0100, 0.0100, 0.0500, 0.1100, 0.1200, 0.0300]                                         | 11.1859  | 0.8200  | 0.8230 
4     | 7           | [95, 97, 98, 99, 100, 101, 102]                                            | [0.0100, 0.0500, 0.2400, 0.4500, 0.1800, 0.0400, 0.0300]                                                                         | 1.2091   | 0.7200  | 0.7095 
5     | 11          | [91, 92, 93, 95, 96, 97, 98, 102, 104, 105, 106]                           | [0.0300, 0.0200, 0.0300, 0.1000, 0.0900, 0.1100, 0.0100, 0.0200, 0.2100, 0.3200, 0.0600]                                         | 22.7699  | 0.8200  | 0.8253 
6     | 11          | [95, 96, 97, 98, 99, 100, 101, 102, 103, 104, 105]                         | [0.0100, 0.1100, 0.2000, 0.1800, 0.0700, 0.0200, 0.1500, 0.1700, 0.0500, 0.0300, 0.0100]                                         | 6.1059   | 0.8600  | 0.8638 
7     | 11          | [96, 97, 98, 99, 100, 101, 102, 103, 104, 105, 106]                        | [0.0100, 0.1700, 0.1300, 0.1700, 0.0800, 0.1000, 0.1000, 0.0300, 0.1200, 0.0800, 0.0100]                                         | 7.3075   | 0.9200  | 0.8859 
8     | 8           | [95, 96, 97, 98, 99, 100, 101, 102]                                        | [0.0200, 0.0200, 0.0500, 0.3100, 0.1300, 0.2400, 0.1200, 0.1100]                                                                 | 2.6524   | 0.8200  | 0.8077 
9     | 10          | [94, 95, 96, 97, 98, 99, 102, 103, 104, 105]                               | [0.2000, 0.1500, 0.2000, 0.1000, 0.0200, 0.0200, 0.0800, 0.0600, 0.1300, 0.0400]                                                 | 14.8875  | 0.8600  | 0.8669 
10    | 12          | [89, 90, 91, 92, 93, 94, 101, 102, 103, 105, 106, 107]                     | [0.0200, 0.0500, 0.1200, 0.0900, 0.0800, 0.1000, 0.1400, 0.1600, 0.0700, 0.0500, 0.1000, 0.0200]                                 | 33.5796  | 0.8800  | 0.9042 
11    | 8           | [97, 99, 100, 101, 102, 103, 104, 105]                                     | [0.0100, 0.0200, 0.2300, 0.1500, 0.2700, 0.1600, 0.0500, 0.1100]                                                                 | 2.8331   | 0.9200  | 0.8192 
12    | 10          | [89, 90, 91, 92, 93, 94, 95, 96, 97, 98]                                   | [0.0600, 0.0600, 0.0400, 0.1300, 0.0800, 0.3300, 0.1000, 0.0900, 0.0600, 0.0500]                                                 | 5.1044   | 0.8800  | 0.8432 
13    | 9           | [95, 96, 97, 98, 99, 100, 101, 105, 106]                                   | [0.0400, 0.1300, 0.2700, 0.0500, 0.1600, 0.2500, 0.0100, 0.0100, 0.0800]                                                         | 7.4475   | 0.8600  | 0.8196 
14    | 16          | [94, 95, 96, 97, 98, 99, 100, 101, 102, 105, 106, 107, 108, 109, 110, 111] | [0.0600, 0.2400, 0.1000, 0.1200, 0.0200, 0.0200, 0.0200, 0.1500, 0.0100, 0.0200, 0.0600, 0.0400, 0.0600, 0.0100, 0.0600, 0.0100] | 27.5739  | 0.8600  | 0.8865 
15    | 8           | [92, 93, 94, 95, 96, 97, 99, 100]                                          | [0.0700, 0.2600, 0.2100, 0.1900, 0.0400, 0.0300, 0.0300, 0.1700]                                                                 | 6.7531   | 0.8000  | 0.8232 
16    | 14          | [88, 89, 90, 91, 92, 93, 94, 97, 98, 99, 102, 103, 104, 105]               | [0.0200, 0.0300, 0.0700, 0.0800, 0.1700, 0.0100, 0.0100, 0.0300, 0.1300, 0.0400, 0.0300, 0.1300, 0.2100, 0.0400]                 | 32.5356  | 0.8800  | 0.8842 
17    | 9           | [94, 96, 97, 98, 99, 100, 101, 102, 103]                                   | [0.0300, 0.1200, 0.0300, 0.1900, 0.2200, 0.1400, 0.1800, 0.0700, 0.0200]                                                         | 3.9491   | 0.8600  | 0.8505 
18    | 13          | [89, 90, 91, 92, 93, 94, 95, 96, 97, 98, 101, 102, 103]                    | [0.0900, 0.1900, 0.0500, 0.0900, 0.0400, 0.0800, 0.0800, 0.1900, 0.0100, 0.0200, 0.0500, 0.0700, 0.0400]                         | 17.4924  | 0.9400  | 0.8941 
19    | 12          | [93, 94, 95, 96, 97, 98, 99, 100, 101, 102, 103, 104]                      | [0.0700, 0.1700, 0.0100, 0.0500, 0.0400, 0.0100, 0.1200, 0.0700, 0.1000, 0.1900, 0.1500, 0.0200]                                 | 12.6299  | 0.9000  | 0.8824 
20    | 8           | [97, 98, 99, 100, 101, 102, 104, 105]                                      | [0.0300, 0.2400, 0.0900, 0.1900, 0.2800, 0.0900, 0.0600, 0.0200]                                                                 | 3.4004   | 0.8000  | 0.8149 
21    | 9           | [94, 95, 96, 97, 98, 99, 101, 102, 103]                                    | [0.0100, 0.1200, 0.0300, 0.4600, 0.3200, 0.0100, 0.0100, 0.0300, 0.0100]                                                         | 2.1459   | 0.7600  | 0.6762 
