
[Simulation Info]
simulation_id = sim_0009439
timestamp     = 20250428_112008
seed          = 538157
output_folder = /home/lejeunet/Bureau/simulations/Ref_table/sim_0009439

[Model Parameters]
pop_size           = 5799
num_loci           = 20
sample1_generation = 30
sample2_generation = 10
low_repeats        = 1
high_repeats       = 200
mutation_rate      = 0.001
recap_Ne           = 5799

[Sampling Design]
sample1_size_Ne  = 50
sample2_size_Ne  = 50
sample1_size_CMR = 50
sample2_size_CMR = 50

[Capture-Marquage-Recapture]
census_N   =  0
MatchCount =  0
# There were no match between sampling of individuals during CMR.

[Ne Estimates - One Sample - Decreasing critical values [0.050, 0.020, 0.010, 0+]]

[Linkage Desequilibrium]
LD_Ne_Pop1 = [None, None, None, None]
LD_r2_Pop1 = [0.02086, 0.021025, 0.020957, 0.020957]
LD_Ne_Pop2 = [710.8, None, 3080.6, 3080.6]
LD_r2_Pop2 = [0.021744, 0.021269, 0.021384, 0.021384]

[Heterozygote excess]
HE_Neb_mean_Pop1        = [None, 372.9, 777.5, 777.5]
HE_weighted_D_mean_Pop1 = [-0.00051, 0.00134, 0.00064, 0.00064]
HE_Neb_mean_Pop2        = [35.0, 100.0, 125.8, 125.8]
HE_weighted_D_mean_Pop2 = [0.01449, 0.00502, 0.00399, 0.00399]

[Molecular Coancestry]
Coan_Neb_n_Pop1 = None
Coan_f1_Pop1    = -0.01266
Coan_Neb_n_Pop2 = None
Coan_f1_Pop2    = -0.0116

[Ne Estimates - Temporal - Decreasing critical values (0.050, 0.020, 0.010, 0+)]

[Pollak]
P_Ne     = [-3748.4, -3478.6, -4227.1, -2887.4]
P_Fk     = [0.01867, 0.01856, 0.01882, 0.01827]
P_Fprime = [-0.00133, -0.00144, -0.00118, -0.00173]

[Nei/Tajima]
N_Ne     = [-2747.5, -2748.4, -3202.4, -2432.1]
N_Fc     = [0.01818, 0.01818, 0.01844, 0.01794]
N_Fprime = [-0.00182, -0.00182, -0.00156, -0.00206]

[Jorde/Ryman]
J_Ne     = [-1572.1, -1738.4, -1679.1, -1623.8]
J_Fs     = [0.01692, 0.01723, 0.01712, 0.01702]
J_Fprime = [-0.00318, -0.00288, -0.00298, -0.00308]

[Genetic Diversity - Heterozygosity]
mean_exp_het_pop1 = 0.8578
mean_obs_het_pop1 = 0.859
mean_exp_het_pop2 = 0.8517
mean_obs_het_pop2 = 0.86

[Genetic Diversity - Allele Counts]
mean_alleles_pop1 = 11.48
var_alleles_pop1  = 4.46
sum_alleles_pop1  = 241
mean_alleles_pop2 = 12.07
var_alleles_pop2  = 6.9
sum_alleles_pop2  = 507

[Genetic Diversity - Allelic Size Variance]
var_allele_size_pop1 = 9.7504
var_allele_size_pop2 = 9.8846

[Per-locus summary - Population 1]
Locus | Num_Alleles | Alleles                                                               | Frequencies                                                                                                              | Variance | Obs_Het | Exp_Het
------+-------------+-----------------------------------------------------------------------+--------------------------------------------------------------------------------------------------------------------------+----------+---------+--------
1     | 10          | [97, 98, 99, 100, 101, 102, 103, 104, 105, 106]                       | [0.0200, 0.0400, 0.0900, 0.2800, 0.2300, 0.2100, 0.0800, 0.0200, 0.0100, 0.0200]                                         | 2.6819   | 0.7800  | 0.8154 
2     | 15          | [91, 92, 93, 94, 95, 97, 98, 99, 100, 101, 102, 103, 104, 105, 106]   | [0.0100, 0.0100, 0.0800, 0.0400, 0.0100, 0.0600, 0.0600, 0.1100, 0.0400, 0.0400, 0.0900, 0.1400, 0.0400, 0.2400, 0.0300] | 16.7675  | 0.9000  | 0.8903 
3     | 9           | [96, 97, 98, 99, 100, 101, 102, 103, 104]                             | [0.0500, 0.1200, 0.1600, 0.2000, 0.1000, 0.0800, 0.1300, 0.0700, 0.0900]                                                 | 5.3611   | 0.8400  | 0.8800 
4     | 10          | [93, 94, 95, 96, 97, 98, 99, 101, 102, 103]                           | [0.0100, 0.0900, 0.0600, 0.2100, 0.2800, 0.1900, 0.0500, 0.0200, 0.0600, 0.0300]                                         | 4.6659   | 0.8600  | 0.8305 
5     | 12          | [93, 94, 95, 97, 100, 101, 102, 103, 104, 105, 106, 107]              | [0.0100, 0.0300, 0.0100, 0.0100, 0.0100, 0.0500, 0.1700, 0.2500, 0.1300, 0.2200, 0.0900, 0.0200]                         | 7.0179   | 0.8200  | 0.8394 
6     | 8           | [96, 97, 98, 99, 100, 101, 102, 103]                                  | [0.0200, 0.0900, 0.0100, 0.0900, 0.1300, 0.3700, 0.2500, 0.0400]                                                         | 2.7091   | 0.8400  | 0.7731 
7     | 11          | [92, 93, 94, 95, 96, 97, 98, 100, 101, 102, 103]                      | [0.0500, 0.1800, 0.1500, 0.1100, 0.1000, 0.0100, 0.0400, 0.1200, 0.1900, 0.0400, 0.0100]                                 | 11.4376  | 0.9000  | 0.8753 
8     | 11          | [99, 100, 104, 105, 106, 107, 108, 109, 110, 111, 112]                | [0.0100, 0.0100, 0.0300, 0.1900, 0.1000, 0.1400, 0.1800, 0.0300, 0.1800, 0.0800, 0.0500]                                 | 6.3131   | 0.8400  | 0.8673 
9     | 15          | [90, 91, 92, 93, 98, 99, 100, 101, 102, 104, 105, 106, 107, 108, 109] | [0.0100, 0.0600, 0.0100, 0.0500, 0.0800, 0.1600, 0.1700, 0.0600, 0.0300, 0.0300, 0.0400, 0.0800, 0.0500, 0.0900, 0.0800] | 26.9176  | 0.8600  | 0.9115 
10    | 12          | [89, 90, 92, 93, 94, 95, 97, 98, 99, 100, 101, 102]                   | [0.1000, 0.0200, 0.1400, 0.0700, 0.0800, 0.0500, 0.0300, 0.0800, 0.0300, 0.0600, 0.3200, 0.0200]                         | 18.9664  | 0.8200  | 0.8501 
11    | 13          | [97, 98, 99, 100, 101, 102, 103, 104, 105, 106, 107, 108, 109]        | [0.0300, 0.0300, 0.2400, 0.1100, 0.1200, 0.1600, 0.0800, 0.0800, 0.0100, 0.0500, 0.0300, 0.0500, 0.0100]                 | 8.1644   | 0.9200  | 0.8784 
12    | 8           | [99, 100, 101, 102, 103, 104, 105, 106]                               | [0.0900, 0.3100, 0.1300, 0.0600, 0.0400, 0.1900, 0.1400, 0.0400]                                                         | 4.8796   | 0.7800  | 0.8246 
13    | 13          | [92, 93, 94, 95, 96, 97, 98, 99, 100, 102, 103, 105, 106]             | [0.0200, 0.0100, 0.0300, 0.0700, 0.2100, 0.1600, 0.2100, 0.1200, 0.0100, 0.0100, 0.1100, 0.0300, 0.0100]                 | 8.2564   | 0.9000  | 0.8608 
14    | 11          | [96, 97, 98, 99, 101, 102, 103, 104, 105, 106, 107]                   | [0.0300, 0.0600, 0.0600, 0.0400, 0.0400, 0.0200, 0.1000, 0.3800, 0.1900, 0.0700, 0.0100]                                 | 7.8656   | 0.7600  | 0.8008 
15    | 13          | [92, 93, 95, 96, 98, 99, 100, 101, 102, 103, 104, 105, 106]           | [0.0300, 0.0400, 0.0100, 0.0300, 0.0200, 0.0100, 0.0300, 0.1100, 0.1300, 0.1900, 0.2400, 0.1500, 0.0100]                 | 11.1091  | 0.9000  | 0.8584 
16    | 11          | [94, 95, 96, 97, 98, 99, 100, 101, 102, 104, 105]                     | [0.0500, 0.0500, 0.2300, 0.2300, 0.0800, 0.1100, 0.0400, 0.0200, 0.1200, 0.0300, 0.0400]                                 | 7.7875   | 0.9400  | 0.8604 
17    | 9           | [97, 98, 99, 100, 101, 102, 103, 104, 105]                            | [0.0600, 0.0500, 0.3000, 0.0800, 0.1000, 0.0400, 0.0400, 0.2300, 0.1000]                                                 | 6.5404   | 0.8800  | 0.8297 
18    | 11          | [96, 97, 98, 99, 100, 101, 102, 103, 104, 105, 106]                   | [0.0300, 0.0100, 0.1400, 0.1000, 0.0700, 0.1800, 0.1100, 0.1000, 0.0800, 0.1400, 0.0400]                                 | 6.9251   | 0.9000  | 0.8913 
19    | 13          | [96, 97, 98, 99, 101, 102, 103, 104, 105, 106, 107, 108, 109]         | [0.1200, 0.1100, 0.0300, 0.0500, 0.0300, 0.0200, 0.0700, 0.1700, 0.1500, 0.0300, 0.0100, 0.1900, 0.0200]                 | 18.1324  | 0.9200  | 0.8838 
20    | 11          | [93, 94, 95, 96, 97, 98, 99, 100, 101, 102, 103]                      | [0.0200, 0.0800, 0.1600, 0.1400, 0.1300, 0.1500, 0.1200, 0.1000, 0.0200, 0.0500, 0.0300]                                 | 5.8236   | 0.7800  | 0.8893 
21    | 15          | [92, 93, 94, 95, 96, 97, 98, 99, 100, 101, 102, 104, 105, 106, 107]   | [0.0100, 0.0400, 0.0200, 0.0500, 0.1300, 0.0400, 0.1600, 0.1200, 0.1000, 0.0500, 0.0100, 0.0400, 0.0500, 0.1600, 0.0200] | 16.4371  | 0.9000  | 0.9032 

[Per-locus summary - Population 2]
Locus | Num_Alleles | Alleles                                                                             | Frequencies                                                                                                                                      | Variance | Obs_Het | Exp_Het
------+-------------+-------------------------------------------------------------------------------------+--------------------------------------------------------------------------------------------------------------------------------------------------+----------+---------+--------
1     | 8           | [97, 98, 99, 100, 101, 102, 103, 104]                                               | [0.0100, 0.0200, 0.1400, 0.2500, 0.2500, 0.2500, 0.0700, 0.0100]                                                                                 | 1.7259   | 0.7800  | 0.7954 
2     | 11          | [93, 94, 97, 98, 99, 100, 101, 102, 103, 104, 105]                                  | [0.1000, 0.0400, 0.0400, 0.0800, 0.0300, 0.0500, 0.0200, 0.1000, 0.1600, 0.0600, 0.3200]                                                         | 16.2059  | 0.8000  | 0.8434 
3     | 10          | [95, 96, 97, 98, 99, 100, 101, 102, 103, 104]                                       | [0.0100, 0.0600, 0.0700, 0.2000, 0.2000, 0.1400, 0.0300, 0.1500, 0.0700, 0.0700]                                                                 | 5.1416   | 0.8600  | 0.8673 
4     | 10          | [93, 94, 95, 96, 97, 98, 99, 100, 102, 103]                                         | [0.0100, 0.0300, 0.0700, 0.2100, 0.2200, 0.1900, 0.1300, 0.0100, 0.1100, 0.0200]                                                                 | 4.7411   | 0.9200  | 0.8444 
5     | 11          | [93, 94, 95, 97, 100, 101, 102, 103, 104, 105, 106]                                 | [0.0400, 0.0500, 0.0100, 0.0300, 0.0100, 0.0500, 0.0800, 0.2900, 0.1600, 0.2200, 0.0600]                                                         | 11.4284  | 0.8200  | 0.8325 
6     | 8           | [96, 97, 98, 99, 100, 101, 102, 103]                                                | [0.0400, 0.0600, 0.0100, 0.0300, 0.1600, 0.4100, 0.2600, 0.0300]                                                                                 | 2.5731   | 0.8400  | 0.7390 
7     | 10          | [92, 93, 94, 95, 96, 97, 98, 100, 101, 102]                                         | [0.1100, 0.1300, 0.1400, 0.1600, 0.0800, 0.0100, 0.0300, 0.1000, 0.1900, 0.0500]                                                                 | 11.7275  | 0.9600  | 0.8786 
8     | 12          | [99, 100, 101, 104, 105, 106, 107, 108, 109, 110, 111, 112]                         | [0.0100, 0.0500, 0.0100, 0.0200, 0.1500, 0.1100, 0.2000, 0.1500, 0.0400, 0.1000, 0.1400, 0.0200]                                                 | 8.2371   | 0.8800  | 0.8770 
9     | 18          | [90, 91, 92, 93, 97, 98, 99, 100, 101, 102, 103, 104, 105, 106, 107, 108, 109, 110] | [0.0200, 0.0900, 0.0100, 0.0200, 0.0100, 0.0700, 0.0800, 0.1500, 0.0800, 0.0200, 0.0200, 0.0100, 0.0400, 0.0600, 0.0300, 0.1800, 0.1000, 0.0100] | 33.3075  | 0.9400  | 0.9103 
10    | 14          | [89, 90, 91, 92, 93, 94, 95, 96, 97, 98, 99, 100, 101, 102]                         | [0.0500, 0.0100, 0.0100, 0.0900, 0.0500, 0.1500, 0.0100, 0.0400, 0.0700, 0.0700, 0.0100, 0.0800, 0.3300, 0.0300]                                 | 15.3779  | 0.8800  | 0.8448 
11    | 12          | [97, 98, 99, 100, 101, 102, 103, 104, 105, 106, 107, 108]                           | [0.0200, 0.0300, 0.2900, 0.1300, 0.0700, 0.1600, 0.0300, 0.0600, 0.0200, 0.0900, 0.0300, 0.0700]                                                 | 9.2616   | 0.8400  | 0.8570 
12    | 8           | [99, 100, 101, 102, 103, 104, 105, 106]                                             | [0.1300, 0.3100, 0.0800, 0.0800, 0.1000, 0.1300, 0.1300, 0.0400]                                                                                 | 4.8876   | 0.8200  | 0.8372 
13    | 15          | [91, 92, 93, 94, 95, 96, 97, 98, 99, 100, 101, 102, 103, 104, 106]                  | [0.0100, 0.0300, 0.0100, 0.0300, 0.0700, 0.2200, 0.1900, 0.1200, 0.1600, 0.0200, 0.0100, 0.0400, 0.0700, 0.0100, 0.0100]                         | 7.5756   | 0.9000  | 0.8701 
14    | 9           | [97, 98, 99, 101, 102, 103, 104, 105, 106]                                          | [0.0200, 0.0200, 0.0300, 0.0500, 0.0600, 0.1100, 0.3300, 0.2800, 0.1000]                                                                         | 3.8339   | 0.7600  | 0.7907 
15    | 15          | [93, 94, 95, 96, 97, 98, 99, 100, 101, 102, 103, 104, 105, 106, 107]                | [0.0500, 0.0200, 0.0100, 0.0300, 0.0100, 0.0800, 0.0300, 0.0200, 0.0600, 0.0700, 0.2700, 0.1800, 0.1400, 0.0200, 0.0100]                         | 11.6024  | 0.8600  | 0.8630 
16    | 12          | [94, 95, 96, 97, 98, 99, 100, 101, 102, 104, 105, 106]                              | [0.0100, 0.0600, 0.2100, 0.3400, 0.0600, 0.1000, 0.0200, 0.0400, 0.0600, 0.0200, 0.0600, 0.0200]                                                 | 8.2716   | 0.7400  | 0.8212 
17    | 11          | [95, 96, 97, 98, 99, 100, 101, 102, 103, 104, 105]                                  | [0.0100, 0.0300, 0.0300, 0.1500, 0.3300, 0.0300, 0.0700, 0.0500, 0.0300, 0.1700, 0.1000]                                                         | 7.3875   | 0.8600  | 0.8269 
18    | 13          | [96, 97, 98, 99, 100, 101, 102, 103, 104, 105, 106, 107, 108]                       | [0.0300, 0.0300, 0.1200, 0.1000, 0.1000, 0.1300, 0.0700, 0.1400, 0.0600, 0.1600, 0.0400, 0.0100, 0.0100]                                         | 8.0651   | 0.9200  | 0.9004 
19    | 13          | [96, 97, 98, 99, 100, 101, 103, 104, 105, 106, 107, 108, 109]                       | [0.1100, 0.0800, 0.0400, 0.0900, 0.0200, 0.0700, 0.0800, 0.1400, 0.1800, 0.0200, 0.0200, 0.1300, 0.0200]                                         | 16.1400  | 0.9200  | 0.8990 
20    | 11          | [93, 94, 95, 96, 97, 98, 99, 100, 101, 102, 103]                                    | [0.0200, 0.0800, 0.0800, 0.1800, 0.1600, 0.1700, 0.1300, 0.1100, 0.0300, 0.0200, 0.0200]                                                         | 4.7264   | 0.8800  | 0.8780 
21    | 15          | [92, 93, 94, 95, 96, 97, 98, 99, 100, 101, 102, 104, 105, 106, 107]                 | [0.0200, 0.0300, 0.0200, 0.0700, 0.0300, 0.0400, 0.1700, 0.1400, 0.0800, 0.1300, 0.0300, 0.0200, 0.0600, 0.1100, 0.0500]                         | 15.3596  | 0.8800  | 0.9087 
