
[Simulation Info]
simulation_id = sim_0003028
timestamp     = 20250428_083518
seed          = 857280
output_folder = /home/lejeunet/Bureau/simulations/Ref_table/sim_0003028

[Model Parameters]
pop_size           = 1269
num_loci           = 20
sample1_generation = 30
sample2_generation = 10
low_repeats        = 1
high_repeats       = 200
mutation_rate      = 0.001
recap_Ne           = 1269

[Sampling Design]
sample1_size_Ne  = 50
sample2_size_Ne  = 50
sample1_size_CMR = 50
sample2_size_CMR = 50

[Capture-Marquage-Recapture]
census_N   =  0
MatchCount =  0
# There were no match between sampling of individuals during CMR.

[Ne Estimates - One Sample - Decreasing critical values [0.050, 0.020, 0.010, 0+]]

[Linkage Desequilibrium]
LD_Ne_Pop1 = [358.2, 593.8, 1859.3, 1859.3]
LD_r2_Pop1 = [0.022201, 0.021835, 0.021455, 0.021455]
LD_Ne_Pop2 = [999.8, None, None, None]
LD_r2_Pop2 = [0.021609, 0.021175, 0.021231, 0.021231]

[Heterozygote excess]
HE_Neb_mean_Pop1        = [26.5, 38.6, 40.2, 40.2]
HE_weighted_D_mean_Pop1 = [0.01922, 0.01313, 0.01261, 0.01261]
HE_Neb_mean_Pop2        = [164.1, 338.4, 362.0, 362.0]
HE_weighted_D_mean_Pop2 = [0.00306, 0.00148, 0.00138, 0.00138]

[Molecular Coancestry]
Coan_Neb_n_Pop1 = 42.1
Coan_f1_Pop1    = 0.01187
Coan_Neb_n_Pop2 = 46.9
Coan_f1_Pop2    = 0.01066

[Ne Estimates - Temporal - Decreasing critical values (0.050, 0.020, 0.010, 0+)]

[Pollak]
P_Ne     = [2150.0, 1291.2, 1166.0, 1080.6]
P_Fk     = [0.02233, 0.02387, 0.02429, 0.02463]
P_Fprime = [0.00233, 0.00387, 0.00429, 0.00463]

[Nei/Tajima]
N_Ne     = [2180.2, 1388.2, 1261.6, 1172.6]
N_Fc     = [0.02229, 0.0236, 0.02396, 0.02426]
N_Fprime = [0.00229, 0.0036, 0.00396, 0.00426]

[Jorde/Ryman]
J_Ne     = [1400.1, 1241.6, 1230.9, 1219.2]
J_Fs     = [0.02367, 0.02413, 0.02417, 0.02421]
J_Fprime = [0.00357, 0.00403, 0.00406, 0.0041]

[Genetic Diversity - Heterozygosity]
mean_exp_het_pop1 = 0.7323
mean_obs_het_pop1 = 0.7429
mean_exp_het_pop2 = 0.734
mean_obs_het_pop2 = 0.7362

[Genetic Diversity - Allele Counts]
mean_alleles_pop1 = 7.1
var_alleles_pop1  = 2.69
sum_alleles_pop1  = 149
mean_alleles_pop2 = 7.33
var_alleles_pop2  = 3.06
sum_alleles_pop2  = 308

[Genetic Diversity - Allelic Size Variance]
var_allele_size_pop1 = 6.6306
var_allele_size_pop2 = 6.6509

[Per-locus summary - Population 1]
Locus | Num_Alleles | Alleles                                           | Frequencies                                                                              | Variance | Obs_Het | Exp_Het
------+-------------+---------------------------------------------------+------------------------------------------------------------------------------------------+----------+---------+--------
1     | 8           | [94, 95, 97, 98, 99, 100, 101, 103]               | [0.0900, 0.1200, 0.1700, 0.3300, 0.1600, 0.0400, 0.0300, 0.0600]                         | 4.7124   | 0.8200  | 0.8162 
2     | 9           | [97, 98, 99, 100, 101, 103, 104, 105, 106]        | [0.3000, 0.3500, 0.0900, 0.0300, 0.0200, 0.0100, 0.0500, 0.1100, 0.0400]                 | 8.8675   | 0.7800  | 0.7695 
3     | 7           | [95, 96, 97, 101, 102, 103, 104]                  | [0.0900, 0.2100, 0.1000, 0.0400, 0.4300, 0.1200, 0.0100]                                 | 9.4259   | 0.8000  | 0.7442 
4     | 6           | [97, 98, 100, 101, 102, 103]                      | [0.0600, 0.2100, 0.0400, 0.2800, 0.2400, 0.1700]                                         | 3.7011   | 0.7600  | 0.7937 
5     | 6           | [98, 102, 103, 104, 105, 106]                     | [0.0400, 0.0100, 0.1300, 0.0600, 0.7100, 0.0500]                                         | 2.3436   | 0.4800  | 0.4760 
6     | 8           | [93, 94, 95, 96, 97, 98, 99, 100]                 | [0.0100, 0.2100, 0.4100, 0.0100, 0.0500, 0.1100, 0.1800, 0.0200]                         | 3.7691   | 0.7000  | 0.7477 
7     | 6           | [97, 98, 100, 101, 102, 103]                      | [0.1600, 0.0200, 0.6500, 0.0500, 0.1100, 0.0100]                                         | 2.0516   | 0.5600  | 0.5422 
8     | 6           | [94, 95, 96, 97, 98, 99]                          | [0.0200, 0.0200, 0.2300, 0.3200, 0.3400, 0.0700]                                         | 1.0875   | 0.6800  | 0.7307 
9     | 6           | [96, 97, 98, 99, 103, 104]                        | [0.0200, 0.3200, 0.1400, 0.1000, 0.0100, 0.4100]                                         | 10.4475  | 0.7400  | 0.7065 
10    | 7           | [96, 97, 98, 99, 100, 101, 102]                   | [0.0100, 0.1100, 0.4200, 0.0900, 0.2900, 0.0600, 0.0200]                                 | 1.6200   | 0.8000  | 0.7224 
11    | 6           | [97, 98, 99, 100, 101, 102]                       | [0.0400, 0.2400, 0.1600, 0.2700, 0.1400, 0.1500]                                         | 2.1176   | 0.8200  | 0.8083 
12    | 10          | [93, 94, 95, 96, 98, 99, 100, 101, 102, 103]      | [0.0500, 0.0900, 0.2100, 0.1300, 0.0800, 0.0300, 0.1700, 0.0100, 0.2200, 0.0100]         | 9.6411   | 0.8200  | 0.8521 
13    | 8           | [91, 93, 96, 101, 102, 103, 104, 105]             | [0.1700, 0.1200, 0.0800, 0.0400, 0.3600, 0.1800, 0.0300, 0.0200]                         | 23.6411  | 0.8200  | 0.7933 
14    | 5           | [98, 99, 100, 101, 102]                           | [0.0400, 0.0800, 0.1400, 0.7000, 0.0400]                                                 | 0.7156   | 0.4200  | 0.4857 
15    | 7           | [93, 94, 95, 96, 103, 104, 105]                   | [0.1000, 0.1000, 0.1300, 0.2000, 0.2000, 0.0300, 0.2400]                                 | 22.5411  | 0.9200  | 0.8329 
16    | 7           | [101, 102, 103, 105, 106, 107, 109]               | [0.2500, 0.0300, 0.1000, 0.0100, 0.3100, 0.2900, 0.0100]                                 | 6.1704   | 0.7800  | 0.7537 
17    | 11          | [94, 95, 96, 97, 98, 99, 100, 102, 104, 105, 106] | [0.0300, 0.0300, 0.0100, 0.1600, 0.3100, 0.0800, 0.1100, 0.1000, 0.0700, 0.0200, 0.0800] | 9.4099   | 0.9200  | 0.8447 
18    | 7           | [96, 97, 98, 101, 102, 103, 104]                  | [0.0500, 0.3300, 0.1700, 0.1600, 0.1100, 0.1300, 0.0500]                                 | 6.7064   | 0.7600  | 0.8107 
19    | 9           | [92, 93, 94, 96, 98, 99, 100, 101, 102]           | [0.0200, 0.0600, 0.2400, 0.0700, 0.1200, 0.0800, 0.2600, 0.1100, 0.0400]                 | 8.9051   | 0.8000  | 0.8398 
20    | 5           | [101, 102, 103, 104, 105]                         | [0.0400, 0.4700, 0.2900, 0.1900, 0.0100]                                                 | 0.7444   | 0.7000  | 0.6638 
21    | 5           | [96, 97, 98, 99, 100]                             | [0.0100, 0.1100, 0.3800, 0.4500, 0.0500]                                                 | 0.6236   | 0.7200  | 0.6449 

[Per-locus summary - Population 2]
Locus | Num_Alleles | Alleles                                        | Frequencies                                                                      | Variance | Obs_Het | Exp_Het
------+-------------+------------------------------------------------+----------------------------------------------------------------------------------+----------+---------+--------
1     | 8           | [94, 95, 97, 98, 99, 100, 101, 103]            | [0.0300, 0.1500, 0.0800, 0.3100, 0.1800, 0.1300, 0.0200, 0.1000]                 | 5.1675   | 0.9000  | 0.8226 
2     | 8           | [96, 97, 98, 99, 100, 104, 105, 106]           | [0.0100, 0.2800, 0.2500, 0.0700, 0.1200, 0.1000, 0.1500, 0.0200]                 | 9.7876   | 0.7800  | 0.8149 
3     | 7           | [94, 95, 96, 97, 101, 102, 103]                | [0.0300, 0.0500, 0.1500, 0.0900, 0.1000, 0.4000, 0.1800]                         | 8.8404   | 0.7600  | 0.7713 
4     | 6           | [97, 98, 100, 101, 102, 103]                   | [0.0800, 0.2300, 0.0200, 0.2500, 0.2300, 0.1900]                                 | 4.1836   | 0.8200  | 0.7968 
5     | 6           | [97, 98, 103, 104, 105, 106]                   | [0.0200, 0.0900, 0.1000, 0.0600, 0.6300, 0.1000]                                 | 5.3475   | 0.6600  | 0.5768 
6     | 8           | [94, 95, 96, 97, 98, 99, 100, 101]             | [0.2700, 0.3100, 0.0300, 0.0500, 0.1000, 0.1900, 0.0400, 0.0100]                 | 4.4076   | 0.8400  | 0.7877 
7     | 6           | [97, 99, 100, 101, 102, 103]                   | [0.1200, 0.0100, 0.6700, 0.0400, 0.1400, 0.0200]                                 | 1.8699   | 0.5000  | 0.5202 
8     | 6           | [94, 95, 96, 97, 98, 99]                       | [0.0400, 0.0500, 0.2600, 0.3500, 0.2900, 0.0100]                                 | 1.1211   | 0.7600  | 0.7289 
9     | 6           | [96, 97, 98, 99, 104, 105]                     | [0.0800, 0.2100, 0.2400, 0.1300, 0.3200, 0.0200]                                 | 9.8476   | 0.7000  | 0.7800 
10    | 7           | [96, 97, 98, 99, 100, 101, 102]                | [0.0200, 0.1200, 0.2600, 0.0500, 0.4500, 0.0700, 0.0300]                         | 1.9056   | 0.7000  | 0.7139 
11    | 6           | [97, 98, 99, 100, 101, 102]                    | [0.0300, 0.2200, 0.1000, 0.3900, 0.1200, 0.1400]                                 | 1.8771   | 0.7200  | 0.7622 
12    | 10          | [93, 94, 95, 96, 98, 99, 100, 101, 102, 103]   | [0.1100, 0.0400, 0.3100, 0.1000, 0.0900, 0.0200, 0.1000, 0.0200, 0.2000, 0.0100] | 10.1259  | 0.8600  | 0.8295 
13    | 7           | [91, 93, 96, 101, 102, 103, 105]               | [0.1100, 0.0800, 0.1400, 0.0700, 0.3100, 0.2400, 0.0500]                         | 19.5875  | 0.8400  | 0.8089 
14    | 5           | [98, 99, 100, 101, 102]                        | [0.0600, 0.0300, 0.1800, 0.7000, 0.0300]                                         | 0.7179   | 0.5400  | 0.4770 
15    | 9           | [92, 93, 94, 95, 96, 102, 103, 104, 105]       | [0.0600, 0.1600, 0.1400, 0.1300, 0.1500, 0.0100, 0.1300, 0.0300, 0.1900]         | 23.9259  | 0.9000  | 0.8665 
16    | 8           | [100, 101, 102, 103, 105, 106, 107, 108]       | [0.0300, 0.2600, 0.0100, 0.0700, 0.0300, 0.3300, 0.2600, 0.0100]                 | 6.5096   | 0.7200  | 0.7566 
17    | 10          | [95, 97, 98, 99, 100, 102, 103, 104, 105, 106] | [0.0500, 0.1400, 0.3300, 0.1200, 0.0700, 0.0600, 0.0400, 0.0800, 0.0100, 0.1000] | 9.6224   | 0.8000  | 0.8364 
18    | 7           | [96, 97, 98, 101, 102, 103, 104]               | [0.1400, 0.4000, 0.1500, 0.1500, 0.0800, 0.0500, 0.0300]                         | 5.6496   | 0.7400  | 0.7733 
19    | 9           | [92, 93, 94, 96, 98, 99, 100, 101, 102]        | [0.0200, 0.0600, 0.1900, 0.0200, 0.1900, 0.0900, 0.2900, 0.1200, 0.0200]         | 7.9779   | 0.7800  | 0.8246 
20    | 4           | [102, 103, 104, 105]                           | [0.6200, 0.2700, 0.0900, 0.0200]                                                 | 0.5499   | 0.5600  | 0.5396 
21    | 5           | [96, 97, 98, 99, 100]                          | [0.0100, 0.1000, 0.2900, 0.5300, 0.0700]                                         | 0.6475   | 0.5800  | 0.6263 
