
[Simulation Info]
simulation_id = sim_0011531
timestamp     = 20250429_091355
seed          = 883294
output_folder = /home/lejeunet/Bureau/simulations/Ref_table/sim_0011531

[Model Parameters]
pop_size           = 130
num_loci           = 20
sample1_generation = 30
sample2_generation = 10
low_repeats        = 1
high_repeats       = 200
mutation_rate      = 0.001
recap_Ne           = 130

[Sampling Design]
sample1_size_Ne  = 50
sample2_size_Ne  = 50
sample1_size_CMR = 50
sample2_size_CMR = 50

[Capture-Marquage-Recapture]
census_N   =  130
MatchCount =  20

[Ne Estimates - One Sample - Decreasing critical values [0.050, 0.020, 0.010, 0+]]

[Linkage Desequilibrium]
LD_Ne_Pop1 = [135.5, 95.2, 105.7, 105.7]
LD_r2_Pop1 = [0.023699, 0.024701, 0.024367, 0.024367]
LD_Ne_Pop2 = [262.9, 729.1, 194.5, 194.5]
LD_r2_Pop2 = [0.022534, 0.021732, 0.022971, 0.022971]

[Heterozygote excess]
HE_Neb_mean_Pop1        = [None, None, None, None]
HE_weighted_D_mean_Pop1 = [-0.01426, -0.03439, -0.03439, -0.03439]
HE_Neb_mean_Pop2        = [16.1, 15.3, 16.7, 16.7]
HE_weighted_D_mean_Pop2 = [0.0321, 0.03385, 0.03077, 0.03077]

[Molecular Coancestry]
Coan_Neb_n_Pop1 = 2.0
Coan_f1_Pop1    = 0.24891
Coan_Neb_n_Pop2 = 3.9
Coan_f1_Pop2    = 0.12821

[Ne Estimates - Temporal - Decreasing critical values (0.050, 0.020, 0.010, 0+)]

[Pollak]
P_Ne     = [135.6, 160.5, 167.8, 167.8]
P_Fk     = [0.05688, 0.05115, 0.0498, 0.0498]
P_Fprime = [0.03688, 0.03115, 0.0298, 0.0298]

[Nei/Tajima]
N_Ne     = [126.5, 141.5, 145.5, 145.5]
N_Fc     = [0.05954, 0.05534, 0.05436, 0.05436]
N_Fprime = [0.03954, 0.03534, 0.03436, 0.03436]

[Jorde/Ryman]
J_Ne     = [151.4, 158.2, 158.8, 158.8]
J_Fs     = [0.05341, 0.05195, 0.05184, 0.05184]
J_Fprime = [0.03303, 0.0316, 0.03149, 0.03149]

[Genetic Diversity - Heterozygosity]
mean_exp_het_pop1 = 0.2926
mean_obs_het_pop1 = 0.2884
mean_exp_het_pop2 = 0.3015
mean_obs_het_pop2 = 0.3133

[Genetic Diversity - Allele Counts]
mean_alleles_pop1 = 2.57
var_alleles_pop1  = 0.46
sum_alleles_pop1  = 54
mean_alleles_pop2 = 2.69
var_alleles_pop2  = 0.95
sum_alleles_pop2  = 113

[Genetic Diversity - Allelic Size Variance]
var_allele_size_pop1 = 0.1577
var_allele_size_pop2 = 0.1612

[Per-locus summary - Population 1]
Locus | Num_Alleles | Alleles        | Frequencies              | Variance | Obs_Het | Exp_Het
------+-------------+----------------+--------------------------+----------+---------+--------
1     | 2           | [99, 100]      | [0.1400, 0.8600]         | 0.1204   | 0.2000  | 0.2432 
2     | 3           | [98, 99, 100]  | [0.3700, 0.4600, 0.1700] | 0.5000   | 0.6200  | 0.6289 
3     | 3           | [99, 100, 101] | [0.0500, 0.6300, 0.3200] | 0.2971   | 0.6000  | 0.5032 
4     | 2           | [99, 100]      | [0.0200, 0.9800]         | 0.0196   | 0.0400  | 0.0396 
5     | 3           | [99, 100, 101] | [0.1200, 0.7600, 0.1200] | 0.2400   | 0.3800  | 0.3976 
6     | 2           | [100, 101]     | [0.9400, 0.0600]         | 0.0564   | 0.0800  | 0.1139 
7     | 1           | [100]          | [1.0000]                 | 0.0000   | NA      | NA     
8     | 3           | [99, 100, 101] | [0.0500, 0.9100, 0.0400] | 0.0899   | 0.1400  | 0.1695 
9     | 2           | [99, 100]      | [0.0400, 0.9600]         | 0.0384   | 0.0800  | 0.0776 
10    | 3           | [99, 100, 101] | [0.0400, 0.9100, 0.0500] | 0.0899   | 0.1600  | 0.1695 
11    | 3           | [99, 100, 101] | [0.0200, 0.9200, 0.0600] | 0.0784   | 0.1600  | 0.1511 
12    | 3           | [98, 99, 100]  | [0.0200, 0.1800, 0.8000] | 0.2116   | 0.3800  | 0.3305 
13    | 2           | [100, 101]     | [0.3200, 0.6800]         | 0.2176   | 0.4000  | 0.4396 
14    | 3           | [99, 100, 101] | [0.1800, 0.7600, 0.0600] | 0.2256   | 0.3600  | 0.3903 
15    | 3           | [98, 99, 100]  | [0.0100, 0.2500, 0.7400] | 0.2171   | 0.4200  | 0.3937 
16    | 1           | [100]          | [1.0000]                 | 0.0000   | NA      | NA     
17    | 3           | [99, 100, 101] | [0.0100, 0.8700, 0.1200] | 0.1179   | 0.2200  | 0.2309 
18    | 3           | [99, 100, 101] | [0.0100, 0.9600, 0.0300] | 0.0396   | 0.0400  | 0.0782 
19    | 3           | [99, 100, 101] | [0.2600, 0.7200, 0.0200] | 0.2224   | 0.3800  | 0.4178 
20    | 3           | [98, 99, 100]  | [0.0900, 0.4200, 0.4900] | 0.4200   | 0.6000  | 0.5812 
21    | 3           | [99, 100, 101] | [0.0600, 0.8900, 0.0500] | 0.1099   | 0.2200  | 0.2038 

[Per-locus summary - Population 2]
Locus | Num_Alleles | Alleles                | Frequencies                              | Variance | Obs_Het | Exp_Het
------+-------------+------------------------+------------------------------------------+----------+---------+--------
1     | 2           | [99, 100]              | [0.0800, 0.9200]                         | 0.0736   | 0.1600  | 0.1487 
2     | 5           | [97, 98, 99, 100, 101] | [0.0500, 0.3000, 0.4300, 0.2100, 0.0100] | 0.7211   | 0.7200  | 0.6853 
3     | 3           | [99, 100, 101]         | [0.0100, 0.5600, 0.4300]                 | 0.2636   | 0.5800  | 0.5065 
4     | 2           | [99, 100]              | [0.1300, 0.8700]                         | 0.1131   | 0.2200  | 0.2285 
5     | 3           | [99, 100, 101]         | [0.1200, 0.8200, 0.0600]                 | 0.1764   | 0.3400  | 0.3127 
6     | 4           | [98, 99, 100, 101]     | [0.0100, 0.0400, 0.7200, 0.2300]         | 0.2811   | 0.4200  | 0.4313 
7     | 1           | [100]                  | [1.0000]                                 | 0.0000   | NA      | NA     
8     | 2           | [99, 100]              | [0.0100, 0.9900]                         | 0.0099   | 0.0200  | 0.0200 
9     | 2           | [99, 100]              | [0.0100, 0.9900]                         | 0.0099   | 0.0200  | 0.0200 
10    | 2           | [100, 101]             | [0.9900, 0.0100]                         | 0.0099   | 0.0200  | 0.0200 
11    | 3           | [99, 100, 101]         | [0.0200, 0.9400, 0.0400]                 | 0.0596   | 0.1000  | 0.1156 
12    | 3           | [98, 99, 100]          | [0.0100, 0.2700, 0.7200]                 | 0.2259   | 0.4600  | 0.4127 
13    | 2           | [100, 101]             | [0.3700, 0.6300]                         | 0.2331   | 0.3800  | 0.4709 
14    | 3           | [99, 100, 101]         | [0.1100, 0.8800, 0.0100]                 | 0.1100   | 0.2400  | 0.2156 
15    | 3           | [98, 99, 100]          | [0.0200, 0.3400, 0.6400]                 | 0.2756   | 0.5200  | 0.4792 
16    | 1           | [100]                  | [1.0000]                                 | 0.0000   | NA      | NA     
17    | 2           | [100, 101]             | [0.9300, 0.0700]                         | 0.0651   | 0.1400  | 0.1315 
18    | 1           | [100]                  | [1.0000]                                 | 0.0000   | NA      | NA     
19    | 3           | [99, 100, 101]         | [0.2400, 0.7300, 0.0300]                 | 0.2259   | 0.3400  | 0.4127 
20    | 4           | [98, 99, 100, 101]     | [0.0200, 0.2900, 0.6200, 0.0700]         | 0.3724   | 0.6400  | 0.5315 
21    | 3           | [99, 100, 101]         | [0.0600, 0.8400, 0.1000]                 | 0.1584   | 0.3200  | 0.2836 
