
[Simulation Info]
simulation_id = sim_0007419
timestamp     = 20250428_102237
seed          = 316756
output_folder = /home/lejeunet/Bureau/simulations/Ref_table/sim_0007419

[Model Parameters]
pop_size           = 1973
num_loci           = 20
sample1_generation = 30
sample2_generation = 10
low_repeats        = 1
high_repeats       = 200
mutation_rate      = 0.001
recap_Ne           = 1973

[Sampling Design]
sample1_size_Ne  = 50
sample2_size_Ne  = 50
sample1_size_CMR = 50
sample2_size_CMR = 50

[Capture-Marquage-Recapture]
census_N   =  1300
MatchCount =  2

[Ne Estimates - One Sample - Decreasing critical values [0.050, 0.020, 0.010, 0+]]

[Linkage Desequilibrium]
LD_Ne_Pop1 = [940.0, 534.6, 803.1, 803.1]
LD_r2_Pop1 = [0.02163, 0.021897, 0.02169, 0.02169]
LD_Ne_Pop2 = [4612.8, 1322.8, 1718.3, 1718.3]
LD_r2_Pop2 = [0.021348, 0.021528, 0.02147, 0.02147]

[Heterozygote excess]
HE_Neb_mean_Pop1        = [None, None, None, None]
HE_weighted_D_mean_Pop1 = [-0.01143, -0.01055, -0.01066, -0.01066]
HE_Neb_mean_Pop2        = [None, None, None, None]
HE_weighted_D_mean_Pop2 = [-0.00405, -0.00997, -0.00998, -0.00998]

[Molecular Coancestry]
Coan_Neb_n_Pop1 = 69.3
Coan_f1_Pop1    = 0.00722
Coan_Neb_n_Pop2 = 23.9
Coan_f1_Pop2    = 0.02093

[Ne Estimates - Temporal - Decreasing critical values (0.050, 0.020, 0.010, 0+)]

[Pollak]
P_Ne     = [1048.5, 2463.4, 3025.3, 3304.7]
P_Fk     = [0.02477, 0.02203, 0.02165, 0.02151]
P_Fprime = [0.00477, 0.00203, 0.00165, 0.00151]

[Nei/Tajima]
N_Ne     = [1355.0, 3680.7, 4655.5, 5239.6]
N_Fc     = [0.02369, 0.02136, 0.02107, 0.02095]
N_Fprime = [0.00369, 0.00136, 0.00107, 0.00095]

[Jorde/Ryman]
J_Ne     = [3370.2, 16734.4, 16372.9, 17063.8]
J_Fs     = [0.02158, 0.0204, 0.02041, 0.02039]
J_Fprime = [0.00148, 0.0003, 0.00031, 0.00029]

[Genetic Diversity - Heterozygosity]
mean_exp_het_pop1 = 0.786
mean_obs_het_pop1 = 0.7743
mean_exp_het_pop2 = 0.7693
mean_obs_het_pop2 = 0.7581

[Genetic Diversity - Allele Counts]
mean_alleles_pop1 = 7.9
var_alleles_pop1  = 3.89
sum_alleles_pop1  = 166
mean_alleles_pop2 = 8.21
var_alleles_pop2  = 4.66
sum_alleles_pop2  = 345

[Genetic Diversity - Allelic Size Variance]
var_allele_size_pop1 = 4.4274
var_allele_size_pop2 = 4.222

[Per-locus summary - Population 1]
Locus | Num_Alleles | Alleles                                          | Frequencies                                                                              | Variance | Obs_Het | Exp_Het
------+-------------+--------------------------------------------------+------------------------------------------------------------------------------------------+----------+---------+--------
1     | 10          | [91, 92, 93, 94, 95, 96, 97, 98, 99, 100]        | [0.1000, 0.0300, 0.1900, 0.0200, 0.0100, 0.0100, 0.3400, 0.0400, 0.2000, 0.0600]         | 8.0396   | 0.8400  | 0.7996 
2     | 11          | [93, 94, 95, 96, 97, 98, 99, 100, 101, 103, 104] | [0.0400, 0.0600, 0.0300, 0.0300, 0.0700, 0.2900, 0.0400, 0.0100, 0.0900, 0.2900, 0.0500] | 10.3436  | 0.8400  | 0.8158 
3     | 9           | [94, 95, 96, 97, 98, 99, 100, 101, 102]          | [0.0100, 0.2200, 0.2300, 0.2600, 0.0300, 0.0100, 0.0600, 0.1100, 0.0700]                 | 5.2176   | 0.8000  | 0.8176 
4     | 8           | [95, 96, 97, 98, 99, 100, 101, 102]              | [0.0600, 0.1800, 0.1500, 0.1700, 0.1600, 0.0400, 0.1800, 0.0600]                         | 4.2011   | 0.8200  | 0.8580 
5     | 6           | [97, 98, 99, 100, 101, 102]                      | [0.0100, 0.0500, 0.1700, 0.4800, 0.2100, 0.0800]                                         | 0.9851   | 0.6800  | 0.6946 
6     | 8           | [93, 94, 95, 96, 97, 98, 99, 100]                | [0.0300, 0.1000, 0.2100, 0.2100, 0.1700, 0.1500, 0.1200, 0.0100]                         | 2.7531   | 0.8400  | 0.8434 
7     | 5           | [96, 97, 98, 99, 100]                            | [0.0600, 0.0900, 0.6000, 0.1800, 0.0700]                                                 | 0.7779   | 0.6000  | 0.5970 
8     | 6           | [96, 97, 98, 99, 100, 101]                       | [0.1500, 0.3800, 0.0900, 0.0900, 0.2700, 0.0200]                                         | 2.3299   | 0.7600  | 0.7511 
9     | 6           | [100, 101, 102, 103, 104, 105]                   | [0.0600, 0.3700, 0.2800, 0.1800, 0.1000, 0.0100]                                         | 1.2736   | 0.7600  | 0.7461 
10    | 9           | [100, 101, 102, 103, 104, 105, 106, 109, 110]    | [0.0200, 0.1300, 0.1600, 0.1100, 0.1400, 0.2700, 0.1400, 0.0200, 0.0100]                 | 3.8939   | 0.8800  | 0.8408 
11    | 5           | [100, 101, 102, 103, 104]                        | [0.0700, 0.2900, 0.1700, 0.2800, 0.1900]                                                 | 1.5571   | 0.7400  | 0.7753 
12    | 10          | [93, 94, 95, 96, 97, 98, 99, 100, 101, 102]      | [0.0300, 0.0500, 0.0800, 0.0400, 0.1600, 0.3100, 0.0900, 0.0200, 0.1000, 0.1200]         | 5.5736   | 0.8000  | 0.8424 
13    | 8           | [97, 98, 99, 100, 101, 102, 103, 104]            | [0.2000, 0.1500, 0.0100, 0.1300, 0.2500, 0.0600, 0.1800, 0.0200]                         | 4.8336   | 0.7600  | 0.8299 
14    | 10          | [94, 95, 96, 97, 98, 99, 100, 101, 102, 103]     | [0.0300, 0.0100, 0.0300, 0.0200, 0.0700, 0.1300, 0.1900, 0.0100, 0.1800, 0.3300]         | 5.6376   | 0.8800  | 0.8065 
15    | 5           | [100, 101, 102, 103, 104]                        | [0.1000, 0.2200, 0.3800, 0.2800, 0.0200]                                                 | 0.9700   | 0.7400  | 0.7257 
16    | 9           | [95, 96, 97, 98, 99, 100, 101, 102, 103]         | [0.0200, 0.0500, 0.4500, 0.1300, 0.1200, 0.0500, 0.0800, 0.0900, 0.0100]                 | 3.4924   | 0.7200  | 0.7537 
17    | 8           | [95, 96, 97, 98, 99, 100, 101, 102]              | [0.0200, 0.2100, 0.1600, 0.1900, 0.0900, 0.0900, 0.0800, 0.1600]                         | 4.6499   | 0.9200  | 0.8541 
18    | 7           | [94, 95, 96, 97, 99, 100, 103]                   | [0.0300, 0.1500, 0.3800, 0.1700, 0.1200, 0.1200, 0.0300]                                 | 3.8899   | 0.7800  | 0.7814 
19    | 9           | [95, 96, 97, 98, 99, 100, 102, 103, 104]         | [0.2500, 0.0300, 0.2200, 0.1500, 0.1000, 0.0400, 0.0400, 0.1200, 0.0500]                 | 8.2459   | 0.8000  | 0.8440 
20    | 6           | [98, 99, 100, 101, 102, 103]                     | [0.0100, 0.1300, 0.1500, 0.4300, 0.2700, 0.0100]                                         | 1.0475   | 0.5200  | 0.7097 
21    | 11          | [91, 92, 93, 94, 95, 96, 97, 98, 99, 100, 103]   | [0.0200, 0.0200, 0.2300, 0.0200, 0.0100, 0.0200, 0.0600, 0.0700, 0.2900, 0.0700, 0.1900] | 13.2624  | 0.7800  | 0.8200 

[Per-locus summary - Population 2]
Locus | Num_Alleles | Alleles                                             | Frequencies                                                                                      | Variance | Obs_Het | Exp_Het
------+-------------+-----------------------------------------------------+--------------------------------------------------------------------------------------------------+----------+---------+--------
1     | 10          | [91, 92, 93, 95, 96, 97, 98, 99, 100, 101]          | [0.0700, 0.0300, 0.2800, 0.0100, 0.0200, 0.3000, 0.0300, 0.1900, 0.0600, 0.0100]                 | 8.0900   | 0.6800  | 0.7925 
2     | 10          | [94, 95, 96, 97, 98, 99, 100, 101, 103, 104]        | [0.0900, 0.0400, 0.0100, 0.0200, 0.3400, 0.0300, 0.0100, 0.0400, 0.3600, 0.0600]                 | 10.1739  | 0.7000  | 0.7459 
3     | 9           | [94, 95, 96, 97, 98, 99, 100, 101, 102]             | [0.0100, 0.1300, 0.2300, 0.2500, 0.1600, 0.0100, 0.1100, 0.0400, 0.0600]                         | 3.9675   | 0.8600  | 0.8329 
4     | 7           | [96, 97, 98, 99, 100, 101, 102]                     | [0.0800, 0.1800, 0.1700, 0.2200, 0.0700, 0.2400, 0.0400]                                         | 2.9900   | 0.7600  | 0.8281 
5     | 8           | [97, 98, 99, 100, 101, 102, 103, 104]               | [0.0100, 0.1000, 0.1700, 0.4000, 0.2500, 0.0200, 0.0300, 0.0200]                                 | 1.5764   | 0.7400  | 0.7442 
6     | 8           | [93, 94, 95, 96, 97, 98, 99, 100]                   | [0.0100, 0.1400, 0.2500, 0.1700, 0.1400, 0.1400, 0.1000, 0.0500]                                 | 3.1704   | 0.7800  | 0.8457 
7     | 4           | [97, 98, 99, 100]                                   | [0.1400, 0.6300, 0.2100, 0.0200]                                                                 | 0.4179   | 0.4400  | 0.5444 
8     | 6           | [96, 97, 98, 99, 100, 101]                          | [0.1900, 0.3000, 0.1100, 0.0900, 0.2900, 0.0200]                                                 | 2.4875   | 0.8000  | 0.7770 
9     | 6           | [100, 101, 102, 103, 104, 105]                      | [0.0100, 0.3600, 0.3500, 0.1700, 0.1000, 0.0100]                                                 | 1.0596   | 0.6600  | 0.7160 
10    | 9           | [101, 102, 103, 104, 105, 106, 107, 109, 110]       | [0.2400, 0.1100, 0.0800, 0.1700, 0.2600, 0.0900, 0.0200, 0.0200, 0.0100]                         | 4.2104   | 0.8000  | 0.8267 
11    | 5           | [100, 101, 102, 103, 104]                           | [0.1300, 0.2400, 0.1000, 0.3200, 0.2100]                                                         | 1.8624   | 0.8200  | 0.7768 
12    | 10          | [93, 94, 95, 96, 97, 98, 99, 100, 101, 102]         | [0.0300, 0.0600, 0.0900, 0.0100, 0.1400, 0.4400, 0.0400, 0.0100, 0.1000, 0.0800]                 | 4.9404   | 0.7200  | 0.7636 
13    | 9           | [97, 98, 99, 100, 101, 102, 103, 104, 105]          | [0.1500, 0.0500, 0.0200, 0.1800, 0.3400, 0.0800, 0.1400, 0.0300, 0.0100]                         | 3.9496   | 0.7400  | 0.8077 
14    | 11          | [94, 95, 96, 97, 98, 99, 100, 101, 102, 103, 104]   | [0.0500, 0.0100, 0.0200, 0.0300, 0.0700, 0.1100, 0.1800, 0.0300, 0.1400, 0.3500, 0.0100]         | 6.5331   | 0.8200  | 0.8117 
15    | 4           | [100, 101, 102, 103]                                | [0.0300, 0.2600, 0.4200, 0.2900]                                                                 | 0.6691   | 0.7000  | 0.6778 
16    | 8           | [96, 97, 98, 99, 100, 101, 102, 103]                | [0.1000, 0.3900, 0.1300, 0.1500, 0.0400, 0.1200, 0.0600, 0.0100]                                 | 3.3059   | 0.8200  | 0.7867 
17    | 9           | [94, 95, 96, 97, 98, 99, 100, 101, 102]             | [0.0100, 0.0100, 0.2300, 0.1500, 0.3200, 0.0600, 0.0800, 0.0700, 0.0700]                         | 3.4491   | 0.8400  | 0.8103 
18    | 9           | [94, 95, 96, 97, 98, 99, 100, 102, 103]             | [0.0400, 0.2500, 0.4200, 0.0700, 0.0100, 0.1300, 0.0500, 0.0100, 0.0200]                         | 3.5275   | 0.8200  | 0.7420 
19    | 9           | [95, 96, 97, 98, 99, 100, 102, 103, 104]            | [0.2900, 0.0200, 0.1600, 0.3100, 0.0300, 0.0300, 0.0200, 0.1100, 0.0300]                         | 7.1211   | 0.8000  | 0.7865 
20    | 6           | [98, 99, 100, 101, 102, 103]                        | [0.0200, 0.1100, 0.1600, 0.4200, 0.2700, 0.0200]                                                 | 1.1131   | 0.7200  | 0.7194 
21    | 12          | [91, 92, 93, 94, 95, 96, 97, 98, 99, 100, 103, 105] | [0.0100, 0.0300, 0.2600, 0.0300, 0.0200, 0.0200, 0.0500, 0.0300, 0.2800, 0.0900, 0.1700, 0.0100] | 14.0464  | 0.9000  | 0.8190 
