
[Simulation Info]
simulation_id = sim_0012078
timestamp     = 20250429_094117
seed          = 728108
output_folder = /home/lejeunet/Bureau/simulations/Ref_table/sim_0012078

[Model Parameters]
pop_size           = 520
num_loci           = 20
sample1_generation = 30
sample2_generation = 10
low_repeats        = 1
high_repeats       = 200
mutation_rate      = 0.001
recap_Ne           = 520

[Sampling Design]
sample1_size_Ne  = 50
sample2_size_Ne  = 50
sample1_size_CMR = 50
sample2_size_CMR = 50

[Capture-Marquage-Recapture]
census_N   =  1300
MatchCount =  2

[Ne Estimates - One Sample - Decreasing critical values [0.050, 0.020, 0.010, 0+]]

[Linkage Desequilibrium]
LD_Ne_Pop1 = [161.5, 318.5, 406.5, 406.5]
LD_r2_Pop1 = [0.023313, 0.022316, 0.022092, 0.022092]
LD_Ne_Pop2 = [216.1, 226.5, 241.5, 241.5]
LD_r2_Pop2 = [0.022803, 0.022734, 0.022645, 0.022645]

[Heterozygote excess]
HE_Neb_mean_Pop1        = [44.0, 47.6, 49.3, 49.3]
HE_weighted_D_mean_Pop1 = [0.0115, 0.0106, 0.01024, 0.01024]
HE_Neb_mean_Pop2        = [78.8, 74.7, 74.7, 74.7]
HE_weighted_D_mean_Pop2 = [0.00639, 0.00674, 0.00674, 0.00674]

[Molecular Coancestry]
Coan_Neb_n_Pop1 = None
Coan_f1_Pop1    = -0.01077
Coan_Neb_n_Pop2 = 21.8
Coan_f1_Pop2    = 0.0229

[Ne Estimates - Temporal - Decreasing critical values (0.050, 0.020, 0.010, 0+)]

[Pollak]
P_Ne     = [815.6, 810.9, 810.9, 810.9]
P_Fk     = [0.02613, 0.02617, 0.02617, 0.02617]
P_Fprime = [0.00613, 0.00617, 0.00617, 0.00617]

[Nei/Tajima]
N_Ne     = [914.8, 900.5, 900.5, 900.5]
N_Fc     = [0.02547, 0.02555, 0.02555, 0.02555]
N_Fprime = [0.00547, 0.00555, 0.00555, 0.00555]

[Jorde/Ryman]
J_Ne     = [930.1, 888.3, 888.3, 888.3]
J_Fs     = [0.02548, 0.02574, 0.02574, 0.02574]
J_Fprime = [0.00538, 0.00563, 0.00563, 0.00563]

[Genetic Diversity - Heterozygosity]
mean_exp_het_pop1 = 0.5127
mean_obs_het_pop1 = 0.5181
mean_exp_het_pop2 = 0.5413
mean_obs_het_pop2 = 0.541

[Genetic Diversity - Allele Counts]
mean_alleles_pop1 = 4.1
var_alleles_pop1  = 0.79
sum_alleles_pop1  = 86
mean_alleles_pop2 = 4.1
var_alleles_pop2  = 0.72
sum_alleles_pop2  = 172

[Genetic Diversity - Allelic Size Variance]
var_allele_size_pop1 = 0.6719
var_allele_size_pop2 = 0.7202

[Per-locus summary - Population 1]
Locus | Num_Alleles | Alleles                    | Frequencies                                      | Variance | Obs_Het | Exp_Het
------+-------------+----------------------------+--------------------------------------------------+----------+---------+--------
1     | 3           | [98, 99, 100]              | [0.1400, 0.6300, 0.2300]                         | 0.3619   | 0.6200  | 0.5360 
2     | 4           | [99, 100, 101, 102]        | [0.0300, 0.1600, 0.5500, 0.2600]                 | 0.5384   | 0.6400  | 0.6095 
3     | 5           | [98, 99, 100, 101, 102]    | [0.1200, 0.5200, 0.1500, 0.1500, 0.0600]         | 1.1499   | 0.6400  | 0.6733 
4     | 6           | [96, 97, 98, 99, 100, 101] | [0.0300, 0.0200, 0.2900, 0.5100, 0.1400, 0.0100] | 0.7524   | 0.5800  | 0.6412 
5     | 4           | [98, 99, 100, 101]         | [0.1300, 0.1400, 0.4700, 0.2600]                 | 0.9004   | 0.7200  | 0.6818 
6     | 4           | [99, 100, 101, 102]        | [0.0100, 0.5400, 0.4400, 0.0100]                 | 0.2875   | 0.5000  | 0.5198 
7     | 3           | [99, 100, 101]             | [0.2600, 0.5000, 0.2400]                         | 0.4996   | 0.7000  | 0.6311 
8     | 3           | [98, 100, 101]             | [0.1100, 0.2200, 0.6700]                         | 0.9075   | 0.5800  | 0.4956 
9     | 4           | [100, 101, 102, 103]       | [0.2600, 0.6600, 0.0700, 0.0100]                 | 0.3411   | 0.4600  | 0.4968 
10    | 3           | [99, 100, 101]             | [0.0400, 0.9400, 0.0200]                         | 0.0596   | 0.1200  | 0.1156 
11    | 5           | [97, 99, 100, 101, 102]    | [0.1100, 0.0900, 0.2700, 0.4800, 0.0500]         | 1.7344   | 0.5800  | 0.6808 
12    | 4           | [99, 100, 101, 103]        | [0.0200, 0.8500, 0.0800, 0.0500]                 | 0.5059   | 0.3000  | 0.2709 
13    | 4           | [99, 100, 101, 102]        | [0.1200, 0.7700, 0.0800, 0.0300]                 | 0.3196   | 0.3600  | 0.3893 
14    | 5           | [98, 99, 100, 101, 102]    | [0.1500, 0.3800, 0.3400, 0.1100, 0.0200]         | 0.8891   | 0.7800  | 0.7121 
15    | 4           | [98, 99, 100, 101]         | [0.0100, 0.1200, 0.7400, 0.1300]                 | 0.2899   | 0.3800  | 0.4253 
16    | 4           | [100, 101, 102, 103]       | [0.1400, 0.7400, 0.0200, 0.1000]                 | 0.5536   | 0.4400  | 0.4267 
17    | 3           | [99, 100, 101]             | [0.0700, 0.9100, 0.0200]                         | 0.0875   | 0.1600  | 0.1683 
18    | 5           | [100, 101, 102, 103, 104]  | [0.2100, 0.1600, 0.2900, 0.1300, 0.2100]         | 1.9691   | 0.8200  | 0.7931 
19    | 5           | [99, 100, 101, 102, 104]   | [0.1400, 0.4400, 0.2400, 0.1400, 0.0400]         | 1.2884   | 0.7200  | 0.7151 
20    | 3           | [101, 102, 103]            | [0.1500, 0.7500, 0.1000]                         | 0.2475   | 0.3600  | 0.4091 
21    | 5           | [98, 99, 100, 101, 102]    | [0.0500, 0.0200, 0.7800, 0.1300, 0.0200]         | 0.4275   | 0.4200  | 0.3751 

[Per-locus summary - Population 2]
Locus | Num_Alleles | Alleles                   | Frequencies                              | Variance | Obs_Het | Exp_Het
------+-------------+---------------------------+------------------------------------------+----------+---------+--------
1     | 3           | [98, 99, 100]             | [0.1600, 0.6700, 0.1700]                 | 0.3299   | 0.5400  | 0.5016 
2     | 4           | [99, 100, 101, 102]       | [0.0600, 0.2100, 0.5600, 0.1700]         | 0.5944   | 0.6000  | 0.6160 
3     | 5           | [98, 99, 100, 101, 102]   | [0.0900, 0.4700, 0.1300, 0.2200, 0.0900] | 1.3475   | 0.6000  | 0.7046 
4     | 5           | [96, 97, 98, 99, 100]     | [0.0500, 0.1000, 0.2400, 0.4700, 0.1400] | 1.0275   | 0.5800  | 0.6964 
5     | 4           | [98, 99, 100, 101]        | [0.2000, 0.1600, 0.4800, 0.1600]         | 0.9600   | 0.7800  | 0.6853 
6     | 4           | [99, 100, 101, 102]       | [0.0600, 0.5100, 0.4200, 0.0100]         | 0.3756   | 0.6200  | 0.5655 
7     | 4           | [99, 100, 101, 102]       | [0.1900, 0.5300, 0.2700, 0.0100]         | 0.4900   | 0.6600  | 0.6162 
8     | 3           | [98, 100, 101]            | [0.1900, 0.2900, 0.5200]                 | 1.2604   | 0.5400  | 0.6156 
9     | 3           | [100, 101, 102]           | [0.3100, 0.6000, 0.0900]                 | 0.3516   | 0.6400  | 0.5412 
10    | 3           | [99, 100, 101]            | [0.0200, 0.9600, 0.0200]                 | 0.0400   | 0.0800  | 0.0784 
11    | 5           | [97, 99, 100, 101, 102]   | [0.1400, 0.1700, 0.2400, 0.3100, 0.1400] | 2.3000   | 0.7400  | 0.7861 
12    | 5           | [99, 100, 101, 102, 103]  | [0.0500, 0.7400, 0.1300, 0.0100, 0.0700] | 0.7539   | 0.4200  | 0.4323 
13    | 4           | [99, 100, 101, 102]       | [0.1000, 0.8100, 0.0700, 0.0200]         | 0.2499   | 0.3600  | 0.3319 
14    | 4           | [98, 99, 100, 101]        | [0.1500, 0.3700, 0.3700, 0.1100]         | 0.7664   | 0.6800  | 0.6986 
15    | 3           | [99, 100, 101]            | [0.1300, 0.6900, 0.1800]                 | 0.3075   | 0.5000  | 0.4794 
16    | 4           | [100, 101, 102, 103]      | [0.2400, 0.6200, 0.0600, 0.0800]         | 0.6196   | 0.5400  | 0.5535 
17    | 2           | [99, 100]                 | [0.0700, 0.9300]                         | 0.0651   | 0.1400  | 0.1315 
18    | 5           | [100, 101, 102, 103, 104] | [0.2700, 0.1600, 0.2500, 0.2400, 0.0800] | 1.7100   | 0.6800  | 0.7828 
19    | 5           | [99, 100, 101, 102, 104]  | [0.1400, 0.5600, 0.1700, 0.1200, 0.0100] | 0.8539   | 0.6400  | 0.6297 
20    | 4           | [100, 101, 102, 103]      | [0.0300, 0.1900, 0.7300, 0.0500]         | 0.3200   | 0.4400  | 0.4319 
21    | 4           | [98, 99, 100, 101]        | [0.0300, 0.0700, 0.6800, 0.2200]         | 0.4019   | 0.5800  | 0.4883 
