
[Simulation Info]
simulation_id = sim_0009217
timestamp     = 20250428_111342
seed          = 593484
output_folder = /home/lejeunet/Bureau/simulations/Ref_table/sim_0009217

[Model Parameters]
pop_size           = 3300
num_loci           = 20
sample1_generation = 30
sample2_generation = 10
low_repeats        = 1
high_repeats       = 200
mutation_rate      = 0.001
recap_Ne           = 3300

[Sampling Design]
sample1_size_Ne  = 50
sample2_size_Ne  = 50
sample1_size_CMR = 50
sample2_size_CMR = 50

[Capture-Marquage-Recapture]
census_N   =  0
MatchCount =  0
# There were no match between sampling of individuals during CMR.

[Ne Estimates - One Sample - Decreasing critical values [0.050, 0.020, 0.010, 0+]]

[Linkage Desequilibrium]
LD_Ne_Pop1 = [76314.4, None, None, None]
LD_r2_Pop1 = [0.02128, 0.021194, 0.021114, 0.021114]
LD_Ne_Pop2 = [1147.8, None, None, None]
LD_r2_Pop2 = [0.021566, 0.021194, 0.021168, 0.021168]

[Heterozygote excess]
HE_Neb_mean_Pop1        = [343.9, 594.5, 1104.2, 1104.2]
HE_weighted_D_mean_Pop1 = [0.00146, 0.00084, 0.00045, 0.00045]
HE_Neb_mean_Pop2        = [None, None, None, None]
HE_weighted_D_mean_Pop2 = [-0.00548, -0.00587, -0.00585, -0.00585]

[Molecular Coancestry]
Coan_Neb_n_Pop1 = 39.6
Coan_f1_Pop1    = 0.01262
Coan_Neb_n_Pop2 = 15.7
Coan_f1_Pop2    = 0.03185

[Ne Estimates - Temporal - Decreasing critical values (0.050, 0.020, 0.010, 0+)]

[Pollak]
P_Ne     = [1158.8, 1046.1, 951.5, 956.6]
P_Fk     = [0.02431, 0.02478, 0.02525, 0.02523]
P_Fprime = [0.00431, 0.00478, 0.00525, 0.00523]

[Nei/Tajima]
N_Ne     = [1259.4, 1149.8, 1045.6, 1048.0]
N_Fc     = [0.02397, 0.02435, 0.02478, 0.02477]
N_Fprime = [0.00397, 0.00435, 0.00478, 0.00477]

[Jorde/Ryman]
J_Ne     = [1069.9, 1138.0, 1120.8, 1115.1]
J_Fs     = [0.02478, 0.0245, 0.02457, 0.02459]
J_Fprime = [0.00467, 0.00439, 0.00446, 0.00448]

[Genetic Diversity - Heterozygosity]
mean_exp_het_pop1 = 0.8237
mean_obs_het_pop1 = 0.8248
mean_exp_het_pop2 = 0.8187
mean_obs_het_pop2 = 0.8152

[Genetic Diversity - Allele Counts]
mean_alleles_pop1 = 8.76
var_alleles_pop1  = 1.99
sum_alleles_pop1  = 184
mean_alleles_pop2 = 8.86
var_alleles_pop2  = 1.69
sum_alleles_pop2  = 372

[Genetic Diversity - Allelic Size Variance]
var_allele_size_pop1 = 4.5006
var_allele_size_pop2 = 4.2971

[Per-locus summary - Population 1]
Locus | Num_Alleles | Alleles                                                | Frequencies                                                                                      | Variance | Obs_Het | Exp_Het
------+-------------+--------------------------------------------------------+--------------------------------------------------------------------------------------------------+----------+---------+--------
1     | 11          | [94, 95, 96, 97, 98, 99, 100, 101, 102, 103, 104]      | [0.0800, 0.0800, 0.2600, 0.1100, 0.0100, 0.0100, 0.0700, 0.0800, 0.0600, 0.1900, 0.0500]         | 11.1939  | 0.8200  | 0.8624 
2     | 10          | [96, 97, 98, 99, 100, 101, 102, 103, 104, 106]         | [0.1900, 0.1300, 0.1000, 0.0700, 0.1000, 0.1600, 0.1400, 0.0400, 0.0600, 0.0100]                 | 6.7664   | 0.9000  | 0.8804 
3     | 10          | [95, 96, 97, 98, 99, 100, 101, 102, 103, 104]          | [0.0100, 0.0200, 0.0200, 0.2200, 0.1200, 0.1100, 0.1800, 0.2700, 0.0400, 0.0100]                 | 3.5131   | 0.8200  | 0.8255 
4     | 8           | [98, 99, 100, 101, 102, 103, 106, 107]                 | [0.1200, 0.2200, 0.1400, 0.2300, 0.1900, 0.0800, 0.0100, 0.0100]                                 | 2.9896   | 0.8400  | 0.8303 
5     | 9           | [95, 96, 97, 98, 99, 100, 101, 102, 103]               | [0.0600, 0.0900, 0.2800, 0.0500, 0.1400, 0.1300, 0.1300, 0.1000, 0.0200]                         | 4.6875   | 0.8600  | 0.8521 
6     | 8           | [98, 99, 100, 101, 102, 105, 106, 107]                 | [0.0300, 0.3300, 0.3200, 0.1700, 0.0200, 0.0400, 0.0600, 0.0300]                                 | 4.9819   | 0.7000  | 0.7600 
7     | 6           | [97, 98, 99, 100, 101, 103]                            | [0.1100, 0.2500, 0.1200, 0.3400, 0.1700, 0.0100]                                                 | 1.8075   | 0.8800  | 0.7741 
8     | 9           | [97, 98, 99, 100, 101, 102, 103, 104, 105]             | [0.0200, 0.0500, 0.1400, 0.2300, 0.1500, 0.1300, 0.2300, 0.0400, 0.0100]                         | 3.1299   | 0.8200  | 0.8390 
9     | 8           | [94, 95, 96, 97, 98, 99, 100, 101]                     | [0.0300, 0.1000, 0.0700, 0.2300, 0.2400, 0.2500, 0.0700, 0.0100]                                 | 2.3731   | 0.8200  | 0.8143 
10    | 12          | [94, 95, 96, 97, 98, 99, 100, 101, 102, 103, 104, 105] | [0.0100, 0.0700, 0.1400, 0.0900, 0.1800, 0.0700, 0.0100, 0.0300, 0.2600, 0.0900, 0.0300, 0.0200] | 8.4131   | 0.8200  | 0.8606 
11    | 9           | [96, 97, 98, 99, 100, 101, 102, 103, 104]              | [0.0200, 0.0500, 0.0600, 0.0900, 0.0700, 0.2200, 0.3800, 0.1000, 0.0100]                         | 3.1256   | 0.7200  | 0.7854 
12    | 9           | [94, 95, 96, 98, 99, 100, 101, 102, 103]               | [0.0400, 0.0900, 0.0100, 0.1200, 0.0600, 0.2700, 0.2400, 0.1600, 0.0100]                         | 5.1664   | 0.7600  | 0.8242 
13    | 10          | [94, 95, 96, 97, 98, 99, 100, 101, 102, 103]           | [0.0400, 0.1600, 0.1700, 0.1400, 0.1400, 0.0400, 0.1000, 0.0700, 0.1300, 0.0100]                 | 6.2900   | 0.9000  | 0.8800 
14    | 7           | [101, 102, 103, 104, 105, 106, 107]                    | [0.0900, 0.2000, 0.2200, 0.2500, 0.2000, 0.0100, 0.0300]                                         | 2.0036   | 0.9000  | 0.8081 
15    | 7           | [96, 97, 98, 99, 100, 101, 102]                        | [0.0300, 0.1800, 0.0500, 0.1200, 0.3400, 0.1300, 0.1500]                                         | 2.9475   | 0.8600  | 0.8028 
16    | 9           | [99, 100, 101, 102, 103, 104, 105, 106, 107]           | [0.0600, 0.0100, 0.0900, 0.2000, 0.2800, 0.0400, 0.1400, 0.1600, 0.0200]                         | 3.9171   | 0.8800  | 0.8309 
17    | 9           | [97, 98, 99, 100, 101, 102, 103, 104, 105]             | [0.0600, 0.1100, 0.0100, 0.1000, 0.2100, 0.1800, 0.2800, 0.0400, 0.0100]                         | 3.8659   | 0.8600  | 0.8259 
18    | 9           | [94, 95, 96, 97, 98, 100, 101, 102, 103]               | [0.1200, 0.1900, 0.2800, 0.1200, 0.0800, 0.0700, 0.0300, 0.0400, 0.0700]                         | 6.8299   | 0.8600  | 0.8465 
19    | 8           | [97, 98, 99, 100, 101, 102, 103, 104]                  | [0.0800, 0.0600, 0.2700, 0.2000, 0.1900, 0.1300, 0.0600, 0.0100]                                 | 2.6384   | 0.7600  | 0.8287 
20    | 9           | [97, 98, 99, 100, 101, 102, 103, 106, 107]             | [0.0500, 0.1400, 0.1300, 0.3300, 0.1300, 0.0900, 0.0300, 0.0900, 0.0100]                         | 5.4275   | 0.8400  | 0.8263 
21    | 7           | [95, 96, 97, 98, 99, 100, 101]                         | [0.0400, 0.2600, 0.0800, 0.1000, 0.4200, 0.0700, 0.0300]                                         | 2.4451   | 0.7000  | 0.7396 

[Per-locus summary - Population 2]
Locus | Num_Alleles | Alleles                                             | Frequencies                                                                              | Variance | Obs_Het | Exp_Het
------+-------------+-----------------------------------------------------+------------------------------------------------------------------------------------------+----------+---------+--------
1     | 10          | [93, 94, 95, 96, 97, 100, 101, 102, 103, 104]       | [0.0200, 0.0600, 0.0500, 0.2200, 0.0600, 0.1500, 0.0700, 0.1600, 0.1200, 0.0900]         | 11.1900  | 0.9200  | 0.8748 
2     | 11          | [96, 97, 98, 99, 100, 101, 102, 103, 104, 105, 106] | [0.1300, 0.0900, 0.1000, 0.0300, 0.0800, 0.1600, 0.1900, 0.1000, 0.0600, 0.0400, 0.0200] | 7.6756   | 0.8400  | 0.8893 
3     | 8           | [97, 98, 99, 100, 101, 102, 103, 104]               | [0.0500, 0.2200, 0.1700, 0.1600, 0.1400, 0.1900, 0.0600, 0.0100]                         | 3.0996   | 0.8600  | 0.8436 
4     | 8           | [98, 99, 100, 101, 102, 103, 104, 106]              | [0.1100, 0.2600, 0.1000, 0.2200, 0.0900, 0.1700, 0.0100, 0.0400]                         | 3.9059   | 0.8200  | 0.8315 
5     | 9           | [94, 95, 96, 97, 98, 99, 100, 101, 102]             | [0.0100, 0.0500, 0.0300, 0.2300, 0.0600, 0.2300, 0.1700, 0.1700, 0.0500]                 | 3.5600   | 0.8800  | 0.8351 
6     | 9           | [98, 99, 100, 101, 102, 105, 106, 107, 108]         | [0.0500, 0.2500, 0.3300, 0.1800, 0.0100, 0.0700, 0.0600, 0.0300, 0.0200]                 | 6.4651   | 0.8600  | 0.7917 
7     | 7           | [96, 97, 98, 99, 100, 101, 102]                     | [0.0100, 0.1200, 0.1800, 0.1000, 0.3700, 0.2100, 0.0100]                                 | 1.9131   | 0.8000  | 0.7697 
8     | 9           | [97, 98, 99, 100, 101, 102, 103, 104, 105]          | [0.0500, 0.1000, 0.1000, 0.1600, 0.1500, 0.2300, 0.1800, 0.0200, 0.0100]                 | 3.5211   | 0.7800  | 0.8521 
9     | 7           | [94, 95, 96, 97, 98, 99, 100]                       | [0.0200, 0.1200, 0.0800, 0.1900, 0.2600, 0.2800, 0.0500]                                 | 2.2219   | 0.7600  | 0.8022 
10    | 10          | [95, 96, 97, 98, 99, 100, 101, 102, 103, 105]       | [0.0400, 0.1100, 0.0900, 0.0700, 0.0100, 0.0400, 0.0700, 0.2900, 0.2300, 0.0500]         | 8.1291   | 0.7600  | 0.8356 
11    | 9           | [96, 97, 98, 99, 100, 101, 102, 103, 104]           | [0.0200, 0.0900, 0.0500, 0.0400, 0.1300, 0.4000, 0.2100, 0.0400, 0.0200]                 | 3.0091   | 0.6600  | 0.7721 
12    | 8           | [94, 95, 97, 98, 99, 100, 101, 102]                 | [0.0200, 0.0300, 0.0100, 0.0900, 0.0700, 0.3600, 0.2800, 0.1400]                         | 2.8299   | 0.8200  | 0.7657 
13    | 9           | [94, 95, 96, 97, 98, 99, 100, 101, 102]             | [0.0200, 0.1300, 0.1600, 0.0900, 0.1700, 0.0600, 0.1200, 0.1000, 0.1500]                 | 5.9576   | 0.8800  | 0.8784 
14    | 8           | [101, 102, 103, 104, 105, 106, 107, 108]            | [0.0900, 0.1500, 0.2400, 0.2100, 0.1800, 0.0500, 0.0500, 0.0300]                         | 2.8924   | 0.8600  | 0.8378 
15    | 7           | [96, 97, 98, 99, 100, 101, 102]                     | [0.0100, 0.1700, 0.0300, 0.1400, 0.2800, 0.2000, 0.1700]                                 | 2.7859   | 0.8000  | 0.8113 
16    | 8           | [99, 100, 101, 102, 103, 104, 105, 106]             | [0.0400, 0.0700, 0.0800, 0.2600, 0.2400, 0.1200, 0.0900, 0.1000]                         | 3.1939   | 0.8600  | 0.8378 
17    | 7           | [97, 98, 99, 100, 101, 102, 103]                    | [0.1000, 0.1100, 0.0300, 0.0900, 0.2700, 0.2000, 0.2000]                                 | 3.7216   | 0.8400  | 0.8242 
18    | 10          | [94, 95, 96, 97, 98, 99, 100, 101, 102, 103]        | [0.0600, 0.2500, 0.3000, 0.1700, 0.0100, 0.0100, 0.0600, 0.0900, 0.0300, 0.0200]         | 5.3204   | 0.8200  | 0.8099 
19    | 7           | [97, 98, 99, 100, 101, 102, 103]                    | [0.2100, 0.0800, 0.2600, 0.0800, 0.1700, 0.1400, 0.0600]                                 | 3.5636   | 0.8400  | 0.8317 
20    | 8           | [97, 98, 99, 100, 101, 102, 106, 107]               | [0.0300, 0.1400, 0.1100, 0.4100, 0.2300, 0.0400, 0.0200, 0.0200]                         | 3.0219   | 0.7600  | 0.7515 
21    | 8           | [95, 96, 97, 98, 99, 100, 101, 102]                 | [0.0200, 0.2700, 0.0800, 0.1600, 0.3900, 0.0500, 0.0200, 0.0100]                         | 2.2619   | 0.7000  | 0.7471 
