
[Simulation Info]
simulation_id = sim_0006047
timestamp     = 20250428_094654
seed          = 301014
output_folder = /home/lejeunet/Bureau/simulations/Ref_table/sim_0006047

[Model Parameters]
pop_size           = 282
num_loci           = 20
sample1_generation = 30
sample2_generation = 10
low_repeats        = 1
high_repeats       = 200
mutation_rate      = 0.001
recap_Ne           = 282

[Sampling Design]
sample1_size_Ne  = 50
sample2_size_Ne  = 50
sample1_size_CMR = 50
sample2_size_CMR = 50

[Capture-Marquage-Recapture]
census_N   =  289
MatchCount =  9

[Ne Estimates - One Sample - Decreasing critical values [0.050, 0.020, 0.010, 0+]]

[Linkage Desequilibrium]
LD_Ne_Pop1 = [224.4, 261.4, 302.9, 302.9]
LD_r2_Pop1 = [0.022748, 0.022541, 0.022369, 0.022369]
LD_Ne_Pop2 = [160.4, 420.1, 2948.6, 2948.6]
LD_r2_Pop2 = [0.023327, 0.022066, 0.021389, 0.021389]

[Heterozygote excess]
HE_Neb_mean_Pop1        = [22.5, 19.6, 19.9, 19.9]
HE_weighted_D_mean_Pop1 = [0.02272, 0.02619, 0.02571, 0.02571]
HE_Neb_mean_Pop2        = [None, None, None, None]
HE_weighted_D_mean_Pop2 = [-0.04841, -0.04689, -0.04545, -0.04545]

[Molecular Coancestry]
Coan_Neb_n_Pop1 = None
Coan_f1_Pop1    = -0.06832
Coan_Neb_n_Pop2 = 10.8
Coan_f1_Pop2    = 0.04651

[Ne Estimates - Temporal - Decreasing critical values (0.050, 0.020, 0.010, 0+)]

[Pollak]
P_Ne     = [401.1, 381.3, 390.8, 390.8]
P_Fk     = [0.03247, 0.03311, 0.0328, 0.0328]
P_Fprime = [0.01247, 0.01311, 0.0128, 0.0128]

[Nei/Tajima]
N_Ne     = [430.5, 414.2, 435.4, 435.4]
N_Fc     = [0.03161, 0.03207, 0.03148, 0.03148]
N_Fprime = [0.01161, 0.01207, 0.01148, 0.01148]

[Jorde/Ryman]
J_Ne     = [457.5, 468.2, 468.3, 468.3]
J_Fs     = [0.03106, 0.03081, 0.03081, 0.03081]
J_Fprime = [0.01093, 0.01068, 0.01068, 0.01068]

[Genetic Diversity - Heterozygosity]
mean_exp_het_pop1 = 0.485
mean_obs_het_pop1 = 0.5
mean_exp_het_pop2 = 0.493
mean_obs_het_pop2 = 0.4619

[Genetic Diversity - Allele Counts]
mean_alleles_pop1 = 3.62
var_alleles_pop1  = 0.65
sum_alleles_pop1  = 76
mean_alleles_pop2 = 3.76
var_alleles_pop2  = 0.72
sum_alleles_pop2  = 158

[Genetic Diversity - Allelic Size Variance]
var_allele_size_pop1 = 0.6717
var_allele_size_pop2 = 0.6793

[Per-locus summary - Population 1]
Locus | Num_Alleles | Alleles                 | Frequencies                              | Variance | Obs_Het | Exp_Het
------+-------------+-------------------------+------------------------------------------+----------+---------+--------
1     | 3           | [98, 99, 101]           | [0.0700, 0.8100, 0.1200]                 | 0.5211   | 0.3600  | 0.3279 
2     | 4           | [99, 100, 101, 102]     | [0.2300, 0.3000, 0.0400, 0.4300]         | 1.5411   | 0.7000  | 0.6774 
3     | 3           | [98, 99, 101]           | [0.0800, 0.2500, 0.6700]                 | 1.1724   | 0.5000  | 0.4871 
4     | 3           | [97, 99, 100]           | [0.2200, 0.7000, 0.0800]                 | 0.8304   | 0.4600  | 0.4598 
5     | 2           | [100, 101]              | [0.9900, 0.0100]                         | 0.0099   | 0.0200  | 0.0200 
6     | 5           | [98, 99, 100, 101, 102] | [0.0500, 0.0300, 0.4200, 0.1500, 0.3500] | 1.2616   | 0.7400  | 0.6820 
7     | 4           | [99, 100, 101, 102]     | [0.3600, 0.2000, 0.4300, 0.0100]         | 0.8219   | 0.7600  | 0.6519 
8     | 4           | [99, 100, 101, 102]     | [0.2000, 0.5300, 0.0500, 0.2200]         | 1.0459   | 0.6800  | 0.6345 
9     | 4           | [98, 99, 100, 101]      | [0.0200, 0.2400, 0.7300, 0.0100]         | 0.2571   | 0.4200  | 0.4131 
10    | 4           | [98, 99, 100, 101]      | [0.2300, 0.6200, 0.0200, 0.1300]         | 0.7675   | 0.5600  | 0.5509 
11    | 3           | [99, 100, 101]          | [0.0100, 0.9200, 0.0700]                 | 0.0764   | 0.1600  | 0.1501 
12    | 3           | [98, 99, 100]           | [0.1500, 0.6400, 0.2100]                 | 0.3564   | 0.5200  | 0.5291 
13    | 4           | [100, 101, 102, 103]    | [0.0800, 0.2700, 0.5700, 0.0800]         | 0.5475   | 0.5600  | 0.5954 
14    | 3           | [99, 100, 101]          | [0.3300, 0.6100, 0.0600]                 | 0.3171   | 0.5200  | 0.5206 
15    | 3           | [99, 100, 101]          | [0.6500, 0.2400, 0.1100]                 | 0.4684   | 0.4600  | 0.5129 
16    | 3           | [101, 102, 103]         | [0.3400, 0.1100, 0.5500]                 | 0.8459   | 0.5400  | 0.5756 
17    | 5           | [97, 98, 99, 100, 101]  | [0.0500, 0.1600, 0.0400, 0.7200, 0.0300] | 0.9296   | 0.5000  | 0.4556 
18    | 3           | [98, 99, 100]           | [0.0600, 0.6800, 0.2600]                 | 0.2800   | 0.5800  | 0.4711 
19    | 4           | [99, 100, 101, 102]     | [0.0700, 0.0200, 0.8500, 0.0600]         | 0.3500   | 0.2600  | 0.2713 
20    | 4           | [99, 100, 101, 102]     | [0.0600, 0.7000, 0.2300, 0.0100]         | 0.2939   | 0.4400  | 0.4580 
21    | 5           | [97, 98, 99, 100, 101]  | [0.0100, 0.3700, 0.2300, 0.1700, 0.2200] | 1.4116   | 0.7600  | 0.7402 

[Per-locus summary - Population 2]
Locus | Num_Alleles | Alleles                   | Frequencies                              | Variance | Obs_Het | Exp_Het
------+-------------+---------------------------+------------------------------------------+----------+---------+--------
1     | 3           | [98, 99, 101]             | [0.0300, 0.7300, 0.2400]                 | 0.7875   | 0.4200  | 0.4127 
2     | 4           | [99, 100, 101, 102]       | [0.2700, 0.2900, 0.0200, 0.4200]         | 1.6219   | 0.7200  | 0.6729 
3     | 4           | [98, 99, 101, 102]        | [0.0200, 0.2100, 0.7300, 0.0400]         | 0.8664   | 0.3800  | 0.4253 
4     | 4           | [97, 98, 99, 100]         | [0.2800, 0.0100, 0.6500, 0.0600]         | 0.9299   | 0.5000  | 0.5004 
5     | 2           | [100, 101]                | [0.9900, 0.0100]                         | 0.0099   | 0.0200  | 0.0200 
6     | 4           | [99, 100, 101, 102]       | [0.0300, 0.5000, 0.2700, 0.2000]         | 0.6904   | 0.4800  | 0.6426 
7     | 4           | [98, 99, 100, 101]        | [0.0200, 0.4200, 0.1400, 0.4200]         | 0.9184   | 0.5800  | 0.6335 
8     | 4           | [99, 100, 101, 102]       | [0.3100, 0.3500, 0.0400, 0.3000]         | 1.4411   | 0.6200  | 0.6968 
9     | 4           | [98, 99, 100, 101]        | [0.0100, 0.2800, 0.6500, 0.0600]         | 0.3224   | 0.4600  | 0.5004 
10    | 4           | [98, 99, 100, 101]        | [0.0800, 0.7500, 0.0300, 0.1400]         | 0.6171   | 0.3800  | 0.4148 
11    | 2           | [99, 100]                 | [0.0200, 0.9800]                         | 0.0196   | 0.0400  | 0.0396 
12    | 3           | [98, 99, 100]             | [0.2300, 0.6300, 0.1400]                 | 0.3619   | 0.5200  | 0.5360 
13    | 4           | [100, 101, 102, 103]      | [0.0800, 0.3300, 0.4700, 0.1200]         | 0.6331   | 0.7000  | 0.6560 
14    | 3           | [99, 100, 101]            | [0.3200, 0.5900, 0.0900]                 | 0.3571   | 0.5200  | 0.5469 
15    | 3           | [99, 100, 101]            | [0.7300, 0.1600, 0.1100]                 | 0.4556   | 0.4000  | 0.4337 
16    | 5           | [100, 101, 102, 103, 104] | [0.0600, 0.2400, 0.2000, 0.4700, 0.0300] | 1.0411   | 0.6200  | 0.6838 
17    | 4           | [97, 98, 99, 100]         | [0.0300, 0.1800, 0.0600, 0.7300]         | 0.7899   | 0.4400  | 0.4345 
18    | 3           | [98, 99, 100]             | [0.0500, 0.6100, 0.3400]                 | 0.3059   | 0.4600  | 0.5150 
19    | 5           | [98, 99, 100, 101, 102]   | [0.0100, 0.0900, 0.0100, 0.7700, 0.1200] | 0.5700   | 0.3600  | 0.3883 
20    | 3           | [99, 100, 101]            | [0.0700, 0.6500, 0.2800]                 | 0.3059   | 0.4000  | 0.4992 
21    | 4           | [98, 99, 100, 101]        | [0.4500, 0.2300, 0.1700, 0.1500]         | 1.2196   | 0.6800  | 0.7002 
