
[Simulation Info]
simulation_id = sim_0002514
timestamp     = 20250428_082340
seed          = 937957
output_folder = /home/lejeunet/Bureau/simulations/Ref_table/sim_0002514

[Model Parameters]
pop_size           = 3177
num_loci           = 20
sample1_generation = 30
sample2_generation = 10
low_repeats        = 1
high_repeats       = 200
mutation_rate      = 0.001
recap_Ne           = 3177

[Sampling Design]
sample1_size_Ne  = 50
sample2_size_Ne  = 50
sample1_size_CMR = 50
sample2_size_CMR = 50

[Capture-Marquage-Recapture]
census_N   =  2601
MatchCount =  1

[Ne Estimates - One Sample - Decreasing critical values [0.050, 0.020, 0.010, 0+]]

[Linkage Desequilibrium]
LD_Ne_Pop1 = [None, 2259.7, None, None]
LD_r2_Pop1 = [0.021169, 0.021423, 0.021091, 0.021091]
LD_Ne_Pop2 = [1016.6, 2464.4, 16582.6, 16582.6]
LD_r2_Pop2 = [0.021603, 0.021411, 0.021296, 0.021296]

[Heterozygote excess]
HE_Neb_mean_Pop1        = [62.1, None, None, None]
HE_weighted_D_mean_Pop1 = [0.00812, -0.00188, -0.0023, -0.0023]
HE_Neb_mean_Pop2        = [85.9, 539.4, 1116.8, 1116.8]
HE_weighted_D_mean_Pop2 = [0.00585, 0.00093, 0.00045, 0.00045]

[Molecular Coancestry]
Coan_Neb_n_Pop1 = 147.8
Coan_f1_Pop1    = 0.00338
Coan_Neb_n_Pop2 = None
Coan_f1_Pop2    = -0.008

[Ne Estimates - Temporal - Decreasing critical values (0.050, 0.020, 0.010, 0+)]

[Pollak]
P_Ne     = [-1954.0, -4596.9, -37884.6, -30594.3]
P_Fk     = [0.01744, 0.01891, 0.01987, 0.01984]
P_Fprime = [-0.00256, -0.00109, -0.00013, -0.00016]

[Nei/Tajima]
N_Ne     = [-1526.9, -2810.0, -5755.6, -5681.1]
N_Fc     = [0.01673, 0.01822, 0.01913, 0.01912]
N_Fprime = [-0.00327, -0.00178, -0.00087, -0.00088]

[Jorde/Ryman]
J_Ne     = [-902.1, -1100.4, -1134.5, -1134.4]
J_Fs     = [0.01457, 0.01556, 0.0157, 0.0157]
J_Fprime = [-0.00554, -0.00454, -0.00441, -0.00441]

[Genetic Diversity - Heterozygosity]
mean_exp_het_pop1 = 0.805
mean_obs_het_pop1 = 0.8248
mean_exp_het_pop2 = 0.8041
mean_obs_het_pop2 = 0.8038

[Genetic Diversity - Allele Counts]
mean_alleles_pop1 = 9.43
var_alleles_pop1  = 3.46
sum_alleles_pop1  = 198
mean_alleles_pop2 = 9.64
var_alleles_pop2  = 3.89
sum_alleles_pop2  = 405

[Genetic Diversity - Allelic Size Variance]
var_allele_size_pop1 = 12.302
var_allele_size_pop2 = 12.0784

[Per-locus summary - Population 1]
Locus | Num_Alleles | Alleles                                                     | Frequencies                                                                                              | Variance | Obs_Het | Exp_Het
------+-------------+-------------------------------------------------------------+----------------------------------------------------------------------------------------------------------+----------+---------+--------
1     | 13          | [94, 95, 96, 97, 98, 99, 100, 101, 102, 103, 104, 105, 107] | [0.0600, 0.0100, 0.0300, 0.1000, 0.1400, 0.0500, 0.1300, 0.1700, 0.1900, 0.0200, 0.0400, 0.0500, 0.0100] | 7.8851   | 0.7800  | 0.8857 
2     | 9           | [95, 96, 97, 98, 99, 100, 101, 102, 103]                    | [0.0100, 0.0200, 0.0100, 0.2700, 0.3300, 0.1600, 0.1400, 0.0200, 0.0400]                                 | 2.1171   | 0.7400  | 0.7782 
3     | 8           | [89, 90, 91, 92, 105, 106, 107, 108]                        | [0.0200, 0.0500, 0.2900, 0.2100, 0.1100, 0.2500, 0.0500, 0.0200]                                         | 53.8275  | 0.8400  | 0.7994 
4     | 11          | [99, 100, 101, 102, 103, 104, 105, 107, 108, 109, 110]      | [0.0100, 0.0200, 0.0600, 0.1000, 0.3000, 0.0700, 0.0100, 0.0400, 0.1700, 0.1900, 0.0300]                 | 9.4531   | 0.7600  | 0.8317 
5     | 8           | [97, 98, 99, 100, 103, 104, 105, 106]                       | [0.0700, 0.1200, 0.2900, 0.0500, 0.0100, 0.1900, 0.2300, 0.0400]                                         | 9.6464   | 0.8400  | 0.8115 
6     | 9           | [103, 104, 105, 106, 108, 109, 110, 111, 112]               | [0.1400, 0.1700, 0.1900, 0.0700, 0.0900, 0.0100, 0.2700, 0.0500, 0.0100]                                 | 8.0875   | 0.9400  | 0.8351 
7     | 12          | [88, 89, 90, 91, 92, 93, 95, 101, 102, 103, 104, 105]       | [0.0200, 0.0100, 0.0700, 0.0600, 0.0800, 0.0300, 0.0200, 0.0700, 0.2600, 0.2600, 0.1100, 0.0100]         | 28.0376  | 0.9000  | 0.8394 
8     | 8           | [92, 93, 94, 95, 97, 103, 104, 105]                         | [0.0200, 0.1000, 0.3500, 0.0800, 0.0100, 0.1400, 0.2600, 0.0400]                                         | 24.2971  | 0.8000  | 0.7796 
9     | 7           | [96, 97, 98, 99, 100, 102, 103]                             | [0.0600, 0.2600, 0.2100, 0.3900, 0.0500, 0.0100, 0.0200]                                                 | 1.6875   | 0.8600  | 0.7370 
10    | 8           | [98, 99, 100, 101, 102, 103, 104, 105]                      | [0.0100, 0.0800, 0.0700, 0.5100, 0.1800, 0.1200, 0.0200, 0.0100]                                         | 1.4124   | 0.7000  | 0.6881 
11    | 9           | [101, 102, 103, 104, 105, 106, 107, 108, 109]               | [0.0200, 0.0600, 0.0300, 0.3000, 0.1100, 0.1300, 0.3100, 0.0200, 0.0200]                                 | 3.0771   | 0.8400  | 0.7871 
12    | 11          | [98, 99, 100, 101, 102, 103, 104, 105, 106, 107, 108]       | [0.2000, 0.1200, 0.0700, 0.1200, 0.0500, 0.1100, 0.2100, 0.0800, 0.0100, 0.0100, 0.0200]                 | 7.2864   | 0.9000  | 0.8693 
13    | 10          | [100, 101, 102, 103, 104, 107, 108, 109, 110, 111]          | [0.0500, 0.2500, 0.0400, 0.0800, 0.0100, 0.2200, 0.2600, 0.0600, 0.0200, 0.0100]                         | 10.9736  | 0.8800  | 0.8149 
14    | 7           | [98, 99, 100, 101, 102, 103, 104]                           | [0.0400, 0.0400, 0.4300, 0.2800, 0.1700, 0.0300, 0.0100]                                                 | 1.1931   | 0.6200  | 0.7107 
15    | 13          | [93, 94, 95, 96, 97, 98, 102, 106, 107, 108, 109, 110, 113] | [0.0300, 0.1400, 0.1500, 0.0900, 0.1100, 0.0200, 0.0100, 0.1000, 0.1200, 0.0600, 0.1400, 0.0200, 0.0100] | 40.1600  | 0.9000  | 0.8972 
16    | 10          | [91, 92, 93, 94, 95, 99, 100, 101, 105, 106]                | [0.0200, 0.4000, 0.0400, 0.0100, 0.0300, 0.0500, 0.2700, 0.1600, 0.0100, 0.0100]                         | 17.7875  | 0.8400  | 0.7432 
17    | 8           | [95, 96, 97, 98, 99, 100, 101, 102]                         | [0.1200, 0.1200, 0.3100, 0.0500, 0.0100, 0.0800, 0.2000, 0.1100]                                         | 5.6700   | 0.8800  | 0.8222 
18    | 11          | [93, 94, 95, 96, 97, 98, 99, 100, 101, 102, 104]            | [0.0100, 0.0300, 0.3000, 0.1000, 0.0900, 0.0200, 0.0600, 0.0100, 0.1700, 0.1900, 0.0200]                 | 9.2979   | 0.9000  | 0.8297 
19    | 7           | [100, 101, 102, 103, 104, 105, 106]                         | [0.0200, 0.2500, 0.3300, 0.0500, 0.2400, 0.0900, 0.0200]                                                 | 2.1219   | 0.7400  | 0.7673 
20    | 10          | [91, 92, 93, 94, 95, 96, 98, 99, 100, 101]                  | [0.0200, 0.0900, 0.3400, 0.0800, 0.0400, 0.0400, 0.0400, 0.1500, 0.1800, 0.0200]                         | 10.1411  | 0.8200  | 0.8176 
21    | 9           | [99, 100, 101, 102, 103, 104, 105, 106, 107]                | [0.0300, 0.0500, 0.1800, 0.0800, 0.1700, 0.1400, 0.1600, 0.1800, 0.0100]                                 | 4.1811   | 0.8400  | 0.8598 

[Per-locus summary - Population 2]
Locus | Num_Alleles | Alleles                                                     | Frequencies                                                                                      | Variance | Obs_Het | Exp_Het
------+-------------+-------------------------------------------------------------+--------------------------------------------------------------------------------------------------+----------+---------+--------
1     | 12          | [94, 96, 97, 98, 99, 100, 101, 102, 103, 104, 105, 107]     | [0.0300, 0.0500, 0.0200, 0.2000, 0.1200, 0.1000, 0.1600, 0.1600, 0.0500, 0.0300, 0.0700, 0.0100] | 6.9059   | 0.8400  | 0.8810 
2     | 8           | [96, 97, 98, 99, 100, 101, 102, 103]                        | [0.0200, 0.0300, 0.2400, 0.3700, 0.2200, 0.0800, 0.0300, 0.0100]                                 | 1.4875   | 0.6600  | 0.7560 
3     | 9           | [89, 90, 91, 92, 105, 106, 107, 108, 109]                   | [0.0300, 0.0700, 0.2300, 0.2000, 0.1700, 0.2200, 0.0600, 0.0100, 0.0100]                         | 54.8564  | 0.8000  | 0.8285 
4     | 9           | [101, 102, 103, 104, 105, 108, 109, 110, 111]               | [0.0500, 0.0900, 0.3000, 0.1500, 0.0100, 0.1200, 0.2300, 0.0400, 0.0100]                         | 8.9776   | 0.8200  | 0.8160 
5     | 10          | [96, 97, 98, 99, 100, 101, 103, 104, 105, 106]              | [0.0100, 0.0800, 0.1200, 0.3300, 0.0800, 0.0500, 0.0200, 0.1300, 0.1500, 0.0300]                 | 8.3259   | 0.8800  | 0.8289 
6     | 9           | [103, 104, 105, 106, 108, 109, 110, 111, 112]               | [0.0900, 0.1400, 0.2300, 0.1300, 0.1100, 0.0200, 0.2600, 0.0100, 0.0100]                         | 6.5675   | 0.8600  | 0.8305 
7     | 11          | [88, 90, 91, 92, 93, 95, 100, 101, 102, 103, 104]           | [0.0100, 0.0100, 0.0700, 0.1200, 0.0500, 0.0300, 0.0300, 0.0400, 0.2300, 0.2700, 0.1400]         | 24.4264  | 0.7800  | 0.8376 
8     | 8           | [93, 94, 95, 96, 97, 103, 104, 105]                         | [0.1200, 0.4000, 0.0700, 0.0400, 0.0300, 0.0900, 0.2200, 0.0300]                                 | 21.5684  | 0.7600  | 0.7685 
9     | 6           | [95, 96, 97, 98, 99, 100]                                   | [0.0300, 0.0500, 0.3100, 0.2500, 0.2700, 0.0900]                                                 | 1.4075   | 0.7600  | 0.7647 
10    | 8           | [98, 99, 100, 101, 102, 103, 104, 105]                      | [0.0400, 0.0300, 0.0700, 0.5400, 0.2200, 0.0600, 0.0200, 0.0200]                                 | 1.4571   | 0.6600  | 0.6548 
11    | 8           | [101, 102, 104, 105, 106, 107, 108, 109]                    | [0.0100, 0.0400, 0.3300, 0.1100, 0.1600, 0.2800, 0.0500, 0.0200]                                 | 2.6884   | 0.7400  | 0.7782 
12    | 9           | [98, 99, 100, 101, 102, 103, 104, 105, 107]                 | [0.1900, 0.1000, 0.2000, 0.1100, 0.0600, 0.0600, 0.2300, 0.0400, 0.0100]                         | 5.6656   | 0.9000  | 0.8485 
13    | 12          | [97, 100, 101, 102, 103, 104, 106, 107, 108, 109, 110, 111] | [0.0300, 0.0200, 0.2200, 0.0800, 0.1200, 0.0100, 0.0100, 0.1500, 0.2700, 0.0500, 0.0200, 0.0200] | 12.1811  | 0.8000  | 0.8390 
14    | 7           | [98, 99, 100, 101, 102, 103, 104]                           | [0.0200, 0.0700, 0.4300, 0.2400, 0.2000, 0.0300, 0.0100]                                         | 1.1844   | 0.7800  | 0.7184 
15    | 11          | [93, 94, 95, 96, 97, 98, 106, 107, 108, 109, 112]           | [0.0800, 0.1400, 0.1100, 0.1000, 0.1200, 0.0200, 0.0600, 0.0700, 0.1100, 0.1600, 0.0300]         | 43.7716  | 0.8600  | 0.8990 
16    | 11          | [91, 92, 93, 94, 95, 99, 100, 101, 102, 106, 107]           | [0.0300, 0.3700, 0.0700, 0.0400, 0.0200, 0.0300, 0.2000, 0.2000, 0.0100, 0.0200, 0.0100]         | 19.4176  | 0.7200  | 0.7816 
17    | 7           | [95, 96, 97, 99, 100, 101, 102]                             | [0.0300, 0.1500, 0.3900, 0.0100, 0.1600, 0.1500, 0.1100]                                         | 4.8264   | 0.7400  | 0.7719 
18    | 11          | [93, 94, 95, 96, 97, 98, 99, 100, 101, 102, 103]            | [0.0300, 0.0200, 0.3200, 0.1000, 0.0700, 0.0500, 0.0200, 0.0200, 0.1500, 0.2100, 0.0100]         | 9.4764   | 0.9000  | 0.8196 
19    | 7           | [100, 101, 102, 103, 104, 105, 106]                         | [0.0300, 0.2200, 0.3100, 0.0900, 0.2500, 0.0700, 0.0300]                                         | 2.1304   | 0.8200  | 0.7861 
20    | 11          | [91, 92, 93, 94, 95, 96, 98, 99, 100, 101, 102]             | [0.0500, 0.1100, 0.2900, 0.0200, 0.0400, 0.0900, 0.0100, 0.1500, 0.2000, 0.0300, 0.0100]         | 11.4144  | 0.8400  | 0.8360 
21    | 9           | [99, 100, 101, 102, 103, 104, 105, 106, 107]                | [0.0100, 0.1000, 0.1600, 0.0900, 0.1200, 0.0900, 0.1300, 0.2900, 0.0100]                         | 4.9099   | 0.9600  | 0.8410 
