
[Simulation Info]
simulation_id = sim_0009859
timestamp     = 20250428_113253
seed          = 608540
output_folder = /home/lejeunet/Bureau/simulations/Ref_table/sim_0009859

[Model Parameters]
pop_size           = 4229
num_loci           = 20
sample1_generation = 30
sample2_generation = 10
low_repeats        = 1
high_repeats       = 200
mutation_rate      = 0.001
recap_Ne           = 4229

[Sampling Design]
sample1_size_Ne  = 50
sample2_size_Ne  = 50
sample1_size_CMR = 50
sample2_size_CMR = 50

[Capture-Marquage-Recapture]
census_N   =  0
MatchCount =  0
# There were no match between sampling of individuals during CMR.

[Ne Estimates - One Sample - Decreasing critical values [0.050, 0.020, 0.010, 0+]]

[Linkage Desequilibrium]
LD_Ne_Pop1 = [701.4, 843.4, 2420.0, 2420.0]
LD_r2_Pop1 = [0.02175, 0.02167, 0.021414, 0.021414]
LD_Ne_Pop2 = [953.8, 2919416.5, None, None]
LD_r2_Pop2 = [0.021625, 0.021276, 0.021153, 0.021153]

[Heterozygote excess]
HE_Neb_mean_Pop1        = [24.0, 28.0, 29.4, 29.4]
HE_weighted_D_mean_Pop1 = [0.02129, 0.01818, 0.01727, 0.01727]
HE_Neb_mean_Pop2        = [42.1, 47.5, 53.0, 53.0]
HE_weighted_D_mean_Pop2 = [0.01202, 0.01063, 0.00952, 0.00952]

[Molecular Coancestry]
Coan_Neb_n_Pop1 = 172.0
Coan_f1_Pop1    = 0.00291
Coan_Neb_n_Pop2 = 169.9
Coan_f1_Pop2    = 0.00294

[Ne Estimates - Temporal - Decreasing critical values (0.050, 0.020, 0.010, 0+)]

[Pollak]
P_Ne     = [1996.4, 2511.4, 4786.6, 4376.4]
P_Fk     = [0.0225, 0.02199, 0.02104, 0.02114]
P_Fprime = [0.0025, 0.00199, 0.00104, 0.00114]

[Nei/Tajima]
N_Ne     = [1967.1, 2423.9, 4149.5, 3888.1]
N_Fc     = [0.02254, 0.02206, 0.0212, 0.02129]
N_Fprime = [0.00254, 0.00206, 0.0012, 0.00129]

[Jorde/Ryman]
J_Ne     = [1054.8, 994.0, 1016.7, 1014.5]
J_Fs     = [0.02485, 0.02514, 0.02502, 0.02504]
J_Fprime = [0.00474, 0.00503, 0.00492, 0.00493]

[Genetic Diversity - Heterozygosity]
mean_exp_het_pop1 = 0.7993
mean_obs_het_pop1 = 0.8133
mean_exp_het_pop2 = 0.8099
mean_obs_het_pop2 = 0.8238

[Genetic Diversity - Allele Counts]
mean_alleles_pop1 = 9.33
var_alleles_pop1  = 3.13
sum_alleles_pop1  = 196
mean_alleles_pop2 = 9.57
var_alleles_pop2  = 2.89
sum_alleles_pop2  = 402

[Genetic Diversity - Allelic Size Variance]
var_allele_size_pop1 = 5.322
var_allele_size_pop2 = 5.4379

[Per-locus summary - Population 1]
Locus | Num_Alleles | Alleles                                                        | Frequencies                                                                                              | Variance | Obs_Het | Exp_Het
------+-------------+----------------------------------------------------------------+----------------------------------------------------------------------------------------------------------+----------+---------+--------
1     | 13          | [97, 98, 99, 100, 101, 102, 103, 104, 105, 106, 107, 108, 109] | [0.0100, 0.0400, 0.1700, 0.1200, 0.0300, 0.0200, 0.0200, 0.0900, 0.1500, 0.1900, 0.0700, 0.0200, 0.0700] | 11.6956  | 0.8800  | 0.8852 
2     | 12          | [92, 93, 94, 95, 96, 97, 98, 99, 100, 102, 103, 104]           | [0.0100, 0.0500, 0.0500, 0.1600, 0.0900, 0.1600, 0.3600, 0.0600, 0.0200, 0.0100, 0.0200, 0.0100]         | 4.4691   | 0.8400  | 0.8095 
3     | 7           | [95, 96, 97, 98, 99, 100, 103]                                 | [0.0200, 0.1200, 0.1700, 0.3200, 0.2500, 0.0900, 0.0300]                                                 | 2.1779   | 0.8200  | 0.7903 
4     | 9           | [89, 90, 91, 99, 100, 101, 102, 103, 104]                      | [0.0100, 0.0100, 0.0200, 0.0500, 0.1400, 0.3100, 0.2900, 0.0900, 0.0800]                                 | 6.3584   | 0.7600  | 0.7905 
5     | 8           | [95, 96, 97, 98, 99, 100, 101, 102]                            | [0.0600, 0.3700, 0.2200, 0.1200, 0.1100, 0.0800, 0.0100, 0.0300]                                         | 2.7216   | 0.7200  | 0.7851 
6     | 9           | [96, 97, 98, 99, 100, 101, 102, 103, 104]                      | [0.0800, 0.1100, 0.1800, 0.1600, 0.1800, 0.0600, 0.0900, 0.1300, 0.0100]                                 | 4.6500   | 0.8800  | 0.8711 
7     | 8           | [101, 102, 103, 104, 105, 106, 107, 108]                       | [0.0800, 0.0500, 0.1100, 0.5500, 0.1300, 0.0300, 0.0300, 0.0200]                                         | 1.8619   | 0.7800  | 0.6640 
8     | 9           | [99, 100, 101, 102, 103, 104, 105, 106, 108]                   | [0.0700, 0.0700, 0.0500, 0.0300, 0.0700, 0.4300, 0.1600, 0.0500, 0.0700]                                 | 4.8531   | 0.7800  | 0.7717 
9     | 11          | [91, 92, 93, 94, 95, 96, 97, 98, 99, 100, 101]                 | [0.0100, 0.0200, 0.0500, 0.1200, 0.1200, 0.1200, 0.0900, 0.0200, 0.0500, 0.3200, 0.0800]                 | 7.6176   | 0.8800  | 0.8424 
10    | 13          | [91, 92, 93, 94, 95, 96, 97, 98, 99, 100, 101, 103, 105]       | [0.0300, 0.1000, 0.1700, 0.2100, 0.0300, 0.0200, 0.0400, 0.1900, 0.0100, 0.1100, 0.0400, 0.0200, 0.0300] | 11.8099  | 0.8800  | 0.8707 
11    | 9           | [102, 103, 104, 105, 106, 107, 108, 109, 110]                  | [0.0200, 0.1100, 0.0800, 0.1000, 0.1100, 0.2000, 0.3500, 0.0200, 0.0100]                                 | 3.5611   | 0.8800  | 0.8040 
12    | 8           | [100, 101, 102, 103, 104, 105, 106, 107]                       | [0.0200, 0.1100, 0.1400, 0.4100, 0.1000, 0.1500, 0.0600, 0.0100]                                         | 2.1200   | 0.7200  | 0.7713 
13    | 10          | [102, 103, 104, 105, 106, 107, 108, 109, 110, 111]             | [0.0100, 0.0400, 0.1000, 0.0900, 0.0900, 0.0200, 0.0900, 0.2500, 0.2300, 0.0800]                         | 6.0076   | 0.9200  | 0.8503 
14    | 9           | [99, 100, 103, 105, 106, 107, 108, 109, 110]                   | [0.0100, 0.0200, 0.0200, 0.0700, 0.4200, 0.1100, 0.1200, 0.0500, 0.1800]                                 | 4.5700   | 0.7600  | 0.7640 
15    | 8           | [91, 92, 93, 94, 95, 96, 97, 98]                               | [0.1100, 0.0300, 0.0200, 0.0800, 0.1500, 0.3000, 0.1600, 0.1500]                                         | 4.3036   | 0.9000  | 0.8279 
16    | 11          | [95, 96, 97, 98, 101, 102, 103, 104, 106, 107, 108]            | [0.0100, 0.1000, 0.1800, 0.0900, 0.0500, 0.1300, 0.2600, 0.1000, 0.0200, 0.0400, 0.0200]                 | 11.5256  | 0.9000  | 0.8586 
17    | 8           | [102, 103, 104, 105, 106, 107, 108, 109]                       | [0.0500, 0.1200, 0.4300, 0.1200, 0.1800, 0.0200, 0.0700, 0.0100]                                         | 2.2875   | 0.7400  | 0.7535 
18    | 7           | [97, 98, 99, 100, 101, 102, 103]                               | [0.0100, 0.1900, 0.4100, 0.0700, 0.1400, 0.1700, 0.0100]                                                 | 2.0739   | 0.7200  | 0.7497 
19    | 8           | [93, 94, 95, 96, 97, 98, 103, 104]                             | [0.0100, 0.2100, 0.2200, 0.3700, 0.1400, 0.0100, 0.0300, 0.0100]                                         | 3.3916   | 0.7400  | 0.7574 
20    | 10          | [95, 96, 97, 98, 99, 100, 101, 102, 103, 104]                  | [0.0800, 0.3800, 0.2100, 0.0700, 0.0100, 0.0300, 0.0200, 0.0900, 0.0700, 0.0400]                         | 7.3731   | 0.7800  | 0.7921 
21    | 9           | [100, 101, 102, 103, 104, 105, 107, 108, 109]                  | [0.0400, 0.1900, 0.4000, 0.1300, 0.0200, 0.0100, 0.0900, 0.0900, 0.0300]                                 | 6.3331   | 0.8000  | 0.7756 

[Per-locus summary - Population 2]
Locus | Num_Alleles | Alleles                                                        | Frequencies                                                                                              | Variance | Obs_Het | Exp_Het
------+-------------+----------------------------------------------------------------+----------------------------------------------------------------------------------------------------------+----------+---------+--------
1     | 13          | [97, 98, 99, 100, 101, 102, 103, 104, 105, 106, 107, 108, 109] | [0.0300, 0.0500, 0.1800, 0.0700, 0.0200, 0.0300, 0.0200, 0.1400, 0.1500, 0.1800, 0.0200, 0.0500, 0.0600] | 11.9824  | 0.8800  | 0.8854 
2     | 9           | [93, 94, 95, 96, 97, 98, 99, 100, 103]                         | [0.0300, 0.1100, 0.1100, 0.0100, 0.2500, 0.4300, 0.0300, 0.0100, 0.0200]                                 | 3.2784   | 0.7800  | 0.7333 
3     | 8           | [94, 95, 96, 97, 98, 99, 100, 103]                             | [0.0100, 0.0200, 0.2400, 0.2000, 0.2400, 0.1500, 0.1100, 0.0300]                                         | 2.7724   | 0.8600  | 0.8170 
4     | 10          | [90, 91, 92, 99, 100, 101, 102, 103, 104, 106]                 | [0.0100, 0.0400, 0.0100, 0.0200, 0.1700, 0.1800, 0.3900, 0.0900, 0.0800, 0.0100]                         | 7.9875   | 0.8600  | 0.7776 
5     | 9           | [95, 96, 97, 98, 99, 100, 101, 102, 103]                       | [0.0700, 0.2300, 0.2800, 0.1200, 0.0700, 0.1500, 0.0300, 0.0400, 0.0100]                                 | 3.5816   | 0.9400  | 0.8277 
6     | 9           | [96, 97, 98, 99, 100, 101, 102, 103, 104]                      | [0.0400, 0.1300, 0.1400, 0.1700, 0.1800, 0.0900, 0.0600, 0.1600, 0.0300]                                 | 4.7539   | 0.9000  | 0.8711 
7     | 8           | [101, 102, 103, 104, 105, 106, 107, 108]                       | [0.0500, 0.0400, 0.1900, 0.4400, 0.1700, 0.0400, 0.0400, 0.0300]                                         | 1.9651   | 0.7000  | 0.7406 
8     | 10          | [98, 99, 100, 101, 102, 103, 104, 105, 106, 108]               | [0.0100, 0.0900, 0.0900, 0.0500, 0.0500, 0.0400, 0.3900, 0.1300, 0.0800, 0.0700]                         | 5.9619   | 0.8400  | 0.8048 
9     | 11          | [91, 92, 93, 94, 95, 96, 97, 98, 99, 100, 101]                 | [0.0100, 0.0200, 0.0400, 0.0800, 0.1000, 0.1600, 0.1400, 0.1000, 0.1000, 0.1800, 0.0700]                 | 5.9800   | 0.9000  | 0.8879 
10    | 11          | [92, 93, 94, 95, 96, 97, 98, 99, 100, 101, 105]                | [0.1200, 0.1200, 0.3000, 0.0800, 0.0400, 0.0100, 0.1100, 0.0400, 0.1100, 0.0200, 0.0500]                 | 11.3676  | 0.8000  | 0.8529 
11    | 7           | [103, 104, 105, 106, 107, 108, 109]                            | [0.1200, 0.0700, 0.1300, 0.2000, 0.2100, 0.2200, 0.0500]                                                 | 3.0011   | 0.8200  | 0.8372 
12    | 8           | [99, 100, 101, 102, 103, 104, 105, 106]                        | [0.0100, 0.0100, 0.0700, 0.1800, 0.3800, 0.1000, 0.1400, 0.1100]                                         | 2.2576   | 0.8400  | 0.7842 
13    | 10          | [102, 103, 104, 105, 106, 107, 108, 109, 110, 111]             | [0.0500, 0.0100, 0.1200, 0.1000, 0.0600, 0.0500, 0.1300, 0.2200, 0.1700, 0.0900]                         | 6.6491   | 0.8400  | 0.8733 
14    | 9           | [99, 100, 104, 105, 106, 107, 108, 109, 110]                   | [0.0600, 0.0100, 0.0100, 0.0800, 0.3800, 0.1600, 0.1000, 0.0400, 0.1600]                                 | 6.6084   | 0.7600  | 0.7905 
15    | 10          | [90, 91, 92, 93, 94, 95, 96, 97, 98, 99]                       | [0.0100, 0.1000, 0.0800, 0.0100, 0.0900, 0.2000, 0.2600, 0.0700, 0.1400, 0.0400]                         | 5.1076   | 0.8800  | 0.8501 
16    | 12          | [96, 97, 98, 100, 101, 102, 103, 104, 105, 106, 107, 108]      | [0.0500, 0.1800, 0.0400, 0.0100, 0.0600, 0.2600, 0.2400, 0.0500, 0.0100, 0.0200, 0.0700, 0.0100]         | 9.6636   | 0.8000  | 0.8349 
17    | 8           | [102, 103, 104, 105, 106, 107, 108, 109]                       | [0.0100, 0.1000, 0.4300, 0.1600, 0.1700, 0.0100, 0.1100, 0.0100]                                         | 2.2700   | 0.8000  | 0.7457 
18    | 6           | [98, 99, 100, 101, 102, 103]                                   | [0.0800, 0.3600, 0.1300, 0.2700, 0.1500, 0.0100]                                                         | 1.6336   | 0.7600  | 0.7592 
19    | 8           | [93, 94, 95, 96, 97, 102, 103, 104]                            | [0.0100, 0.2900, 0.3300, 0.3000, 0.0300, 0.0100, 0.0100, 0.0200]                                         | 3.3556   | 0.8000  | 0.7226 
20    | 9           | [95, 96, 97, 98, 100, 101, 102, 103, 104]                      | [0.0900, 0.2800, 0.3000, 0.1100, 0.0300, 0.0100, 0.0900, 0.0500, 0.0400]                                 | 6.5339   | 0.7600  | 0.8063 
21    | 9           | [100, 101, 102, 103, 104, 105, 107, 108, 109]                  | [0.0600, 0.1700, 0.3700, 0.0800, 0.0400, 0.0200, 0.1100, 0.1100, 0.0400]                                 | 7.4836   | 0.7800  | 0.8044 
