
[Simulation Info]
simulation_id = sim_0005353
timestamp     = 20250428_093036
seed          = 871446
output_folder = /home/lejeunet/Bureau/simulations/Ref_table/sim_0005353

[Model Parameters]
pop_size           = 3535
num_loci           = 20
sample1_generation = 30
sample2_generation = 10
low_repeats        = 1
high_repeats       = 200
mutation_rate      = 0.001
recap_Ne           = 3535

[Sampling Design]
sample1_size_Ne  = 50
sample2_size_Ne  = 50
sample1_size_CMR = 50
sample2_size_CMR = 50

[Capture-Marquage-Recapture]
census_N   =  867
MatchCount =  3

[Ne Estimates - One Sample - Decreasing critical values [0.050, 0.020, 0.010, 0+]]

[Linkage Desequilibrium]
LD_Ne_Pop1 = [1053.4, 547.9, 5687.7, 5687.7]
LD_r2_Pop1 = [0.021592, 0.021882, 0.021335, 0.021335]
LD_Ne_Pop2 = [None, None, None, None]
LD_r2_Pop2 = [0.020715, 0.021087, 0.020801, 0.020801]

[Heterozygote excess]
HE_Neb_mean_Pop1        = [35.0, 124.9, 82.4, 82.4]
HE_weighted_D_mean_Pop1 = [0.01448, 0.00402, 0.0061, 0.0061]
HE_Neb_mean_Pop2        = [None, None, None, None]
HE_weighted_D_mean_Pop2 = [-0.0227, -0.01741, -0.01702, -0.01702]

[Molecular Coancestry]
Coan_Neb_n_Pop1 = 38.6
Coan_f1_Pop1    = 0.01296
Coan_Neb_n_Pop2 = None
Coan_f1_Pop2    = -0.01324

[Ne Estimates - Temporal - Decreasing critical values (0.050, 0.020, 0.010, 0+)]

[Pollak]
P_Ne     = [2866.4, 2128.3, 4142.7, 5095.1]
P_Fk     = [0.02174, 0.02235, 0.02121, 0.02098]
P_Fprime = [0.00174, 0.00235, 0.00121, 0.00098]

[Nei/Tajima]
N_Ne     = [3133.3, 2296.8, 4343.2, 5269.8]
N_Fc     = [0.0216, 0.02218, 0.02115, 0.02095]
N_Fprime = [0.0016, 0.00218, 0.00115, 0.00095]

[Jorde/Ryman]
J_Ne     = [1768.0, 1330.8, 1417.5, 1427.1]
J_Fs     = [0.02293, 0.02386, 0.02363, 0.02361]
J_Fprime = [0.00283, 0.00376, 0.00353, 0.0035]

[Genetic Diversity - Heterozygosity]
mean_exp_het_pop1 = 0.8171
mean_obs_het_pop1 = 0.8333
mean_exp_het_pop2 = 0.809
mean_obs_het_pop2 = 0.7857

[Genetic Diversity - Allele Counts]
mean_alleles_pop1 = 9.33
var_alleles_pop1  = 3.73
sum_alleles_pop1  = 196
mean_alleles_pop2 = 9.76
var_alleles_pop2  = 3.55
sum_alleles_pop2  = 410

[Genetic Diversity - Allelic Size Variance]
var_allele_size_pop1 = 7.8932
var_allele_size_pop2 = 7.5301

[Per-locus summary - Population 1]
Locus | Num_Alleles | Alleles                                                         | Frequencies                                                                                                      | Variance | Obs_Het | Exp_Het
------+-------------+-----------------------------------------------------------------+------------------------------------------------------------------------------------------------------------------+----------+---------+--------
1     | 10          | [91, 92, 93, 94, 95, 96, 97, 98, 99, 100]                       | [0.0500, 0.0600, 0.0200, 0.1400, 0.0900, 0.0500, 0.1700, 0.3000, 0.0300, 0.0900]                                 | 6.0300   | 0.9000  | 0.8438 
2     | 9           | [94, 95, 96, 97, 98, 99, 100, 101, 102]                         | [0.0300, 0.1700, 0.3100, 0.0700, 0.0200, 0.0400, 0.1600, 0.0500, 0.1500]                                         | 6.8059   | 0.8200  | 0.8248 
3     | 9           | [99, 100, 101, 102, 103, 104, 105, 106, 107]                    | [0.0100, 0.1100, 0.0600, 0.3400, 0.2100, 0.1700, 0.0500, 0.0200, 0.0300]                                         | 2.6156   | 0.8000  | 0.7998 
4     | 10          | [94, 95, 96, 97, 98, 99, 100, 101, 102, 103]                    | [0.0800, 0.2500, 0.1000, 0.3100, 0.0100, 0.0500, 0.0400, 0.0300, 0.0500, 0.0800]                                 | 6.9424   | 0.7800  | 0.8192 
5     | 13          | [94, 95, 97, 98, 99, 100, 101, 104, 105, 106, 107, 108, 109]    | [0.0200, 0.0400, 0.0200, 0.0500, 0.1400, 0.1200, 0.0100, 0.1000, 0.0400, 0.1700, 0.0900, 0.1600, 0.0400]         | 18.1016  | 0.8200  | 0.8941 
6     | 10          | [95, 96, 98, 99, 100, 101, 102, 103, 105, 106]                  | [0.0100, 0.0100, 0.0300, 0.3800, 0.3700, 0.0400, 0.0100, 0.1100, 0.0300, 0.0100]                                 | 3.0851   | 0.6800  | 0.7099 
7     | 6           | [97, 98, 99, 100, 101, 102]                                     | [0.0300, 0.2300, 0.3400, 0.2300, 0.1600, 0.0100]                                                                 | 1.2259   | 0.8600  | 0.7596 
8     | 8           | [93, 94, 95, 96, 97, 98, 101, 102]                              | [0.0100, 0.0900, 0.2500, 0.1900, 0.3500, 0.0600, 0.0200, 0.0300]                                                 | 2.7859   | 0.7600  | 0.7735 
9     | 8           | [96, 97, 98, 99, 100, 101, 102, 103]                            | [0.2100, 0.2800, 0.1300, 0.0200, 0.1300, 0.1400, 0.0800, 0.0100]                                                 | 4.3131   | 0.8400  | 0.8255 
10    | 7           | [97, 98, 99, 100, 101, 102, 105]                                | [0.1000, 0.1900, 0.2000, 0.4000, 0.0700, 0.0300, 0.0100]                                                         | 1.8100   | 0.7000  | 0.7556 
11    | 8           | [98, 99, 100, 101, 102, 103, 104, 105]                          | [0.0100, 0.0600, 0.0900, 0.1600, 0.2800, 0.2700, 0.1100, 0.0200]                                                 | 2.1099   | 0.8400  | 0.8069 
12    | 8           | [94, 95, 96, 100, 101, 102, 103, 105]                           | [0.0700, 0.1500, 0.0800, 0.1000, 0.3300, 0.1200, 0.1000, 0.0500]                                                 | 10.3731  | 0.7800  | 0.8287 
13    | 14          | [93, 94, 95, 96, 97, 98, 99, 103, 104, 105, 106, 107, 108, 109] | [0.0100, 0.0700, 0.0300, 0.0900, 0.1400, 0.0700, 0.0300, 0.0100, 0.1000, 0.0700, 0.0300, 0.1200, 0.0900, 0.1400] | 29.4739  | 0.9200  | 0.9117 
14    | 9           | [92, 95, 96, 97, 98, 99, 100, 101, 102]                         | [0.0100, 0.0100, 0.1100, 0.1900, 0.1600, 0.1200, 0.2900, 0.0600, 0.0500]                                         | 3.3636   | 0.9000  | 0.8297 
15    | 10          | [94, 95, 96, 99, 100, 101, 102, 103, 104, 105]                  | [0.0200, 0.2800, 0.0400, 0.0100, 0.0800, 0.3000, 0.0500, 0.0300, 0.0700, 0.1200]                                 | 13.1576  | 0.8600  | 0.8085 
16    | 8           | [95, 96, 97, 98, 99, 100, 101, 102]                             | [0.1000, 0.3200, 0.2300, 0.1500, 0.0200, 0.0600, 0.0400, 0.0800]                                                 | 3.9619   | 0.8800  | 0.8083 
17    | 7           | [95, 96, 97, 98, 99, 100, 101]                                  | [0.0100, 0.3400, 0.3900, 0.0600, 0.0200, 0.1700, 0.0100]                                                         | 2.1259   | 0.7600  | 0.7063 
18    | 11          | [97, 98, 99, 100, 101, 102, 103, 104, 105, 106, 107]            | [0.0100, 0.1200, 0.1400, 0.3100, 0.0800, 0.1400, 0.1200, 0.0200, 0.0300, 0.0200, 0.0100]                         | 4.1771   | 0.9400  | 0.8360 
19    | 11          | [91, 92, 93, 94, 98, 99, 100, 102, 103, 104, 105]               | [0.0400, 0.2200, 0.1400, 0.0200, 0.0700, 0.1800, 0.1100, 0.0100, 0.0300, 0.1600, 0.0200]                         | 21.4939  | 0.9000  | 0.8622 
20    | 10          | [92, 93, 95, 96, 97, 98, 99, 100, 101, 102]                     | [0.1100, 0.1100, 0.0400, 0.0500, 0.0900, 0.1400, 0.2000, 0.0600, 0.0600, 0.1400]                                 | 10.3684  | 0.8600  | 0.8861 
21    | 10          | [92, 93, 94, 95, 97, 98, 99, 100, 101, 102]                     | [0.0400, 0.1600, 0.2300, 0.1300, 0.0100, 0.0500, 0.1100, 0.0400, 0.1300, 0.1000]                                 | 11.4356  | 0.9000  | 0.8685 

[Per-locus summary - Population 2]
Locus | Num_Alleles | Alleles                                                         | Frequencies                                                                                                      | Variance | Obs_Het | Exp_Het
------+-------------+-----------------------------------------------------------------+------------------------------------------------------------------------------------------------------------------+----------+---------+--------
1     | 10          | [91, 92, 93, 94, 95, 96, 97, 98, 99, 100]                       | [0.0200, 0.0400, 0.0100, 0.2600, 0.0800, 0.0800, 0.1400, 0.3200, 0.0200, 0.0300]                                 | 4.4251   | 0.8200  | 0.8022 
2     | 9           | [94, 95, 96, 97, 98, 99, 100, 101, 102]                         | [0.0600, 0.1900, 0.2400, 0.0900, 0.0100, 0.0100, 0.1700, 0.0600, 0.1700]                                         | 7.6411   | 0.8800  | 0.8414 
3     | 10          | [99, 100, 101, 102, 103, 104, 105, 106, 107, 109]               | [0.0100, 0.1100, 0.0900, 0.3600, 0.2000, 0.1600, 0.0200, 0.0100, 0.0300, 0.0100]                                 | 2.7900   | 0.7600  | 0.7909 
4     | 10          | [94, 95, 96, 97, 98, 99, 100, 101, 102, 103]                    | [0.0600, 0.2200, 0.0900, 0.4000, 0.0300, 0.0200, 0.0300, 0.0300, 0.0700, 0.0500]                                 | 5.8716   | 0.7400  | 0.7772 
5     | 13          | [94, 95, 97, 98, 99, 100, 101, 104, 105, 106, 107, 108, 109]    | [0.0100, 0.0200, 0.0200, 0.0900, 0.0600, 0.1800, 0.0300, 0.0900, 0.0600, 0.0600, 0.1200, 0.2200, 0.0400]         | 17.1875  | 0.8000  | 0.8832 
6     | 9           | [95, 96, 97, 98, 99, 100, 101, 103, 105]                        | [0.0100, 0.0100, 0.0400, 0.1600, 0.2100, 0.3700, 0.0700, 0.1000, 0.0300]                                         | 3.2916   | 0.8400  | 0.7836 
7     | 8           | [96, 97, 98, 99, 100, 101, 102, 103]                            | [0.0400, 0.0100, 0.3000, 0.1900, 0.3500, 0.0700, 0.0200, 0.0200]                                                 | 1.7939   | 0.7800  | 0.7515 
8     | 8           | [93, 94, 95, 96, 97, 98, 101, 102]                              | [0.0200, 0.0700, 0.1900, 0.2300, 0.3600, 0.0400, 0.0600, 0.0300]                                                 | 3.4691   | 0.8200  | 0.7778 
9     | 11          | [93, 94, 95, 96, 97, 98, 99, 100, 101, 102, 103]                | [0.0100, 0.0200, 0.0200, 0.1600, 0.2100, 0.2200, 0.0900, 0.0700, 0.1600, 0.0200, 0.0200]                         | 4.2011   | 0.7200  | 0.8501 
10    | 8           | [97, 98, 99, 100, 101, 102, 103, 105]                           | [0.1300, 0.2400, 0.2700, 0.2300, 0.0900, 0.0100, 0.0200, 0.0100]                                                 | 2.1136   | 0.7200  | 0.7990 
11    | 6           | [99, 100, 101, 102, 103, 104]                                   | [0.1100, 0.0600, 0.2100, 0.2500, 0.3000, 0.0700]                                                                 | 1.9716   | 0.6800  | 0.7907 
12    | 9           | [94, 95, 96, 100, 101, 102, 103, 104, 105]                      | [0.0500, 0.2100, 0.1000, 0.0700, 0.3300, 0.0900, 0.1000, 0.0200, 0.0300]                                         | 10.8059  | 0.8000  | 0.8184 
13    | 14          | [93, 94, 95, 96, 97, 98, 99, 103, 104, 105, 106, 107, 108, 109] | [0.0100, 0.0900, 0.0300, 0.0800, 0.1200, 0.0600, 0.0100, 0.0100, 0.1000, 0.0600, 0.0500, 0.1000, 0.1500, 0.1300] | 30.7091  | 0.9000  | 0.9099 
14    | 8           | [92, 96, 97, 98, 99, 100, 101, 102]                             | [0.0100, 0.0600, 0.2200, 0.2900, 0.1300, 0.2300, 0.0400, 0.0200]                                                 | 2.3979   | 0.8200  | 0.8000 
15    | 10          | [94, 95, 96, 99, 100, 101, 102, 103, 104, 105]                  | [0.0600, 0.3100, 0.0200, 0.0100, 0.0400, 0.3800, 0.0600, 0.0100, 0.0200, 0.0900]                                 | 12.6364  | 0.7000  | 0.7491 
16    | 9           | [94, 95, 96, 97, 98, 99, 100, 101, 102]                         | [0.0200, 0.1000, 0.4100, 0.2200, 0.1100, 0.0600, 0.0300, 0.0100, 0.0400]                                         | 2.7579   | 0.7800  | 0.7624 
17    | 7           | [95, 96, 97, 98, 99, 100, 101]                                  | [0.0200, 0.3500, 0.3400, 0.0500, 0.0100, 0.2100, 0.0200]                                                         | 2.5779   | 0.6400  | 0.7216 
18    | 8           | [98, 99, 100, 101, 102, 103, 104, 105]                          | [0.1000, 0.1800, 0.3400, 0.1000, 0.1500, 0.0900, 0.0200, 0.0200]                                                 | 2.6891   | 0.8200  | 0.8087 
19    | 12          | [91, 92, 93, 94, 98, 99, 100, 101, 102, 103, 104, 105]          | [0.0200, 0.1500, 0.1200, 0.0300, 0.0900, 0.2200, 0.1300, 0.0100, 0.0100, 0.0200, 0.1800, 0.0200]                 | 18.7979  | 0.8400  | 0.8636 
20    | 12          | [91, 92, 93, 94, 95, 96, 97, 98, 99, 100, 101, 102]             | [0.0100, 0.1100, 0.1100, 0.0800, 0.0100, 0.0800, 0.0700, 0.1800, 0.1800, 0.0800, 0.0300, 0.0600]                 | 9.2739   | 0.8200  | 0.8911 
21    | 10          | [92, 93, 94, 95, 97, 98, 99, 100, 101, 102]                     | [0.0300, 0.0900, 0.3600, 0.1200, 0.0100, 0.0400, 0.0300, 0.1200, 0.1300, 0.0700]                                 | 10.7300  | 0.8200  | 0.8164 
