
[Simulation Info]
simulation_id = sim_0006196
timestamp     = 20250428_095012
seed          = 190608
output_folder = /home/lejeunet/Bureau/simulations/Ref_table/sim_0006196

[Model Parameters]
pop_size           = 1183
num_loci           = 20
sample1_generation = 30
sample2_generation = 10
low_repeats        = 1
high_repeats       = 200
mutation_rate      = 0.001
recap_Ne           = 1183

[Sampling Design]
sample1_size_Ne  = 50
sample2_size_Ne  = 50
sample1_size_CMR = 50
sample2_size_CMR = 50

[Capture-Marquage-Recapture]
census_N   =  867
MatchCount =  3

[Ne Estimates - One Sample - Decreasing critical values [0.050, 0.020, 0.010, 0+]]

[Linkage Desequilibrium]
LD_Ne_Pop1 = [None, None, None, None]
LD_r2_Pop1 = [0.020384, 0.020497, 0.02029, 0.02029]
LD_Ne_Pop2 = [482.3, 620.0, 6374.4, 6374.4]
LD_r2_Pop2 = [0.021964, 0.021812, 0.021328, 0.021328]

[Heterozygote excess]
HE_Neb_mean_Pop1        = [122.1, 179.3, 216.1, 216.1]
HE_weighted_D_mean_Pop1 = [0.00411, 0.0028, 0.00232, 0.00232]
HE_Neb_mean_Pop2        = [24.3, 29.5, 29.8, 29.8]
HE_weighted_D_mean_Pop2 = [0.02101, 0.01722, 0.01703, 0.01703]

[Molecular Coancestry]
Coan_Neb_n_Pop1 = 78.6
Coan_f1_Pop1    = 0.00636
Coan_Neb_n_Pop2 = None
Coan_f1_Pop2    = -0.02229

[Ne Estimates - Temporal - Decreasing critical values (0.050, 0.020, 0.010, 0+)]

[Pollak]
P_Ne     = [720.7, 745.3, 841.0, 857.0]
P_Fk     = [0.02694, 0.02671, 0.02595, 0.02583]
P_Fprime = [0.00694, 0.00671, 0.00595, 0.00583]

[Nei/Tajima]
N_Ne     = [838.7, 859.9, 961.5, 976.7]
N_Fc     = [0.02596, 0.02581, 0.0252, 0.02512]
N_Fprime = [0.00596, 0.00581, 0.0052, 0.00512]

[Jorde/Ryman]
J_Ne     = [1249.0, 1319.7, 1359.9, 1359.9]
J_Fs     = [0.02411, 0.02389, 0.02378, 0.02378]
J_Fprime = [0.004, 0.00379, 0.00368, 0.00368]

[Genetic Diversity - Heterozygosity]
mean_exp_het_pop1 = 0.6973
mean_obs_het_pop1 = 0.6962
mean_exp_het_pop2 = 0.6796
mean_obs_het_pop2 = 0.699

[Genetic Diversity - Allele Counts]
mean_alleles_pop1 = 5.81
var_alleles_pop1  = 2.56
sum_alleles_pop1  = 122
mean_alleles_pop2 = 5.88
var_alleles_pop2  = 1.91
sum_alleles_pop2  = 247

[Genetic Diversity - Allelic Size Variance]
var_allele_size_pop1 = 2.0712
var_allele_size_pop2 = 2.0927

[Per-locus summary - Population 1]
Locus | Num_Alleles | Alleles                                    | Frequencies                                                              | Variance | Obs_Het | Exp_Het
------+-------------+--------------------------------------------+--------------------------------------------------------------------------+----------+---------+--------
1     | 5           | [98, 99, 100, 101, 102]                    | [0.1400, 0.1800, 0.5200, 0.0900, 0.0700]                                 | 1.0571   | 0.7600  | 0.6713 
2     | 7           | [96, 97, 98, 99, 100, 101, 102]            | [0.0100, 0.0800, 0.0600, 0.3400, 0.3800, 0.1100, 0.0200]                 | 1.3019   | 0.6600  | 0.7247 
3     | 7           | [95, 96, 97, 98, 99, 100, 101]             | [0.0400, 0.0700, 0.1300, 0.3700, 0.0700, 0.3000, 0.0200]                 | 2.1044   | 0.7600  | 0.7519 
4     | 7           | [96, 97, 98, 99, 100, 101, 102]            | [0.0100, 0.1200, 0.3100, 0.1700, 0.3000, 0.0100, 0.0800]                 | 1.9396   | 0.8400  | 0.7717 
5     | 5           | [97, 99, 100, 101, 102]                    | [0.0500, 0.1400, 0.4500, 0.2200, 0.1400]                                 | 1.3259   | 0.7400  | 0.7146 
6     | 9           | [95, 96, 97, 98, 99, 101, 102, 103, 104]   | [0.0200, 0.1400, 0.1500, 0.1300, 0.0500, 0.0400, 0.3900, 0.0500, 0.0300] | 7.0811   | 0.8400  | 0.7889 
7     | 5           | [99, 100, 101, 103, 104]                   | [0.0500, 0.3700, 0.2100, 0.3400, 0.0300]                                 | 2.1100   | 0.6800  | 0.7071 
8     | 6           | [97, 98, 100, 101, 102, 103]               | [0.0100, 0.0600, 0.0100, 0.3000, 0.4800, 0.1400]                         | 1.4691   | 0.5600  | 0.6628 
9     | 9           | [97, 98, 99, 100, 101, 102, 103, 104, 105] | [0.0500, 0.0800, 0.0100, 0.1100, 0.1400, 0.1200, 0.1100, 0.3600, 0.0200] | 4.9251   | 0.8600  | 0.8109 
10    | 6           | [95, 97, 98, 99, 100, 101]                 | [0.0300, 0.1000, 0.2300, 0.1900, 0.3600, 0.0900]                         | 1.8299   | 0.8400  | 0.7701 
11    | 4           | [98, 99, 100, 101]                         | [0.1500, 0.1400, 0.6400, 0.0700]                                         | 0.6731   | 0.5400  | 0.5489 
12    | 5           | [97, 98, 99, 100, 101]                     | [0.0500, 0.2600, 0.1400, 0.4300, 0.1200]                                 | 1.2739   | 0.7400  | 0.7182 
13    | 4           | [99, 100, 101, 102]                        | [0.3100, 0.6100, 0.0700, 0.0100]                                         | 0.3716   | 0.5200  | 0.5321 
14    | 6           | [97, 98, 99, 100, 101, 102]                | [0.3600, 0.0400, 0.0100, 0.1100, 0.4600, 0.0200]                         | 3.5011   | 0.7000  | 0.6511 
15    | 5           | [97, 98, 99, 100, 101]                     | [0.0300, 0.1300, 0.4200, 0.0200, 0.4000]                                 | 1.4731   | 0.5800  | 0.6519 
16    | 6           | [97, 98, 99, 100, 101, 102]                | [0.0200, 0.0900, 0.5600, 0.0200, 0.1000, 0.2100]                         | 1.9616   | 0.5800  | 0.6297 
17    | 4           | [98, 99, 100, 101]                         | [0.1800, 0.2600, 0.4400, 0.1200]                                         | 0.8500   | 0.6400  | 0.6990 
18    | 5           | [98, 99, 100, 101, 102]                    | [0.2400, 0.2700, 0.1700, 0.1800, 0.1400]                                 | 1.8859   | 0.7600  | 0.7966 
19    | 3           | [99, 100, 101]                             | [0.1400, 0.7200, 0.1400]                                                 | 0.2800   | 0.3800  | 0.4469 
20    | 6           | [97, 98, 99, 100, 101, 102]                | [0.0700, 0.1400, 0.3400, 0.3000, 0.0600, 0.0900]                         | 1.6019   | 0.9000  | 0.7659 
21    | 8           | [98, 99, 100, 101, 102, 103, 104, 105]     | [0.0100, 0.2300, 0.2300, 0.1400, 0.0100, 0.1200, 0.1800, 0.0800]         | 4.4779   | 0.7400  | 0.8295 

[Per-locus summary - Population 2]
Locus | Num_Alleles | Alleles                               | Frequencies                                                      | Variance | Obs_Het | Exp_Het
------+-------------+---------------------------------------+------------------------------------------------------------------+----------+---------+--------
1     | 5           | [98, 99, 100, 101, 102]               | [0.1400, 0.1700, 0.4700, 0.0900, 0.1300]                         | 1.3300   | 0.8000  | 0.7127 
2     | 7           | [96, 97, 98, 99, 100, 101, 102]       | [0.0200, 0.0800, 0.0300, 0.3800, 0.3600, 0.1100, 0.0200]         | 1.3579   | 0.6600  | 0.7129 
3     | 7           | [95, 96, 97, 98, 99, 100, 101]        | [0.0400, 0.0900, 0.1300, 0.2500, 0.0800, 0.4000, 0.0100]         | 2.3896   | 0.7600  | 0.7519 
4     | 5           | [97, 98, 99, 100, 102]                | [0.1000, 0.4000, 0.0500, 0.3400, 0.1100]                         | 2.1251   | 0.7000  | 0.7069 
5     | 5           | [97, 99, 100, 101, 102]               | [0.0300, 0.1300, 0.5400, 0.2500, 0.0500]                         | 0.8331   | 0.7400  | 0.6319 
6     | 7           | [96, 97, 98, 99, 101, 102, 103]       | [0.2000, 0.0900, 0.0800, 0.0300, 0.0100, 0.4700, 0.1200]         | 7.3275   | 0.7000  | 0.7164 
7     | 6           | [99, 100, 101, 102, 103, 104]         | [0.0400, 0.3500, 0.1100, 0.0200, 0.4500, 0.0300]                 | 2.2636   | 0.7000  | 0.6667 
8     | 6           | [98, 100, 101, 102, 103, 104]         | [0.0700, 0.0100, 0.2800, 0.5100, 0.1200, 0.0100]                 | 1.4064   | 0.6800  | 0.6485 
9     | 8           | [97, 98, 99, 100, 101, 102, 103, 104] | [0.0900, 0.0200, 0.1000, 0.2000, 0.0900, 0.0700, 0.0400, 0.3900] | 5.7100   | 0.8200  | 0.7826 
10    | 6           | [95, 97, 98, 99, 100, 101]            | [0.0200, 0.1100, 0.2500, 0.1600, 0.3200, 0.1400]                 | 1.8875   | 0.8200  | 0.7853 
11    | 5           | [97, 98, 99, 100, 101]                | [0.0200, 0.0800, 0.1200, 0.7600, 0.0200]                         | 0.5376   | 0.4200  | 0.4048 
12    | 5           | [97, 98, 99, 100, 101]                | [0.0200, 0.2200, 0.1600, 0.4200, 0.1800]                         | 1.1696   | 0.8200  | 0.7240 
13    | 4           | [99, 100, 101, 102]                   | [0.3700, 0.4900, 0.1300, 0.0100]                                 | 0.4916   | 0.6000  | 0.6121 
14    | 4           | [97, 98, 100, 101]                    | [0.4200, 0.0300, 0.1100, 0.4400]                                 | 3.5656   | 0.6800  | 0.6232 
15    | 5           | [97, 98, 99, 100, 101]                | [0.0100, 0.1100, 0.3800, 0.0400, 0.4600]                         | 1.3411   | 0.6200  | 0.6366 
16    | 7           | [97, 98, 99, 100, 101, 102, 103]      | [0.0200, 0.0400, 0.5000, 0.0700, 0.0200, 0.3400, 0.0100]         | 2.3019   | 0.7000  | 0.6333 
17    | 5           | [97, 98, 99, 100, 101]                | [0.0100, 0.1400, 0.3300, 0.4300, 0.0900]                         | 0.7675   | 0.6800  | 0.6853 
18    | 6           | [97, 98, 99, 100, 101, 102]           | [0.0100, 0.3000, 0.2000, 0.2900, 0.1000, 0.1000]                 | 1.7091   | 0.7400  | 0.7735 
19    | 3           | [99, 100, 101]                        | [0.2200, 0.6800, 0.1000]                                         | 0.3056   | 0.5400  | 0.4840 
20    | 6           | [97, 98, 99, 100, 101, 102]           | [0.0100, 0.1300, 0.2700, 0.4200, 0.0700, 0.1000]                 | 1.2659   | 0.6600  | 0.7261 
21    | 7           | [99, 100, 101, 102, 103, 104, 105]    | [0.1800, 0.1800, 0.1900, 0.0800, 0.1300, 0.1600, 0.0800]         | 3.8600   | 0.8400  | 0.8523 
