
[Simulation Info]
simulation_id = sim_0009851
timestamp     = 20250428_113244
seed          = 452454
output_folder = /home/lejeunet/Bureau/simulations/Ref_table/sim_0009851

[Model Parameters]
pop_size           = 3452
num_loci           = 20
sample1_generation = 30
sample2_generation = 10
low_repeats        = 1
high_repeats       = 200
mutation_rate      = 0.001
recap_Ne           = 3452

[Sampling Design]
sample1_size_Ne  = 50
sample2_size_Ne  = 50
sample1_size_CMR = 50
sample2_size_CMR = 50

[Capture-Marquage-Recapture]
census_N   =  0
MatchCount =  0
# There were no match between sampling of individuals during CMR.

[Ne Estimates - One Sample - Decreasing critical values [0.050, 0.020, 0.010, 0+]]

[Linkage Desequilibrium]
LD_Ne_Pop1 = [401.3, 485.1, 1223.3, 1223.3]
LD_r2_Pop1 = [0.022102, 0.02196, 0.021548, 0.021548]
LD_Ne_Pop2 = [1341.7, 1266.1, 13826.5, 13826.5]
LD_r2_Pop2 = [0.021524, 0.021539, 0.0213, 0.0213]

[Heterozygote excess]
HE_Neb_mean_Pop1        = [None, None, None, None]
HE_weighted_D_mean_Pop1 = [-0.0016, -0.00399, -0.00421, -0.00421]
HE_Neb_mean_Pop2        = [50.3, 82.2, 94.1, 94.1]
HE_weighted_D_mean_Pop2 = [0.01003, 0.00612, 0.00534, 0.00534]

[Molecular Coancestry]
Coan_Neb_n_Pop1 = 33.0
Coan_f1_Pop1    = 0.01513
Coan_Neb_n_Pop2 = None
Coan_f1_Pop2    = -0.00231

[Ne Estimates - Temporal - Decreasing critical values (0.050, 0.020, 0.010, 0+)]

[Pollak]
P_Ne     = [2284.0, 2199.8, 2322.7, 2437.5]
P_Fk     = [0.02219, 0.02227, 0.02215, 0.02205]
P_Fprime = [0.00219, 0.00227, 0.00215, 0.00205]

[Nei/Tajima]
N_Ne     = [1904.4, 1902.3, 2010.8, 2094.5]
N_Fc     = [0.02263, 0.02263, 0.02249, 0.02239]
N_Fprime = [0.00263, 0.00263, 0.00249, 0.00239]

[Jorde/Ryman]
J_Ne     = [807.4, 731.8, 740.2, 740.2]
J_Fs     = [0.0263, 0.02694, 0.02687, 0.02687]
J_Fprime = [0.00619, 0.00683, 0.00676, 0.00675]

[Genetic Diversity - Heterozygosity]
mean_exp_het_pop1 = 0.8098
mean_obs_het_pop1 = 0.8038
mean_exp_het_pop2 = 0.8142
mean_obs_het_pop2 = 0.8114

[Genetic Diversity - Allele Counts]
mean_alleles_pop1 = 8.67
var_alleles_pop1  = 2.23
sum_alleles_pop1  = 182
mean_alleles_pop2 = 8.83
var_alleles_pop2  = 2.87
sum_alleles_pop2  = 371

[Genetic Diversity - Allelic Size Variance]
var_allele_size_pop1 = 4.1492
var_allele_size_pop2 = 4.3441

[Per-locus summary - Population 1]
Locus | Num_Alleles | Alleles                                                   | Frequencies                                                                                      | Variance | Obs_Het | Exp_Het
------+-------------+-----------------------------------------------------------+--------------------------------------------------------------------------------------------------+----------+---------+--------
1     | 9           | [95, 96, 97, 98, 99, 100, 101, 103, 104]                  | [0.0900, 0.2300, 0.2300, 0.2000, 0.0100, 0.1600, 0.0100, 0.0500, 0.0200]                         | 4.6171   | 0.9000  | 0.8257 
2     | 8           | [99, 100, 101, 102, 103, 104, 105, 106]                   | [0.0200, 0.2900, 0.1100, 0.1100, 0.1900, 0.0500, 0.2000, 0.0300]                                 | 4.0524   | 0.8000  | 0.8200 
3     | 9           | [94, 95, 96, 97, 98, 99, 100, 101, 102]                   | [0.0800, 0.0100, 0.0500, 0.1700, 0.1800, 0.1800, 0.1400, 0.1800, 0.0100]                         | 4.0836   | 0.9000  | 0.8537 
4     | 10          | [96, 97, 98, 99, 100, 101, 102, 103, 104, 105]            | [0.0200, 0.1400, 0.0900, 0.0600, 0.2700, 0.1400, 0.1000, 0.0300, 0.1200, 0.0300]                 | 5.3776   | 0.8400  | 0.8582 
5     | 8           | [97, 98, 99, 100, 101, 102, 103, 105]                     | [0.0500, 0.0600, 0.1500, 0.2100, 0.2100, 0.2200, 0.0600, 0.0400]                                 | 3.0979   | 0.8600  | 0.8380 
6     | 7           | [97, 98, 99, 100, 101, 102, 103]                          | [0.0100, 0.1800, 0.2500, 0.1800, 0.2600, 0.0500, 0.0700]                                         | 2.1451   | 0.8000  | 0.8057 
7     | 11          | [95, 96, 97, 98, 99, 100, 101, 102, 103, 104, 105]        | [0.0400, 0.1300, 0.1500, 0.0400, 0.0900, 0.0700, 0.1200, 0.1600, 0.1100, 0.0800, 0.0100]         | 7.9200   | 0.8800  | 0.8948 
8     | 8           | [93, 94, 95, 96, 97, 98, 99, 101]                         | [0.0100, 0.0700, 0.0800, 0.2600, 0.1200, 0.3400, 0.1000, 0.0200]                                 | 2.4275   | 0.7400  | 0.7885 
9     | 10          | [97, 98, 99, 100, 102, 103, 104, 105, 106, 107]           | [0.0200, 0.0600, 0.0700, 0.0100, 0.0800, 0.2700, 0.1500, 0.1400, 0.1800, 0.0200]                 | 6.1024   | 0.9000  | 0.8452 
10    | 12          | [97, 98, 99, 100, 101, 102, 103, 104, 105, 106, 107, 108] | [0.0400, 0.0200, 0.1400, 0.1900, 0.0300, 0.0300, 0.0600, 0.1200, 0.1900, 0.0300, 0.1000, 0.0500] | 9.9376   | 0.9200  | 0.8818 
11    | 9           | [93, 94, 95, 96, 97, 98, 100, 101, 102]                   | [0.0300, 0.0200, 0.0300, 0.2500, 0.2400, 0.1100, 0.0200, 0.2100, 0.0900]                         | 5.9891   | 0.8200  | 0.8212 
12    | 7           | [95, 97, 98, 99, 100, 101, 102]                           | [0.0200, 0.0300, 0.2800, 0.2900, 0.1400, 0.2100, 0.0300]                                         | 1.9171   | 0.7200  | 0.7794 
13    | 7           | [94, 95, 96, 97, 98, 99, 100]                             | [0.3200, 0.2700, 0.1600, 0.0600, 0.1500, 0.0300, 0.0100]                                         | 2.4636   | 0.6800  | 0.7798 
14    | 10          | [96, 97, 98, 99, 100, 101, 102, 103, 104, 105]            | [0.0100, 0.0200, 0.0600, 0.0600, 0.1900, 0.1000, 0.3900, 0.0800, 0.0800, 0.0100]                 | 3.0859   | 0.8000  | 0.7891 
15    | 8           | [99, 100, 101, 102, 103, 104, 105, 107]                   | [0.0200, 0.1200, 0.2300, 0.3100, 0.1600, 0.1400, 0.0100, 0.0100]                                 | 1.9499   | 0.7200  | 0.7988 
16    | 6           | [97, 98, 99, 100, 101, 102]                               | [0.0100, 0.0500, 0.2100, 0.6000, 0.1000, 0.0300]                                                 | 0.6876   | 0.5400  | 0.5883 
17    | 9           | [94, 95, 96, 98, 99, 100, 101, 102, 104]                  | [0.0300, 0.1400, 0.0100, 0.0800, 0.2200, 0.1700, 0.0700, 0.2700, 0.0100]                         | 6.1675   | 0.8800  | 0.8261 
18    | 8           | [97, 98, 99, 100, 101, 102, 103, 107]                     | [0.0300, 0.1300, 0.0100, 0.1000, 0.3100, 0.2800, 0.1200, 0.0200]                                 | 3.2699   | 0.8600  | 0.7907 
19    | 10          | [95, 96, 98, 100, 101, 102, 103, 104, 105, 106]           | [0.0700, 0.0100, 0.0100, 0.0100, 0.1400, 0.2600, 0.2600, 0.1100, 0.1000, 0.0300]                 | 6.1875   | 0.7600  | 0.8253 
20    | 7           | [101, 102, 103, 104, 105, 106, 107]                       | [0.0200, 0.1100, 0.0900, 0.4000, 0.2800, 0.0700, 0.0300]                                         | 1.5204   | 0.7400  | 0.7426 
21    | 9           | [96, 97, 98, 99, 100, 101, 102, 103, 104]                 | [0.0500, 0.2100, 0.2100, 0.1200, 0.0700, 0.1800, 0.1100, 0.0400, 0.0100]                         | 4.1339   | 0.8200  | 0.8523 

[Per-locus summary - Population 2]
Locus | Num_Alleles | Alleles                                            | Frequencies                                                                              | Variance | Obs_Het | Exp_Het
------+-------------+----------------------------------------------------+------------------------------------------------------------------------------------------+----------+---------+--------
1     | 11          | [94, 95, 96, 97, 98, 99, 100, 101, 102, 103, 104]  | [0.0100, 0.1100, 0.3300, 0.1700, 0.1500, 0.0200, 0.1400, 0.0300, 0.0100, 0.0200, 0.0100] | 4.1379   | 0.8000  | 0.8141 
2     | 8           | [99, 100, 101, 102, 103, 104, 105, 106]            | [0.0200, 0.2100, 0.1300, 0.0800, 0.1300, 0.0400, 0.3000, 0.0900]                         | 4.8404   | 0.8400  | 0.8238 
3     | 9           | [94, 95, 96, 97, 98, 99, 100, 101, 102]            | [0.0400, 0.0200, 0.0400, 0.1500, 0.1700, 0.1900, 0.1200, 0.2600, 0.0100]                 | 3.6600   | 0.8600  | 0.8351 
4     | 11          | [95, 96, 97, 98, 99, 100, 101, 102, 103, 104, 105] | [0.0200, 0.0100, 0.0800, 0.1500, 0.0300, 0.2000, 0.0900, 0.1100, 0.0400, 0.1700, 0.1000] | 7.3100   | 0.8200  | 0.8778 
5     | 9           | [96, 97, 98, 99, 100, 101, 102, 103, 105]          | [0.0100, 0.0200, 0.0600, 0.0800, 0.2000, 0.3900, 0.1000, 0.0800, 0.0600]                 | 2.9811   | 0.8000  | 0.7853 
6     | 6           | [98, 99, 100, 101, 102, 103]                       | [0.1900, 0.2400, 0.2200, 0.2700, 0.0300, 0.0500]                                         | 1.8204   | 0.7800  | 0.7895 
7     | 11          | [95, 96, 97, 98, 99, 100, 101, 102, 103, 104, 105] | [0.0300, 0.1800, 0.1400, 0.0300, 0.1600, 0.0600, 0.1000, 0.1800, 0.0600, 0.0500, 0.0100] | 7.1956   | 0.9000  | 0.8772 
8     | 8           | [94, 95, 96, 97, 98, 99, 100, 101]                 | [0.1400, 0.0100, 0.2800, 0.1500, 0.2300, 0.1200, 0.0100, 0.0600]                         | 3.3396   | 0.8400  | 0.8166 
9     | 9           | [97, 98, 99, 100, 102, 103, 104, 105, 106]         | [0.0100, 0.0500, 0.1100, 0.0400, 0.0400, 0.3000, 0.1800, 0.1300, 0.1400]                 | 5.7275   | 0.9200  | 0.8315 
10    | 10          | [97, 98, 99, 100, 103, 104, 105, 106, 107, 108]    | [0.0400, 0.0400, 0.1600, 0.0600, 0.0800, 0.1800, 0.1700, 0.0300, 0.1200, 0.1200]         | 11.4051  | 0.8200  | 0.8790 
11    | 10          | [93, 94, 95, 96, 97, 98, 99, 100, 101, 102]        | [0.0500, 0.0900, 0.0200, 0.4000, 0.0800, 0.0800, 0.0100, 0.0600, 0.1700, 0.0400]         | 6.4075   | 0.8000  | 0.7899 
12    | 5           | [97, 98, 99, 100, 101]                             | [0.0300, 0.3200, 0.2600, 0.2000, 0.1900]                                                 | 1.3600   | 0.7000  | 0.7606 
13    | 8           | [93, 94, 95, 96, 97, 98, 99, 100]                  | [0.0100, 0.2100, 0.2400, 0.1400, 0.2000, 0.1700, 0.0200, 0.0100]                         | 2.3875   | 0.8400  | 0.8174 
14    | 9           | [97, 98, 99, 100, 101, 102, 103, 104, 105]         | [0.0600, 0.0600, 0.1200, 0.1900, 0.0900, 0.2500, 0.1200, 0.0900, 0.0200]                 | 4.0299   | 0.8400  | 0.8574 
15    | 7           | [98, 99, 100, 101, 102, 103, 104]                  | [0.0100, 0.0300, 0.2000, 0.2300, 0.2600, 0.1700, 0.1000]                                 | 1.8779   | 0.8600  | 0.8077 
16    | 5           | [98, 99, 100, 101, 102]                            | [0.0400, 0.3500, 0.4100, 0.1400, 0.0600]                                                 | 0.8611   | 0.6400  | 0.6915 
17    | 10          | [94, 95, 96, 97, 98, 99, 100, 101, 102, 104]       | [0.0100, 0.1700, 0.0100, 0.0100, 0.1000, 0.1800, 0.1500, 0.1000, 0.2600, 0.0100]         | 6.2500   | 0.8400  | 0.8366 
18    | 8           | [97, 98, 99, 100, 101, 102, 103, 104]              | [0.0300, 0.1400, 0.0100, 0.0700, 0.3500, 0.2700, 0.1200, 0.0100]                         | 2.6819   | 0.7400  | 0.7723 
19    | 8           | [95, 96, 101, 102, 103, 104, 105, 106]             | [0.0700, 0.0200, 0.0900, 0.3400, 0.2400, 0.1100, 0.1000, 0.0300]                         | 6.2676   | 0.8400  | 0.7984 
20    | 7           | [101, 102, 103, 104, 105, 106, 107]                | [0.0100, 0.2100, 0.0900, 0.3200, 0.2500, 0.1100, 0.0100]                                 | 1.7984   | 0.7400  | 0.7784 
21    | 9           | [95, 96, 97, 98, 99, 100, 101, 102, 103]           | [0.0300, 0.0500, 0.2400, 0.1500, 0.0900, 0.0900, 0.1300, 0.1800, 0.0400]                 | 4.8875   | 0.8200  | 0.8580 
