
[Simulation Info]
simulation_id = sim_0000343
timestamp     = 20250428_074117
seed          = 950519
output_folder = /home/lejeunet/Bureau/simulations/Ref_table/sim_0000343

[Model Parameters]
pop_size           = 3143
num_loci           = 20
sample1_generation = 30
sample2_generation = 10
low_repeats        = 1
high_repeats       = 200
mutation_rate      = 0.001
recap_Ne           = 3143

[Sampling Design]
sample1_size_Ne  = 50
sample2_size_Ne  = 50
sample1_size_CMR = 50
sample2_size_CMR = 50

[Capture-Marquage-Recapture]
census_N   =  2601
MatchCount =  1

[Ne Estimates - One Sample - Decreasing critical values [0.050, 0.020, 0.010, 0+]]

[Linkage Desequilibrium]
LD_Ne_Pop1 = [None, 14698.2, None, None]
LD_r2_Pop1 = [0.021104, 0.021299, 0.021136, 0.021136]
LD_Ne_Pop2 = [None, 1054.7, 2852.0, 2852.0]
LD_r2_Pop2 = [0.02095, 0.021591, 0.021393, 0.021393]

[Heterozygote excess]
HE_Neb_mean_Pop1        = [None, None, None, None]
HE_weighted_D_mean_Pop1 = [-0.00777, -0.00818, -0.00819, -0.00819]
HE_Neb_mean_Pop2        = [60.9, 68.6, 85.7, 85.7]
HE_weighted_D_mean_Pop2 = [0.00827, 0.00734, 0.00587, 0.00587]

[Molecular Coancestry]
Coan_Neb_n_Pop1 = None
Coan_f1_Pop1    = -0.03179
Coan_Neb_n_Pop2 = 47.6
Coan_f1_Pop2    = 0.0105

[Ne Estimates - Temporal - Decreasing critical values (0.050, 0.020, 0.010, 0+)]

[Pollak]
P_Ne     = [21483.2, 3366.8, 5612.9, 5785.1]
P_Fk     = [0.02023, 0.02149, 0.02089, 0.02086]
P_Fprime = [0.00023, 0.00149, 0.00089, 0.00086]

[Nei/Tajima]
N_Ne     = [-14670.9, 5614.3, 12894.9, 13302.1]
N_Fc     = [0.01966, 0.02089, 0.02039, 0.02038]
N_Fprime = [-0.00034, 0.00089, 0.00039, 0.00038]

[Jorde/Ryman]
J_Ne     = [-4497.4, -19863.9, -13693.7, -13675.9]
J_Fs     = [0.01899, 0.01985, 0.01974, 0.01973]
J_Fprime = [-0.00111, -0.00025, -0.00037, -0.00037]

[Genetic Diversity - Heterozygosity]
mean_exp_het_pop1 = 0.7987
mean_obs_het_pop1 = 0.7857
mean_exp_het_pop2 = 0.7903
mean_obs_het_pop2 = 0.7943

[Genetic Diversity - Allele Counts]
mean_alleles_pop1 = 8.57
var_alleles_pop1  = 5.66
sum_alleles_pop1  = 180
mean_alleles_pop2 = 8.74
var_alleles_pop2  = 6.44
sum_alleles_pop2  = 367

[Genetic Diversity - Allelic Size Variance]
var_allele_size_pop1 = 4.5094
var_allele_size_pop2 = 4.3954

[Per-locus summary - Population 1]
Locus | Num_Alleles | Alleles                                                         | Frequencies                                                                                                      | Variance | Obs_Het | Exp_Het
------+-------------+-----------------------------------------------------------------+------------------------------------------------------------------------------------------------------------------+----------+---------+--------
1     | 14          | [91, 92, 93, 94, 95, 96, 97, 98, 99, 100, 101, 103, 106, 107]   | [0.0300, 0.1700, 0.0500, 0.1700, 0.0300, 0.0300, 0.0300, 0.2800, 0.1000, 0.0100, 0.0200, 0.0300, 0.0400, 0.0100] | 13.8600  | 0.8200  | 0.8531 
2     | 5           | [96, 97, 98, 99, 100]                                           | [0.0100, 0.2200, 0.4100, 0.2800, 0.0800]                                                                         | 0.8200   | 0.6600  | 0.7057 
3     | 11          | [96, 97, 98, 99, 100, 101, 102, 103, 104, 105, 106]             | [0.0100, 0.0300, 0.1000, 0.1400, 0.0100, 0.0400, 0.0300, 0.3300, 0.1800, 0.1000, 0.0300]                         | 6.4796   | 0.8800  | 0.8228 
4     | 14          | [92, 93, 94, 95, 96, 98, 99, 100, 101, 102, 103, 104, 106, 107] | [0.0400, 0.0200, 0.0100, 0.2200, 0.0700, 0.0800, 0.0600, 0.0600, 0.1200, 0.1100, 0.0100, 0.0500, 0.1400, 0.0100] | 17.4704  | 0.9600  | 0.8911 
5     | 6           | [98, 99, 100, 101, 102, 103]                                    | [0.1000, 0.0400, 0.2500, 0.3400, 0.1500, 0.1200]                                                                 | 1.8824   | 0.8000  | 0.7812 
6     | 7           | [98, 99, 100, 101, 102, 103, 104]                               | [0.0500, 0.1400, 0.2100, 0.4000, 0.0900, 0.0900, 0.0200]                                                         | 1.7539   | 0.6800  | 0.7649 
7     | 10          | [93, 94, 95, 96, 98, 99, 100, 101, 102, 105]                    | [0.0300, 0.0900, 0.1200, 0.0300, 0.0200, 0.1500, 0.3500, 0.1700, 0.0200, 0.0200]                                 | 7.3475   | 0.6800  | 0.8087 
8     | 9           | [98, 99, 100, 101, 102, 103, 104, 105, 106]                     | [0.0500, 0.1600, 0.1200, 0.1700, 0.3400, 0.0100, 0.0500, 0.0700, 0.0300]                                         | 3.7875   | 0.7800  | 0.8127 
9     | 9           | [95, 96, 97, 98, 99, 100, 101, 102, 103]                        | [0.0900, 0.0300, 0.1600, 0.1100, 0.2400, 0.0300, 0.0600, 0.2500, 0.0300]                                         | 5.4404   | 0.7400  | 0.8362 
10    | 7           | [96, 97, 98, 99, 100, 101, 102]                                 | [0.0500, 0.0700, 0.0600, 0.3400, 0.3000, 0.1700, 0.0100]                                                         | 1.7576   | 0.7800  | 0.7620 
11    | 10          | [97, 98, 99, 100, 101, 102, 103, 104, 105, 106]                 | [0.0100, 0.0400, 0.0300, 0.0600, 0.4400, 0.1000, 0.1100, 0.1100, 0.0800, 0.0200]                                 | 3.3859   | 0.7800  | 0.7669 
12    | 6           | [97, 98, 99, 100, 101, 102]                                     | [0.0700, 0.2400, 0.1100, 0.4800, 0.0800, 0.0200]                                                                 | 1.3976   | 0.6800  | 0.6952 
13    | 9           | [93, 94, 95, 96, 97, 98, 99, 101, 104]                          | [0.0100, 0.0900, 0.2700, 0.1700, 0.0300, 0.3200, 0.0100, 0.0600, 0.0400]                                         | 5.4744   | 0.7800  | 0.7893 
14    | 7           | [98, 99, 100, 101, 102, 103, 104]                               | [0.0100, 0.1800, 0.1800, 0.1400, 0.2900, 0.1500, 0.0500]                                                         | 2.3011   | 0.8000  | 0.8145 
15    | 9           | [96, 97, 98, 99, 100, 101, 102, 103, 104]                       | [0.0100, 0.0700, 0.0200, 0.0300, 0.0500, 0.3500, 0.3200, 0.1300, 0.0200]                                         | 2.7204   | 0.7800  | 0.7566 
16    | 8           | [98, 99, 100, 101, 102, 103, 104, 105]                          | [0.0400, 0.0100, 0.2100, 0.1200, 0.1200, 0.1400, 0.3000, 0.0600]                                                 | 3.5339   | 0.7600  | 0.8204 
17    | 7           | [98, 99, 100, 101, 102, 103, 104]                               | [0.0700, 0.1900, 0.2300, 0.1300, 0.2100, 0.0900, 0.0800]                                                         | 2.8739   | 0.8600  | 0.8390 
18    | 7           | [98, 99, 100, 101, 102, 103, 104]                               | [0.0400, 0.0600, 0.1700, 0.1400, 0.2500, 0.3000, 0.0400]                                                         | 2.2664   | 0.8600  | 0.8002 
19    | 10          | [96, 97, 98, 99, 100, 101, 102, 103, 104, 105]                  | [0.0100, 0.0200, 0.0400, 0.1600, 0.1800, 0.1900, 0.1200, 0.1000, 0.1600, 0.0200]                                 | 4.0131   | 0.8800  | 0.8620 
20    | 8           | [96, 97, 98, 99, 100, 101, 102, 103]                            | [0.0200, 0.1000, 0.1800, 0.1000, 0.0100, 0.1800, 0.3600, 0.0500]                                                 | 4.0659   | 0.7000  | 0.7905 
21    | 7           | [94, 95, 96, 97, 98, 99, 100]                                   | [0.0600, 0.0600, 0.1400, 0.3100, 0.2600, 0.1200, 0.0500]                                                         | 2.0659   | 0.8400  | 0.8006 

[Per-locus summary - Population 2]
Locus | Num_Alleles | Alleles                                                                 | Frequencies                                                                                                                      | Variance | Obs_Het | Exp_Het
------+-------------+-------------------------------------------------------------------------+----------------------------------------------------------------------------------------------------------------------------------+----------+---------+--------
1     | 12          | [91, 92, 93, 94, 95, 96, 97, 98, 99, 100, 101, 106]                     | [0.0100, 0.0900, 0.2100, 0.1500, 0.0400, 0.0100, 0.0200, 0.2600, 0.0900, 0.0100, 0.0500, 0.0600]                                 | 13.3976  | 0.8800  | 0.8497 
2     | 5           | [96, 97, 98, 99, 100]                                                   | [0.0500, 0.2800, 0.3500, 0.2200, 0.1000]                                                                                         | 1.0984   | 0.7800  | 0.7457 
3     | 10          | [96, 97, 98, 99, 100, 101, 103, 104, 105, 106]                          | [0.0400, 0.0400, 0.0900, 0.1300, 0.0200, 0.0200, 0.2800, 0.2200, 0.1400, 0.0200]                                                 | 7.8891   | 0.8400  | 0.8325 
4     | 16          | [91, 92, 93, 94, 95, 96, 97, 98, 99, 100, 101, 102, 103, 104, 105, 106] | [0.0100, 0.0200, 0.0300, 0.0100, 0.3300, 0.0700, 0.0100, 0.0900, 0.0400, 0.0500, 0.1200, 0.0700, 0.0200, 0.0100, 0.0100, 0.1100] | 16.0731  | 0.7800  | 0.8489 
5     | 9           | [98, 99, 100, 101, 102, 103, 105, 106, 107]                             | [0.0100, 0.0800, 0.3400, 0.2800, 0.2000, 0.0500, 0.0100, 0.0200, 0.0100]                                                         | 2.1691   | 0.6600  | 0.7640 
6     | 7           | [98, 99, 100, 101, 102, 103, 104]                                       | [0.0100, 0.1700, 0.3100, 0.2700, 0.1500, 0.0500, 0.0400]                                                                         | 1.6939   | 0.6600  | 0.7832 
7     | 9           | [93, 94, 95, 96, 98, 99, 100, 101, 102]                                 | [0.0500, 0.1200, 0.0700, 0.0100, 0.0100, 0.1000, 0.3400, 0.2300, 0.0700]                                                         | 7.8659   | 0.7200  | 0.8026 
8     | 9           | [98, 99, 100, 101, 102, 103, 105, 106, 107]                             | [0.0500, 0.1700, 0.0800, 0.1300, 0.3700, 0.0700, 0.0600, 0.0600, 0.0100]                                                         | 4.3884   | 0.8600  | 0.8042 
9     | 9           | [95, 96, 97, 98, 99, 100, 101, 102, 103]                                | [0.0800, 0.0200, 0.1100, 0.2100, 0.2600, 0.0400, 0.0600, 0.1900, 0.0300]                                                         | 4.5784   | 0.8800  | 0.8356 
10    | 6           | [97, 98, 99, 100, 101, 102]                                             | [0.0500, 0.1000, 0.3900, 0.3100, 0.1300, 0.0200]                                                                                 | 1.1251   | 0.8200  | 0.7293 
11    | 10          | [97, 98, 99, 100, 101, 102, 103, 104, 105, 106]                         | [0.0300, 0.0900, 0.0300, 0.0900, 0.4100, 0.0500, 0.1400, 0.0600, 0.0800, 0.0200]                                                 | 4.2779   | 0.8000  | 0.7893 
12    | 6           | [97, 98, 99, 100, 101, 102]                                             | [0.0700, 0.3000, 0.1200, 0.4100, 0.0800, 0.0200]                                                                                 | 1.4539   | 0.7600  | 0.7230 
13    | 9           | [93, 94, 95, 96, 97, 98, 100, 101, 104]                                 | [0.0100, 0.0700, 0.2700, 0.2600, 0.0400, 0.2800, 0.0100, 0.0300, 0.0300]                                                         | 4.2819   | 0.7400  | 0.7804 
14    | 7           | [98, 99, 100, 101, 102, 103, 104]                                       | [0.0100, 0.2200, 0.1400, 0.1300, 0.3000, 0.1500, 0.0500]                                                                         | 2.4404   | 0.8600  | 0.8081 
15    | 8           | [97, 98, 99, 100, 101, 102, 103, 104]                                   | [0.1100, 0.0100, 0.0500, 0.0500, 0.3600, 0.3500, 0.0600, 0.0100]                                                                 | 2.7656   | 0.6800  | 0.7343 
16    | 9           | [98, 99, 100, 101, 102, 103, 104, 105, 106]                             | [0.0200, 0.0100, 0.1000, 0.1500, 0.2400, 0.1200, 0.3400, 0.0100, 0.0100]                                                         | 2.5219   | 0.8800  | 0.7871 
17    | 7           | [98, 99, 100, 101, 102, 103, 104]                                       | [0.0300, 0.2000, 0.2000, 0.1300, 0.2400, 0.0800, 0.1200]                                                                         | 2.9051   | 0.8000  | 0.8321 
18    | 7           | [98, 99, 100, 101, 102, 103, 104]                                       | [0.0100, 0.0700, 0.1100, 0.1300, 0.3100, 0.3500, 0.0200]                                                                         | 1.7459   | 0.8600  | 0.7546 
19    | 9           | [97, 98, 99, 100, 101, 102, 103, 104, 105]                              | [0.0400, 0.0500, 0.2600, 0.1500, 0.1600, 0.0700, 0.1300, 0.1200, 0.0200]                                                         | 4.2259   | 0.8800  | 0.8521 
20    | 7           | [97, 98, 99, 100, 101, 102, 103]                                        | [0.1000, 0.1100, 0.0300, 0.0200, 0.2000, 0.4200, 0.1200]                                                                         | 3.6075   | 0.8000  | 0.7533 
21    | 7           | [94, 95, 96, 97, 98, 99, 100]                                           | [0.0400, 0.0500, 0.1200, 0.3100, 0.2500, 0.2100, 0.0200]                                                                         | 1.7979   | 0.7400  | 0.7863 
