
[Simulation Info]
simulation_id = sim_0009040
timestamp     = 20250428_110856
seed          = 674492
output_folder = /home/lejeunet/Bureau/simulations/Ref_table/sim_0009040

[Model Parameters]
pop_size           = 8845
num_loci           = 20
sample1_generation = 30
sample2_generation = 10
low_repeats        = 1
high_repeats       = 200
mutation_rate      = 0.001
recap_Ne           = 8845

[Sampling Design]
sample1_size_Ne  = 50
sample2_size_Ne  = 50
sample1_size_CMR = 50
sample2_size_CMR = 50

[Capture-Marquage-Recapture]
census_N   =  0
MatchCount =  0
# There were no match between sampling of individuals during CMR.

[Ne Estimates - One Sample - Decreasing critical values [0.050, 0.020, 0.010, 0+]]

[Linkage Desequilibrium]
LD_Ne_Pop1 = [2518.8, None, 1800.7, 1800.7]
LD_r2_Pop1 = [0.021408, 0.021271, 0.021461, 0.021461]
LD_Ne_Pop2 = [None, None, None, None]
LD_r2_Pop2 = [0.020425, 0.020714, 0.020868, 0.020868]

[Heterozygote excess]
HE_Neb_mean_Pop1        = [83.8, 469.5, 2087.1, 2087.1]
HE_weighted_D_mean_Pop1 = [0.006, 0.00107, 0.00024, 0.00024]
HE_Neb_mean_Pop2        = [None, None, None, None]
HE_weighted_D_mean_Pop2 = [-0.01719, -0.01333, -0.01323, -0.01323]

[Molecular Coancestry]
Coan_Neb_n_Pop1 = 17.3
Coan_f1_Pop1    = 0.0289
Coan_Neb_n_Pop2 = None
Coan_f1_Pop2    = -0.01352

[Ne Estimates - Temporal - Decreasing critical values (0.050, 0.020, 0.010, 0+)]

[Pollak]
P_Ne     = [-4148.3, -12685.4, -4957.0, -4922.7]
P_Fk     = [0.01879, 0.01961, 0.01899, 0.01898]
P_Fprime = [-0.00121, -0.00039, -0.00101, -0.00102]

[Nei/Tajima]
N_Ne     = [-3167.9, -6413.8, -3778.9, -3777.3]
N_Fc     = [0.01842, 0.01922, 0.01868, 0.01868]
N_Fprime = [-0.00158, -0.00078, -0.00132, -0.00132]

[Jorde/Ryman]
J_Ne     = [-2698.4, -3672.6, -3532.5, -3531.7]
J_Fs     = [0.01825, 0.01874, 0.01869, 0.01869]
J_Fprime = [-0.00185, -0.00136, -0.00142, -0.00142]

[Genetic Diversity - Heterozygosity]
mean_exp_het_pop1 = 0.863
mean_obs_het_pop1 = 0.8714
mean_exp_het_pop2 = 0.8598
mean_obs_het_pop2 = 0.8514

[Genetic Diversity - Allele Counts]
mean_alleles_pop1 = 11.29
var_alleles_pop1  = 5.61
sum_alleles_pop1  = 237
mean_alleles_pop2 = 11.69
var_alleles_pop2  = 7.05
sum_alleles_pop2  = 491

[Genetic Diversity - Allelic Size Variance]
var_allele_size_pop1 = 7.8259
var_allele_size_pop2 = 7.8868

[Per-locus summary - Population 1]
Locus | Num_Alleles | Alleles                                                                 | Frequencies                                                                                                              | Variance | Obs_Het | Exp_Het
------+-------------+-------------------------------------------------------------------------+--------------------------------------------------------------------------------------------------------------------------+----------+---------+--------
1     | 9           | [92, 94, 95, 96, 97, 98, 99, 100, 101]                                  | [0.0500, 0.0500, 0.2600, 0.0800, 0.1000, 0.1900, 0.0600, 0.1400, 0.0700]                                                 | 5.6299   | 0.7600  | 0.8554 
2     | 11          | [98, 100, 101, 102, 103, 104, 105, 106, 107, 108, 109]                  | [0.0100, 0.0900, 0.2300, 0.1700, 0.1100, 0.1000, 0.1600, 0.0700, 0.0100, 0.0400, 0.0100]                                 | 5.0396   | 0.9200  | 0.8642 
3     | 8           | [96, 97, 98, 99, 100, 101, 102, 103]                                    | [0.0300, 0.1300, 0.2600, 0.2300, 0.0800, 0.0900, 0.1300, 0.0500]                                                         | 3.4024   | 0.8400  | 0.8362 
4     | 10          | [95, 96, 97, 98, 99, 100, 101, 102, 103, 104]                           | [0.0100, 0.0700, 0.0400, 0.0400, 0.1100, 0.3500, 0.1700, 0.1500, 0.0500, 0.0100]                                         | 3.3796   | 0.8600  | 0.8113 
5     | 14          | [95, 96, 97, 98, 99, 100, 101, 102, 103, 104, 105, 106, 107, 108]       | [0.0100, 0.0200, 0.0100, 0.1300, 0.0100, 0.0300, 0.1200, 0.0800, 0.1200, 0.1000, 0.1800, 0.1200, 0.0600, 0.0100]         | 9.2571   | 0.9000  | 0.8948 
6     | 12          | [92, 96, 97, 98, 99, 100, 101, 102, 103, 104, 105, 106]                 | [0.0500, 0.0100, 0.0700, 0.1000, 0.1100, 0.1000, 0.1100, 0.1400, 0.1100, 0.0800, 0.1100, 0.0100]                         | 10.0739  | 0.9200  | 0.9071 
7     | 13          | [93, 95, 96, 97, 98, 99, 101, 102, 103, 104, 105, 107, 108]             | [0.0200, 0.1500, 0.1600, 0.0200, 0.0600, 0.1100, 0.0400, 0.0700, 0.1100, 0.1200, 0.0800, 0.0500, 0.0100]                 | 16.1400  | 0.9200  | 0.9024 
8     | 12          | [94, 95, 96, 97, 98, 99, 100, 101, 102, 103, 104, 105]                  | [0.0100, 0.0100, 0.0300, 0.0100, 0.1000, 0.3000, 0.2200, 0.0500, 0.0300, 0.0900, 0.1100, 0.0400]                         | 5.5524   | 0.8600  | 0.8335 
9     | 15          | [90, 91, 92, 93, 94, 95, 96, 97, 98, 99, 100, 101, 102, 103, 104]       | [0.0700, 0.1200, 0.1500, 0.0800, 0.0200, 0.0800, 0.0400, 0.0100, 0.0200, 0.0100, 0.0600, 0.0600, 0.1400, 0.1200, 0.0200] | 23.4096  | 0.8800  | 0.9103 
10    | 14          | [93, 94, 95, 96, 97, 98, 99, 100, 101, 102, 103, 104, 105, 106]         | [0.0100, 0.1100, 0.0500, 0.0200, 0.0300, 0.1200, 0.0700, 0.1100, 0.2000, 0.1200, 0.1200, 0.0200, 0.0100, 0.0100]         | 9.3091   | 0.9000  | 0.8921 
11    | 10          | [96, 97, 98, 99, 100, 101, 102, 103, 104, 105]                          | [0.0700, 0.1900, 0.1500, 0.1300, 0.0800, 0.0600, 0.1400, 0.1400, 0.0200, 0.0200]                                         | 6.1444   | 0.8400  | 0.8784 
12    | 12          | [96, 97, 98, 99, 100, 101, 102, 103, 104, 105, 106, 107]                | [0.0400, 0.0300, 0.0300, 0.0100, 0.0700, 0.2300, 0.1600, 0.1600, 0.1500, 0.0400, 0.0600, 0.0200]                         | 5.8499   | 0.8600  | 0.8681 
13    | 13          | [94, 95, 96, 98, 99, 100, 101, 102, 103, 104, 105, 106, 107]            | [0.0200, 0.0400, 0.0100, 0.0600, 0.1700, 0.0600, 0.2300, 0.1400, 0.0900, 0.0500, 0.0800, 0.0300, 0.0200]                 | 7.6475   | 0.8200  | 0.8798 
14    | 13          | [95, 96, 97, 98, 99, 100, 101, 102, 103, 104, 105, 107, 108]            | [0.0100, 0.1200, 0.0900, 0.1100, 0.0700, 0.0300, 0.0200, 0.1700, 0.2300, 0.0800, 0.0200, 0.0400, 0.0100]                 | 10.0924  | 0.9200  | 0.8776 
15    | 12          | [96, 97, 98, 99, 101, 102, 103, 104, 105, 106, 107, 108]                | [0.0400, 0.0500, 0.1200, 0.0100, 0.0400, 0.1000, 0.2600, 0.2300, 0.0100, 0.1200, 0.0100, 0.0100]                         | 8.4500   | 0.9200  | 0.8430 
16    | 9           | [100, 101, 102, 103, 104, 105, 106, 107, 108]                           | [0.0200, 0.1200, 0.1200, 0.1600, 0.1000, 0.1300, 0.1000, 0.1200, 0.1300]                                                 | 5.5931   | 0.9000  | 0.8859 
17    | 11          | [96, 97, 98, 99, 100, 101, 102, 103, 104, 105, 106]                     | [0.0600, 0.0500, 0.1100, 0.2100, 0.0300, 0.0700, 0.1600, 0.1400, 0.0600, 0.1000, 0.0100]                                 | 7.2259   | 0.9400  | 0.8818 
18    | 8           | [91, 93, 94, 95, 96, 97, 98, 99]                                        | [0.0100, 0.0700, 0.1000, 0.1200, 0.1600, 0.4000, 0.1300, 0.0100]                                                         | 2.3979   | 0.8400  | 0.7758 
19    | 9           | [95, 96, 97, 98, 99, 100, 101, 102, 103]                                | [0.0200, 0.0100, 0.0800, 0.1500, 0.2100, 0.2500, 0.1500, 0.0900, 0.0400]                                                 | 2.8664   | 0.8200  | 0.8402 
20    | 15          | [94, 96, 98, 99, 100, 101, 102, 103, 104, 105, 106, 107, 109, 110, 111] | [0.0100, 0.0200, 0.0300, 0.1600, 0.1500, 0.1200, 0.1100, 0.0300, 0.0200, 0.1200, 0.0500, 0.0300, 0.0400, 0.1000, 0.0100] | 15.3771  | 0.9400  | 0.9022 
21    | 7           | [98, 99, 100, 101, 102, 103, 104]                                       | [0.0100, 0.0800, 0.2700, 0.2500, 0.2600, 0.1200, 0.0100]                                                                 | 1.5051   | 0.7400  | 0.7838 

[Per-locus summary - Population 2]
Locus | Num_Alleles | Alleles                                                                      | Frequencies                                                                                                                      | Variance | Obs_Het | Exp_Het
------+-------------+------------------------------------------------------------------------------+----------------------------------------------------------------------------------------------------------------------------------+----------+---------+--------
1     | 9           | [92, 94, 95, 96, 97, 98, 99, 100, 101]                                       | [0.0500, 0.0700, 0.1900, 0.0600, 0.1000, 0.2500, 0.0900, 0.1500, 0.0400]                                                         | 5.2804   | 0.9600  | 0.8568 
2     | 8           | [100, 101, 102, 103, 104, 105, 107, 108]                                     | [0.0700, 0.1900, 0.2200, 0.1100, 0.2100, 0.1300, 0.0400, 0.0300]                                                                 | 3.7291   | 0.8400  | 0.8434 
3     | 7           | [97, 98, 99, 100, 101, 102, 103]                                             | [0.1100, 0.2700, 0.2800, 0.1300, 0.1100, 0.0800, 0.0200]                                                                         | 2.2876   | 0.7400  | 0.8089 
4     | 10          | [95, 96, 97, 98, 99, 100, 101, 102, 103, 104]                                | [0.0300, 0.0700, 0.0100, 0.0200, 0.1200, 0.3200, 0.1800, 0.1500, 0.0700, 0.0300]                                                 | 4.0139   | 0.8200  | 0.8244 
5     | 13          | [95, 96, 97, 98, 99, 100, 101, 102, 103, 104, 105, 106, 107]                 | [0.0200, 0.0100, 0.0100, 0.0100, 0.0500, 0.0300, 0.1700, 0.0900, 0.1500, 0.1200, 0.1700, 0.1200, 0.0500]                         | 6.8984   | 0.8200  | 0.8851 
6     | 14          | [92, 93, 94, 95, 97, 98, 99, 100, 101, 102, 103, 104, 105, 106]              | [0.0500, 0.0200, 0.0100, 0.0100, 0.0300, 0.1200, 0.1200, 0.0600, 0.1600, 0.1000, 0.1400, 0.0900, 0.0700, 0.0200]                 | 11.1299  | 0.7800  | 0.9040 
7     | 15          | [93, 95, 96, 97, 98, 99, 100, 101, 102, 103, 104, 105, 106, 107, 108]        | [0.0100, 0.1300, 0.1600, 0.0300, 0.0700, 0.0700, 0.0300, 0.0400, 0.0700, 0.1200, 0.1200, 0.0700, 0.0100, 0.0600, 0.0100]         | 15.8571  | 0.9400  | 0.9109 
8     | 13          | [93, 94, 95, 96, 97, 98, 99, 100, 101, 102, 103, 104, 105]                   | [0.0100, 0.0300, 0.0300, 0.0100, 0.0100, 0.1100, 0.3200, 0.1800, 0.0300, 0.0400, 0.0600, 0.1600, 0.0100]                         | 6.8691   | 0.8200  | 0.8275 
9     | 13          | [90, 91, 92, 93, 94, 95, 96, 98, 100, 101, 102, 103, 104]                    | [0.0700, 0.0800, 0.0700, 0.0600, 0.0200, 0.0900, 0.0400, 0.1000, 0.0600, 0.0900, 0.1300, 0.1500, 0.0400]                         | 21.8931  | 0.8800  | 0.9166 
10    | 13          | [93, 94, 95, 96, 97, 98, 99, 100, 101, 102, 103, 104, 106]                   | [0.0100, 0.1000, 0.0400, 0.0100, 0.0400, 0.1400, 0.0100, 0.0900, 0.1400, 0.1400, 0.2200, 0.0100, 0.0500]                         | 10.8100  | 0.8400  | 0.8774 
11    | 11          | [95, 96, 97, 98, 99, 100, 101, 102, 103, 104, 105]                           | [0.0100, 0.0500, 0.2700, 0.1900, 0.1100, 0.0900, 0.0500, 0.1100, 0.0800, 0.0200, 0.0200]                                         | 5.6404   | 0.9000  | 0.8549 
12    | 11          | [96, 97, 98, 99, 100, 101, 102, 103, 104, 105, 106]                          | [0.0300, 0.0300, 0.0200, 0.0100, 0.0500, 0.1900, 0.2800, 0.1600, 0.1000, 0.0800, 0.0500]                                         | 4.7051   | 0.9000  | 0.8447 
13    | 14          | [94, 95, 96, 97, 98, 99, 100, 101, 102, 103, 104, 105, 106, 107]             | [0.0200, 0.0200, 0.0300, 0.0300, 0.0500, 0.0900, 0.1900, 0.1900, 0.0800, 0.0800, 0.0500, 0.1400, 0.0200, 0.0100]                 | 7.8764   | 0.8600  | 0.8881 
14    | 13          | [96, 97, 98, 99, 100, 101, 102, 103, 104, 105, 106, 107, 108]                | [0.1000, 0.0500, 0.1500, 0.0500, 0.0600, 0.0100, 0.1500, 0.2600, 0.1100, 0.0100, 0.0100, 0.0300, 0.0100]                         | 9.0691   | 0.8200  | 0.8640 
15    | 12          | [96, 97, 98, 99, 101, 102, 103, 104, 105, 106, 107, 108]                     | [0.0300, 0.0600, 0.1600, 0.0100, 0.0200, 0.1200, 0.2400, 0.1900, 0.0300, 0.0600, 0.0600, 0.0200]                                 | 9.6600   | 0.8200  | 0.8614 
16    | 11          | [98, 100, 101, 102, 103, 104, 105, 106, 107, 108, 109]                       | [0.0200, 0.0200, 0.1300, 0.0800, 0.1000, 0.1600, 0.0800, 0.1600, 0.1000, 0.1400, 0.0100]                                         | 6.5284   | 0.9000  | 0.8875 
17    | 12          | [95, 96, 97, 98, 99, 100, 101, 102, 103, 104, 105, 106]                      | [0.0100, 0.0500, 0.0200, 0.1600, 0.1000, 0.0700, 0.1100, 0.1300, 0.2000, 0.0500, 0.0800, 0.0200]                                 | 6.9984   | 0.9000  | 0.8871 
18    | 9           | [91, 92, 93, 94, 95, 96, 97, 98, 99]                                         | [0.0200, 0.0400, 0.0900, 0.0600, 0.1100, 0.2300, 0.3400, 0.0800, 0.0300]                                                         | 3.2011   | 0.8800  | 0.8065 
19    | 9           | [95, 96, 97, 98, 99, 100, 101, 102, 103]                                     | [0.1100, 0.0100, 0.0800, 0.1100, 0.1900, 0.2100, 0.1700, 0.0900, 0.0300]                                                         | 4.4200   | 0.8200  | 0.8598 
20    | 16          | [96, 97, 98, 99, 100, 101, 102, 103, 104, 105, 106, 107, 108, 109, 110, 111] | [0.0200, 0.0300, 0.0100, 0.1300, 0.2000, 0.0900, 0.0500, 0.0200, 0.0400, 0.0400, 0.1200, 0.0200, 0.0400, 0.0800, 0.1000, 0.0100] | 17.5300  | 0.8400  | 0.9036 
21    | 6           | [99, 100, 101, 102, 103, 104]                                                | [0.0500, 0.1800, 0.3400, 0.3300, 0.0600, 0.0400]                                                                                 | 1.2259   | 0.8000  | 0.7428 
