
[Simulation Info]
simulation_id = sim_0011436
timestamp     = 20250429_091103
seed          = 403326
output_folder = /home/lejeunet/Bureau/simulations/Ref_table/sim_0011436

[Model Parameters]
pop_size           = 3382
num_loci           = 20
sample1_generation = 30
sample2_generation = 10
low_repeats        = 1
high_repeats       = 200
mutation_rate      = 0.001
recap_Ne           = 3382

[Sampling Design]
sample1_size_Ne  = 50
sample2_size_Ne  = 50
sample1_size_CMR = 50
sample2_size_CMR = 50

[Capture-Marquage-Recapture]
census_N   =  1300
MatchCount =  2

[Ne Estimates - One Sample - Decreasing critical values [0.050, 0.020, 0.010, 0+]]

[Linkage Desequilibrium]
LD_Ne_Pop1 = [638.7, 741.5, 583.0, 583.0]
LD_r2_Pop1 = [0.021796, 0.021724, 0.021846, 0.021846]
LD_Ne_Pop2 = [2625.1, 2133.6, 4665.1, 4665.1]
LD_r2_Pop2 = [0.021403, 0.021432, 0.021347, 0.021347]

[Heterozygote excess]
HE_Neb_mean_Pop1        = [None, None, None, None]
HE_weighted_D_mean_Pop1 = [-0.0114, -0.00396, -0.00394, -0.00394]
HE_Neb_mean_Pop2        = [None, None, None, None]
HE_weighted_D_mean_Pop2 = [-0.00203, -0.00168, -0.00217, -0.00217]

[Molecular Coancestry]
Coan_Neb_n_Pop1 = 45.8
Coan_f1_Pop1    = 0.01092
Coan_Neb_n_Pop2 = 40.3
Coan_f1_Pop2    = 0.0124

[Ne Estimates - Temporal - Decreasing critical values (0.050, 0.020, 0.010, 0+)]

[Pollak]
P_Ne     = [982.1, 1747.5, 1743.7, 2161.7]
P_Fk     = [0.02509, 0.02286, 0.02287, 0.02231]
P_Fprime = [0.00509, 0.00286, 0.00287, 0.00231]

[Nei/Tajima]
N_Ne     = [928.8, 1508.0, 1522.5, 1796.4]
N_Fc     = [0.02538, 0.02332, 0.02328, 0.02278]
N_Fprime = [0.00538, 0.00332, 0.00328, 0.00278]

[Jorde/Ryman]
J_Ne     = [551.9, 589.1, 585.4, 588.8]
J_Fs     = [0.02918, 0.02861, 0.02866, 0.02861]
J_Fprime = [0.00906, 0.00849, 0.00854, 0.00849]

[Genetic Diversity - Heterozygosity]
mean_exp_het_pop1 = 0.7866
mean_obs_het_pop1 = 0.7771
mean_exp_het_pop2 = 0.7878
mean_obs_het_pop2 = 0.781

[Genetic Diversity - Allele Counts]
mean_alleles_pop1 = 8.19
var_alleles_pop1  = 3.06
sum_alleles_pop1  = 172
mean_alleles_pop2 = 8.64
var_alleles_pop2  = 3.26
sum_alleles_pop2  = 363

[Genetic Diversity - Allelic Size Variance]
var_allele_size_pop1 = 4.0013
var_allele_size_pop2 = 3.7046

[Per-locus summary - Population 1]
Locus | Num_Alleles | Alleles                                                | Frequencies                                                                              | Variance | Obs_Het | Exp_Het
------+-------------+--------------------------------------------------------+------------------------------------------------------------------------------------------+----------+---------+--------
1     | 9           | [89, 90, 91, 92, 93, 94, 95, 96, 105]                  | [0.1400, 0.1200, 0.1300, 0.0500, 0.1900, 0.2700, 0.0500, 0.0200, 0.0300]                 | 8.6664   | 0.8200  | 0.8422 
2     | 7           | [98, 99, 100, 101, 102, 103, 104]                      | [0.0700, 0.0900, 0.0900, 0.2800, 0.3600, 0.1000, 0.0100]                                 | 1.9179   | 0.7200  | 0.7685 
3     | 10          | [97, 98, 99, 100, 101, 102, 103, 104, 105, 106]        | [0.0300, 0.0200, 0.1300, 0.0400, 0.0300, 0.0800, 0.1400, 0.3400, 0.1700, 0.0200]         | 5.3176   | 0.8000  | 0.8166 
4     | 6           | [94, 95, 96, 97, 98, 99]                               | [0.1000, 0.5000, 0.2900, 0.0800, 0.0100, 0.0200]                                         | 0.9084   | 0.6400  | 0.6556 
5     | 6           | [93, 94, 95, 96, 97, 98]                               | [0.1100, 0.2600, 0.1800, 0.2000, 0.1800, 0.0700]                                         | 2.1659   | 0.8200  | 0.8188 
6     | 5           | [97, 99, 100, 101, 102]                                | [0.0500, 0.3200, 0.3900, 0.1600, 0.0800]                                                 | 1.2275   | 0.7400  | 0.7182 
7     | 8           | [96, 97, 98, 99, 100, 101, 102, 104]                   | [0.0600, 0.1200, 0.0600, 0.3100, 0.2900, 0.0400, 0.0500, 0.0700]                         | 3.5779   | 0.8600  | 0.7972 
8     | 11          | [99, 100, 101, 102, 103, 104, 105, 106, 107, 108, 109] | [0.0400, 0.0200, 0.0400, 0.0300, 0.0400, 0.2400, 0.0600, 0.0900, 0.1900, 0.2000, 0.0500] | 6.5704   | 0.9000  | 0.8546 
9     | 8           | [89, 90, 91, 92, 93, 94, 95, 96]                       | [0.0200, 0.1700, 0.0500, 0.0300, 0.1600, 0.3300, 0.2000, 0.0400]                         | 3.5531   | 0.7600  | 0.7992 
10    | 9           | [89, 90, 91, 92, 93, 94, 95, 99, 100]                  | [0.1800, 0.0700, 0.0500, 0.4200, 0.1500, 0.0400, 0.0200, 0.0100, 0.0600]                 | 6.7579   | 0.7400  | 0.7632 
11    | 5           | [93, 94, 95, 96, 103]                                  | [0.2400, 0.5700, 0.1000, 0.0600, 0.0300]                                                 | 2.9475   | 0.6400  | 0.6091 
12    | 9           | [92, 93, 94, 95, 96, 97, 98, 99, 100]                  | [0.0100, 0.0200, 0.0600, 0.2400, 0.1200, 0.1400, 0.3300, 0.0500, 0.0300]                 | 2.8379   | 0.7400  | 0.8000 
13    | 11          | [93, 95, 96, 97, 98, 99, 100, 101, 102, 103, 105]      | [0.0100, 0.2200, 0.0500, 0.0600, 0.0300, 0.0600, 0.1400, 0.1400, 0.0600, 0.1300, 0.1000] | 11.2896  | 0.8800  | 0.8800 
14    | 7           | [95, 96, 97, 98, 99, 101, 104]                         | [0.0300, 0.1900, 0.1500, 0.3900, 0.2000, 0.0100, 0.0300]                                 | 2.5059   | 0.7600  | 0.7550 
15    | 8           | [99, 100, 101, 102, 103, 104, 105, 106]                | [0.0600, 0.0700, 0.0800, 0.1200, 0.2900, 0.1300, 0.2300, 0.0200]                         | 3.2536   | 0.8600  | 0.8246 
16    | 10          | [100, 101, 102, 103, 104, 105, 106, 107, 108, 109]     | [0.0200, 0.0200, 0.0600, 0.0400, 0.1200, 0.1600, 0.2800, 0.2300, 0.0500, 0.0200]         | 3.4419   | 0.7800  | 0.8281 
17    | 8           | [92, 93, 94, 95, 96, 97, 98, 99]                       | [0.0200, 0.0600, 0.2900, 0.1700, 0.2800, 0.1300, 0.0300, 0.0200]                         | 2.0424   | 0.7200  | 0.7943 
18    | 10          | [92, 93, 94, 95, 96, 97, 98, 99, 101, 102]             | [0.0200, 0.0300, 0.2100, 0.2500, 0.2000, 0.1100, 0.1100, 0.0100, 0.0100, 0.0500]         | 4.3531   | 0.7800  | 0.8335 
19    | 8           | [95, 98, 99, 100, 101, 102, 103, 104]                  | [0.1000, 0.0400, 0.1400, 0.2800, 0.2100, 0.2000, 0.0200, 0.0100]                         | 4.1499   | 0.8000  | 0.8139 
20    | 8           | [97, 98, 99, 100, 101, 103, 104, 105]                  | [0.0100, 0.3400, 0.3600, 0.1900, 0.0500, 0.0100, 0.0300, 0.0100]                         | 2.0076   | 0.8000  | 0.7222 
21    | 9           | [97, 98, 99, 102, 103, 104, 105, 106, 107]             | [0.0200, 0.0300, 0.0300, 0.1900, 0.3000, 0.1000, 0.1900, 0.0800, 0.0600]                 | 4.5356   | 0.7600  | 0.8238 

[Per-locus summary - Population 2]
Locus | Num_Alleles | Alleles                                                    | Frequencies                                                                                      | Variance | Obs_Het | Exp_Het
------+-------------+------------------------------------------------------------+--------------------------------------------------------------------------------------------------+----------+---------+--------
1     | 9           | [89, 90, 91, 92, 93, 94, 95, 96, 105]                      | [0.1300, 0.0900, 0.1600, 0.0900, 0.1900, 0.2200, 0.0700, 0.0100, 0.0400]                         | 9.8611   | 0.9000  | 0.8588 
2     | 7           | [98, 99, 100, 101, 102, 103, 104]                          | [0.0200, 0.0900, 0.0900, 0.1400, 0.5500, 0.0800, 0.0300]                                         | 1.5491   | 0.6000  | 0.6606 
3     | 11          | [96, 97, 98, 99, 100, 101, 102, 103, 104, 105, 106]        | [0.0100, 0.0400, 0.0100, 0.1200, 0.1000, 0.0100, 0.0900, 0.1600, 0.3200, 0.1200, 0.0200]         | 5.7131   | 0.8600  | 0.8311 
4     | 7           | [93, 94, 95, 96, 97, 98, 99]                               | [0.0100, 0.1400, 0.5000, 0.2500, 0.0700, 0.0100, 0.0200]                                         | 1.0044   | 0.6800  | 0.6691 
5     | 6           | [93, 94, 95, 96, 97, 98]                                   | [0.1000, 0.3400, 0.2100, 0.2100, 0.1000, 0.0400]                                                 | 1.7099   | 0.7800  | 0.7824 
6     | 7           | [96, 97, 99, 100, 101, 102, 103]                           | [0.0100, 0.0900, 0.3000, 0.2400, 0.2200, 0.1300, 0.0100]                                         | 2.0900   | 0.8000  | 0.7867 
7     | 8           | [96, 97, 98, 99, 100, 101, 102, 104]                       | [0.0500, 0.0600, 0.1500, 0.4500, 0.1200, 0.0800, 0.0300, 0.0600]                                 | 2.9875   | 0.8200  | 0.7511 
8     | 12          | [98, 99, 101, 102, 103, 104, 105, 106, 107, 108, 109, 110] | [0.0100, 0.0400, 0.0400, 0.0400, 0.0900, 0.1700, 0.1000, 0.0900, 0.2200, 0.1300, 0.0600, 0.0100] | 6.7371   | 0.8800  | 0.8798 
9     | 8           | [89, 90, 91, 92, 93, 94, 95, 96]                           | [0.0200, 0.1400, 0.0200, 0.0700, 0.2200, 0.2600, 0.2300, 0.0400]                                 | 3.2171   | 0.7600  | 0.8123 
10    | 11          | [87, 88, 89, 90, 91, 92, 93, 94, 95, 99, 100]              | [0.0100, 0.0100, 0.0800, 0.0600, 0.1100, 0.3800, 0.2300, 0.0400, 0.0200, 0.0100, 0.0500]         | 5.6616   | 0.7800  | 0.7836 
11    | 6           | [92, 93, 94, 95, 96, 103]                                  | [0.0100, 0.3000, 0.5100, 0.1000, 0.0700, 0.0100]                                                 | 1.5299   | 0.6400  | 0.6412 
12    | 8           | [93, 94, 95, 96, 97, 98, 99, 100]                          | [0.0400, 0.1300, 0.2000, 0.1100, 0.1900, 0.2500, 0.0600, 0.0200]                                 | 2.9931   | 0.8200  | 0.8351 
13    | 10          | [95, 96, 97, 98, 99, 100, 101, 102, 103, 105]              | [0.0800, 0.0900, 0.0600, 0.0700, 0.0600, 0.1400, 0.2800, 0.1100, 0.0500, 0.0600]                 | 6.9539   | 0.7200  | 0.8659 
14    | 9           | [95, 96, 97, 98, 99, 100, 101, 102, 104]                   | [0.0600, 0.1300, 0.2400, 0.2800, 0.1700, 0.0400, 0.0100, 0.0200, 0.0500]                         | 3.8396   | 0.7200  | 0.8182 
15    | 7           | [99, 100, 101, 102, 103, 104, 105]                         | [0.0400, 0.0400, 0.0500, 0.2300, 0.4100, 0.0500, 0.1800]                                         | 2.1600   | 0.7800  | 0.7459 
16    | 11          | [99, 100, 101, 102, 103, 104, 105, 106, 107, 108, 109]     | [0.0200, 0.0100, 0.0100, 0.0900, 0.0800, 0.1900, 0.1500, 0.2100, 0.1800, 0.0500, 0.0100]         | 3.9851   | 0.9000  | 0.8558 
17    | 8           | [92, 93, 94, 95, 96, 97, 98, 99]                           | [0.0100, 0.0300, 0.2600, 0.2500, 0.2400, 0.1700, 0.0300, 0.0100]                                 | 1.6904   | 0.8400  | 0.7893 
18    | 7           | [93, 94, 95, 96, 97, 98, 102]                              | [0.0800, 0.2200, 0.2400, 0.2800, 0.0800, 0.0600, 0.0400]                                         | 3.3696   | 0.7200  | 0.8057 
19    | 7           | [95, 98, 99, 100, 101, 102, 103]                           | [0.0700, 0.0400, 0.1500, 0.3600, 0.2200, 0.1200, 0.0400]                                         | 3.1200   | 0.8000  | 0.7849 
20    | 8           | [97, 98, 99, 100, 101, 102, 103, 104]                      | [0.0200, 0.3100, 0.3900, 0.1000, 0.0500, 0.0200, 0.0400, 0.0700]                                 | 3.0836   | 0.7600  | 0.7394 
21    | 10          | [97, 98, 99, 100, 102, 103, 104, 105, 106, 107]            | [0.0100, 0.0400, 0.0100, 0.0100, 0.1600, 0.1800, 0.1400, 0.2300, 0.1600, 0.0600]                 | 4.5411   | 0.8400  | 0.8469 
