
[Simulation Info]
simulation_id = sim_0007173
timestamp     = 20250428_101544
seed          = 77499
output_folder = /home/lejeunet/Bureau/simulations/Ref_table/sim_0007173

[Model Parameters]
pop_size           = 3082
num_loci           = 20
sample1_generation = 30
sample2_generation = 10
low_repeats        = 1
high_repeats       = 200
mutation_rate      = 0.001
recap_Ne           = 3082

[Sampling Design]
sample1_size_Ne  = 50
sample2_size_Ne  = 50
sample1_size_CMR = 50
sample2_size_CMR = 50

[Capture-Marquage-Recapture]
census_N   =  2601
MatchCount =  1

[Ne Estimates - One Sample - Decreasing critical values [0.050, 0.020, 0.010, 0+]]

[Linkage Desequilibrium]
LD_Ne_Pop1 = [None, None, None, None]
LD_r2_Pop1 = [0.021041, 0.020975, 0.021074, 0.021074]
LD_Ne_Pop2 = [None, None, 29937.5, 29937.5]
LD_r2_Pop2 = [0.021105, 0.021063, 0.021287, 0.021287]

[Heterozygote excess]
HE_Neb_mean_Pop1        = [None, None, None, None]
HE_weighted_D_mean_Pop1 = [-0.01265, -0.01153, -0.01146, -0.01146]
HE_Neb_mean_Pop2        = [47.2, 88.4, 92.8, 92.8]
HE_weighted_D_mean_Pop2 = [0.0107, 0.00568, 0.00542, 0.00542]

[Molecular Coancestry]
Coan_Neb_n_Pop1 = 123.4
Coan_f1_Pop1    = 0.00405
Coan_Neb_n_Pop2 = 152.8
Coan_f1_Pop2    = 0.00327

[Ne Estimates - Temporal - Decreasing critical values (0.050, 0.020, 0.010, 0+)]

[Pollak]
P_Ne     = [1095.8, 1032.7, 967.1, 1033.8]
P_Fk     = [0.02456, 0.02484, 0.02517, 0.02484]
P_Fprime = [0.00456, 0.00484, 0.00517, 0.00484]

[Nei/Tajima]
N_Ne     = [1355.4, 1242.9, 1149.1, 1229.1]
N_Fc     = [0.02369, 0.02402, 0.02435, 0.02407]
N_Fprime = [0.00369, 0.00402, 0.00435, 0.00407]

[Jorde/Ryman]
J_Ne     = [2280.0, 2038.2, 2081.4, 2113.5]
J_Fs     = [0.02229, 0.02256, 0.0225, 0.02247]
J_Fprime = [0.00219, 0.00245, 0.0024, 0.00237]

[Genetic Diversity - Heterozygosity]
mean_exp_het_pop1 = 0.794
mean_obs_het_pop1 = 0.7876
mean_exp_het_pop2 = 0.7847
mean_obs_het_pop2 = 0.7829

[Genetic Diversity - Allele Counts]
mean_alleles_pop1 = 7.52
var_alleles_pop1  = 1.46
sum_alleles_pop1  = 158
mean_alleles_pop2 = 7.93
var_alleles_pop2  = 1.14
sum_alleles_pop2  = 333

[Genetic Diversity - Allelic Size Variance]
var_allele_size_pop1 = 3.3178
var_allele_size_pop2 = 3.1975

[Per-locus summary - Population 1]
Locus | Num_Alleles | Alleles                                       | Frequencies                                                                      | Variance | Obs_Het | Exp_Het
------+-------------+-----------------------------------------------+----------------------------------------------------------------------------------+----------+---------+--------
1     | 7           | [96, 97, 98, 99, 100, 101, 102]               | [0.0900, 0.1400, 0.2400, 0.1700, 0.2100, 0.1300, 0.0200]                         | 2.4524   | 0.8200  | 0.8327 
2     | 7           | [98, 99, 100, 101, 102, 103, 104]             | [0.1000, 0.1200, 0.1400, 0.3700, 0.2100, 0.0400, 0.0200]                         | 1.9611   | 0.7200  | 0.7808 
3     | 8           | [97, 98, 99, 100, 101, 102, 103, 107]         | [0.1600, 0.2400, 0.0500, 0.2400, 0.1200, 0.1200, 0.0200, 0.0500]                 | 5.6224   | 0.8000  | 0.8333 
4     | 6           | [99, 100, 101, 102, 103, 105]                 | [0.1600, 0.1600, 0.1500, 0.1900, 0.2200, 0.1200]                                 | 3.3931   | 0.7600  | 0.8358 
5     | 9           | [97, 98, 99, 100, 101, 102, 103, 104, 105]    | [0.0100, 0.0400, 0.0200, 0.0500, 0.2300, 0.2100, 0.3500, 0.0800, 0.0100]         | 2.2564   | 0.7200  | 0.7772 
6     | 8           | [97, 98, 99, 100, 101, 102, 103, 105]         | [0.0600, 0.2700, 0.1200, 0.0900, 0.2600, 0.1100, 0.0800, 0.0100]                 | 3.4051   | 0.9000  | 0.8230 
7     | 10          | [94, 95, 96, 97, 98, 99, 100, 101, 102, 103]  | [0.0200, 0.0200, 0.2000, 0.3500, 0.0900, 0.1000, 0.0300, 0.0100, 0.1300, 0.0500] | 5.2851   | 0.8200  | 0.8063 
8     | 6           | [96, 97, 98, 99, 100, 101]                    | [0.0700, 0.2900, 0.1600, 0.3300, 0.0800, 0.0700]                                 | 1.7771   | 0.7200  | 0.7729 
9     | 8           | [95, 96, 97, 98, 99, 100, 101, 103]           | [0.0300, 0.1600, 0.2000, 0.1000, 0.0900, 0.2100, 0.0500, 0.1600]                 | 5.7675   | 0.9200  | 0.8517 
10    | 8           | [98, 99, 100, 101, 102, 104, 105, 106]        | [0.0700, 0.0800, 0.1900, 0.3400, 0.1200, 0.1000, 0.0700, 0.0300]                 | 3.9459   | 0.7400  | 0.8149 
11    | 7           | [99, 100, 101, 102, 103, 104, 105]            | [0.1100, 0.2100, 0.3100, 0.0700, 0.2400, 0.0500, 0.0100]                         | 2.1939   | 0.8200  | 0.7905 
12    | 7           | [95, 96, 97, 98, 99, 100, 101]                | [0.0100, 0.1800, 0.1900, 0.3700, 0.2000, 0.0400, 0.0100]                         | 1.3771   | 0.7800  | 0.7604 
13    | 7           | [97, 98, 99, 100, 101, 102, 103]              | [0.0800, 0.4000, 0.2400, 0.1500, 0.0600, 0.0600, 0.0100]                         | 1.8051   | 0.8000  | 0.7537 
14    | 8           | [97, 98, 99, 100, 102, 103, 104, 105]         | [0.0100, 0.3000, 0.3200, 0.0300, 0.1100, 0.0700, 0.0400, 0.1200]                 | 6.2624   | 0.7600  | 0.7814 
15    | 8           | [98, 99, 100, 101, 102, 103, 104, 105]        | [0.1300, 0.0100, 0.0400, 0.0300, 0.3800, 0.2900, 0.1000, 0.0200]                 | 3.2179   | 0.7200  | 0.7491 
16    | 5           | [99, 100, 101, 102, 103]                      | [0.0700, 0.1500, 0.3100, 0.3300, 0.1400]                                         | 1.2176   | 0.7400  | 0.7556 
17    | 7           | [96, 97, 98, 99, 100, 101, 102]               | [0.0100, 0.1100, 0.0400, 0.2600, 0.4400, 0.1300, 0.0100]                         | 1.4264   | 0.7600  | 0.7151 
18    | 8           | [95, 96, 97, 98, 100, 101, 102, 103]          | [0.0300, 0.1800, 0.0200, 0.1400, 0.1500, 0.2800, 0.1700, 0.0300]                 | 5.3500   | 0.8600  | 0.8242 
19    | 7           | [97, 98, 99, 100, 101, 102, 103]              | [0.0800, 0.1900, 0.1200, 0.1700, 0.2600, 0.1400, 0.0400]                         | 2.7736   | 0.8800  | 0.8337 
20    | 7           | [96, 97, 98, 99, 100, 101, 102]               | [0.0300, 0.0200, 0.1500, 0.2800, 0.2200, 0.2600, 0.0400]                         | 1.7836   | 0.7000  | 0.7881 
21    | 10          | [93, 94, 95, 96, 97, 100, 101, 102, 103, 104] | [0.0300, 0.0400, 0.1500, 0.2500, 0.3300, 0.0100, 0.0500, 0.1200, 0.0100, 0.0100] | 6.4011   | 0.8000  | 0.7943 

[Per-locus summary - Population 2]
Locus | Num_Alleles | Alleles                                     | Frequencies                                                              | Variance | Obs_Het | Exp_Het
------+-------------+---------------------------------------------+--------------------------------------------------------------------------+----------+---------+--------
1     | 7           | [95, 96, 97, 98, 99, 100, 101]              | [0.0100, 0.1000, 0.2100, 0.1700, 0.2000, 0.1700, 0.1400]                 | 2.5696   | 0.8600  | 0.8368 
2     | 7           | [98, 99, 100, 101, 102, 103, 104]           | [0.0800, 0.0700, 0.0800, 0.4000, 0.3000, 0.0400, 0.0300]                 | 1.8099   | 0.7800  | 0.7372 
3     | 9           | [97, 98, 99, 100, 101, 102, 103, 104, 107]  | [0.1500, 0.2100, 0.0600, 0.2700, 0.1700, 0.0100, 0.0500, 0.0100, 0.0700] | 6.4964   | 0.8400  | 0.8287 
4     | 8           | [99, 100, 101, 102, 103, 104, 105, 106]     | [0.0900, 0.2100, 0.0500, 0.2400, 0.2900, 0.0200, 0.0800, 0.0200]         | 3.1019   | 0.9000  | 0.8044 
5     | 8           | [97, 98, 99, 100, 101, 102, 103, 104]       | [0.0100, 0.0200, 0.0200, 0.1100, 0.2500, 0.3000, 0.2400, 0.0500]         | 1.7776   | 0.7200  | 0.7822 
6     | 8           | [97, 98, 99, 100, 101, 102, 103, 104]       | [0.0100, 0.2700, 0.1600, 0.1300, 0.1200, 0.2100, 0.0800, 0.0200]         | 3.3131   | 0.8600  | 0.8275 
7     | 9           | [94, 96, 97, 98, 99, 100, 101, 102, 103]    | [0.0200, 0.1000, 0.3800, 0.2100, 0.1000, 0.0100, 0.0100, 0.1200, 0.0500] | 4.4516   | 0.7600  | 0.7818 
8     | 7           | [96, 97, 98, 99, 100, 101, 102]             | [0.0100, 0.2300, 0.2100, 0.3600, 0.1100, 0.0500, 0.0300]                 | 1.6400   | 0.7400  | 0.7654 
9     | 8           | [95, 96, 97, 98, 99, 100, 101, 103]         | [0.0300, 0.2400, 0.1400, 0.0700, 0.1200, 0.2400, 0.0300, 0.1300]         | 5.5731   | 0.7800  | 0.8356 
10    | 9           | [98, 99, 100, 101, 102, 103, 104, 105, 106] | [0.1200, 0.1100, 0.1100, 0.3200, 0.1200, 0.0600, 0.0300, 0.0700, 0.0600] | 4.8316   | 0.8400  | 0.8400 
11    | 8           | [98, 99, 100, 101, 102, 103, 104, 105]      | [0.0300, 0.0800, 0.2000, 0.2800, 0.0900, 0.2700, 0.0400, 0.0100]         | 2.3644   | 0.8600  | 0.7996 
12    | 6           | [95, 96, 97, 98, 99, 100]                   | [0.0200, 0.3200, 0.2200, 0.2500, 0.1300, 0.0600]                         | 1.6011   | 0.7000  | 0.7735 
13    | 7           | [97, 98, 99, 100, 101, 102, 103]            | [0.0500, 0.3400, 0.3400, 0.1900, 0.0200, 0.0500, 0.0100]                 | 1.4196   | 0.7400  | 0.7346 
14    | 8           | [97, 98, 99, 100, 102, 103, 104, 105]       | [0.0100, 0.4000, 0.3400, 0.0400, 0.0500, 0.0100, 0.0500, 0.1000]         | 5.5044   | 0.7600  | 0.7147 
15    | 8           | [97, 98, 99, 100, 101, 102, 103, 104]       | [0.0100, 0.0500, 0.0500, 0.0200, 0.0500, 0.3500, 0.3700, 0.1000]         | 2.3936   | 0.6000  | 0.7299 
16    | 6           | [98, 99, 100, 101, 102, 103]                | [0.0100, 0.1100, 0.1400, 0.2700, 0.3100, 0.1600]                         | 1.5624   | 0.8000  | 0.7814 
17    | 7           | [96, 97, 98, 99, 100, 101, 103]             | [0.0300, 0.0400, 0.0400, 0.3300, 0.4500, 0.0900, 0.0200]                 | 1.3500   | 0.6600  | 0.6828 
18    | 9           | [95, 96, 97, 98, 99, 100, 101, 102, 103]    | [0.0200, 0.0600, 0.0400, 0.1500, 0.0200, 0.1900, 0.2700, 0.2000, 0.0500] | 3.9584   | 0.8400  | 0.8283 
19    | 8           | [96, 97, 98, 99, 100, 101, 102, 103]        | [0.0100, 0.1500, 0.1900, 0.1300, 0.0800, 0.2800, 0.1000, 0.0600]         | 3.5044   | 0.8000  | 0.8343 
20    | 7           | [96, 97, 98, 99, 100, 101, 102]             | [0.0300, 0.0100, 0.1100, 0.2900, 0.2700, 0.2700, 0.0200]                 | 1.5275   | 0.7400  | 0.7642 
21    | 7           | [94, 95, 96, 97, 98, 101, 102]              | [0.0200, 0.1300, 0.2200, 0.3200, 0.0400, 0.0800, 0.1900]                 | 6.3971   | 0.8600  | 0.7958 
