
[Simulation Info]
simulation_id = sim_0008287
timestamp     = 20250428_104728
seed          = 83252
output_folder = /home/lejeunet/Bureau/simulations/Ref_table/sim_0008287

[Model Parameters]
pop_size           = 7165
num_loci           = 20
sample1_generation = 30
sample2_generation = 10
low_repeats        = 1
high_repeats       = 200
mutation_rate      = 0.001
recap_Ne           = 7165

[Sampling Design]
sample1_size_Ne  = 50
sample2_size_Ne  = 50
sample1_size_CMR = 50
sample2_size_CMR = 50

[Capture-Marquage-Recapture]
census_N   =  0
MatchCount =  0
# There were no match between sampling of individuals during CMR.

[Ne Estimates - One Sample - Decreasing critical values [0.050, 0.020, 0.010, 0+]]

[Linkage Desequilibrium]
LD_Ne_Pop1 = [723.5, 995.9, 5662.4, 5662.4]
LD_r2_Pop1 = [0.021735, 0.02161, 0.021335, 0.021335]
LD_Ne_Pop2 = [634.2, 1485.5, 992.5, 992.5]
LD_r2_Pop2 = [0.0218, 0.0215, 0.021611, 0.021611]

[Heterozygote excess]
HE_Neb_mean_Pop1        = [None, None, None, None]
HE_weighted_D_mean_Pop1 = [-0.01256, -0.00985, -0.00994, -0.00994]
HE_Neb_mean_Pop2        = [None, 682.8, 163.2, 163.2]
HE_weighted_D_mean_Pop2 = [-0.00199, 0.00073, 0.00307, 0.00307]

[Molecular Coancestry]
Coan_Neb_n_Pop1 = 84.6
Coan_f1_Pop1    = 0.00591
Coan_Neb_n_Pop2 = None
Coan_f1_Pop2    = -0.00555

[Ne Estimates - Temporal - Decreasing critical values (0.050, 0.020, 0.010, 0+)]

[Pollak]
P_Ne     = [7252.1, 8311.1, -95888.4, -65453.2]
P_Fk     = [0.02069, 0.0206, 0.01995, 0.01992]
P_Fprime = [0.00069, 0.0006, -5e-05, -8e-05]

[Nei/Tajima]
N_Ne     = [10487.7, 11944.3, -26280.3, -24243.6]
N_Fc     = [0.02048, 0.02042, 0.01981, 0.01979]
N_Fprime = [0.00048, 0.00042, -0.00019, -0.00021]

[Jorde/Ryman]
J_Ne     = [4680.3, 3773.1, 4883.0, 4888.1]
J_Fs     = [0.02117, 0.02143, 0.02112, 0.02112]
J_Fprime = [0.00107, 0.00133, 0.00102, 0.00102]

[Genetic Diversity - Heterozygosity]
mean_exp_het_pop1 = 0.857
mean_obs_het_pop1 = 0.8438
mean_exp_het_pop2 = 0.8527
mean_obs_het_pop2 = 0.8533

[Genetic Diversity - Allele Counts]
mean_alleles_pop1 = 12.1
var_alleles_pop1  = 8.29
sum_alleles_pop1  = 254
mean_alleles_pop2 = 12.1
var_alleles_pop2  = 8.58
sum_alleles_pop2  = 508

[Genetic Diversity - Allelic Size Variance]
var_allele_size_pop1 = 27.1923
var_allele_size_pop2 = 26.9711

[Per-locus summary - Population 1]
Locus | Num_Alleles | Alleles                                                                          | Frequencies                                                                                                                                      | Variance | Obs_Het | Exp_Het
------+-------------+----------------------------------------------------------------------------------+--------------------------------------------------------------------------------------------------------------------------------------------------+----------+---------+--------
1     | 15          | [79, 80, 83, 85, 86, 87, 88, 89, 90, 98, 99, 100, 101, 102, 103]                 | [0.0100, 0.0300, 0.0200, 0.0400, 0.0200, 0.0300, 0.1000, 0.1600, 0.0200, 0.0100, 0.0900, 0.0900, 0.1700, 0.2000, 0.0100]                         | 51.2219  | 0.7600  | 0.8832 
2     | 9           | [103, 104, 105, 106, 107, 108, 109, 110, 111]                                    | [0.1000, 0.0500, 0.0800, 0.3000, 0.0800, 0.1900, 0.1600, 0.0300, 0.0100]                                                                         | 3.7931   | 0.7800  | 0.8303 
3     | 18          | [77, 78, 79, 82, 83, 84, 85, 88, 89, 91, 106, 107, 109, 110, 111, 112, 113, 114] | [0.0900, 0.0800, 0.0500, 0.0500, 0.0700, 0.0200, 0.0100, 0.0400, 0.0200, 0.0300, 0.0200, 0.1200, 0.0600, 0.2600, 0.0300, 0.0300, 0.0100, 0.0100] | 200.6275 | 0.9400  | 0.8931 
4     | 11          | [90, 91, 92, 93, 94, 102, 103, 104, 105, 106, 107]                               | [0.0100, 0.0700, 0.1600, 0.1900, 0.1200, 0.0800, 0.0900, 0.0500, 0.1200, 0.0500, 0.0600]                                                         | 35.7579  | 0.9200  | 0.8903 
5     | 11          | [88, 89, 90, 91, 92, 93, 94, 103, 104, 105, 106]                                 | [0.0300, 0.0700, 0.0500, 0.1900, 0.1200, 0.0500, 0.0200, 0.0600, 0.2200, 0.1000, 0.0900]                                                         | 46.7011  | 0.8600  | 0.8770 
6     | 9           | [98, 99, 100, 101, 102, 103, 104, 105, 106]                                      | [0.0100, 0.0300, 0.0900, 0.1400, 0.3000, 0.1700, 0.1400, 0.0800, 0.0400]                                                                         | 2.8600   | 0.8000  | 0.8331 
7     | 12          | [88, 90, 91, 92, 93, 94, 95, 96, 97, 98, 99, 100]                                | [0.0100, 0.0700, 0.0100, 0.0800, 0.0100, 0.0200, 0.0300, 0.1900, 0.1300, 0.2500, 0.1500, 0.0500]                                                 | 8.0739   | 0.9200  | 0.8551 
8     | 16          | [93, 94, 95, 96, 97, 98, 99, 100, 101, 102, 103, 104, 105, 106, 107, 108]        | [0.0100, 0.0400, 0.0700, 0.1400, 0.2100, 0.0100, 0.0100, 0.0200, 0.0600, 0.2000, 0.0900, 0.0500, 0.0100, 0.0300, 0.0400, 0.0100]                 | 14.1304  | 0.8400  | 0.8810 
9     | 12          | [99, 100, 101, 102, 103, 104, 105, 106, 107, 109, 110, 112]                      | [0.0100, 0.0200, 0.0400, 0.0300, 0.1300, 0.3200, 0.1300, 0.1500, 0.0900, 0.0300, 0.0400, 0.0100]                                                 | 5.0171   | 0.8600  | 0.8360 
10    | 15          | [87, 88, 89, 90, 91, 92, 93, 94, 95, 96, 97, 98, 99, 100, 101]                   | [0.0200, 0.0900, 0.0800, 0.1900, 0.0800, 0.0100, 0.0800, 0.0200, 0.0500, 0.0700, 0.0200, 0.0200, 0.1900, 0.0700, 0.0100]                         | 18.5219  | 0.9000  | 0.8953 
11    | 13          | [100, 101, 102, 103, 104, 105, 106, 107, 110, 111, 112, 113, 114]                | [0.0200, 0.1000, 0.1600, 0.0400, 0.0300, 0.1500, 0.0200, 0.0100, 0.0800, 0.2200, 0.1000, 0.0200, 0.0500]                                         | 20.0196  | 0.8800  | 0.8796 
12    | 8           | [94, 95, 96, 97, 98, 99, 100, 101]                                               | [0.0100, 0.0200, 0.0900, 0.3100, 0.4100, 0.1200, 0.0300, 0.0100]                                                                                 | 1.1956   | 0.7000  | 0.7190 
13    | 12          | [89, 90, 92, 93, 94, 95, 96, 97, 98, 99, 100, 101]                               | [0.0600, 0.0200, 0.0400, 0.0400, 0.2100, 0.2000, 0.1800, 0.1300, 0.0800, 0.0100, 0.0200, 0.0100]                                                 | 5.8299   | 0.8400  | 0.8610 
14    | 13          | [90, 91, 92, 93, 94, 95, 96, 100, 101, 102, 103, 104, 105]                       | [0.0100, 0.1100, 0.1200, 0.0600, 0.1100, 0.1200, 0.0100, 0.0300, 0.1500, 0.0500, 0.1000, 0.1100, 0.0200]                                         | 23.9776  | 0.8800  | 0.9038 
15    | 14          | [89, 90, 91, 92, 93, 94, 95, 96, 97, 98, 99, 100, 101, 102]                      | [0.0700, 0.0100, 0.1800, 0.0500, 0.0700, 0.1400, 0.0400, 0.0200, 0.0300, 0.1600, 0.0700, 0.1100, 0.0400, 0.0100]                                 | 13.8936  | 0.8200  | 0.8974 
16    | 11          | [100, 101, 102, 103, 104, 105, 106, 107, 108, 111, 112]                          | [0.0500, 0.1200, 0.2100, 0.2300, 0.0500, 0.1000, 0.1400, 0.0200, 0.0300, 0.0400, 0.0100]                                                         | 6.7859   | 0.9200  | 0.8596 
17    | 8           | [92, 93, 94, 95, 96, 97, 98, 101]                                                | [0.0300, 0.0800, 0.2000, 0.1900, 0.3000, 0.1100, 0.0800, 0.0100]                                                                                 | 2.4731   | 0.8400  | 0.8162 
18    | 10          | [96, 97, 98, 99, 100, 101, 102, 103, 108, 111]                                   | [0.0200, 0.2100, 0.3000, 0.1400, 0.1500, 0.0700, 0.0700, 0.0100, 0.0200, 0.0100]                                                                 | 5.5964   | 0.7400  | 0.8212 
19    | 16          | [94, 95, 96, 97, 98, 99, 100, 101, 102, 103, 104, 106, 107, 108, 109, 110]       | [0.0300, 0.0600, 0.1300, 0.0100, 0.0100, 0.0100, 0.0500, 0.0500, 0.1100, 0.0300, 0.0200, 0.1000, 0.1300, 0.1300, 0.0600, 0.0700]                 | 25.9811  | 0.9600  | 0.9168 
20    | 8           | [97, 98, 99, 100, 101, 102, 103, 104]                                            | [0.0100, 0.0600, 0.1200, 0.1100, 0.3200, 0.3500, 0.0200, 0.0100]                                                                                 | 1.7875   | 0.6800  | 0.7519 
21    | 13          | [81, 82, 83, 84, 85, 95, 96, 97, 98, 99, 102, 103, 104]                          | [0.0900, 0.0800, 0.1200, 0.1600, 0.0300, 0.0200, 0.0700, 0.1300, 0.0300, 0.0100, 0.0700, 0.1700, 0.0200]                                         | 76.7939  | 0.8800  | 0.8962 

[Per-locus summary - Population 2]
Locus | Num_Alleles | Alleles                                                                          | Frequencies                                                                                                                                      | Variance | Obs_Het | Exp_Het
------+-------------+----------------------------------------------------------------------------------+--------------------------------------------------------------------------------------------------------------------------------------------------+----------+---------+--------
1     | 13          | [80, 83, 85, 86, 87, 88, 89, 90, 99, 100, 101, 102, 103]                         | [0.0200, 0.0100, 0.0100, 0.0600, 0.0200, 0.0900, 0.2000, 0.0300, 0.0600, 0.0400, 0.2500, 0.2000, 0.0100]                                         | 46.7916  | 0.8200  | 0.8471 
2     | 9           | [103, 104, 105, 106, 107, 108, 109, 110, 112]                                    | [0.0300, 0.0600, 0.0600, 0.3100, 0.1500, 0.2300, 0.1100, 0.0400, 0.0100]                                                                         | 2.8379   | 0.8200  | 0.8147 
3     | 18          | [76, 77, 78, 79, 82, 83, 84, 89, 91, 92, 106, 107, 108, 109, 110, 111, 112, 113] | [0.0200, 0.0900, 0.0700, 0.0700, 0.0400, 0.0700, 0.0300, 0.0200, 0.0300, 0.0100, 0.0200, 0.0400, 0.0200, 0.0600, 0.2600, 0.0900, 0.0200, 0.0400] | 216.1651 | 0.9200  | 0.8982 
4     | 11          | [90, 91, 92, 93, 94, 102, 103, 104, 105, 106, 107]                               | [0.0100, 0.0400, 0.1500, 0.2300, 0.1900, 0.0400, 0.1400, 0.0200, 0.1100, 0.0500, 0.0200]                                                         | 31.1544  | 0.8600  | 0.8588 
5     | 10          | [89, 90, 91, 92, 93, 94, 103, 104, 105, 106]                                     | [0.0700, 0.0800, 0.1500, 0.1600, 0.1000, 0.0100, 0.0300, 0.1800, 0.0900, 0.1300]                                                                 | 45.6736  | 0.8800  | 0.8810 
6     | 8           | [98, 99, 100, 101, 102, 103, 104, 105]                                           | [0.0300, 0.0400, 0.0900, 0.1700, 0.3400, 0.1400, 0.0800, 0.1100]                                                                                 | 2.8184   | 0.8200  | 0.8149 
7     | 13          | [87, 88, 90, 91, 92, 93, 94, 95, 96, 97, 98, 99, 100]                            | [0.0100, 0.0100, 0.0500, 0.0400, 0.1000, 0.0100, 0.0300, 0.0700, 0.1600, 0.1100, 0.1800, 0.1600, 0.0700]                                         | 9.5200   | 0.8800  | 0.8881 
8     | 12          | [94, 95, 96, 97, 98, 99, 101, 102, 103, 104, 106, 107]                           | [0.0100, 0.0800, 0.1600, 0.1500, 0.0300, 0.0300, 0.0600, 0.2500, 0.1200, 0.0600, 0.0100, 0.0400]                                                 | 11.8204  | 0.8600  | 0.8665 
9     | 10          | [100, 101, 102, 103, 104, 105, 106, 107, 109, 110]                               | [0.0400, 0.0600, 0.0700, 0.0500, 0.2500, 0.1900, 0.1900, 0.0700, 0.0200, 0.0600]                                                                 | 5.2459   | 0.8600  | 0.8523 
10    | 14          | [88, 89, 90, 91, 92, 93, 94, 95, 96, 97, 98, 99, 100, 101]                       | [0.0500, 0.0800, 0.2900, 0.0700, 0.0300, 0.0200, 0.0400, 0.0800, 0.1600, 0.0200, 0.0100, 0.0900, 0.0300, 0.0300]                                 | 14.4139  | 0.9000  | 0.8655 
11    | 11          | [101, 102, 103, 104, 105, 106, 110, 111, 112, 114, 115]                          | [0.1200, 0.0600, 0.0800, 0.0500, 0.2000, 0.0100, 0.1500, 0.2500, 0.0500, 0.0200, 0.0100]                                                         | 16.5796  | 0.7800  | 0.8535 
12    | 9           | [94, 95, 96, 97, 98, 99, 100, 101, 102]                                          | [0.0100, 0.0200, 0.0500, 0.3900, 0.3000, 0.1500, 0.0600, 0.0100, 0.0100]                                                                         | 1.5075   | 0.8600  | 0.7360 
13    | 12          | [89, 90, 91, 93, 94, 95, 96, 97, 98, 99, 100, 101]                               | [0.0600, 0.0200, 0.0100, 0.0600, 0.0600, 0.1600, 0.1900, 0.2900, 0.0900, 0.0100, 0.0300, 0.0200]                                                 | 6.4611   | 0.8400  | 0.8418 
14    | 11          | [90, 91, 92, 93, 94, 95, 101, 102, 103, 104, 105]                                | [0.0300, 0.0900, 0.0900, 0.0900, 0.1400, 0.1200, 0.1800, 0.0400, 0.1400, 0.0700, 0.0100]                                                         | 23.1179  | 0.9200  | 0.8911 
15    | 14          | [89, 90, 91, 92, 93, 94, 95, 96, 97, 98, 99, 100, 101, 102]                      | [0.0700, 0.0400, 0.1800, 0.0400, 0.0500, 0.1300, 0.0200, 0.0600, 0.0400, 0.1100, 0.0500, 0.1300, 0.0700, 0.0100]                                 | 15.3456  | 0.8600  | 0.9071 
16    | 12          | [100, 101, 102, 103, 104, 105, 106, 107, 108, 109, 110, 111]                     | [0.0400, 0.1100, 0.1500, 0.3000, 0.0300, 0.1700, 0.1200, 0.0200, 0.0100, 0.0200, 0.0200, 0.0100]                                                 | 5.1459   | 0.7800  | 0.8366 
17    | 8           | [92, 93, 94, 95, 96, 97, 98, 101]                                                | [0.0300, 0.0700, 0.1600, 0.2900, 0.2500, 0.1200, 0.0700, 0.0100]                                                                                 | 2.2931   | 0.7800  | 0.8107 
18    | 10          | [96, 97, 98, 99, 100, 101, 102, 105, 107, 108]                                   | [0.0300, 0.2100, 0.2600, 0.1900, 0.1500, 0.0400, 0.0400, 0.0100, 0.0100, 0.0600]                                                                 | 7.8324   | 0.8800  | 0.8301 
19    | 14          | [94, 95, 96, 99, 100, 101, 102, 103, 104, 106, 107, 108, 109, 110]               | [0.0800, 0.0300, 0.0700, 0.0200, 0.0400, 0.0900, 0.1300, 0.0600, 0.0100, 0.0700, 0.1500, 0.0700, 0.1200, 0.0600]                                 | 24.9275  | 0.9200  | 0.9160 
20    | 7           | [97, 98, 99, 100, 101, 102, 103]                                                 | [0.0100, 0.1300, 0.1900, 0.0700, 0.3200, 0.2300, 0.0500]                                                                                         | 2.2875   | 0.7600  | 0.7921 
21    | 14          | [81, 82, 83, 84, 85, 86, 95, 96, 97, 98, 102, 103, 104, 105]                     | [0.0600, 0.0500, 0.1500, 0.1900, 0.0700, 0.0100, 0.0100, 0.0900, 0.0600, 0.0800, 0.0500, 0.1100, 0.0500, 0.0200]                                 | 74.4544  | 0.9200  | 0.9036 
