
[Simulation Info]
simulation_id = sim_0007791
timestamp     = 20250428_103244
seed          = 500987
output_folder = /home/lejeunet/Bureau/simulations/Ref_table/sim_0007791

[Model Parameters]
pop_size           = 336
num_loci           = 20
sample1_generation = 30
sample2_generation = 10
low_repeats        = 1
high_repeats       = 200
mutation_rate      = 0.001
recap_Ne           = 336

[Sampling Design]
sample1_size_Ne  = 50
sample2_size_Ne  = 50
sample1_size_CMR = 50
sample2_size_CMR = 50

[Capture-Marquage-Recapture]
census_N   =  200
MatchCount =  13

[Ne Estimates - One Sample - Decreasing critical values [0.050, 0.020, 0.010, 0+]]

[Linkage Desequilibrium]
LD_Ne_Pop1 = [138.8, 243.0, 296.5, 296.5]
LD_r2_Pop1 = [0.023641, 0.022636, 0.022392, 0.022392]
LD_Ne_Pop2 = [None, None, 1241.2, 1241.2]
LD_r2_Pop2 = [0.020815, 0.020976, 0.021544, 0.021544]

[Heterozygote excess]
HE_Neb_mean_Pop1        = [26.0, 29.9, 30.4, 30.4]
HE_weighted_D_mean_Pop1 = [0.01962, 0.01701, 0.01672, 0.01672]
HE_Neb_mean_Pop2        = [None, None, None, None]
HE_weighted_D_mean_Pop2 = [-0.00948, -0.01085, -0.01085, -0.01085]

[Molecular Coancestry]
Coan_Neb_n_Pop1 = 49.7
Coan_f1_Pop1    = 0.01006
Coan_Neb_n_Pop2 = 34.4
Coan_f1_Pop2    = 0.01454

[Ne Estimates - Temporal - Decreasing critical values (0.050, 0.020, 0.010, 0+)]

[Pollak]
P_Ne     = [452.9, 499.9, 519.7, 528.2]
P_Fk     = [0.03104, 0.03, 0.02962, 0.02947]
P_Fprime = [0.01104, 0.01, 0.00962, 0.00947]

[Nei/Tajima]
N_Ne     = [515.5, 557.7, 575.5, 589.7]
N_Fc     = [0.0297, 0.02897, 0.02869, 0.02848]
N_Fprime = [0.0097, 0.00897, 0.00869, 0.00848]

[Jorde/Ryman]
J_Ne     = [430.4, 437.8, 438.5, 438.9]
J_Fs     = [0.03175, 0.03155, 0.03154, 0.03153]
J_Fprime = [0.01162, 0.01142, 0.0114, 0.01139]

[Genetic Diversity - Heterozygosity]
mean_exp_het_pop1 = 0.5243
mean_obs_het_pop1 = 0.5352
mean_exp_het_pop2 = 0.5411
mean_obs_het_pop2 = 0.538

[Genetic Diversity - Allele Counts]
mean_alleles_pop1 = 3.81
var_alleles_pop1  = 0.96
sum_alleles_pop1  = 80
mean_alleles_pop2 = 3.83
var_alleles_pop2  = 0.87
sum_alleles_pop2  = 161

[Genetic Diversity - Allelic Size Variance]
var_allele_size_pop1 = 0.7299
var_allele_size_pop2 = 0.7461

[Per-locus summary - Population 1]
Locus | Num_Alleles | Alleles                  | Frequencies                              | Variance | Obs_Het | Exp_Het
------+-------------+--------------------------+------------------------------------------+----------+---------+--------
1     | 4           | [99, 100, 101, 102]      | [0.0800, 0.3800, 0.1200, 0.4200]         | 1.1056   | 0.6400  | 0.6651 
2     | 4           | [100, 101, 102, 103]     | [0.4200, 0.2000, 0.1900, 0.1900]         | 1.3475   | 0.8200  | 0.7186 
3     | 5           | [96, 97, 98, 99, 100]    | [0.0200, 0.0100, 0.2300, 0.3300, 0.4100] | 0.8500   | 0.6600  | 0.6764 
4     | 4           | [98, 99, 100, 101]       | [0.1000, 0.4300, 0.3600, 0.1100]         | 0.6696   | 0.7200  | 0.6701 
5     | 4           | [98, 99, 100, 101]       | [0.0100, 0.3700, 0.0500, 0.5700]         | 0.9476   | 0.5200  | 0.5410 
6     | 4           | [97, 99, 100, 101]       | [0.1500, 0.2400, 0.5700, 0.0400]         | 1.2075   | 0.7600  | 0.5994 
7     | 4           | [99, 100, 101, 102]      | [0.1100, 0.1900, 0.0200, 0.6800]         | 1.2371   | 0.4800  | 0.4939 
8     | 4           | [97, 98, 99, 101]        | [0.2100, 0.6000, 0.0700, 0.1200]         | 1.3116   | 0.6600  | 0.5824 
9     | 2           | [101, 102]               | [0.9900, 0.0100]                         | 0.0099   | 0.0200  | 0.0200 
10    | 5           | [99, 100, 101, 102, 103] | [0.0100, 0.0900, 0.3000, 0.4800, 0.1200] | 0.7179   | 0.6600  | 0.6636 
11    | 5           | [98, 99, 100, 101, 102]  | [0.0400, 0.2400, 0.1300, 0.5500, 0.0400] | 1.0139   | 0.6400  | 0.6261 
12    | 4           | [99, 100, 101, 102]      | [0.0100, 0.3100, 0.6300, 0.0500]         | 0.3216   | 0.5000  | 0.5095 
13    | 2           | [100, 101]               | [0.8100, 0.1900]                         | 0.1539   | 0.3000  | 0.3109 
14    | 2           | [99, 100]                | [0.1200, 0.8800]                         | 0.1056   | 0.1600  | 0.2133 
15    | 4           | [98, 99, 100, 101]       | [0.0600, 0.2600, 0.6500, 0.0300]         | 0.4075   | 0.5200  | 0.5105 
16    | 3           | [99, 100, 101]           | [0.1000, 0.5600, 0.3400]                 | 0.3824   | 0.6400  | 0.5665 
17    | 3           | [100, 101, 102]          | [0.3900, 0.5200, 0.0900]                 | 0.3900   | 0.6200  | 0.5752 
18    | 5           | [99, 100, 101, 102, 103] | [0.0700, 0.4900, 0.2400, 0.1900, 0.0100] | 0.8236   | 0.6200  | 0.6679 
19    | 3           | [99, 100, 101]           | [0.0600, 0.9000, 0.0400]                 | 0.0996   | 0.2000  | 0.1867 
20    | 4           | [98, 99, 100, 101]       | [0.0200, 0.5300, 0.4200, 0.0300]         | 0.3484   | 0.4000  | 0.5469 
21    | 5           | [98, 99, 100, 101, 102]  | [0.2900, 0.2100, 0.0100, 0.4600, 0.0300] | 1.8771   | 0.7000  | 0.6659 

[Per-locus summary - Population 2]
Locus | Num_Alleles | Alleles                  | Frequencies                              | Variance | Obs_Het | Exp_Het
------+-------------+--------------------------+------------------------------------------+----------+---------+--------
1     | 4           | [99, 100, 101, 102]      | [0.0700, 0.4700, 0.0700, 0.3900]         | 1.0916   | 0.5000  | 0.6234 
2     | 4           | [100, 101, 102, 103]     | [0.4200, 0.3600, 0.0300, 0.1900]         | 1.2099   | 0.6600  | 0.6636 
3     | 5           | [96, 97, 98, 99, 100]    | [0.0200, 0.0300, 0.2700, 0.3100, 0.3700] | 0.9396   | 0.7200  | 0.6998 
4     | 4           | [98, 99, 100, 101]       | [0.1100, 0.2200, 0.5900, 0.0800]         | 0.6104   | 0.6000  | 0.5909 
5     | 5           | [98, 99, 100, 101, 102]  | [0.0200, 0.4000, 0.0300, 0.5400, 0.0100] | 1.0456   | 0.3800  | 0.5525 
6     | 3           | [97, 99, 100]            | [0.2300, 0.2700, 0.5000]                 | 1.4184   | 0.5800  | 0.6305 
7     | 4           | [99, 100, 101, 102]      | [0.1100, 0.1800, 0.0400, 0.6700]         | 1.2171   | 0.5200  | 0.5101 
8     | 4           | [97, 98, 99, 101]        | [0.2100, 0.6200, 0.0600, 0.1100]         | 1.2276   | 0.5800  | 0.5614 
9     | 1           | [101]                    | [1.0000]                                 | 0.0000   | NA      | NA     
10    | 5           | [99, 100, 101, 102, 103] | [0.0400, 0.1500, 0.2500, 0.4100, 0.1500] | 1.0896   | 0.8000  | 0.7301 
11    | 5           | [98, 99, 100, 101, 102]  | [0.0600, 0.3000, 0.0600, 0.5200, 0.0600] | 1.2516   | 0.6200  | 0.6351 
12    | 3           | [100, 101, 102]          | [0.4600, 0.5100, 0.0300]                 | 0.3051   | 0.4600  | 0.5327 
13    | 3           | [99, 100, 101]           | [0.0100, 0.7700, 0.2200]                 | 0.1859   | 0.3600  | 0.3622 
14    | 3           | [99, 100, 101]           | [0.0800, 0.8800, 0.0400]                 | 0.1184   | 0.2400  | 0.2198 
15    | 3           | [99, 100, 101]           | [0.2300, 0.7600, 0.0100]                 | 0.1916   | 0.3600  | 0.3731 
16    | 3           | [99, 100, 101]           | [0.0800, 0.4600, 0.4600]                 | 0.3956   | 0.6200  | 0.5762 
17    | 3           | [100, 101, 102]          | [0.3000, 0.5700, 0.1300]                 | 0.4011   | 0.5800  | 0.5739 
18    | 4           | [99, 100, 101, 102]      | [0.0700, 0.5700, 0.2400, 0.1200]         | 0.6219   | 0.6200  | 0.6042 
19    | 3           | [99, 100, 101]           | [0.0100, 0.9200, 0.0700]                 | 0.0764   | 0.1600  | 0.1501 
20    | 4           | [98, 99, 100, 101]       | [0.0200, 0.6000, 0.3100, 0.0700]         | 0.4251   | 0.6000  | 0.5440 
21    | 5           | [98, 99, 100, 101, 102]  | [0.2200, 0.2300, 0.0200, 0.4600, 0.0700] | 1.8451   | 0.8000  | 0.6887 
