
[Simulation Info]
simulation_id = sim_0007805
timestamp     = 20250428_103317
seed          = 932588
output_folder = /home/lejeunet/Bureau/simulations/Ref_table/sim_0007805

[Model Parameters]
pop_size           = 4637
num_loci           = 20
sample1_generation = 30
sample2_generation = 10
low_repeats        = 1
high_repeats       = 200
mutation_rate      = 0.001
recap_Ne           = 4637

[Sampling Design]
sample1_size_Ne  = 50
sample2_size_Ne  = 50
sample1_size_CMR = 50
sample2_size_CMR = 50

[Capture-Marquage-Recapture]
census_N   =  2601
MatchCount =  1

[Ne Estimates - One Sample - Decreasing critical values [0.050, 0.020, 0.010, 0+]]

[Linkage Desequilibrium]
LD_Ne_Pop1 = [None, None, None, None]
LD_r2_Pop1 = [0.021101, 0.02094, 0.021081, 0.021081]
LD_Ne_Pop2 = [792.1, 1381.9, 6440.6, 6440.6]
LD_r2_Pop2 = [0.021696, 0.021517, 0.021328, 0.021328]

[Heterozygote excess]
HE_Neb_mean_Pop1        = [None, None, 1519.7, 1519.7]
HE_weighted_D_mean_Pop1 = [-0.00011, -0.00336, 0.00033, 0.00033]
HE_Neb_mean_Pop2        = [26.1, 48.4, 55.0, 55.0]
HE_weighted_D_mean_Pop2 = [0.01955, 0.01043, 0.00917, 0.00917]

[Molecular Coancestry]
Coan_Neb_n_Pop1 = 55.2
Coan_f1_Pop1    = 0.00906
Coan_Neb_n_Pop2 = 58.0
Coan_f1_Pop2    = 0.00861

[Ne Estimates - Temporal - Decreasing critical values (0.050, 0.020, 0.010, 0+)]

[Pollak]
P_Ne     = [-2063.9, -2540.2, -2997.5, -3647.1]
P_Fk     = [0.01758, 0.01803, 0.01833, 0.01863]
P_Fprime = [-0.00242, -0.00197, -0.00167, -0.00137]

[Nei/Tajima]
N_Ne     = [-1893.8, -2235.8, -2566.0, -2992.8]
N_Fc     = [0.01736, 0.01776, 0.01805, 0.01833]
N_Fprime = [-0.00264, -0.00224, -0.00195, -0.00167]

[Jorde/Ryman]
J_Ne     = [-2120.5, -2188.9, -2291.8, -2328.3]
J_Fs     = [0.01774, 0.01782, 0.01792, 0.01795]
J_Fprime = [-0.00236, -0.00228, -0.00218, -0.00215]

[Genetic Diversity - Heterozygosity]
mean_exp_het_pop1 = 0.8363
mean_obs_het_pop1 = 0.8352
mean_exp_het_pop2 = 0.8343
mean_obs_het_pop2 = 0.8448

[Genetic Diversity - Allele Counts]
mean_alleles_pop1 = 11.24
var_alleles_pop1  = 2.19
sum_alleles_pop1  = 236
mean_alleles_pop2 = 11.5
var_alleles_pop2  = 1.72
sum_alleles_pop2  = 483

[Genetic Diversity - Allelic Size Variance]
var_allele_size_pop1 = 7.9982
var_allele_size_pop2 = 7.969

[Per-locus summary - Population 1]
Locus | Num_Alleles | Alleles                                                         | Frequencies                                                                                              | Variance | Obs_Het | Exp_Het
------+-------------+-----------------------------------------------------------------+----------------------------------------------------------------------------------------------------------+----------+---------+--------
1     | 11          | [91, 92, 95, 96, 97, 98, 99, 100, 101, 102, 103]                | [0.0100, 0.0800, 0.0400, 0.0300, 0.0200, 0.1100, 0.2400, 0.2700, 0.0500, 0.0900, 0.0600]                 | 7.8744   | 0.8200  | 0.8422 
2     | 10          | [99, 100, 101, 102, 103, 104, 105, 106, 107, 108]               | [0.0800, 0.1700, 0.0700, 0.0800, 0.1500, 0.3100, 0.0900, 0.0300, 0.0100, 0.0100]                         | 4.3756   | 0.8400  | 0.8339 
3     | 11          | [92, 93, 94, 95, 96, 97, 98, 99, 102, 103, 104]                 | [0.0900, 0.1200, 0.1800, 0.1300, 0.2400, 0.0500, 0.0500, 0.0400, 0.0200, 0.0700, 0.0100]                 | 8.7075   | 0.8000  | 0.8673 
4     | 12          | [99, 100, 101, 102, 103, 104, 105, 106, 107, 108, 109, 110]     | [0.0100, 0.0800, 0.1200, 0.1100, 0.0400, 0.2000, 0.1100, 0.0300, 0.0300, 0.1500, 0.0900, 0.0300]         | 9.0700   | 0.9000  | 0.8889 
5     | 12          | [91, 92, 93, 94, 95, 97, 98, 99, 100, 101, 102, 103]            | [0.0300, 0.0100, 0.0300, 0.0400, 0.0300, 0.1100, 0.2100, 0.2200, 0.2100, 0.0600, 0.0100, 0.0400]         | 6.2816   | 0.8200  | 0.8501 
6     | 12          | [95, 96, 97, 98, 99, 100, 101, 106, 107, 108, 109, 110]         | [0.0100, 0.0400, 0.0200, 0.0300, 0.0900, 0.0600, 0.0200, 0.1700, 0.1400, 0.3600, 0.0400, 0.0200]         | 17.1584  | 0.7600  | 0.8129 
7     | 10          | [90, 91, 92, 93, 95, 96, 97, 98, 99, 100]                       | [0.0500, 0.0300, 0.0400, 0.0500, 0.0700, 0.1600, 0.3400, 0.1600, 0.0500, 0.0500]                         | 5.9076   | 0.8200  | 0.8240 
8     | 12          | [98, 99, 100, 103, 104, 105, 106, 107, 108, 109, 110, 111]      | [0.0200, 0.0700, 0.0300, 0.0100, 0.0100, 0.0300, 0.0900, 0.0300, 0.0500, 0.1400, 0.3400, 0.1800]         | 13.7700  | 0.8600  | 0.8218 
9     | 10          | [92, 93, 94, 95, 96, 97, 98, 99, 100, 101]                      | [0.0400, 0.0300, 0.1400, 0.1400, 0.1300, 0.1300, 0.1400, 0.0500, 0.1400, 0.0600]                         | 5.9275   | 0.8600  | 0.8881 
10    | 12          | [93, 94, 95, 96, 97, 98, 99, 100, 101, 103, 104, 105]           | [0.0200, 0.0400, 0.0100, 0.0300, 0.0500, 0.2400, 0.4200, 0.0500, 0.0500, 0.0100, 0.0400, 0.0400]         | 5.4144   | 0.7600  | 0.7598 
11    | 11          | [96, 97, 98, 99, 100, 101, 102, 103, 104, 105, 106]             | [0.0900, 0.1100, 0.3200, 0.2000, 0.0900, 0.1200, 0.0200, 0.0100, 0.0200, 0.0100, 0.0100]                 | 3.8075   | 0.7800  | 0.8220 
12    | 13          | [96, 97, 98, 99, 100, 101, 102, 103, 104, 105, 108, 109, 110]   | [0.0200, 0.0300, 0.0700, 0.0100, 0.0100, 0.2400, 0.2900, 0.1600, 0.0600, 0.0100, 0.0500, 0.0400, 0.0100] | 7.8331   | 0.8400  | 0.8267 
13    | 13          | [94, 95, 96, 97, 98, 99, 100, 101, 102, 103, 106, 107, 108]     | [0.0300, 0.0600, 0.0100, 0.0200, 0.0400, 0.1700, 0.1200, 0.2300, 0.1300, 0.0600, 0.0600, 0.0200, 0.0500] | 10.3324  | 0.9400  | 0.8790 
14    | 7           | [97, 98, 99, 100, 101, 102, 103]                                | [0.0800, 0.2700, 0.2500, 0.1700, 0.0900, 0.1000, 0.0400]                                                 | 2.5156   | 0.8400  | 0.8178 
15    | 9           | [93, 94, 95, 96, 97, 98, 99, 100, 101]                          | [0.0100, 0.0500, 0.0100, 0.0800, 0.0600, 0.0200, 0.1700, 0.4100, 0.1900]                                 | 3.9164   | 0.7200  | 0.7614 
16    | 11          | [93, 94, 97, 98, 99, 100, 101, 102, 103, 104, 105]              | [0.0200, 0.0500, 0.0500, 0.0100, 0.1000, 0.0300, 0.1100, 0.3000, 0.0700, 0.2300, 0.0300]                 | 8.1016   | 0.8800  | 0.8311 
17    | 11          | [97, 98, 99, 100, 101, 102, 103, 104, 105, 106, 113]            | [0.0300, 0.0200, 0.0200, 0.0200, 0.1100, 0.1600, 0.1200, 0.2200, 0.1600, 0.0400, 0.1000]                 | 13.1604  | 0.9200  | 0.8689 
18    | 11          | [87, 88, 89, 90, 91, 92, 93, 94, 95, 96, 97]                    | [0.0400, 0.3000, 0.2100, 0.0700, 0.0700, 0.0400, 0.0300, 0.0100, 0.1000, 0.1200, 0.0100]                 | 9.3304   | 0.8600  | 0.8358 
19    | 13          | [98, 99, 100, 101, 102, 103, 104, 105, 106, 107, 108, 109, 110] | [0.0200, 0.0700, 0.1400, 0.0700, 0.1000, 0.0600, 0.0600, 0.0300, 0.0600, 0.2100, 0.1300, 0.0400, 0.0100] | 11.3964  | 0.9200  | 0.8948 
20    | 13          | [92, 93, 94, 95, 96, 97, 98, 99, 100, 101, 102, 103, 104]       | [0.0200, 0.0100, 0.0400, 0.0100, 0.0200, 0.0600, 0.0600, 0.0100, 0.0100, 0.2300, 0.3100, 0.1900, 0.0300] | 7.8331   | 0.7200  | 0.8121 
21    | 12          | [92, 93, 95, 96, 97, 98, 99, 100, 101, 102, 103, 104]           | [0.0300, 0.0300, 0.0200, 0.0300, 0.0500, 0.1600, 0.3200, 0.2100, 0.0600, 0.0300, 0.0500, 0.0100]         | 5.2475   | 0.8800  | 0.8234 

[Per-locus summary - Population 2]
Locus | Num_Alleles | Alleles                                                       | Frequencies                                                                                              | Variance | Obs_Het | Exp_Het
------+-------------+---------------------------------------------------------------+----------------------------------------------------------------------------------------------------------+----------+---------+--------
1     | 11          | [91, 92, 93, 94, 95, 98, 99, 100, 101, 102, 103]              | [0.0100, 0.0600, 0.0100, 0.0100, 0.0400, 0.1900, 0.2800, 0.1800, 0.0300, 0.1200, 0.0700]                 | 7.5136   | 0.8600  | 0.8358 
2     | 9           | [99, 100, 101, 102, 103, 104, 105, 106, 107]                  | [0.0800, 0.1500, 0.0700, 0.0900, 0.1300, 0.3100, 0.1400, 0.0100, 0.0200]                                 | 4.1900   | 0.9200  | 0.8333 
3     | 10          | [92, 93, 94, 95, 96, 97, 98, 99, 103, 104]                    | [0.0600, 0.1400, 0.1800, 0.1300, 0.2300, 0.0700, 0.0600, 0.0700, 0.0500, 0.0100]                         | 6.9976   | 0.8800  | 0.8673 
4     | 12          | [100, 101, 102, 103, 104, 105, 106, 107, 108, 109, 110, 111]  | [0.1000, 0.0900, 0.0500, 0.0300, 0.2000, 0.0900, 0.0500, 0.0300, 0.1800, 0.1600, 0.0100, 0.0100]         | 9.6531   | 0.8800  | 0.8776 
5     | 12          | [92, 93, 94, 95, 96, 97, 98, 99, 100, 101, 102, 103]          | [0.0300, 0.0600, 0.0700, 0.0300, 0.0200, 0.0900, 0.1900, 0.2400, 0.1400, 0.0800, 0.0100, 0.0400]         | 6.8196   | 0.9000  | 0.8685 
6     | 11          | [95, 96, 97, 99, 100, 101, 102, 106, 107, 108, 109]           | [0.0100, 0.0900, 0.0300, 0.1100, 0.0400, 0.0100, 0.0100, 0.1900, 0.2000, 0.2300, 0.0800]                 | 19.5296  | 0.8400  | 0.8501 
7     | 10          | [90, 91, 92, 93, 95, 96, 97, 98, 99, 100]                     | [0.0300, 0.0300, 0.0600, 0.0300, 0.1100, 0.1600, 0.3700, 0.1100, 0.0300, 0.0700]                         | 5.3339   | 0.8400  | 0.8093 
8     | 11          | [98, 99, 100, 104, 105, 106, 107, 108, 109, 110, 111]         | [0.0200, 0.0500, 0.0300, 0.0100, 0.0300, 0.0600, 0.0600, 0.0500, 0.2400, 0.2800, 0.1700]                 | 11.5779  | 0.8200  | 0.8289 
9     | 10          | [92, 93, 94, 95, 96, 97, 98, 99, 100, 101]                    | [0.0400, 0.0500, 0.1300, 0.2500, 0.1400, 0.0800, 0.0500, 0.0700, 0.1800, 0.0100]                         | 5.7844   | 0.9000  | 0.8592 
10    | 12          | [93, 94, 95, 96, 97, 98, 99, 100, 101, 102, 104, 105]         | [0.0100, 0.0200, 0.0300, 0.0400, 0.1000, 0.1600, 0.4000, 0.0600, 0.1100, 0.0100, 0.0300, 0.0300]         | 4.6656   | 0.7800  | 0.7917 
11    | 10          | [95, 96, 97, 98, 99, 100, 101, 102, 105, 106]                 | [0.0100, 0.1000, 0.0500, 0.4000, 0.2000, 0.1300, 0.0300, 0.0200, 0.0200, 0.0400]                         | 4.7339   | 0.7000  | 0.7750 
12    | 13          | [96, 97, 98, 99, 100, 101, 102, 103, 104, 107, 108, 109, 110] | [0.0200, 0.0300, 0.0300, 0.0100, 0.0500, 0.3400, 0.2500, 0.1300, 0.0400, 0.0100, 0.0600, 0.0200, 0.0100] | 6.8996   | 0.7800  | 0.8024 
13    | 13          | [94, 95, 96, 97, 98, 99, 100, 101, 102, 103, 104, 106, 107]   | [0.0300, 0.0300, 0.0200, 0.0800, 0.0200, 0.2300, 0.1400, 0.1500, 0.1300, 0.0200, 0.0100, 0.0700, 0.0700] | 9.8900   | 0.9200  | 0.8776 
14    | 10          | [95, 96, 97, 98, 99, 100, 101, 102, 103, 104]                 | [0.0400, 0.0400, 0.1300, 0.2200, 0.1300, 0.1700, 0.2000, 0.0400, 0.0200, 0.0100]                         | 3.6364   | 0.8800  | 0.8521 
15    | 10          | [93, 94, 95, 96, 97, 98, 99, 100, 101, 102]                   | [0.0100, 0.0300, 0.0200, 0.0100, 0.0700, 0.0700, 0.1400, 0.4400, 0.2000, 0.0100]                         | 3.0844   | 0.7800  | 0.7428 
16    | 11          | [93, 94, 97, 98, 99, 100, 101, 102, 103, 104, 105]            | [0.0100, 0.0400, 0.0300, 0.0600, 0.1000, 0.0600, 0.0800, 0.3300, 0.0900, 0.1900, 0.0100]                 | 6.6000   | 0.7800  | 0.8289 
17    | 12          | [97, 98, 99, 100, 101, 102, 103, 104, 105, 106, 113, 114]     | [0.0300, 0.0400, 0.0500, 0.0700, 0.0900, 0.1000, 0.0800, 0.2200, 0.1600, 0.0400, 0.0900, 0.0300]         | 17.1476  | 0.9200  | 0.8899 
18    | 11          | [87, 88, 89, 90, 91, 92, 93, 94, 95, 96, 97]                  | [0.0400, 0.3300, 0.1600, 0.1000, 0.0500, 0.0500, 0.0400, 0.0100, 0.1200, 0.0900, 0.0100]                 | 9.0036   | 0.7800  | 0.8329 
19    | 11          | [99, 100, 101, 102, 103, 104, 105, 106, 107, 108, 109]        | [0.0400, 0.2000, 0.0600, 0.1400, 0.0800, 0.0700, 0.0300, 0.0500, 0.1900, 0.1000, 0.0400]                 | 9.8624   | 0.9400  | 0.8816 
20    | 11          | [93, 94, 95, 97, 98, 99, 100, 101, 102, 103, 104]             | [0.0200, 0.0500, 0.0100, 0.0700, 0.0500, 0.0200, 0.0100, 0.2300, 0.3800, 0.1400, 0.0200]                 | 6.7611   | 0.7800  | 0.7796 
21    | 12          | [92, 93, 94, 95, 96, 97, 98, 99, 100, 101, 102, 103]          | [0.0700, 0.0300, 0.0300, 0.0300, 0.0300, 0.0100, 0.1000, 0.3100, 0.1700, 0.1600, 0.0100, 0.0500]         | 7.6651   | 0.8600  | 0.8366 
