
[Simulation Info]
simulation_id = sim_0002452
timestamp     = 20250428_082224
seed          = 611653
output_folder = /home/lejeunet/Bureau/simulations/Ref_table/sim_0002452

[Model Parameters]
pop_size           = 3892
num_loci           = 20
sample1_generation = 30
sample2_generation = 10
low_repeats        = 1
high_repeats       = 200
mutation_rate      = 0.001
recap_Ne           = 3892

[Sampling Design]
sample1_size_Ne  = 50
sample2_size_Ne  = 50
sample1_size_CMR = 50
sample2_size_CMR = 50

[Capture-Marquage-Recapture]
census_N   =  0
MatchCount =  0
# There were no match between sampling of individuals during CMR.

[Ne Estimates - One Sample - Decreasing critical values [0.050, 0.020, 0.010, 0+]]

[Linkage Desequilibrium]
LD_Ne_Pop1 = [None, None, 3677.5, 3677.5]
LD_r2_Pop1 = [0.020897, 0.020962, 0.021367, 0.021367]
LD_Ne_Pop2 = [9724.6, 2025.1, 25026.0, 25026.0]
LD_r2_Pop2 = [0.02131, 0.02144, 0.021289, 0.021289]

[Heterozygote excess]
HE_Neb_mean_Pop1        = [None, None, None, None]
HE_weighted_D_mean_Pop1 = [-0.00598, -0.00495, -0.00504, -0.00504]
HE_Neb_mean_Pop2        = [62.3, 108.6, 120.2, 120.2]
HE_weighted_D_mean_Pop2 = [0.00809, 0.00463, 0.00418, 0.00418]

[Molecular Coancestry]
Coan_Neb_n_Pop1 = None
Coan_f1_Pop1    = -0.01053
Coan_Neb_n_Pop2 = None
Coan_f1_Pop2    = -0.00593

[Ne Estimates - Temporal - Decreasing critical values (0.050, 0.020, 0.010, 0+)]

[Pollak]
P_Ne     = [5526.0, 4964.4, 4778.5, 4778.5]
P_Fk     = [0.0209, 0.02101, 0.02105, 0.02105]
P_Fprime = [0.0009, 0.00101, 0.00105, 0.00105]

[Nei/Tajima]
N_Ne     = [15655.9, 9300.1, 8520.5, 8520.5]
N_Fc     = [0.02032, 0.02054, 0.02059, 0.02059]
N_Fprime = [0.00032, 0.00054, 0.00059, 0.00059]

[Jorde/Ryman]
J_Ne     = [-6729.3, -18707.1, -20229.7, -20229.7]
J_Fs     = [0.01936, 0.01983, 0.01985, 0.01985]
J_Fprime = [-0.00074, -0.00027, -0.00025, -0.00025]

[Genetic Diversity - Heterozygosity]
mean_exp_het_pop1 = 0.8215
mean_obs_het_pop1 = 0.8181
mean_exp_het_pop2 = 0.8274
mean_obs_het_pop2 = 0.8371

[Genetic Diversity - Allele Counts]
mean_alleles_pop1 = 9.0
var_alleles_pop1  = 4.4
sum_alleles_pop1  = 189
mean_alleles_pop2 = 9.26
var_alleles_pop2  = 4.54
sum_alleles_pop2  = 389

[Genetic Diversity - Allelic Size Variance]
var_allele_size_pop1 = 5.7066
var_allele_size_pop2 = 5.7469

[Per-locus summary - Population 1]
Locus | Num_Alleles | Alleles                                                    | Frequencies                                                                                              | Variance | Obs_Het | Exp_Het
------+-------------+------------------------------------------------------------+----------------------------------------------------------------------------------------------------------+----------+---------+--------
1     | 9           | [98, 99, 100, 101, 102, 103, 104, 108, 109]                | [0.0300, 0.0500, 0.1400, 0.1500, 0.3700, 0.0700, 0.1100, 0.0400, 0.0400]                                 | 5.5379   | 0.7400  | 0.8054 
2     | 10          | [96, 97, 98, 101, 102, 103, 104, 105, 106, 107]            | [0.1100, 0.0100, 0.0100, 0.0300, 0.1800, 0.3800, 0.1300, 0.0500, 0.0600, 0.0400]                         | 7.5075   | 0.7400  | 0.7933 
3     | 13          | [93, 94, 95, 96, 97, 98, 99, 100, 101, 102, 103, 104, 105] | [0.1400, 0.0400, 0.0700, 0.0300, 0.1000, 0.0100, 0.0400, 0.0600, 0.0100, 0.2200, 0.1500, 0.1200, 0.0100] | 15.5356  | 0.8800  | 0.8810 
4     | 7           | [96, 97, 98, 99, 100, 101, 102]                            | [0.0300, 0.0600, 0.2100, 0.4400, 0.1800, 0.0500, 0.0300]                                                 | 1.3675   | 0.7400  | 0.7293 
5     | 10          | [96, 97, 98, 99, 100, 101, 102, 103, 104, 105]             | [0.0200, 0.0800, 0.1900, 0.0600, 0.0300, 0.0100, 0.1600, 0.1200, 0.1700, 0.1600]                         | 8.3219   | 0.8400  | 0.8667 
6     | 9           | [100, 101, 102, 103, 104, 105, 106, 107, 108]              | [0.1000, 0.2200, 0.0900, 0.1100, 0.0700, 0.2000, 0.1100, 0.0800, 0.0200]                                 | 5.3579   | 0.8400  | 0.8663 
7     | 7           | [94, 95, 96, 97, 98, 99, 100]                              | [0.0100, 0.0500, 0.2500, 0.3600, 0.0900, 0.2200, 0.0200]                                                 | 1.6459   | 0.7400  | 0.7560 
8     | 12          | [93, 95, 96, 97, 98, 99, 100, 102, 103, 104, 105, 106]     | [0.0300, 0.0300, 0.1000, 0.0900, 0.0800, 0.1700, 0.1100, 0.0100, 0.0700, 0.2600, 0.0300, 0.0200]         | 11.3876  | 0.8800  | 0.8675 
9     | 8           | [98, 99, 100, 101, 102, 103, 104, 105]                     | [0.0100, 0.1900, 0.3000, 0.1800, 0.0400, 0.1100, 0.1100, 0.0600]                                         | 3.5656   | 0.8400  | 0.8202 
10    | 7           | [97, 98, 99, 100, 101, 102, 103]                           | [0.0300, 0.0100, 0.0800, 0.1300, 0.2200, 0.1500, 0.3800]                                                 | 2.4691   | 0.8000  | 0.7681 
11    | 7           | [98, 99, 100, 101, 102, 103, 104]                          | [0.0600, 0.1800, 0.0300, 0.2300, 0.3200, 0.1700, 0.0100]                                                 | 2.3656   | 0.8000  | 0.7867 
12    | 10          | [95, 96, 97, 98, 99, 100, 101, 102, 103, 104]              | [0.0100, 0.0100, 0.1600, 0.0800, 0.0600, 0.1800, 0.2000, 0.1000, 0.1600, 0.0400]                         | 4.8475   | 0.9000  | 0.8632 
13    | 7           | [98, 99, 100, 101, 102, 103, 104]                          | [0.0200, 0.0500, 0.1000, 0.1800, 0.1900, 0.3200, 0.1400]                                                 | 2.2299   | 0.8200  | 0.8046 
14    | 7           | [97, 98, 99, 100, 101, 102, 103]                           | [0.1200, 0.0500, 0.0200, 0.1200, 0.3000, 0.2700, 0.1200]                                                 | 3.2416   | 0.8000  | 0.7990 
15    | 9           | [97, 98, 99, 100, 101, 102, 103, 104, 105]                 | [0.0600, 0.1200, 0.0300, 0.2200, 0.1400, 0.0800, 0.2000, 0.0800, 0.0700]                                 | 5.0856   | 0.8200  | 0.8640 
16    | 6           | [97, 98, 99, 100, 101, 102]                                | [0.0600, 0.2200, 0.4300, 0.0600, 0.2200, 0.0100]                                                         | 1.4539   | 0.7400  | 0.7182 
17    | 13          | [92, 93, 94, 95, 96, 97, 98, 99, 100, 102, 103, 104, 105]  | [0.0200, 0.0200, 0.0400, 0.2400, 0.0700, 0.0500, 0.0800, 0.0800, 0.0200, 0.1200, 0.1300, 0.1200, 0.0100] | 13.9275  | 0.8400  | 0.8824 
18    | 9           | [94, 95, 98, 99, 100, 101, 102, 104, 105]                  | [0.0500, 0.0100, 0.1800, 0.2000, 0.1900, 0.1700, 0.1600, 0.0200, 0.0200]                                 | 4.5424   | 0.8400  | 0.8420 
19    | 12          | [91, 92, 93, 94, 95, 96, 97, 98, 99, 100, 101, 103]        | [0.0500, 0.0200, 0.1800, 0.0300, 0.1800, 0.1100, 0.0300, 0.0400, 0.1600, 0.0300, 0.1600, 0.0100]         | 9.8691   | 0.9000  | 0.8733 
20    | 8           | [95, 96, 97, 98, 99, 100, 101, 102]                        | [0.0100, 0.1000, 0.0600, 0.2200, 0.1000, 0.0100, 0.2200, 0.2800]                                         | 4.5579   | 0.8400  | 0.8091 
21    | 9           | [92, 93, 94, 95, 96, 97, 98, 100, 101]                     | [0.0300, 0.0700, 0.1500, 0.2300, 0.0900, 0.1200, 0.2100, 0.0400, 0.0600]                                 | 5.0204   | 0.8400  | 0.8556 

[Per-locus summary - Population 2]
Locus | Num_Alleles | Alleles                                                        | Frequencies                                                                                                      | Variance | Obs_Het | Exp_Het
------+-------------+----------------------------------------------------------------+------------------------------------------------------------------------------------------------------------------+----------+---------+--------
1     | 9           | [98, 99, 100, 101, 102, 103, 104, 108, 109]                    | [0.0300, 0.0300, 0.1800, 0.0800, 0.3600, 0.1000, 0.1400, 0.0400, 0.0400]                                         | 5.5475   | 0.8600  | 0.8051 
2     | 9           | [96, 97, 101, 102, 103, 104, 105, 106, 107]                    | [0.0700, 0.0300, 0.0200, 0.1700, 0.3200, 0.1200, 0.0300, 0.1800, 0.0600]                                         | 7.5736   | 0.8400  | 0.8194 
3     | 14          | [92, 93, 94, 95, 96, 97, 98, 99, 100, 101, 102, 103, 104, 105] | [0.0200, 0.1400, 0.0600, 0.0400, 0.0300, 0.0600, 0.0100, 0.0100, 0.0300, 0.0400, 0.2100, 0.2200, 0.1200, 0.0100] | 17.2556  | 0.8400  | 0.8693 
4     | 8           | [96, 97, 98, 99, 100, 101, 102, 103]                           | [0.0300, 0.0900, 0.1500, 0.3800, 0.2100, 0.0800, 0.0400, 0.0200]                                                 | 1.9675   | 0.8200  | 0.7794 
5     | 10          | [96, 97, 98, 99, 100, 101, 102, 103, 104, 105]                 | [0.0100, 0.0600, 0.2100, 0.1000, 0.0400, 0.0400, 0.1200, 0.2300, 0.1300, 0.0600]                                 | 6.7075   | 0.9000  | 0.8598 
6     | 10          | [98, 100, 101, 102, 103, 104, 105, 106, 107, 108]              | [0.0400, 0.0900, 0.2000, 0.1300, 0.0900, 0.1100, 0.1700, 0.0600, 0.0700, 0.0400]                                 | 6.1779   | 0.9000  | 0.8830 
7     | 7           | [94, 95, 96, 97, 98, 99, 100]                                  | [0.0100, 0.0300, 0.1400, 0.3800, 0.1600, 0.2100, 0.0700]                                                         | 1.6664   | 0.7200  | 0.7681 
8     | 11          | [93, 94, 95, 96, 97, 98, 99, 100, 103, 104, 106]               | [0.0200, 0.0200, 0.0600, 0.1000, 0.0500, 0.0500, 0.1400, 0.1800, 0.0800, 0.2900, 0.0100]                         | 11.2979  | 0.9200  | 0.8465 
9     | 8           | [98, 99, 100, 101, 102, 103, 104, 105]                         | [0.0100, 0.1900, 0.2600, 0.2000, 0.1100, 0.1300, 0.0700, 0.0300]                                                 | 2.8491   | 0.9000  | 0.8297 
10    | 8           | [97, 98, 99, 100, 101, 102, 103, 104]                          | [0.0400, 0.1100, 0.0600, 0.1200, 0.2400, 0.1100, 0.3000, 0.0200]                                                 | 3.4784   | 0.8800  | 0.8164 
11    | 8           | [98, 99, 100, 101, 102, 103, 104, 105]                         | [0.1200, 0.2400, 0.0600, 0.1500, 0.2700, 0.1300, 0.0200, 0.0100]                                                 | 3.1571   | 0.8800  | 0.8198 
12    | 10          | [95, 96, 97, 98, 99, 100, 101, 102, 103, 104]                  | [0.0200, 0.0500, 0.0900, 0.0900, 0.0900, 0.1100, 0.2600, 0.1100, 0.1700, 0.0100]                                 | 4.9139   | 0.8600  | 0.8606 
13    | 8           | [98, 99, 100, 101, 102, 103, 104, 105]                         | [0.0100, 0.0500, 0.1700, 0.1300, 0.1500, 0.2800, 0.1900, 0.0200]                                                 | 2.6364   | 0.7800  | 0.8224 
14    | 7           | [97, 98, 99, 100, 101, 102, 103]                               | [0.0900, 0.0600, 0.0500, 0.0700, 0.3200, 0.3500, 0.0600]                                                         | 2.7824   | 0.8000  | 0.7600 
15    | 10          | [97, 98, 99, 100, 101, 102, 103, 104, 105, 106]                | [0.0300, 0.0400, 0.0100, 0.2400, 0.1900, 0.1200, 0.2200, 0.0800, 0.0500, 0.0200]                                 | 3.7800   | 0.8000  | 0.8400 
16    | 6           | [97, 98, 99, 100, 101, 102]                                    | [0.1100, 0.1100, 0.4700, 0.1300, 0.1700, 0.0100]                                                                 | 1.4211   | 0.7200  | 0.7162 
17    | 12          | [93, 94, 95, 96, 97, 98, 99, 100, 102, 103, 104, 105]          | [0.0200, 0.0500, 0.1200, 0.0500, 0.0600, 0.0400, 0.1000, 0.0500, 0.1000, 0.1800, 0.1900, 0.0400]                 | 13.4300  | 0.9000  | 0.8913 
18    | 7           | [94, 98, 99, 100, 101, 102, 104]                               | [0.0800, 0.1800, 0.1900, 0.2000, 0.1500, 0.1800, 0.0200]                                                         | 4.7864   | 0.7800  | 0.8382 
19    | 13          | [91, 92, 93, 94, 95, 96, 97, 98, 99, 100, 101, 102, 103]       | [0.0300, 0.0600, 0.1100, 0.0100, 0.2100, 0.1100, 0.0100, 0.0800, 0.1200, 0.1100, 0.1300, 0.0100, 0.0100]         | 9.5800   | 0.9000  | 0.8859 
20    | 7           | [96, 97, 98, 99, 100, 101, 102]                                | [0.0700, 0.0900, 0.1600, 0.0700, 0.0300, 0.2500, 0.3300]                                                         | 4.2091   | 0.7800  | 0.7921 
21    | 9           | [92, 93, 94, 95, 96, 97, 98, 100, 101]                         | [0.0200, 0.1400, 0.1100, 0.1200, 0.1900, 0.1300, 0.1700, 0.0500, 0.0700]                                         | 5.4676   | 0.8000  | 0.8729 
