
[Simulation Info]
simulation_id = sim_0010893
timestamp     = 20250429_085517
seed          = 722192
output_folder = /home/lejeunet/Bureau/simulations/Ref_table/sim_0010893

[Model Parameters]
pop_size           = 1906
num_loci           = 20
sample1_generation = 30
sample2_generation = 10
low_repeats        = 1
high_repeats       = 200
mutation_rate      = 0.001
recap_Ne           = 1906

[Sampling Design]
sample1_size_Ne  = 50
sample2_size_Ne  = 50
sample1_size_CMR = 50
sample2_size_CMR = 50

[Capture-Marquage-Recapture]
census_N   =  1300
MatchCount =  2

[Ne Estimates - One Sample - Decreasing critical values [0.050, 0.020, 0.010, 0+]]

[Linkage Desequilibrium]
LD_Ne_Pop1 = [None, None, None, None]
LD_r2_Pop1 = [0.021068, 0.021225, 0.021228, 0.021228]
LD_Ne_Pop2 = [390.4, 606.7, 1078.2, 1078.2]
LD_r2_Pop2 = [0.022125, 0.021824, 0.021585, 0.021585]

[Heterozygote excess]
HE_Neb_mean_Pop1        = [None, None, None, None]
HE_weighted_D_mean_Pop1 = [-0.01313, -0.01669, -0.01669, -0.01669]
HE_Neb_mean_Pop2        = [13.7, 13.2, 13.3, 13.3]
HE_weighted_D_mean_Pop2 = [0.03769, 0.03944, 0.03909, 0.03909]

[Molecular Coancestry]
Coan_Neb_n_Pop1 = None
Coan_f1_Pop1    = -0.01316
Coan_Neb_n_Pop2 = 14.0
Coan_f1_Pop2    = 0.03584

[Ne Estimates - Temporal - Decreasing critical values (0.050, 0.020, 0.010, 0+)]

[Pollak]
P_Ne     = [2608.2, 2283.0, 2471.3, 2471.3]
P_Fk     = [0.02192, 0.02219, 0.02202, 0.02202]
P_Fprime = [0.00192, 0.00219, 0.00202, 0.00202]

[Nei/Tajima]
N_Ne     = [2552.8, 2317.9, 2480.4, 2480.4]
N_Fc     = [0.02196, 0.02216, 0.02202, 0.02202]
N_Fprime = [0.00196, 0.00216, 0.00202, 0.00202]

[Jorde/Ryman]
J_Ne     = [1494.6, 1512.0, 1512.2, 1512.2]
J_Fs     = [0.02345, 0.02341, 0.02341, 0.02341]
J_Fprime = [0.00335, 0.00331, 0.00331, 0.00331]

[Genetic Diversity - Heterozygosity]
mean_exp_het_pop1 = 0.7473
mean_obs_het_pop1 = 0.7362
mean_exp_het_pop2 = 0.7415
mean_obs_het_pop2 = 0.7829

[Genetic Diversity - Allele Counts]
mean_alleles_pop1 = 6.43
var_alleles_pop1  = 1.96
sum_alleles_pop1  = 135
mean_alleles_pop2 = 6.45
var_alleles_pop2  = 1.77
sum_alleles_pop2  = 271

[Genetic Diversity - Allelic Size Variance]
var_allele_size_pop1 = 2.3375
var_allele_size_pop2 = 2.2325

[Per-locus summary - Population 1]
Locus | Num_Alleles | Alleles                                      | Frequencies                                                              | Variance | Obs_Het | Exp_Het
------+-------------+----------------------------------------------+--------------------------------------------------------------------------+----------+---------+--------
1     | 5           | [98, 99, 100, 101, 102]                      | [0.0100, 0.0800, 0.3900, 0.4400, 0.0800]                                 | 0.6300   | 0.6200  | 0.6479 
2     | 5           | [97, 98, 99, 100, 101]                       | [0.0400, 0.3700, 0.1700, 0.3800, 0.0400]                                 | 1.0699   | 0.6600  | 0.6935 
3     | 7           | [98, 99, 100, 101, 102, 103, 104]            | [0.0200, 0.3000, 0.2100, 0.1100, 0.0800, 0.2600, 0.0200]                 | 2.8459   | 0.9000  | 0.7869 
4     | 7           | [95, 97, 98, 99, 100, 101, 102]              | [0.0200, 0.0100, 0.1000, 0.4500, 0.3600, 0.0400, 0.0200]                 | 1.0700   | 0.6800  | 0.6620 
5     | 6           | [100, 101, 102, 103, 104, 105]               | [0.0700, 0.0300, 0.3400, 0.2100, 0.2400, 0.1100]                         | 1.7475   | 0.8200  | 0.7725 
6     | 7           | [94, 95, 96, 97, 98, 99, 100]                | [0.0100, 0.0600, 0.0900, 0.4200, 0.3000, 0.0400, 0.0800]                 | 1.4556   | 0.6600  | 0.7210 
7     | 8           | [96, 97, 98, 100, 101, 102, 103, 104]        | [0.2300, 0.4000, 0.0200, 0.0400, 0.0700, 0.1300, 0.1000, 0.0100]         | 6.7899   | 0.7600  | 0.7608 
8     | 5           | [100, 101, 102, 103, 104]                    | [0.0500, 0.4300, 0.4100, 0.1000, 0.0100]                                 | 0.6019   | 0.7400  | 0.6408 
9     | 7           | [97, 98, 99, 100, 101, 102, 103]             | [0.1900, 0.2300, 0.0900, 0.4000, 0.0200, 0.0100, 0.0600]                 | 2.5100   | 0.6800  | 0.7463 
10    | 6           | [97, 98, 99, 100, 101, 102]                  | [0.0600, 0.1900, 0.3700, 0.1900, 0.1400, 0.0500]                         | 1.5339   | 0.7000  | 0.7729 
11    | 5           | [98, 99, 100, 101, 102]                      | [0.0800, 0.1600, 0.3900, 0.3000, 0.0700]                                 | 1.0456   | 0.7000  | 0.7283 
12    | 5           | [96, 97, 98, 99, 100]                        | [0.0300, 0.2500, 0.1700, 0.3800, 0.1700]                                 | 1.2619   | 0.6600  | 0.7418 
13    | 6           | [93, 94, 95, 96, 97, 98]                     | [0.0800, 0.0100, 0.2700, 0.3100, 0.2900, 0.0400]                         | 1.4544   | 0.7400  | 0.7463 
14    | 6           | [96, 97, 98, 99, 100, 101]                   | [0.0300, 0.3500, 0.0800, 0.2600, 0.2000, 0.0800]                         | 2.0099   | 0.6000  | 0.7638 
15    | 9           | [95, 96, 97, 98, 99, 100, 101, 102, 104]     | [0.0600, 0.0800, 0.0300, 0.2900, 0.2000, 0.0800, 0.1100, 0.1300, 0.0200] | 4.2784   | 0.8600  | 0.8376 
16    | 9           | [99, 100, 101, 102, 103, 104, 105, 106, 107] | [0.2200, 0.1100, 0.2500, 0.0400, 0.0900, 0.1200, 0.0600, 0.0800, 0.0300] | 5.7875   | 0.8400  | 0.8505 
17    | 5           | [97, 98, 99, 100, 101]                       | [0.0700, 0.1200, 0.2500, 0.4000, 0.1600]                                 | 1.2284   | 0.7400  | 0.7400 
18    | 5           | [97, 98, 99, 100, 101]                       | [0.0600, 0.2900, 0.4600, 0.1400, 0.0500]                                 | 0.8411   | 0.6800  | 0.6855 
19    | 7           | [97, 98, 99, 100, 101, 102, 103]             | [0.0400, 0.2900, 0.3100, 0.1400, 0.0700, 0.0800, 0.0700]                 | 2.5251   | 0.7800  | 0.7903 
20    | 9           | [95, 96, 97, 98, 99, 100, 101, 102, 103]     | [0.0800, 0.1300, 0.0800, 0.0800, 0.1100, 0.0500, 0.1000, 0.2300, 0.1400] | 7.3075   | 0.9000  | 0.8756 
21    | 6           | [97, 98, 99, 100, 101, 102]                  | [0.0200, 0.0700, 0.3700, 0.3300, 0.1600, 0.0500]                         | 1.0939   | 0.7400  | 0.7281 

[Per-locus summary - Population 2]
Locus | Num_Alleles | Alleles                                      | Frequencies                                                              | Variance | Obs_Het | Exp_Het
------+-------------+----------------------------------------------+--------------------------------------------------------------------------+----------+---------+--------
1     | 5           | [98, 99, 100, 101, 102]                      | [0.0100, 0.0700, 0.4500, 0.3800, 0.0900]                                 | 0.6291   | 0.6200  | 0.6465 
2     | 5           | [97, 98, 99, 100, 101]                       | [0.0600, 0.5300, 0.1100, 0.2700, 0.0300]                                 | 1.0576   | 0.6000  | 0.6360 
3     | 6           | [99, 100, 101, 102, 103, 104]                | [0.3200, 0.1400, 0.0900, 0.1000, 0.3100, 0.0400]                         | 3.1164   | 0.8600  | 0.7699 
4     | 7           | [95, 97, 98, 99, 100, 101, 102]              | [0.0300, 0.0100, 0.1400, 0.3500, 0.4200, 0.0400, 0.0100]                 | 1.2675   | 0.7600  | 0.6857 
5     | 7           | [99, 100, 101, 102, 103, 104, 105]           | [0.0100, 0.0800, 0.0800, 0.4800, 0.0800, 0.2100, 0.0600]                 | 1.7819   | 0.7800  | 0.7097 
6     | 7           | [94, 95, 96, 97, 98, 99, 100]                | [0.0200, 0.0600, 0.1000, 0.4600, 0.1700, 0.1300, 0.0600]                 | 1.6411   | 0.9000  | 0.7323 
7     | 7           | [96, 97, 98, 100, 101, 102, 103]             | [0.1200, 0.4200, 0.1200, 0.0400, 0.0600, 0.1400, 0.1000]                 | 5.9044   | 0.7600  | 0.7677 
8     | 4           | [100, 101, 102, 103]                         | [0.1000, 0.4200, 0.3600, 0.1200]                                         | 0.6900   | 0.7200  | 0.6764 
9     | 6           | [97, 98, 99, 100, 101, 103]                  | [0.2100, 0.2600, 0.1200, 0.2900, 0.1000, 0.0200]                         | 2.0979   | 0.7600  | 0.7873 
10    | 6           | [97, 98, 99, 100, 101, 102]                  | [0.0700, 0.2100, 0.3900, 0.1700, 0.1200, 0.0400]                         | 1.4676   | 0.7600  | 0.7616 
11    | 5           | [98, 99, 100, 101, 102]                      | [0.1400, 0.0800, 0.5300, 0.2100, 0.0400]                                 | 1.0051   | 0.7000  | 0.6539 
12    | 6           | [95, 96, 97, 98, 99, 100]                    | [0.0200, 0.0200, 0.1900, 0.2300, 0.3900, 0.1500]                         | 1.2800   | 0.8000  | 0.7430 
13    | 7           | [92, 93, 94, 95, 96, 97, 98]                 | [0.0300, 0.1700, 0.0300, 0.2300, 0.3000, 0.2300, 0.0100]                 | 2.1811   | 0.8800  | 0.7812 
14    | 6           | [96, 97, 98, 99, 100, 101]                   | [0.0300, 0.3200, 0.1000, 0.2100, 0.2600, 0.0800]                         | 2.0619   | 0.8400  | 0.7764 
15    | 8           | [96, 97, 98, 99, 100, 101, 102, 104]         | [0.1100, 0.0700, 0.2100, 0.2100, 0.1000, 0.1200, 0.1700, 0.0100]         | 3.7916   | 0.9000  | 0.8499 
16    | 9           | [99, 100, 101, 102, 103, 104, 105, 106, 107] | [0.1500, 0.1800, 0.2200, 0.0100, 0.1600, 0.1000, 0.0800, 0.0800, 0.0200] | 5.3499   | 0.8800  | 0.8564 
17    | 5           | [97, 98, 99, 100, 101]                       | [0.0400, 0.1400, 0.3300, 0.3300, 0.1600]                                 | 1.0851   | 0.7200  | 0.7428 
18    | 5           | [97, 98, 99, 100, 101]                       | [0.0100, 0.2700, 0.5700, 0.1100, 0.0400]                                 | 0.5700   | 0.7000  | 0.5943 
19    | 7           | [97, 98, 99, 100, 101, 102, 103]             | [0.0300, 0.2900, 0.3500, 0.1200, 0.1000, 0.0700, 0.0400]                 | 2.0844   | 0.8200  | 0.7693 
20    | 9           | [95, 96, 97, 98, 99, 100, 101, 102, 103]     | [0.0800, 0.1900, 0.0500, 0.1300, 0.0800, 0.0800, 0.1600, 0.1600, 0.0700] | 6.5984   | 0.8800  | 0.8780 
21    | 6           | [97, 98, 99, 100, 101, 102]                  | [0.0300, 0.1100, 0.2800, 0.3600, 0.1800, 0.0400]                         | 1.2211   | 0.8000  | 0.7525 
