
[Simulation Info]
simulation_id = sim_0009267
timestamp     = 20250428_111515
seed          = 678530
output_folder = /home/lejeunet/Bureau/simulations/Ref_table/sim_0009267

[Model Parameters]
pop_size           = 1063
num_loci           = 20
sample1_generation = 30
sample2_generation = 10
low_repeats        = 1
high_repeats       = 200
mutation_rate      = 0.001
recap_Ne           = 1063

[Sampling Design]
sample1_size_Ne  = 50
sample2_size_Ne  = 50
sample1_size_CMR = 50
sample2_size_CMR = 50

[Capture-Marquage-Recapture]
census_N   =  867
MatchCount =  3

[Ne Estimates - One Sample - Decreasing critical values [0.050, 0.020, 0.010, 0+]]

[Linkage Desequilibrium]
LD_Ne_Pop1 = [1441.2, None, None, None]
LD_r2_Pop1 = [0.021507, 0.021161, 0.021029, 0.021029]
LD_Ne_Pop2 = [200.5, 263.7, 470.7, 470.7]
LD_r2_Pop2 = [0.022921, 0.02253, 0.021981, 0.021981]

[Heterozygote excess]
HE_Neb_mean_Pop1        = [57.2, 72.7, 74.8, 74.8]
HE_weighted_D_mean_Pop1 = [0.00882, 0.00692, 0.00673, 0.00673]
HE_Neb_mean_Pop2        = [61.1, 69.4, 71.3, 71.3]
HE_weighted_D_mean_Pop2 = [0.00824, 0.00726, 0.00706, 0.00706]

[Molecular Coancestry]
Coan_Neb_n_Pop1 = 347.1
Coan_f1_Pop1    = 0.00144
Coan_Neb_n_Pop2 = 16.1
Coan_f1_Pop2    = 0.03109

[Ne Estimates - Temporal - Decreasing critical values (0.050, 0.020, 0.010, 0+)]

[Pollak]
P_Ne     = [1800.9, 1757.4, 2039.7, 1955.0]
P_Fk     = [0.02278, 0.02285, 0.02245, 0.02256]
P_Fprime = [0.00278, 0.00285, 0.00245, 0.00256]

[Nei/Tajima]
N_Ne     = [1878.2, 1839.1, 2094.7, 2017.2]
N_Fc     = [0.02266, 0.02272, 0.02239, 0.02248]
N_Fprime = [0.00266, 0.00272, 0.00239, 0.00248]

[Jorde/Ryman]
J_Ne     = [1203.9, 1150.5, 1171.7, 1168.2]
J_Fs     = [0.02426, 0.02445, 0.02437, 0.02439]
J_Fprime = [0.00415, 0.00435, 0.00427, 0.00428]

[Genetic Diversity - Heterozygosity]
mean_exp_het_pop1 = 0.7372
mean_obs_het_pop1 = 0.7467
mean_exp_het_pop2 = 0.7347
mean_obs_het_pop2 = 0.7362

[Genetic Diversity - Allele Counts]
mean_alleles_pop1 = 6.19
var_alleles_pop1  = 1.16
sum_alleles_pop1  = 130
mean_alleles_pop2 = 6.52
var_alleles_pop2  = 1.57
sum_alleles_pop2  = 274

[Genetic Diversity - Allelic Size Variance]
var_allele_size_pop1 = 2.8966
var_allele_size_pop2 = 2.9169

[Per-locus summary - Population 1]
Locus | Num_Alleles | Alleles                                | Frequencies                                                              | Variance | Obs_Het | Exp_Het
------+-------------+----------------------------------------+--------------------------------------------------------------------------+----------+---------+--------
1     | 8           | [96, 97, 98, 100, 101, 102, 103, 104]  | [0.0100, 0.2400, 0.1600, 0.2300, 0.0500, 0.0900, 0.1800, 0.0400]         | 5.6075   | 0.8400  | 0.8275 
2     | 7           | [95, 96, 97, 98, 99, 100, 101]         | [0.2700, 0.0300, 0.2100, 0.1600, 0.1000, 0.1500, 0.0800]                 | 3.9864   | 0.8200  | 0.8259 
3     | 6           | [99, 100, 101, 102, 103, 104]          | [0.0800, 0.3200, 0.3000, 0.0200, 0.2300, 0.0500]                         | 2.0075   | 0.8000  | 0.7529 
4     | 4           | [96, 97, 98, 99]                       | [0.1600, 0.1400, 0.2200, 0.4800]                                         | 1.2596   | 0.7800  | 0.6828 
5     | 6           | [96, 97, 98, 99, 100, 101]             | [0.0900, 0.0500, 0.1800, 0.2500, 0.1800, 0.2500]                         | 2.3531   | 0.8400  | 0.8077 
6     | 6           | [97, 98, 99, 101, 102, 103]            | [0.0100, 0.1700, 0.2300, 0.2800, 0.2800, 0.0300]                         | 2.5611   | 0.7200  | 0.7681 
7     | 5           | [98, 99, 100, 101, 102]                | [0.0300, 0.1800, 0.2400, 0.4500, 0.1000]                                 | 0.9819   | 0.7000  | 0.7036 
8     | 7           | [98, 99, 100, 101, 102, 103, 104]      | [0.1200, 0.1100, 0.1100, 0.2700, 0.0100, 0.3000, 0.0800]                 | 3.5344   | 0.7800  | 0.8000 
9     | 9           | [93, 94, 95, 96, 97, 98, 99, 100, 101] | [0.0300, 0.0200, 0.1600, 0.0100, 0.0500, 0.0300, 0.1600, 0.2500, 0.2900] | 5.8075   | 0.8800  | 0.8054 
10    | 6           | [100, 101, 102, 103, 105, 106]         | [0.1800, 0.1000, 0.1300, 0.2000, 0.3500, 0.0400]                         | 3.9075   | 0.7600  | 0.7844 
11    | 7           | [96, 97, 98, 99, 100, 101, 102]        | [0.0100, 0.2800, 0.1800, 0.0300, 0.1600, 0.3200, 0.0200]                 | 3.0019   | 0.7200  | 0.7675 
12    | 6           | [98, 99, 100, 101, 102, 103]           | [0.0500, 0.1100, 0.5100, 0.2100, 0.1100, 0.0100]                         | 0.9875   | 0.6400  | 0.6758 
13    | 6           | [94, 95, 96, 98, 99, 100]              | [0.0600, 0.2000, 0.0200, 0.0800, 0.4500, 0.1900]                         | 4.0475   | 0.7600  | 0.7182 
14    | 6           | [95, 96, 97, 98, 99, 100]              | [0.1800, 0.0600, 0.1500, 0.4100, 0.1200, 0.0800]                         | 2.1691   | 0.8000  | 0.7602 
15    | 6           | [98, 99, 100, 101, 102, 103]           | [0.0500, 0.5900, 0.3200, 0.0200, 0.0100, 0.0100]                         | 0.5556   | 0.5000  | 0.5519 
16    | 7           | [97, 98, 99, 101, 102, 103, 104]       | [0.0200, 0.2000, 0.0800, 0.2200, 0.4100, 0.0600, 0.0100]                 | 3.1016   | 0.7000  | 0.7404 
17    | 6           | [101, 102, 103, 104, 105, 106]         | [0.0700, 0.3400, 0.1600, 0.3700, 0.0500, 0.0100]                         | 1.2796   | 0.7000  | 0.7216 
18    | 5           | [97, 98, 99, 104, 105]                 | [0.1700, 0.1600, 0.2300, 0.3500, 0.0900]                                 | 9.6259   | 0.8200  | 0.7697 
19    | 5           | [99, 100, 101, 102, 103]               | [0.0500, 0.4700, 0.2700, 0.0100, 0.2000]                                 | 1.4544   | 0.7800  | 0.6703 
20    | 6           | [98, 99, 100, 101, 102, 103]           | [0.0200, 0.3200, 0.1200, 0.2900, 0.2400, 0.0100]                         | 1.5464   | 0.7000  | 0.7485 
21    | 6           | [96, 97, 98, 99, 100, 101]             | [0.0800, 0.0400, 0.1700, 0.6000, 0.1000, 0.0100]                         | 1.0531   | 0.6400  | 0.5990 

[Per-locus summary - Population 2]
Locus | Num_Alleles | Alleles                                  | Frequencies                                                              | Variance | Obs_Het | Exp_Het
------+-------------+------------------------------------------+--------------------------------------------------------------------------+----------+---------+--------
1     | 7           | [97, 98, 100, 101, 102, 103, 104]        | [0.2000, 0.1000, 0.2600, 0.0600, 0.0800, 0.2200, 0.0800]                 | 5.6800   | 0.8200  | 0.8259 
2     | 8           | [94, 95, 96, 97, 98, 99, 100, 101]       | [0.0100, 0.1900, 0.0400, 0.3200, 0.1400, 0.1000, 0.1800, 0.0200]         | 3.1099   | 0.8200  | 0.8054 
3     | 6           | [99, 100, 101, 102, 103, 104]            | [0.0600, 0.3300, 0.2900, 0.0500, 0.2400, 0.0300]                         | 1.8211   | 0.6400  | 0.7499 
4     | 4           | [96, 97, 98, 99]                         | [0.0900, 0.1600, 0.2400, 0.5100]                                         | 1.0011   | 0.6600  | 0.6552 
5     | 7           | [96, 97, 98, 99, 100, 101, 102]          | [0.1000, 0.0800, 0.1400, 0.2000, 0.2500, 0.2100, 0.0200]                 | 2.6131   | 0.8400  | 0.8253 
6     | 6           | [97, 98, 99, 101, 102, 103]              | [0.0300, 0.1700, 0.3100, 0.2300, 0.2300, 0.0300]                         | 2.6784   | 0.7800  | 0.7752 
7     | 4           | [99, 100, 101, 102]                      | [0.1700, 0.2000, 0.4900, 0.1400]                                         | 0.8600   | 0.6800  | 0.6782 
8     | 6           | [98, 99, 100, 101, 103, 104]             | [0.0700, 0.0400, 0.1500, 0.3600, 0.3000, 0.0800]                         | 2.7000   | 0.8200  | 0.7525 
9     | 9           | [93, 94, 95, 97, 98, 99, 100, 101, 102]  | [0.0400, 0.0300, 0.1900, 0.0500, 0.0300, 0.1300, 0.2200, 0.3000, 0.0100] | 6.7851   | 0.8200  | 0.8107 
10    | 8           | [100, 101, 102, 103, 104, 105, 106, 107] | [0.3000, 0.0100, 0.0700, 0.2000, 0.0300, 0.3500, 0.0200, 0.0200]         | 4.7256   | 0.7000  | 0.7483 
11    | 7           | [96, 97, 98, 99, 100, 101, 102]          | [0.0300, 0.2300, 0.1000, 0.0300, 0.1900, 0.3500, 0.0700]                 | 3.3075   | 0.8000  | 0.7796 
12    | 6           | [98, 99, 100, 101, 102, 103]             | [0.0500, 0.1100, 0.2700, 0.4000, 0.1600, 0.0100]                         | 1.1484   | 0.7000  | 0.7341 
13    | 8           | [93, 94, 95, 96, 98, 99, 100, 101]       | [0.0100, 0.1000, 0.2000, 0.0300, 0.0700, 0.4700, 0.1100, 0.0100]         | 4.6179   | 0.7800  | 0.7182 
14    | 6           | [95, 96, 97, 98, 99, 100]                | [0.1500, 0.1500, 0.1200, 0.4000, 0.1400, 0.0400]                         | 1.9475   | 0.7400  | 0.7671 
15    | 6           | [97, 98, 99, 100, 101, 102]              | [0.0100, 0.1100, 0.5200, 0.3200, 0.0300, 0.0100]                         | 0.6016   | 0.6400  | 0.6202 
16    | 7           | [97, 98, 99, 101, 102, 103, 104]         | [0.0300, 0.2800, 0.0900, 0.2900, 0.2400, 0.0400, 0.0300]                 | 3.4971   | 0.7600  | 0.7762 
17    | 5           | [101, 102, 103, 104, 105]                | [0.0600, 0.2200, 0.1700, 0.5000, 0.0500]                                 | 1.0924   | 0.7200  | 0.6733 
18    | 6           | [97, 98, 99, 100, 104, 105]              | [0.1600, 0.0600, 0.2900, 0.0200, 0.3600, 0.1100]                         | 9.2700   | 0.7800  | 0.7521 
19    | 6           | [99, 100, 101, 102, 103, 104]            | [0.0100, 0.4700, 0.2700, 0.0500, 0.1800, 0.0200]                         | 1.4596   | 0.6800  | 0.6776 
20    | 6           | [98, 99, 100, 101, 102, 103]             | [0.0100, 0.2500, 0.1400, 0.2500, 0.3200, 0.0300]                         | 1.5859   | 0.7200  | 0.7596 
21    | 6           | [96, 97, 98, 99, 100, 101]               | [0.0300, 0.0500, 0.1100, 0.6500, 0.1500, 0.0100]                         | 0.7531   | 0.5600  | 0.5448 
