
[Simulation Info]
simulation_id = sim_0002692
timestamp     = 20250428_082742
seed          = 908660
output_folder = /home/lejeunet/Bureau/simulations/Ref_table/sim_0002692

[Model Parameters]
pop_size           = 918
num_loci           = 20
sample1_generation = 30
sample2_generation = 10
low_repeats        = 1
high_repeats       = 200
mutation_rate      = 0.001
recap_Ne           = 918

[Sampling Design]
sample1_size_Ne  = 50
sample2_size_Ne  = 50
sample1_size_CMR = 50
sample2_size_CMR = 50

[Capture-Marquage-Recapture]
census_N   =  867
MatchCount =  3

[Ne Estimates - One Sample - Decreasing critical values [0.050, 0.020, 0.010, 0+]]

[Linkage Desequilibrium]
LD_Ne_Pop1 = [135.5, 237.5, 403.3, 403.3]
LD_r2_Pop1 = [0.023698, 0.022667, 0.022098, 0.022098]
LD_Ne_Pop2 = [806.5, 615.2, 1048.1, 1048.1]
LD_r2_Pop2 = [0.021688, 0.021816, 0.021593, 0.021593]

[Heterozygote excess]
HE_Neb_mean_Pop1        = [67.5, 117.8, 117.8, 117.8]
HE_weighted_D_mean_Pop1 = [0.00746, 0.00426, 0.00426, 0.00426]
HE_Neb_mean_Pop2        = [225.3, 318.6, 328.0, 328.0]
HE_weighted_D_mean_Pop2 = [0.00222, 0.00157, 0.00153, 0.00153]

[Molecular Coancestry]
Coan_Neb_n_Pop1 = 26.7
Coan_f1_Pop1    = 0.01874
Coan_Neb_n_Pop2 = None
Coan_f1_Pop2    = -0.00846

[Ne Estimates - Temporal - Decreasing critical values (0.050, 0.020, 0.010, 0+)]

[Pollak]
P_Ne     = [1638.8, 1901.7, 1901.7, 1901.7]
P_Fk     = [0.02305, 0.02263, 0.02263, 0.02263]
P_Fprime = [0.00305, 0.00263, 0.00263, 0.00263]

[Nei/Tajima]
N_Ne     = [2171.8, 2500.3, 2500.3, 2500.3]
N_Fc     = [0.0223, 0.022, 0.022, 0.022]
N_Fprime = [0.0023, 0.002, 0.002, 0.002]

[Jorde/Ryman]
J_Ne     = [14478.0, 23428.4, 23428.4, 23428.4]
J_Fs     = [0.02045, 0.02031, 0.02031, 0.02031]
J_Fprime = [0.00035, 0.00021, 0.00021, 0.00021]

[Genetic Diversity - Heterozygosity]
mean_exp_het_pop1 = 0.6552
mean_obs_het_pop1 = 0.6695
mean_exp_het_pop2 = 0.6537
mean_obs_het_pop2 = 0.6552

[Genetic Diversity - Allele Counts]
mean_alleles_pop1 = 4.76
var_alleles_pop1  = 1.39
sum_alleles_pop1  = 100
mean_alleles_pop2 = 4.83
var_alleles_pop2  = 1.26
sum_alleles_pop2  = 203

[Genetic Diversity - Allelic Size Variance]
var_allele_size_pop1 = 1.1622
var_allele_size_pop2 = 1.0869

[Per-locus summary - Population 1]
Locus | Num_Alleles | Alleles                          | Frequencies                                              | Variance | Obs_Het | Exp_Het
------+-------------+----------------------------------+----------------------------------------------------------+----------+---------+--------
1     | 5           | [99, 100, 101, 102, 103]         | [0.2200, 0.3200, 0.2700, 0.1300, 0.0600]                 | 1.3099   | 0.7600  | 0.7634 
2     | 4           | [98, 99, 100, 101]               | [0.2100, 0.1200, 0.2800, 0.3900]                         | 1.3275   | 0.7000  | 0.7182 
3     | 5           | [98, 99, 100, 101, 102]          | [0.3000, 0.0100, 0.2900, 0.3800, 0.0200]                 | 1.6339   | 0.7600  | 0.6879 
4     | 7           | [97, 98, 99, 100, 101, 102, 103] | [0.0100, 0.0400, 0.2100, 0.1200, 0.4900, 0.1000, 0.0300] | 1.4084   | 0.6800  | 0.6958 
5     | 3           | [98, 99, 100]                    | [0.1000, 0.8100, 0.0900]                                 | 0.1899   | 0.3200  | 0.3291 
6     | 5           | [99, 100, 101, 102, 103]         | [0.0300, 0.5500, 0.2900, 0.1200, 0.0100]                 | 0.6091   | 0.5200  | 0.6040 
7     | 5           | [99, 100, 101, 102, 103]         | [0.0100, 0.2900, 0.2800, 0.3900, 0.0300]                 | 0.8204   | 0.7400  | 0.6913 
8     | 5           | [96, 97, 98, 99, 100]            | [0.0100, 0.1900, 0.1700, 0.5000, 0.1300]                 | 0.9475   | 0.7000  | 0.6747 
9     | 7           | [96, 97, 98, 99, 100, 101, 102]  | [0.0400, 0.0600, 0.2100, 0.2000, 0.2500, 0.2100, 0.0300] | 2.0739   | 0.8400  | 0.8113 
10    | 3           | [98, 99, 100]                    | [0.2500, 0.6000, 0.1500]                                 | 0.3900   | 0.6400  | 0.5606 
11    | 4           | [99, 100, 101, 102]              | [0.2700, 0.1200, 0.5800, 0.0300]                         | 0.8331   | 0.6800  | 0.5812 
12    | 6           | [97, 98, 99, 100, 101, 102]      | [0.0400, 0.4500, 0.0100, 0.3900, 0.0800, 0.0300]         | 1.5779   | 0.7000  | 0.6428 
13    | 5           | [96, 97, 98, 99, 100]            | [0.1900, 0.2500, 0.2800, 0.1800, 0.1000]                 | 1.5275   | 0.8200  | 0.7885 
14    | 3           | [100, 101, 102]                  | [0.3300, 0.6400, 0.0300]                                 | 0.2700   | 0.5200  | 0.4854 
15    | 5           | [99, 100, 101, 102, 103]         | [0.2000, 0.1300, 0.1300, 0.4000, 0.1400]                 | 1.8675   | 0.7400  | 0.7541 
16    | 5           | [99, 100, 101, 102, 103]         | [0.1900, 0.2600, 0.1900, 0.3000, 0.0600]                 | 1.5116   | 0.7800  | 0.7743 
17    | 4           | [98, 99, 100, 102]               | [0.1100, 0.7000, 0.0500, 0.1400]                         | 1.2904   | 0.4400  | 0.4806 
18    | 3           | [99, 100, 101]                   | [0.5400, 0.2500, 0.2100]                                 | 0.6411   | 0.6600  | 0.6079 
19    | 5           | [98, 99, 100, 101, 102]          | [0.0900, 0.3700, 0.3000, 0.2300, 0.0100]                 | 0.9100   | 0.7400  | 0.7192 
20    | 5           | [98, 99, 100, 101, 103]          | [0.0400, 0.0800, 0.3900, 0.4200, 0.0700]                 | 1.0691   | 0.5600  | 0.6653 
21    | 6           | [96, 97, 98, 99, 100, 101]       | [0.0700, 0.1700, 0.0100, 0.1900, 0.4500, 0.1100]         | 2.1979   | 0.7600  | 0.7226 

[Per-locus summary - Population 2]
Locus | Num_Alleles | Alleles                         | Frequencies                                              | Variance | Obs_Het | Exp_Het
------+-------------+---------------------------------+----------------------------------------------------------+----------+---------+--------
1     | 5           | [99, 100, 101, 102, 103]        | [0.0700, 0.4000, 0.3500, 0.1600, 0.0200]                 | 0.8044   | 0.7400  | 0.6935 
2     | 4           | [98, 99, 100, 101]              | [0.2400, 0.1400, 0.2900, 0.3300]                         | 1.3459   | 0.7600  | 0.7372 
3     | 5           | [98, 99, 100, 101, 102]         | [0.2200, 0.0400, 0.3300, 0.3600, 0.0500]                 | 1.4796   | 0.7200  | 0.7162 
4     | 6           | [98, 99, 100, 101, 102, 103]    | [0.0100, 0.2500, 0.2200, 0.3300, 0.1500, 0.0400]         | 1.3496   | 0.8200  | 0.7636 
5     | 4           | [98, 99, 100, 101]              | [0.0900, 0.7300, 0.1600, 0.0200]                         | 0.3179   | 0.4200  | 0.4374 
6     | 6           | [99, 100, 101, 102, 103, 104]   | [0.0300, 0.5400, 0.3200, 0.0700, 0.0300, 0.0100]         | 0.7464   | 0.6000  | 0.6052 
7     | 5           | [99, 100, 101, 102, 103]        | [0.0900, 0.2400, 0.2100, 0.4300, 0.0300]                 | 1.1451   | 0.7000  | 0.7115 
8     | 5           | [96, 97, 98, 99, 100]           | [0.0100, 0.1800, 0.1400, 0.5300, 0.1400]                 | 0.9379   | 0.6400  | 0.6539 
9     | 7           | [96, 97, 98, 99, 100, 101, 102] | [0.0100, 0.1100, 0.1800, 0.2100, 0.2300, 0.2500, 0.0100] | 1.9211   | 0.8400  | 0.8038 
10    | 3           | [98, 99, 100]                   | [0.2700, 0.5400, 0.1900]                                 | 0.4536   | 0.6200  | 0.6055 
11    | 4           | [99, 100, 101, 102]             | [0.2600, 0.0900, 0.5700, 0.0800]                         | 0.9291   | 0.6000  | 0.5990 
12    | 5           | [98, 99, 100, 101, 102]         | [0.4300, 0.0100, 0.4900, 0.0200, 0.0500]                 | 1.3875   | 0.5000  | 0.5778 
13    | 5           | [96, 97, 98, 99, 100]           | [0.2400, 0.3400, 0.2600, 0.1100, 0.0500]                 | 1.2379   | 0.8200  | 0.7521 
14    | 3           | [100, 101, 102]                 | [0.4500, 0.5300, 0.0200]                                 | 0.2851   | 0.4800  | 0.5214 
15    | 5           | [99, 100, 101, 102, 103]        | [0.1600, 0.0500, 0.1700, 0.4600, 0.1600]                 | 1.6219   | 0.6600  | 0.7129 
16    | 5           | [99, 100, 101, 102, 103]        | [0.1400, 0.2900, 0.2400, 0.2900, 0.0400]                 | 1.2600   | 0.7400  | 0.7606 
17    | 4           | [98, 99, 100, 102]              | [0.1000, 0.8000, 0.0300, 0.0700]                         | 0.7404   | 0.3200  | 0.3477 
18    | 3           | [99, 100, 101]                  | [0.4700, 0.3400, 0.1900]                                 | 0.5816   | 0.6000  | 0.6337 
19    | 4           | [98, 99, 100, 101]              | [0.1400, 0.3000, 0.2600, 0.3000]                         | 1.0816   | 0.6800  | 0.7402 
20    | 6           | [98, 99, 100, 101, 102, 103]    | [0.0400, 0.0800, 0.3600, 0.4700, 0.0100, 0.0400]         | 0.9075   | 0.7000  | 0.6463 
21    | 6           | [96, 97, 98, 99, 100, 101]      | [0.0800, 0.2100, 0.0300, 0.1500, 0.4700, 0.0600]         | 2.2900   | 0.8000  | 0.7087 
