
[Simulation Info]
simulation_id = sim_0000888
timestamp     = 20250428_075123
seed          = 221669
output_folder = /home/lejeunet/Bureau/simulations/Ref_table/sim_0000888

[Model Parameters]
pop_size           = 7000
num_loci           = 20
sample1_generation = 30
sample2_generation = 10
low_repeats        = 1
high_repeats       = 200
mutation_rate      = 0.001
recap_Ne           = 7000

[Sampling Design]
sample1_size_Ne  = 50
sample2_size_Ne  = 50
sample1_size_CMR = 50
sample2_size_CMR = 50

[Capture-Marquage-Recapture]
census_N   =  2601
MatchCount =  1

[Ne Estimates - One Sample - Decreasing critical values [0.050, 0.020, 0.010, 0+]]

[Linkage Desequilibrium]
LD_Ne_Pop1 = [1944.8, 1041.4, 143752.0, 143752.0]
LD_r2_Pop1 = [0.021447, 0.021595, 0.021278, 0.021278]
LD_Ne_Pop2 = [1433.7, 1480.7, 7243.9, 7243.9]
LD_r2_Pop2 = [0.021508, 0.021501, 0.021322, 0.021322]

[Heterozygote excess]
HE_Neb_mean_Pop1        = [None, None, None, None]
HE_weighted_D_mean_Pop1 = [-0.00091, -0.0006, -0.00122, -0.00122]
HE_Neb_mean_Pop2        = [None, None, None, None]
HE_weighted_D_mean_Pop2 = [-0.00492, -0.00027, -0.00133, -0.00133]

[Molecular Coancestry]
Coan_Neb_n_Pop1 = None
Coan_f1_Pop1    = -0.00343
Coan_Neb_n_Pop2 = 30.0
Coan_f1_Pop2    = 0.01667

[Ne Estimates - Temporal - Decreasing critical values (0.050, 0.020, 0.010, 0+)]

[Pollak]
P_Ne     = [4367.7, 3094.6, 3686.2, 5514.3]
P_Fk     = [0.02114, 0.02162, 0.02136, 0.02091]
P_Fprime = [0.00114, 0.00162, 0.00136, 0.00091]

[Nei/Tajima]
N_Ne     = [5395.9, 3631.8, 4426.6, 6989.6]
N_Fc     = [0.02093, 0.02138, 0.02113, 0.02072]
N_Fprime = [0.00093, 0.00138, 0.00113, 0.00072]

[Jorde/Ryman]
J_Ne     = [2465.2, 2028.9, 2301.1, 2372.6]
J_Fs     = [0.02213, 0.02257, 0.02227, 0.02221]
J_Fprime = [0.00203, 0.00246, 0.00217, 0.00211]

[Genetic Diversity - Heterozygosity]
mean_exp_het_pop1 = 0.8848
mean_obs_het_pop1 = 0.8857
mean_exp_het_pop2 = 0.8856
mean_obs_het_pop2 = 0.8781

[Genetic Diversity - Allele Counts]
mean_alleles_pop1 = 13.71
var_alleles_pop1  = 5.31
sum_alleles_pop1  = 288
mean_alleles_pop2 = 14.6
var_alleles_pop2  = 8.25
sum_alleles_pop2  = 613

[Genetic Diversity - Allelic Size Variance]
var_allele_size_pop1 = 26.3379
var_allele_size_pop2 = 26.4835

[Per-locus summary - Population 1]
Locus | Num_Alleles | Alleles                                                                          | Frequencies                                                                                                                                      | Variance | Obs_Het | Exp_Het
------+-------------+----------------------------------------------------------------------------------+--------------------------------------------------------------------------------------------------------------------------------------------------+----------+---------+--------
1     | 13          | [87, 88, 89, 90, 91, 92, 93, 94, 95, 96, 102, 104, 105]                          | [0.0600, 0.0600, 0.0800, 0.1000, 0.2500, 0.1300, 0.0500, 0.0600, 0.0800, 0.0400, 0.0100, 0.0500, 0.0300]                                         | 18.5651  | 0.9200  | 0.8883 
2     | 18          | [89, 90, 91, 92, 93, 94, 95, 96, 97, 98, 101, 103, 104, 105, 106, 107, 108, 109] | [0.0200, 0.0500, 0.2000, 0.0700, 0.1300, 0.0100, 0.0300, 0.0800, 0.0600, 0.0200, 0.0100, 0.0400, 0.0600, 0.1000, 0.0300, 0.0300, 0.0500, 0.0100] | 38.9299  | 0.9000  | 0.9133 
3     | 16          | [90, 93, 96, 97, 98, 99, 100, 101, 102, 103, 104, 109, 110, 111, 112, 113]       | [0.0400, 0.0300, 0.0400, 0.0900, 0.0800, 0.0400, 0.1100, 0.0800, 0.1000, 0.0400, 0.0500, 0.1500, 0.0700, 0.0400, 0.0300, 0.0100]                 | 33.4444  | 0.9800  | 0.9265 
4     | 16          | [79, 80, 81, 82, 83, 84, 85, 96, 97, 98, 99, 100, 102, 104, 105, 106]            | [0.0500, 0.0800, 0.0600, 0.0300, 0.0400, 0.0500, 0.0300, 0.0200, 0.0900, 0.1200, 0.2600, 0.0900, 0.0100, 0.0100, 0.0500, 0.0100]                 | 74.7924  | 0.9400  | 0.8891 
5     | 14          | [97, 98, 99, 100, 101, 104, 105, 106, 107, 108, 109, 111, 113, 114]              | [0.0200, 0.0600, 0.1700, 0.1400, 0.0600, 0.0200, 0.1100, 0.1900, 0.0400, 0.0100, 0.1000, 0.0100, 0.0500, 0.0200]                                 | 20.5516  | 0.8200  | 0.8895 
6     | 14          | [90, 92, 93, 94, 95, 96, 98, 99, 100, 101, 102, 103, 104, 105]                   | [0.0100, 0.0700, 0.0500, 0.1100, 0.0300, 0.0100, 0.0100, 0.0500, 0.0500, 0.0500, 0.0700, 0.0400, 0.3800, 0.0700]                                 | 21.3475  | 0.7800  | 0.8242 
7     | 8           | [94, 95, 96, 97, 98, 99, 100, 101]                                               | [0.0500, 0.0600, 0.2200, 0.1800, 0.1300, 0.1400, 0.1600, 0.0600]                                                                                 | 3.5904   | 0.8400  | 0.8560 
8     | 11          | [100, 101, 102, 103, 104, 105, 106, 107, 108, 109, 110]                          | [0.0700, 0.0800, 0.0800, 0.0700, 0.1100, 0.1900, 0.1400, 0.0400, 0.0900, 0.0800, 0.0500]                                                         | 7.7700   | 0.9200  | 0.9000 
9     | 14          | [95, 96, 97, 98, 100, 101, 102, 103, 104, 105, 106, 107, 108, 109]               | [0.0700, 0.2300, 0.0400, 0.0700, 0.0100, 0.1600, 0.1200, 0.0600, 0.0300, 0.0200, 0.0500, 0.0200, 0.0100, 0.1100]                                 | 19.9516  | 0.8800  | 0.8844 
10    | 13          | [85, 87, 88, 89, 90, 91, 92, 97, 99, 100, 101, 102, 104]                         | [0.0700, 0.0200, 0.0100, 0.1000, 0.0700, 0.0300, 0.0300, 0.0300, 0.0800, 0.1500, 0.3000, 0.0900, 0.0200]                                         | 34.1275  | 0.8800  | 0.8582 
11    | 15          | [92, 93, 94, 98, 99, 106, 107, 108, 110, 111, 112, 113, 114, 115, 116]           | [0.1400, 0.0400, 0.0400, 0.0500, 0.0100, 0.0400, 0.0600, 0.0400, 0.0600, 0.0500, 0.2200, 0.0900, 0.0600, 0.0500, 0.0500]                         | 70.9636  | 0.8800  | 0.9057 
12    | 12          | [93, 94, 95, 96, 97, 98, 99, 101, 102, 103, 104, 105]                            | [0.0400, 0.0800, 0.2100, 0.1400, 0.0900, 0.1400, 0.0500, 0.0100, 0.1100, 0.1100, 0.0100, 0.0100]                                                 | 10.2176  | 0.8200  | 0.8824 
13    | 12          | [94, 95, 96, 97, 98, 99, 100, 101, 102, 103, 104, 105]                           | [0.0400, 0.1000, 0.0500, 0.0900, 0.1300, 0.1700, 0.1800, 0.0300, 0.1300, 0.0500, 0.0100, 0.0200]                                                 | 6.7764   | 0.9400  | 0.8877 
14    | 15          | [82, 83, 84, 85, 86, 87, 88, 89, 90, 91, 92, 93, 94, 95, 96]                     | [0.0500, 0.0700, 0.0300, 0.0200, 0.0400, 0.0100, 0.0600, 0.0100, 0.0700, 0.0700, 0.1000, 0.2800, 0.0700, 0.0900, 0.0300]                         | 16.3491  | 0.9000  | 0.8826 
15    | 13          | [96, 97, 98, 99, 100, 101, 102, 103, 104, 105, 106, 107, 108]                    | [0.0700, 0.0300, 0.0100, 0.0400, 0.0300, 0.0800, 0.1400, 0.1100, 0.1600, 0.1100, 0.0700, 0.1100, 0.0400]                                         | 10.1184  | 0.8400  | 0.9063 
16    | 12          | [96, 97, 98, 99, 100, 101, 102, 106, 107, 113, 114, 115]                         | [0.0400, 0.0600, 0.2500, 0.0900, 0.2100, 0.1000, 0.0300, 0.0100, 0.0800, 0.0500, 0.0600, 0.0200]                                                 | 28.7904  | 0.8000  | 0.8649 
17    | 15          | [94, 95, 96, 97, 98, 99, 100, 102, 103, 105, 108, 109, 110, 111, 112]            | [0.0100, 0.0700, 0.0300, 0.0500, 0.0400, 0.1300, 0.0700, 0.0300, 0.0200, 0.0400, 0.0500, 0.0800, 0.2000, 0.1700, 0.0100]                         | 35.7084  | 0.9400  | 0.8964 
18    | 12          | [94, 95, 98, 100, 101, 102, 103, 104, 105, 106, 107, 108]                        | [0.0300, 0.0400, 0.0100, 0.0700, 0.1700, 0.0800, 0.1800, 0.1900, 0.1200, 0.0200, 0.0400, 0.0500]                                                 | 9.2331   | 0.8600  | 0.8786 
19    | 12          | [89, 90, 91, 92, 93, 94, 95, 96, 97, 98, 101, 102]                               | [0.0100, 0.2000, 0.1500, 0.0300, 0.2500, 0.1100, 0.1100, 0.0200, 0.0300, 0.0200, 0.0600, 0.0100]                                                 | 8.9059   | 0.8800  | 0.8529 
20    | 17          | [92, 93, 95, 96, 97, 98, 99, 106, 107, 108, 109, 110, 111, 112, 113, 121, 122]   | [0.0100, 0.0700, 0.0300, 0.0100, 0.0700, 0.0500, 0.0100, 0.0500, 0.0400, 0.0800, 0.0600, 0.1100, 0.2500, 0.0600, 0.0100, 0.0500, 0.0400]         | 59.1139  | 0.9600  | 0.8990 
21    | 16          | [94, 95, 96, 97, 98, 99, 100, 101, 102, 103, 104, 105, 106, 107, 108, 109]       | [0.0100, 0.1000, 0.0700, 0.1200, 0.0300, 0.0100, 0.0100, 0.0500, 0.0400, 0.0300, 0.0400, 0.0700, 0.0600, 0.2400, 0.1000, 0.0200]                 | 23.8496  | 0.9200  | 0.8953 

[Per-locus summary - Population 2]
Locus | Num_Alleles | Alleles                                                                                  | Frequencies                                                                                                                                              | Variance | Obs_Het | Exp_Het
------+-------------+------------------------------------------------------------------------------------------+----------------------------------------------------------------------------------------------------------------------------------------------------------+----------+---------+--------
1     | 14          | [87, 88, 89, 90, 91, 92, 93, 94, 95, 96, 102, 103, 104, 105]                             | [0.0500, 0.1000, 0.1400, 0.0600, 0.2500, 0.1000, 0.0100, 0.0800, 0.0700, 0.0500, 0.0100, 0.0100, 0.0500, 0.0200]                                         | 19.1059  | 0.8600  | 0.8836 
2     | 16          | [90, 91, 92, 93, 94, 95, 96, 97, 98, 102, 103, 104, 105, 106, 108, 109]                  | [0.0500, 0.2200, 0.1300, 0.0600, 0.0100, 0.0300, 0.0900, 0.1000, 0.0200, 0.0600, 0.0200, 0.0500, 0.1000, 0.0300, 0.0200, 0.0100]                         | 31.9684  | 0.9200  | 0.9002 
3     | 19          | [90, 93, 94, 96, 97, 98, 99, 100, 101, 102, 103, 104, 105, 108, 109, 110, 111, 112, 113] | [0.0600, 0.0300, 0.0100, 0.0400, 0.1000, 0.0300, 0.0200, 0.1000, 0.0600, 0.0900, 0.0700, 0.0200, 0.0100, 0.0300, 0.1500, 0.0800, 0.0300, 0.0500, 0.0200] | 39.8475  | 0.9400  | 0.9311 
4     | 14          | [79, 80, 81, 83, 84, 85, 96, 97, 98, 99, 100, 102, 103, 105]                             | [0.0100, 0.0900, 0.0600, 0.1000, 0.1200, 0.0200, 0.0200, 0.1100, 0.1400, 0.2300, 0.0100, 0.0100, 0.0300, 0.0500]                                         | 71.6331  | 0.9200  | 0.8836 
5     | 12          | [98, 99, 100, 101, 104, 105, 106, 107, 108, 109, 112, 113]                               | [0.0800, 0.1400, 0.1100, 0.1000, 0.0500, 0.0700, 0.2000, 0.0500, 0.0200, 0.0800, 0.0200, 0.0800]                                                         | 20.4364  | 0.8400  | 0.8974 
6     | 16          | [90, 92, 93, 94, 95, 96, 98, 99, 100, 101, 102, 103, 104, 105, 106, 107]                 | [0.0200, 0.0900, 0.0800, 0.1500, 0.0100, 0.0300, 0.0300, 0.0700, 0.0300, 0.0500, 0.0500, 0.0300, 0.2700, 0.0600, 0.0200, 0.0100]                         | 24.7931  | 0.8400  | 0.8808 
7     | 8           | [94, 95, 96, 97, 98, 99, 100, 101]                                                       | [0.0600, 0.0700, 0.1300, 0.1300, 0.1400, 0.1700, 0.2100, 0.0900]                                                                                         | 4.0596   | 0.8400  | 0.8657 
8     | 11          | [100, 101, 102, 103, 104, 105, 106, 107, 108, 109, 110]                                  | [0.0600, 0.1000, 0.0300, 0.0600, 0.1100, 0.2000, 0.1600, 0.0500, 0.1000, 0.0800, 0.0500]                                                                 | 7.4979   | 0.9200  | 0.8917 
9     | 14          | [95, 96, 97, 98, 99, 100, 101, 102, 103, 104, 105, 106, 107, 109]                        | [0.0400, 0.1100, 0.1000, 0.0200, 0.0200, 0.0100, 0.1300, 0.2200, 0.0400, 0.0600, 0.0400, 0.0400, 0.0300, 0.1400]                                         | 17.9544  | 0.9000  | 0.8901 
10    | 17          | [85, 86, 87, 88, 89, 90, 91, 92, 96, 97, 98, 99, 100, 101, 102, 103, 104]                | [0.0300, 0.0200, 0.0100, 0.0600, 0.1600, 0.0700, 0.0800, 0.0300, 0.0100, 0.0100, 0.0100, 0.0500, 0.0700, 0.2700, 0.0800, 0.0200, 0.0200]                 | 36.3051  | 0.8600  | 0.8782 
11    | 18          | [90, 91, 92, 93, 94, 97, 98, 99, 106, 107, 108, 110, 111, 112, 113, 114, 115, 116]       | [0.0100, 0.0200, 0.0700, 0.0700, 0.0100, 0.0100, 0.1200, 0.0100, 0.0500, 0.1000, 0.0400, 0.0200, 0.0500, 0.1500, 0.1200, 0.0700, 0.0700, 0.0100]         | 67.2875  | 0.8800  | 0.9204 
12    | 13          | [93, 94, 95, 96, 97, 98, 99, 100, 101, 102, 103, 104, 105]                               | [0.0200, 0.0400, 0.1500, 0.1300, 0.1100, 0.1400, 0.0700, 0.0100, 0.0300, 0.1200, 0.1400, 0.0300, 0.0100]                                                 | 10.2091  | 0.8800  | 0.8950 
13    | 11          | [94, 95, 96, 97, 98, 99, 100, 101, 102, 103, 104]                                        | [0.1200, 0.1700, 0.0300, 0.0800, 0.0500, 0.2500, 0.1300, 0.0200, 0.0800, 0.0400, 0.0300]                                                                 | 7.9404   | 0.9000  | 0.8669 
14    | 14          | [82, 83, 84, 85, 86, 87, 88, 90, 91, 92, 93, 94, 95, 96]                                 | [0.0900, 0.0700, 0.0500, 0.0300, 0.0100, 0.0100, 0.0900, 0.0600, 0.0600, 0.1600, 0.2000, 0.0600, 0.0900, 0.0200]                                         | 18.7656  | 0.8800  | 0.8994 
15    | 13          | [96, 97, 98, 99, 100, 101, 102, 103, 104, 105, 106, 107, 108]                            | [0.0400, 0.0100, 0.0100, 0.0900, 0.1000, 0.1200, 0.0600, 0.1700, 0.0600, 0.1200, 0.0800, 0.1000, 0.0400]                                                 | 9.2659   | 0.9000  | 0.9063 
16    | 11          | [96, 97, 98, 99, 100, 101, 103, 106, 107, 113, 114]                                      | [0.0100, 0.0300, 0.2800, 0.2600, 0.1500, 0.1000, 0.0100, 0.0200, 0.0700, 0.0200, 0.0500]                                                                 | 18.7675  | 0.8200  | 0.8204 
17    | 17          | [94, 95, 96, 97, 98, 99, 100, 102, 103, 104, 105, 107, 108, 109, 110, 111, 112]          | [0.0100, 0.0500, 0.0200, 0.1800, 0.0600, 0.0500, 0.0600, 0.0300, 0.0100, 0.0100, 0.0200, 0.0100, 0.0300, 0.1300, 0.1500, 0.1600, 0.0200]                 | 37.9979  | 0.8800  | 0.8960 
18    | 12          | [92, 94, 95, 98, 100, 101, 102, 103, 104, 105, 106, 107]                                 | [0.0100, 0.0300, 0.0500, 0.0100, 0.0900, 0.2100, 0.1000, 0.2900, 0.1100, 0.0800, 0.0100, 0.0100]                                                         | 7.8816   | 0.8400  | 0.8398 
19    | 14          | [89, 90, 91, 92, 93, 94, 95, 96, 97, 98, 99, 100, 101, 102]                              | [0.0200, 0.1600, 0.1900, 0.0700, 0.2300, 0.1100, 0.0500, 0.0300, 0.0400, 0.0400, 0.0100, 0.0100, 0.0200, 0.0200]                                         | 8.5456   | 0.8800  | 0.8691 
20    | 18          | [91, 92, 93, 94, 95, 96, 97, 98, 99, 106, 108, 109, 110, 111, 112, 115, 121, 122]        | [0.0100, 0.0200, 0.0100, 0.0100, 0.0300, 0.0500, 0.0600, 0.0700, 0.0200, 0.0100, 0.0300, 0.0400, 0.1200, 0.3000, 0.0500, 0.0100, 0.1000, 0.0600]         | 73.5124  | 0.8000  | 0.8725 
21    | 16          | [94, 95, 96, 97, 98, 99, 100, 101, 102, 103, 104, 105, 106, 107, 108, 109]               | [0.0400, 0.0800, 0.1200, 0.0700, 0.0400, 0.0100, 0.0200, 0.0200, 0.0500, 0.0300, 0.0900, 0.1000, 0.1100, 0.1900, 0.0200, 0.0100]                         | 22.3779  | 0.9400  | 0.9091 
