
[Simulation Info]
simulation_id = sim_0003914
timestamp     = 20250428_085612
seed          = 271676
output_folder = /home/lejeunet/Bureau/simulations/Ref_table/sim_0003914

[Model Parameters]
pop_size           = 5107
num_loci           = 20
sample1_generation = 30
sample2_generation = 10
low_repeats        = 1
high_repeats       = 200
mutation_rate      = 0.001
recap_Ne           = 5107

[Sampling Design]
sample1_size_Ne  = 50
sample2_size_Ne  = 50
sample1_size_CMR = 50
sample2_size_CMR = 50

[Capture-Marquage-Recapture]
census_N   =  2601
MatchCount =  1

[Ne Estimates - One Sample - Decreasing critical values [0.050, 0.020, 0.010, 0+]]

[Linkage Desequilibrium]
LD_Ne_Pop1 = [None, None, None, None]
LD_r2_Pop1 = [0.02108, 0.021275, 0.021196, 0.021196]
LD_Ne_Pop2 = [2090.7, 107958.0, 3211.3, 3211.3]
LD_r2_Pop2 = [0.021435, 0.021279, 0.02138, 0.02138]

[Heterozygote excess]
HE_Neb_mean_Pop1        = [93.8, 64.9, 69.8, 69.8]
HE_weighted_D_mean_Pop1 = [0.00536, 0.00776, 0.00722, 0.00722]
HE_Neb_mean_Pop2        = [349.0, None, None, None]
HE_weighted_D_mean_Pop2 = [0.00143, -0.00529, -0.00565, -0.00565]

[Molecular Coancestry]
Coan_Neb_n_Pop1 = 40.1
Coan_f1_Pop1    = 0.01246
Coan_Neb_n_Pop2 = None
Coan_f1_Pop2    = -0.02098

[Ne Estimates - Temporal - Decreasing critical values (0.050, 0.020, 0.010, 0+)]

[Pollak]
P_Ne     = [2077.1, 4623.3, 2927.8, 4856.3]
P_Fk     = [0.02241, 0.02108, 0.02171, 0.02103]
P_Fprime = [0.00241, 0.00108, 0.00171, 0.00103]

[Nei/Tajima]
N_Ne     = [2336.3, 5440.6, 3349.6, 5658.7]
N_Fc     = [0.02214, 0.02092, 0.02149, 0.02088]
N_Fprime = [0.00214, 0.00092, 0.00149, 0.00088]

[Jorde/Ryman]
J_Ne     = [1958.8, 2523.9, 2274.5, 2348.3]
J_Fs     = [0.02265, 0.02208, 0.0223, 0.02223]
J_Fprime = [0.00255, 0.00198, 0.0022, 0.00213]

[Genetic Diversity - Heterozygosity]
mean_exp_het_pop1 = 0.8483
mean_obs_het_pop1 = 0.8562
mean_exp_het_pop2 = 0.836
mean_obs_het_pop2 = 0.8324

[Genetic Diversity - Allele Counts]
mean_alleles_pop1 = 10.43
var_alleles_pop1  = 5.86
sum_alleles_pop1  = 219
mean_alleles_pop2 = 10.98
var_alleles_pop2  = 7.29
sum_alleles_pop2  = 461

[Genetic Diversity - Allelic Size Variance]
var_allele_size_pop1 = 7.7292
var_allele_size_pop2 = 6.8886

[Per-locus summary - Population 1]
Locus | Num_Alleles | Alleles                                                                 | Frequencies                                                                                                                      | Variance | Obs_Het | Exp_Het
------+-------------+-------------------------------------------------------------------------+----------------------------------------------------------------------------------------------------------------------------------+----------+---------+--------
1     | 8           | [97, 98, 99, 100, 102, 103, 104, 105]                                   | [0.0600, 0.3000, 0.2700, 0.1100, 0.0800, 0.1100, 0.0300, 0.0400]                                                                 | 4.7424   | 0.8600  | 0.8085 
2     | 10          | [96, 97, 98, 99, 100, 101, 102, 103, 104, 105]                          | [0.0300, 0.1500, 0.1300, 0.1300, 0.0800, 0.1900, 0.0900, 0.0800, 0.1000, 0.0200]                                                 | 5.8275   | 0.9200  | 0.8842 
3     | 10          | [95, 96, 98, 99, 100, 101, 102, 103, 104, 105]                          | [0.0400, 0.0100, 0.0600, 0.0400, 0.1300, 0.1000, 0.1000, 0.2900, 0.1900, 0.0400]                                                 | 5.5971   | 0.8400  | 0.8428 
4     | 12          | [90, 91, 93, 95, 99, 100, 101, 102, 103, 104, 105, 106]                 | [0.0200, 0.0100, 0.0200, 0.0100, 0.0900, 0.0400, 0.2100, 0.1400, 0.1100, 0.2900, 0.0300, 0.0300]                                 | 9.3324   | 0.7400  | 0.8360 
5     | 8           | [96, 97, 98, 99, 100, 101, 102, 103]                                    | [0.0900, 0.0800, 0.0600, 0.1100, 0.2500, 0.2400, 0.1500, 0.0200]                                                                 | 3.4771   | 0.9000  | 0.8351 
6     | 9           | [94, 95, 96, 97, 98, 99, 100, 101, 102]                                 | [0.0400, 0.1000, 0.2700, 0.2300, 0.1400, 0.1400, 0.0100, 0.0600, 0.0100]                                                         | 3.0075   | 0.8600  | 0.8279 
7     | 10          | [95, 96, 97, 98, 99, 100, 101, 102, 103, 104]                           | [0.0600, 0.0700, 0.0200, 0.0100, 0.3400, 0.2000, 0.2000, 0.0500, 0.0200, 0.0300]                                                 | 3.9696   | 0.7600  | 0.7996 
8     | 9           | [95, 96, 97, 98, 99, 100, 101, 102, 103]                                | [0.0500, 0.1300, 0.1300, 0.1700, 0.2100, 0.1700, 0.1100, 0.0200, 0.0100]                                                         | 3.3291   | 0.9400  | 0.8578 
9     | 15          | [87, 88, 89, 90, 91, 92, 93, 94, 96, 97, 98, 99, 100, 101, 103]         | [0.0200, 0.1200, 0.0600, 0.1100, 0.1100, 0.1500, 0.1100, 0.0400, 0.0600, 0.0300, 0.0300, 0.0700, 0.0400, 0.0200, 0.0300]         | 16.8299  | 0.9800  | 0.9172 
10    | 10          | [96, 97, 98, 99, 100, 101, 102, 103, 104, 105]                          | [0.1200, 0.1100, 0.2100, 0.1500, 0.0200, 0.0400, 0.2000, 0.1300, 0.0100, 0.0100]                                                 | 6.1084   | 0.8600  | 0.8564 
11    | 9           | [95, 96, 97, 98, 99, 100, 101, 102, 103]                                | [0.0500, 0.0500, 0.1300, 0.3300, 0.1300, 0.0800, 0.1700, 0.0400, 0.0200]                                                         | 3.4376   | 0.7400  | 0.8232 
12    | 7           | [94, 95, 96, 97, 98, 99, 100]                                           | [0.0400, 0.0600, 0.0900, 0.3300, 0.2900, 0.1700, 0.0200]                                                                         | 1.7104   | 0.8000  | 0.7721 
13    | 8           | [93, 94, 95, 96, 97, 98, 99, 100]                                       | [0.0300, 0.1200, 0.1200, 0.1100, 0.2100, 0.3300, 0.0700, 0.0100]                                                                 | 2.7411   | 0.7600  | 0.8083 
14    | 10          | [97, 98, 99, 100, 101, 102, 104, 105, 106, 107]                         | [0.0700, 0.0500, 0.3100, 0.1100, 0.2000, 0.1200, 0.0300, 0.0200, 0.0400, 0.0500]                                                 | 6.2931   | 0.8400  | 0.8329 
15    | 10          | [97, 98, 99, 100, 101, 102, 103, 104, 105, 106]                         | [0.0600, 0.0600, 0.0900, 0.0800, 0.0500, 0.0900, 0.2000, 0.2500, 0.0600, 0.0600]                                                 | 6.3300   | 0.9200  | 0.8667 
16    | 12          | [91, 92, 93, 94, 95, 96, 97, 98, 99, 100, 101, 103]                     | [0.0400, 0.1100, 0.1300, 0.2600, 0.0700, 0.0300, 0.0100, 0.0500, 0.0900, 0.0600, 0.1100, 0.0400]                                 | 11.7011  | 0.9200  | 0.8768 
17    | 9           | [91, 92, 93, 94, 95, 96, 97, 102, 103]                                  | [0.0300, 0.0400, 0.2600, 0.2300, 0.2000, 0.0500, 0.0700, 0.1000, 0.0200]                                                         | 8.6164   | 0.8400  | 0.8275 
18    | 15          | [88, 89, 92, 93, 96, 97, 98, 99, 100, 101, 102, 103, 104, 105, 106]     | [0.0100, 0.0400, 0.1500, 0.1000, 0.1100, 0.0700, 0.0700, 0.0500, 0.0900, 0.0300, 0.0700, 0.1400, 0.0400, 0.0200, 0.0100]         | 20.8579  | 0.8800  | 0.9150 
19    | 11          | [96, 97, 98, 99, 100, 101, 102, 103, 104, 105, 106]                     | [0.0200, 0.0300, 0.0200, 0.0700, 0.0800, 0.2300, 0.0800, 0.2700, 0.1500, 0.0400, 0.0100]                                         | 4.3116   | 0.8600  | 0.8390 
20    | 11          | [90, 94, 95, 96, 97, 98, 99, 100, 101, 102, 103]                        | [0.0700, 0.0500, 0.1000, 0.0500, 0.1300, 0.0500, 0.2000, 0.1000, 0.1600, 0.0600, 0.0300]                                         | 10.2596  | 0.8200  | 0.8895 
21    | 16          | [88, 89, 90, 91, 92, 93, 94, 95, 96, 100, 101, 102, 104, 105, 106, 107] | [0.0700, 0.0700, 0.2100, 0.0600, 0.0500, 0.0400, 0.1200, 0.1600, 0.0800, 0.0100, 0.0100, 0.0200, 0.0200, 0.0400, 0.0300, 0.0100] | 23.8339  | 0.9400  | 0.8974 

[Per-locus summary - Population 2]
Locus | Num_Alleles | Alleles                                                               | Frequencies                                                                                                                      | Variance | Obs_Het | Exp_Het
------+-------------+-----------------------------------------------------------------------+----------------------------------------------------------------------------------------------------------------------------------+----------+---------+--------
1     | 9           | [97, 98, 99, 100, 101, 102, 103, 104, 105]                            | [0.0500, 0.3300, 0.1800, 0.1200, 0.0200, 0.1200, 0.1400, 0.0300, 0.0100]                                                         | 4.4204   | 0.8400  | 0.8145 
2     | 10          | [96, 97, 98, 99, 100, 101, 102, 103, 104, 105]                        | [0.0200, 0.2500, 0.0900, 0.1000, 0.0600, 0.1900, 0.1000, 0.0500, 0.1300, 0.0100]                                                 | 6.4000   | 0.8200  | 0.8584 
3     | 9           | [95, 98, 99, 100, 101, 102, 103, 104, 105]                            | [0.0200, 0.1100, 0.0600, 0.1100, 0.1100, 0.1200, 0.2400, 0.1800, 0.0500]                                                         | 5.1244   | 0.9400  | 0.8614 
4     | 15          | [90, 91, 92, 93, 94, 95, 96, 99, 100, 101, 102, 103, 104, 105, 106]   | [0.0300, 0.0200, 0.0400, 0.0100, 0.0100, 0.0100, 0.0100, 0.0600, 0.0400, 0.1400, 0.2400, 0.0600, 0.2500, 0.0400, 0.0400]         | 15.2344  | 0.8800  | 0.8535 
5     | 10          | [96, 97, 98, 99, 100, 101, 102, 103, 104, 105]                        | [0.0500, 0.1200, 0.1000, 0.1600, 0.2000, 0.2100, 0.1200, 0.0200, 0.0100, 0.0100]                                                 | 3.6176   | 0.8400  | 0.8570 
6     | 7           | [94, 95, 96, 97, 98, 99, 101]                                         | [0.0900, 0.1000, 0.2700, 0.3200, 0.1600, 0.0400, 0.0200]                                                                         | 1.9436   | 0.8800  | 0.7869 
7     | 12          | [94, 95, 96, 97, 98, 99, 100, 101, 102, 103, 104, 105]                | [0.0100, 0.0800, 0.0700, 0.0100, 0.0400, 0.2600, 0.2800, 0.1300, 0.0400, 0.0400, 0.0300, 0.0100]                                 | 4.9979   | 0.8400  | 0.8281 
8     | 9           | [95, 96, 97, 98, 99, 100, 101, 102, 103]                              | [0.0600, 0.1100, 0.0800, 0.1300, 0.2300, 0.2200, 0.1200, 0.0100, 0.0400]                                                         | 3.7859   | 0.8000  | 0.8521 
9     | 14          | [87, 88, 89, 90, 91, 92, 93, 96, 97, 98, 99, 100, 101, 102]           | [0.0100, 0.1300, 0.0600, 0.1000, 0.0800, 0.1900, 0.1600, 0.0400, 0.0200, 0.0400, 0.0600, 0.0200, 0.0600, 0.0300]                 | 17.0675  | 0.9400  | 0.8982 
10    | 8           | [96, 97, 98, 99, 100, 101, 102, 103]                                  | [0.0700, 0.0600, 0.3000, 0.1700, 0.0200, 0.0500, 0.2600, 0.0700]                                                                 | 4.5475   | 0.8400  | 0.8053 
11    | 9           | [95, 96, 97, 98, 99, 100, 101, 102, 103]                              | [0.0200, 0.0700, 0.1900, 0.2800, 0.1100, 0.1000, 0.1700, 0.0400, 0.0200]                                                         | 3.3539   | 0.8600  | 0.8356 
12    | 8           | [93, 94, 95, 96, 97, 98, 99, 100]                                     | [0.0100, 0.0700, 0.0100, 0.0900, 0.2300, 0.4300, 0.1200, 0.0400]                                                                 | 2.0051   | 0.7200  | 0.7404 
13    | 8           | [93, 94, 95, 96, 97, 98, 99, 100]                                     | [0.0100, 0.1200, 0.0500, 0.2000, 0.2700, 0.2400, 0.0900, 0.0200]                                                                 | 2.3716   | 0.8000  | 0.8121 
14    | 11          | [97, 98, 99, 100, 101, 102, 103, 104, 105, 106, 107]                  | [0.0400, 0.0600, 0.2700, 0.2200, 0.1900, 0.0800, 0.0200, 0.0100, 0.0300, 0.0400, 0.0400]                                         | 5.4979   | 0.8400  | 0.8347 
15    | 10          | [97, 98, 99, 100, 101, 102, 103, 104, 105, 106]                       | [0.0400, 0.0200, 0.0300, 0.0200, 0.0900, 0.1900, 0.1800, 0.3700, 0.0200, 0.0400]                                                 | 3.8304   | 0.7200  | 0.7891 
16    | 12          | [91, 92, 93, 94, 95, 96, 97, 98, 99, 100, 101, 103]                   | [0.0400, 0.0600, 0.1800, 0.3500, 0.0300, 0.0200, 0.0100, 0.0500, 0.1300, 0.0900, 0.0200, 0.0200]                                 | 8.9379   | 0.8200  | 0.8184 
17    | 10          | [92, 93, 94, 95, 96, 97, 98, 102, 103, 105]                           | [0.0500, 0.2900, 0.2100, 0.2100, 0.0900, 0.0700, 0.0100, 0.0500, 0.0100, 0.0100]                                                 | 6.3475   | 0.7600  | 0.8176 
18    | 13          | [89, 91, 92, 96, 97, 98, 99, 100, 101, 102, 103, 104, 105]            | [0.0600, 0.0100, 0.0700, 0.0900, 0.1000, 0.1600, 0.0200, 0.1600, 0.0200, 0.1000, 0.1500, 0.0500, 0.0100]                         | 16.4379  | 0.8800  | 0.8952 
19    | 10          | [96, 97, 98, 99, 100, 101, 102, 103, 104, 105]                        | [0.0400, 0.0300, 0.0300, 0.0500, 0.0600, 0.2100, 0.0800, 0.2300, 0.2100, 0.0600]                                                 | 5.1544   | 0.7200  | 0.8479 
20    | 13          | [90, 93, 94, 95, 96, 97, 98, 99, 100, 101, 102, 103, 104]             | [0.0100, 0.0100, 0.0600, 0.1500, 0.0200, 0.0800, 0.1500, 0.2100, 0.0700, 0.1100, 0.1000, 0.0200, 0.0100]                         | 7.2100   | 0.8400  | 0.8816 
21    | 16          | [87, 88, 89, 90, 91, 92, 93, 94, 95, 96, 99, 100, 103, 105, 106, 107] | [0.0100, 0.0600, 0.0600, 0.2400, 0.1000, 0.0700, 0.0700, 0.0700, 0.2200, 0.0200, 0.0100, 0.0100, 0.0100, 0.0300, 0.0100, 0.0100] | 16.3744  | 0.9000  | 0.8689 
