
[Simulation Info]
simulation_id = sim_0006837
timestamp     = 20250428_100718
seed          = 821227
output_folder = /home/lejeunet/Bureau/simulations/Ref_table/sim_0006837

[Model Parameters]
pop_size           = 3499
num_loci           = 20
sample1_generation = 30
sample2_generation = 10
low_repeats        = 1
high_repeats       = 200
mutation_rate      = 0.001
recap_Ne           = 3499

[Sampling Design]
sample1_size_Ne  = 50
sample2_size_Ne  = 50
sample1_size_CMR = 50
sample2_size_CMR = 50

[Capture-Marquage-Recapture]
census_N   =  2601
MatchCount =  1

[Ne Estimates - One Sample - Decreasing critical values [0.050, 0.020, 0.010, 0+]]

[Linkage Desequilibrium]
LD_Ne_Pop1 = [722.2, 2837.0, None, None]
LD_r2_Pop1 = [0.021736, 0.021393, 0.021212, 0.021212]
LD_Ne_Pop2 = [None, 3281.0, 2458.0, 2458.0]
LD_r2_Pop2 = [0.020866, 0.021378, 0.021411, 0.021411]

[Heterozygote excess]
HE_Neb_mean_Pop1        = [None, None, None, None]
HE_weighted_D_mean_Pop1 = [-0.00867, -0.0106, -0.01081, -0.01081]
HE_Neb_mean_Pop2        = [None, None, None, None]
HE_weighted_D_mean_Pop2 = [-0.00819, -0.00184, -0.0021, -0.0021]

[Molecular Coancestry]
Coan_Neb_n_Pop1 = 37.8
Coan_f1_Pop1    = 0.01322
Coan_Neb_n_Pop2 = None
Coan_f1_Pop2    = -0.00554

[Ne Estimates - Temporal - Decreasing critical values (0.050, 0.020, 0.010, 0+)]

[Pollak]
P_Ne     = [2756.0, 4096.0, 9345.3, 9491.4]
P_Fk     = [0.02181, 0.02122, 0.02054, 0.02053]
P_Fprime = [0.00181, 0.00122, 0.00054, 0.00053]

[Nei/Tajima]
N_Ne     = [2420.1, 3533.5, 6374.1, 6475.7]
N_Fc     = [0.02207, 0.02142, 0.02078, 0.02077]
N_Fprime = [0.00207, 0.00142, 0.00078, 0.00077]

[Jorde/Ryman]
J_Ne     = [990.3, 1048.1, 1046.6, 1046.7]
J_Fs     = [0.02516, 0.02488, 0.02488, 0.02488]
J_Fprime = [0.00505, 0.00477, 0.00478, 0.00478]

[Genetic Diversity - Heterozygosity]
mean_exp_het_pop1 = 0.8174
mean_obs_het_pop1 = 0.8048
mean_exp_het_pop2 = 0.8316
mean_obs_het_pop2 = 0.8248

[Genetic Diversity - Allele Counts]
mean_alleles_pop1 = 9.76
var_alleles_pop1  = 5.69
sum_alleles_pop1  = 205
mean_alleles_pop2 = 10.07
var_alleles_pop2  = 5.53
sum_alleles_pop2  = 423

[Genetic Diversity - Allelic Size Variance]
var_allele_size_pop1 = 7.1076
var_allele_size_pop2 = 7.3729

[Per-locus summary - Population 1]
Locus | Num_Alleles | Alleles                                                          | Frequencies                                                                                                      | Variance | Obs_Het | Exp_Het
------+-------------+------------------------------------------------------------------+------------------------------------------------------------------------------------------------------------------+----------+---------+--------
1     | 10          | [92, 95, 96, 97, 98, 99, 100, 101, 102, 103]                     | [0.0100, 0.1000, 0.0100, 0.0100, 0.1100, 0.0900, 0.1500, 0.3800, 0.1300, 0.0100]                                 | 4.8259   | 0.7400  | 0.7935 
2     | 10          | [94, 95, 96, 97, 98, 99, 100, 101, 102, 103]                     | [0.0200, 0.0200, 0.0500, 0.1500, 0.1700, 0.3900, 0.0800, 0.0300, 0.0600, 0.0300]                                 | 3.1304   | 0.8600  | 0.7893 
3     | 10          | [92, 93, 94, 95, 96, 97, 98, 99, 100, 101]                       | [0.0500, 0.0700, 0.3300, 0.0500, 0.1600, 0.1000, 0.0700, 0.0400, 0.0900, 0.0400]                                 | 5.9400   | 0.7800  | 0.8378 
4     | 6           | [97, 98, 99, 100, 101, 102]                                      | [0.0800, 0.4400, 0.1800, 0.1400, 0.1400, 0.0200]                                                                 | 1.6256   | 0.7200  | 0.7353 
5     | 6           | [101, 102, 103, 104, 105, 106]                                   | [0.0300, 0.4900, 0.0900, 0.1500, 0.1800, 0.0600]                                                                 | 2.0004   | 0.6800  | 0.6994 
6     | 11          | [100, 101, 102, 103, 104, 105, 106, 108, 109, 110, 111]          | [0.2100, 0.1200, 0.2200, 0.1400, 0.1600, 0.0100, 0.0400, 0.0300, 0.0100, 0.0500, 0.0100]                         | 7.3275   | 0.8000  | 0.8511 
7     | 10          | [90, 91, 92, 93, 94, 95, 98, 99, 100, 101]                       | [0.0100, 0.0900, 0.0900, 0.1100, 0.1000, 0.1100, 0.1200, 0.1700, 0.1900, 0.0100]                                 | 10.8475  | 0.7800  | 0.8788 
8     | 8           | [97, 98, 99, 100, 101, 102, 103, 104]                            | [0.0600, 0.4300, 0.0200, 0.1000, 0.0700, 0.1400, 0.0500, 0.1300]                                                 | 5.4384   | 0.7800  | 0.7649 
9     | 11          | [94, 95, 96, 97, 98, 99, 100, 101, 102, 103, 104]                | [0.0400, 0.0100, 0.0800, 0.1000, 0.2700, 0.0800, 0.0700, 0.1500, 0.0700, 0.1200, 0.0100]                         | 5.9944   | 0.8400  | 0.8644 
10    | 14          | [90, 91, 92, 93, 94, 95, 96, 97, 98, 99, 100, 101, 103, 105]     | [0.0200, 0.1800, 0.1400, 0.1500, 0.0500, 0.0200, 0.0500, 0.0500, 0.0200, 0.0400, 0.1400, 0.0900, 0.0300, 0.0200] | 16.8084  | 0.9200  | 0.8952 
11    | 9           | [96, 97, 98, 99, 100, 101, 102, 103, 104]                        | [0.0400, 0.1400, 0.0800, 0.2300, 0.0600, 0.0500, 0.1400, 0.2200, 0.0400]                                         | 5.6476   | 0.9000  | 0.8523 
12    | 8           | [94, 95, 96, 97, 98, 99, 100, 101]                               | [0.0300, 0.1100, 0.2000, 0.1100, 0.1000, 0.2500, 0.0800, 0.1200]                                                 | 3.9939   | 0.8600  | 0.8501 
13    | 10          | [91, 93, 94, 95, 96, 97, 98, 99, 100, 101]                       | [0.0100, 0.0100, 0.1000, 0.0500, 0.2300, 0.1400, 0.2600, 0.1700, 0.0100, 0.0200]                                 | 3.1996   | 0.7800  | 0.8261 
14    | 13          | [97, 98, 99, 100, 101, 102, 103, 104, 105, 106, 107, 108, 109]   | [0.0400, 0.0400, 0.1000, 0.1700, 0.1100, 0.0500, 0.1100, 0.0100, 0.1200, 0.0800, 0.0600, 0.1000, 0.0100]         | 10.9811  | 0.9000  | 0.9057 
15    | 12          | [92, 93, 94, 95, 96, 97, 98, 99, 100, 101, 102, 103]             | [0.0200, 0.0200, 0.0100, 0.0100, 0.0300, 0.0200, 0.3700, 0.0600, 0.2200, 0.2200, 0.0100, 0.0100]                 | 4.1656   | 0.7200  | 0.7679 
16    | 14          | [94, 95, 96, 97, 98, 99, 101, 102, 103, 104, 105, 106, 107, 109] | [0.0100, 0.0800, 0.0800, 0.1200, 0.0600, 0.0700, 0.0100, 0.0100, 0.1600, 0.0600, 0.1200, 0.1700, 0.0200, 0.0300] | 17.9075  | 0.8600  | 0.8992 
17    | 7           | [93, 94, 95, 96, 97, 98, 99]                                     | [0.1400, 0.1600, 0.3000, 0.0800, 0.2200, 0.0700, 0.0300]                                                         | 2.6219   | 0.8200  | 0.8123 
18    | 8           | [100, 101, 102, 103, 104, 105, 106, 107]                         | [0.0400, 0.1100, 0.0100, 0.1100, 0.3100, 0.1400, 0.1800, 0.1000]                                                 | 3.5076   | 0.8800  | 0.8242 
19    | 9           | [96, 97, 98, 99, 100, 101, 102, 103, 104]                        | [0.0600, 0.4200, 0.0800, 0.0300, 0.0400, 0.0500, 0.1300, 0.0700, 0.1200]                                         | 7.7339   | 0.7200  | 0.7802 
20    | 12          | [93, 94, 95, 96, 97, 98, 103, 104, 105, 106, 107, 108]           | [0.0200, 0.0900, 0.0300, 0.1800, 0.1700, 0.0400, 0.0100, 0.1200, 0.1800, 0.0400, 0.0400, 0.0800]                 | 24.3851  | 0.8600  | 0.8800 
21    | 7           | [98, 99, 100, 101, 102, 103, 105]                                | [0.0100, 0.0300, 0.0700, 0.5300, 0.2100, 0.1300, 0.0200]                                                         | 1.1779   | 0.7000  | 0.6584 

[Per-locus summary - Population 2]
Locus | Num_Alleles | Alleles                                                        | Frequencies                                                                                                      | Variance | Obs_Het | Exp_Het
------+-------------+----------------------------------------------------------------+------------------------------------------------------------------------------------------------------------------+----------+---------+--------
1     | 9           | [92, 95, 97, 98, 99, 100, 101, 102, 103]                       | [0.0200, 0.0100, 0.0100, 0.1000, 0.0700, 0.1400, 0.4600, 0.1700, 0.0200]                                         | 3.2875   | 0.7000  | 0.7313 
2     | 10          | [94, 95, 96, 97, 98, 99, 100, 101, 102, 103]                   | [0.0100, 0.0400, 0.0400, 0.1700, 0.2400, 0.2500, 0.0600, 0.0200, 0.0800, 0.0900]                                 | 4.4259   | 0.8200  | 0.8376 
3     | 9           | [93, 94, 95, 96, 97, 98, 99, 100, 101]                         | [0.1000, 0.3400, 0.0600, 0.0900, 0.0600, 0.0500, 0.0700, 0.1600, 0.0700]                                         | 7.4176   | 0.9000  | 0.8295 
4     | 5           | [97, 98, 99, 100, 101]                                         | [0.1100, 0.2900, 0.2400, 0.2100, 0.1500]                                                                         | 1.5400   | 0.7400  | 0.7875 
5     | 7           | [101, 102, 103, 104, 105, 106, 107]                            | [0.0600, 0.3200, 0.1300, 0.1600, 0.2600, 0.0500, 0.0200]                                                         | 2.3091   | 0.7600  | 0.7889 
6     | 12          | [99, 100, 101, 102, 103, 104, 105, 106, 108, 109, 110, 111]    | [0.0100, 0.1100, 0.1500, 0.3000, 0.1300, 0.1200, 0.0100, 0.0800, 0.0300, 0.0300, 0.0200, 0.0100]                 | 6.3784   | 0.8200  | 0.8436 
7     | 11          | [90, 91, 92, 93, 94, 95, 97, 98, 99, 100, 101]                 | [0.0100, 0.1100, 0.1000, 0.0500, 0.0800, 0.0800, 0.0100, 0.1400, 0.1600, 0.2500, 0.0100]                         | 11.6436  | 0.8400  | 0.8632 
8     | 9           | [96, 97, 98, 99, 100, 101, 102, 103, 104]                      | [0.0100, 0.0300, 0.3700, 0.0300, 0.1100, 0.1100, 0.1300, 0.0900, 0.1200]                                         | 5.2516   | 0.7800  | 0.8057 
9     | 11          | [94, 95, 96, 97, 98, 99, 100, 101, 102, 103, 104]              | [0.0200, 0.0400, 0.0900, 0.0700, 0.3000, 0.0600, 0.0700, 0.1200, 0.1100, 0.1100, 0.0100]                         | 6.0544   | 0.8400  | 0.8564 
10    | 14          | [90, 91, 92, 93, 94, 95, 96, 97, 98, 99, 100, 101, 103, 105]   | [0.0500, 0.2100, 0.1000, 0.1600, 0.0900, 0.0400, 0.0400, 0.0200, 0.0100, 0.0800, 0.1100, 0.0400, 0.0300, 0.0200] | 15.8204  | 0.8400  | 0.8935 
11    | 9           | [95, 97, 98, 99, 100, 101, 102, 103, 104]                      | [0.0300, 0.1500, 0.1900, 0.1100, 0.0400, 0.0700, 0.1000, 0.2900, 0.0200]                                         | 6.3531   | 0.8400  | 0.8358 
12    | 10          | [93, 94, 95, 96, 97, 98, 99, 100, 101, 102]                    | [0.0200, 0.0400, 0.2300, 0.2800, 0.0400, 0.1000, 0.1000, 0.0600, 0.0900, 0.0400]                                 | 5.3500   | 0.9000  | 0.8402 
13    | 9           | [91, 93, 94, 95, 96, 97, 98, 99, 101]                          | [0.0300, 0.0100, 0.2200, 0.0600, 0.1000, 0.1600, 0.3000, 0.1000, 0.0200]                                         | 4.3096   | 0.9200  | 0.8192 
14    | 13          | [97, 98, 99, 100, 101, 102, 103, 104, 105, 106, 107, 108, 109] | [0.0700, 0.0200, 0.0900, 0.1700, 0.1000, 0.0500, 0.2000, 0.0200, 0.1200, 0.0500, 0.0100, 0.0900, 0.0100]         | 9.6976   | 0.8800  | 0.8885 
15    | 12          | [92, 93, 94, 95, 96, 97, 98, 99, 100, 101, 102, 103]           | [0.0300, 0.0300, 0.0400, 0.0400, 0.0400, 0.0300, 0.3200, 0.0800, 0.1400, 0.2200, 0.0200, 0.0100]                 | 6.0251   | 0.8000  | 0.8234 
16    | 13          | [95, 96, 97, 98, 99, 100, 103, 104, 105, 106, 107, 108, 109]   | [0.0900, 0.1300, 0.0600, 0.0800, 0.0900, 0.0100, 0.1400, 0.0500, 0.1000, 0.1400, 0.0300, 0.0400, 0.0400]         | 20.0475  | 0.9000  | 0.9101 
17    | 7           | [93, 94, 95, 96, 97, 98, 99]                                   | [0.0500, 0.2200, 0.2600, 0.0900, 0.2800, 0.0800, 0.0200]                                                         | 2.2475   | 0.8000  | 0.7962 
18    | 7           | [100, 101, 103, 104, 105, 106, 107]                            | [0.0200, 0.1800, 0.0700, 0.2400, 0.1400, 0.2300, 0.1200]                                                         | 4.0771   | 0.8600  | 0.8261 
19    | 10          | [96, 97, 98, 99, 100, 101, 102, 103, 104, 105]                 | [0.0600, 0.3500, 0.0700, 0.0400, 0.0700, 0.0500, 0.1700, 0.0600, 0.1200, 0.0100]                                 | 7.7331   | 0.8400  | 0.8212 
20    | 12          | [93, 94, 95, 96, 97, 98, 103, 104, 105, 106, 107, 108]         | [0.0300, 0.0900, 0.0400, 0.1700, 0.1700, 0.0500, 0.0300, 0.1100, 0.1600, 0.0700, 0.0700, 0.0100]                 | 22.7736  | 0.8600  | 0.8895 
21    | 8           | [98, 99, 100, 101, 102, 103, 104, 105]                         | [0.0100, 0.0800, 0.1100, 0.3900, 0.1900, 0.1500, 0.0200, 0.0500]                                                 | 2.0875   | 0.6800  | 0.7756 
