
[Simulation Info]
simulation_id = sim_0000182
timestamp     = 20250428_073817
seed          = 675367
output_folder = /home/lejeunet/Bureau/simulations/Ref_table/sim_0000182

[Model Parameters]
pop_size           = 4008
num_loci           = 20
sample1_generation = 30
sample2_generation = 10
low_repeats        = 1
high_repeats       = 200
mutation_rate      = 0.001
recap_Ne           = 4008

[Sampling Design]
sample1_size_Ne  = 50
sample2_size_Ne  = 50
sample1_size_CMR = 50
sample2_size_CMR = 50

[Capture-Marquage-Recapture]
census_N   =  1300
MatchCount =  2

[Ne Estimates - One Sample - Decreasing critical values [0.050, 0.020, 0.010, 0+]]

[Linkage Desequilibrium]
LD_Ne_Pop1 = [1819.7, 1175.4, 1398.5, 1398.5]
LD_r2_Pop1 = [0.021459, 0.021559, 0.021514, 0.021514]
LD_Ne_Pop2 = [None, None, None, None]
LD_r2_Pop2 = [0.020755, 0.02109, 0.02118, 0.02118]

[Heterozygote excess]
HE_Neb_mean_Pop1        = [63.6, 104.6, 116.7, 116.7]
HE_weighted_D_mean_Pop1 = [0.00792, 0.0048, 0.0043, 0.0043]
HE_Neb_mean_Pop2        = [83.2, 73.5, 86.8, 86.8]
HE_weighted_D_mean_Pop2 = [0.00605, 0.00685, 0.0058, 0.0058]

[Molecular Coancestry]
Coan_Neb_n_Pop1 = 30.0
Coan_f1_Pop1    = 0.01665
Coan_Neb_n_Pop2 = None
Coan_f1_Pop2    = -0.00149

[Ne Estimates - Temporal - Decreasing critical values (0.050, 0.020, 0.010, 0+)]

[Pollak]
P_Ne     = [3909.0, 39253.7, 3473.7, 3793.4]
P_Fk     = [0.02128, 0.02013, 0.02144, 0.02132]
P_Fprime = [0.00128, 0.00013, 0.00144, 0.00132]

[Nei/Tajima]
N_Ne     = [3355.4, 17365.1, 3433.7, 3722.6]
N_Fc     = [0.02149, 0.02029, 0.02146, 0.02134]
N_Fprime = [0.00149, 0.00029, 0.00146, 0.00134]

[Jorde/Ryman]
J_Ne     = [1113.9, 1333.1, 1223.2, 1226.8]
J_Fs     = [0.02459, 0.02385, 0.02419, 0.02418]
J_Fprime = [0.00449, 0.00375, 0.00409, 0.00408]

[Genetic Diversity - Heterozygosity]
mean_exp_het_pop1 = 0.855
mean_obs_het_pop1 = 0.8629
mean_exp_het_pop2 = 0.8549
mean_obs_het_pop2 = 0.859

[Genetic Diversity - Allele Counts]
mean_alleles_pop1 = 11.38
var_alleles_pop1  = 7.05
sum_alleles_pop1  = 239
mean_alleles_pop2 = 11.76
var_alleles_pop2  = 9.5
sum_alleles_pop2  = 494

[Genetic Diversity - Allelic Size Variance]
var_allele_size_pop1 = 14.61
var_allele_size_pop2 = 14.5911

[Per-locus summary - Population 1]
Locus | Num_Alleles | Alleles                                                                     | Frequencies                                                                                                                      | Variance | Obs_Het | Exp_Het
------+-------------+-----------------------------------------------------------------------------+----------------------------------------------------------------------------------------------------------------------------------+----------+---------+--------
1     | 16          | [87, 88, 89, 90, 91, 101, 102, 103, 105, 106, 107, 110, 111, 112, 113, 114] | [0.0100, 0.0800, 0.0500, 0.1700, 0.1000, 0.0200, 0.0200, 0.1600, 0.0200, 0.0500, 0.0100, 0.0300, 0.1700, 0.0600, 0.0300, 0.0200] | 89.7811  | 0.9000  | 0.8970 
2     | 7           | [96, 97, 98, 99, 100, 101, 102]                                             | [0.0400, 0.1600, 0.3700, 0.1000, 0.1200, 0.1800, 0.0300]                                                                         | 2.4224   | 0.8600  | 0.7861 
3     | 13          | [92, 93, 98, 99, 100, 101, 102, 103, 104, 105, 106, 107, 110]               | [0.0900, 0.0800, 0.0300, 0.0600, 0.1800, 0.0600, 0.0500, 0.0200, 0.0400, 0.1800, 0.1100, 0.0800, 0.0200]                         | 23.6300  | 0.9600  | 0.8982 
4     | 10          | [96, 97, 98, 99, 100, 101, 102, 103, 104, 106]                              | [0.0200, 0.0300, 0.0400, 0.0900, 0.1500, 0.2100, 0.2600, 0.1100, 0.0700, 0.0200]                                                 | 3.6656   | 0.8400  | 0.8459 
5     | 11          | [92, 93, 94, 95, 96, 97, 98, 99, 100, 101, 103]                             | [0.0500, 0.0600, 0.0500, 0.0100, 0.0200, 0.1100, 0.2300, 0.3000, 0.0800, 0.0800, 0.0100]                                         | 5.9171   | 0.8600  | 0.8313 
6     | 7           | [100, 101, 102, 103, 104, 105, 106]                                         | [0.0800, 0.0600, 0.0400, 0.2900, 0.4200, 0.0700, 0.0400]                                                                         | 1.9816   | 0.7200  | 0.7287 
7     | 15          | [95, 96, 97, 98, 99, 100, 104, 105, 106, 107, 108, 109, 110, 111, 112]      | [0.0200, 0.0800, 0.0900, 0.0300, 0.1000, 0.0900, 0.0400, 0.0400, 0.1400, 0.0800, 0.1100, 0.0600, 0.1000, 0.0100, 0.0100]         | 25.2864  | 0.9600  | 0.9202 
8     | 12          | [92, 93, 94, 95, 96, 97, 98, 99, 100, 101, 102, 103]                        | [0.0100, 0.0300, 0.2100, 0.1800, 0.2200, 0.1300, 0.0100, 0.0700, 0.0400, 0.0200, 0.0400, 0.0400]                                 | 6.6219   | 0.8600  | 0.8556 
9     | 14          | [91, 92, 93, 94, 95, 96, 97, 98, 99, 101, 102, 103, 104, 105]               | [0.0700, 0.0300, 0.0200, 0.0700, 0.1100, 0.0400, 0.0500, 0.0700, 0.0100, 0.0100, 0.2400, 0.1800, 0.0800, 0.0200]                 | 18.6099  | 0.8000  | 0.8796 
10    | 10          | [91, 93, 94, 95, 96, 97, 98, 99, 100, 101]                                  | [0.0600, 0.0100, 0.2800, 0.2000, 0.1800, 0.0500, 0.0200, 0.1500, 0.0400, 0.0100]                                                 | 5.1644   | 0.9200  | 0.8267 
11    | 11          | [93, 94, 95, 98, 99, 100, 101, 102, 103, 104, 105]                          | [0.0900, 0.1700, 0.0900, 0.0100, 0.0400, 0.0700, 0.1200, 0.1100, 0.1700, 0.1100, 0.0200]                                         | 16.6171  | 0.9200  | 0.8893 
12    | 15          | [95, 96, 97, 98, 99, 100, 101, 103, 104, 105, 106, 107, 108, 109, 110]      | [0.0200, 0.0600, 0.1100, 0.1100, 0.0300, 0.0800, 0.0200, 0.0700, 0.1600, 0.1400, 0.0500, 0.0200, 0.0800, 0.0100, 0.0400]         | 17.4116  | 0.9400  | 0.9121 
13    | 7           | [97, 98, 99, 100, 101, 102, 103]                                            | [0.1100, 0.1600, 0.3300, 0.1800, 0.0800, 0.0600, 0.0800]                                                                         | 2.7084   | 0.8400  | 0.8127 
14    | 11          | [89, 90, 91, 92, 93, 94, 95, 96, 97, 98, 99]                                | [0.0400, 0.0900, 0.0700, 0.1500, 0.2000, 0.1600, 0.0200, 0.0900, 0.0500, 0.0800, 0.0500]                                         | 7.1075   | 0.8600  | 0.8863 
15    | 11          | [94, 97, 98, 99, 100, 101, 102, 103, 105, 106, 107]                         | [0.0400, 0.1600, 0.1700, 0.2600, 0.0400, 0.0400, 0.0100, 0.0200, 0.0100, 0.1700, 0.0800]                                         | 14.1851  | 0.8000  | 0.8457 
16    | 11          | [97, 98, 99, 100, 101, 102, 103, 104, 105, 106, 107]                        | [0.0600, 0.0100, 0.2300, 0.1000, 0.0700, 0.0700, 0.0900, 0.2100, 0.0900, 0.0300, 0.0400]                                         | 7.3800   | 0.8200  | 0.8695 
17    | 9           | [91, 92, 94, 95, 96, 97, 98, 99, 100]                                       | [0.0100, 0.0400, 0.0600, 0.2100, 0.2300, 0.2700, 0.0700, 0.0700, 0.0400]                                                         | 3.1024   | 0.7400  | 0.8216 
18    | 14          | [94, 95, 96, 97, 98, 99, 100, 101, 102, 103, 104, 105, 106, 107]            | [0.0100, 0.0800, 0.0600, 0.0300, 0.0600, 0.0400, 0.1300, 0.0500, 0.0800, 0.1900, 0.0800, 0.0800, 0.0900, 0.0200]                 | 11.9371  | 0.9400  | 0.9097 
19    | 10          | [94, 95, 96, 97, 98, 99, 100, 101, 102, 103]                                | [0.0100, 0.1300, 0.0600, 0.2900, 0.1400, 0.0200, 0.0600, 0.1000, 0.1100, 0.0800]                                                 | 6.5864   | 0.8800  | 0.8517 
20    | 14          | [91, 93, 94, 95, 96, 99, 100, 101, 102, 103, 104, 106, 107, 108]            | [0.0400, 0.0800, 0.2200, 0.1600, 0.0100, 0.0500, 0.0700, 0.0700, 0.0600, 0.0400, 0.0300, 0.0200, 0.0800, 0.0700]                 | 27.4284  | 0.9200  | 0.8968 
21    | 11          | [91, 92, 93, 94, 95, 96, 97, 98, 99, 100, 101]                              | [0.0100, 0.2100, 0.1100, 0.0600, 0.0600, 0.0300, 0.0200, 0.0900, 0.3800, 0.0200, 0.0100]                                         | 9.2651   | 0.7800  | 0.7901 

[Per-locus summary - Population 2]
Locus | Num_Alleles | Alleles                                                                          | Frequencies                                                                                                                              | Variance | Obs_Het | Exp_Het
------+-------------+----------------------------------------------------------------------------------+------------------------------------------------------------------------------------------------------------------------------------------+----------+---------+--------
1     | 15          | [87, 88, 89, 90, 91, 92, 101, 102, 103, 106, 110, 111, 112, 113, 114]            | [0.0200, 0.1100, 0.0400, 0.2000, 0.0100, 0.0100, 0.0100, 0.0100, 0.2600, 0.0700, 0.0200, 0.0900, 0.0800, 0.0600, 0.0100]                 | 86.9179  | 0.8200  | 0.8630 
2     | 7           | [96, 97, 98, 99, 100, 101, 102]                                                  | [0.0100, 0.2300, 0.2100, 0.2200, 0.1400, 0.1300, 0.0600]                                                                                 | 2.4056   | 0.7400  | 0.8226 
3     | 14          | [92, 93, 94, 97, 98, 99, 100, 101, 102, 104, 105, 106, 107, 108]                 | [0.1300, 0.0600, 0.0300, 0.0100, 0.0300, 0.0800, 0.1900, 0.0700, 0.0300, 0.0300, 0.0900, 0.0800, 0.1500, 0.0200]                         | 26.7236  | 0.9200  | 0.9000 
4     | 10          | [96, 97, 98, 99, 100, 101, 102, 103, 104, 106]                                   | [0.0200, 0.0600, 0.0400, 0.0500, 0.2200, 0.1100, 0.2900, 0.1000, 0.0800, 0.0300]                                                         | 4.3900   | 0.9600  | 0.8384 
5     | 9           | [92, 93, 94, 97, 98, 99, 100, 101, 102]                                          | [0.0200, 0.0300, 0.0400, 0.1700, 0.2400, 0.2600, 0.0900, 0.1300, 0.0200]                                                                 | 4.2939   | 0.7600  | 0.8259 
6     | 7           | [100, 101, 102, 103, 104, 105, 106]                                              | [0.0600, 0.0200, 0.0800, 0.3400, 0.2500, 0.1600, 0.0900]                                                                                 | 2.1084   | 0.7800  | 0.7857 
7     | 17          | [95, 96, 97, 98, 99, 100, 101, 102, 103, 104, 105, 106, 107, 108, 109, 110, 111] | [0.0400, 0.0800, 0.0600, 0.0400, 0.1200, 0.0900, 0.0100, 0.0100, 0.0100, 0.0300, 0.0500, 0.0900, 0.0700, 0.1400, 0.0200, 0.1300, 0.0100] | 25.7371  | 0.9200  | 0.9198 
8     | 11          | [93, 94, 95, 96, 97, 98, 99, 100, 101, 102, 103]                                 | [0.0100, 0.1500, 0.1200, 0.2600, 0.2000, 0.0300, 0.0600, 0.0900, 0.0300, 0.0300, 0.0200]                                                 | 5.2476   | 0.8200  | 0.8491 
9     | 13          | [90, 91, 92, 94, 95, 96, 97, 98, 99, 102, 103, 104, 105]                         | [0.0200, 0.0400, 0.0200, 0.1000, 0.0700, 0.1000, 0.0300, 0.1300, 0.0100, 0.1500, 0.2000, 0.1100, 0.0200]                                 | 17.9499  | 0.9200  | 0.8887 
10    | 10          | [91, 92, 94, 95, 96, 97, 98, 99, 100, 101]                                       | [0.0600, 0.0300, 0.1900, 0.3200, 0.1900, 0.0200, 0.0100, 0.1100, 0.0600, 0.0100]                                                         | 5.1084   | 0.8000  | 0.8127 
11    | 10          | [93, 94, 95, 98, 99, 100, 101, 102, 103, 104]                                    | [0.0900, 0.1100, 0.0300, 0.0400, 0.0100, 0.1300, 0.1000, 0.1700, 0.2400, 0.0800]                                                         | 13.5075  | 0.8800  | 0.8661 
12    | 15          | [95, 96, 97, 98, 99, 100, 102, 103, 104, 105, 106, 107, 108, 109, 110]           | [0.0100, 0.0900, 0.1400, 0.0600, 0.0200, 0.1200, 0.0100, 0.0600, 0.1300, 0.1800, 0.0300, 0.0300, 0.0900, 0.0100, 0.0200]                 | 17.2875  | 0.9600  | 0.8994 
13    | 7           | [97, 98, 99, 100, 101, 102, 103]                                                 | [0.1300, 0.2700, 0.2400, 0.1400, 0.0700, 0.0700, 0.0800]                                                                                 | 3.0416   | 0.7400  | 0.8250 
14    | 11          | [89, 90, 91, 92, 93, 94, 95, 96, 97, 98, 99]                                     | [0.0500, 0.0500, 0.0800, 0.2100, 0.1300, 0.1800, 0.0700, 0.0800, 0.0900, 0.0400, 0.0200]                                                 | 5.8496   | 0.8400  | 0.8826 
15    | 10          | [94, 97, 98, 99, 100, 102, 103, 105, 106, 107]                                   | [0.0400, 0.1900, 0.1100, 0.3000, 0.0700, 0.0500, 0.0200, 0.0200, 0.1100, 0.0900]                                                         | 13.0916  | 0.9400  | 0.8402 
16    | 12          | [97, 98, 99, 100, 101, 102, 103, 104, 105, 106, 107, 108]                        | [0.0600, 0.0100, 0.2800, 0.1400, 0.0700, 0.0400, 0.0800, 0.1300, 0.0900, 0.0300, 0.0500, 0.0200]                                         | 8.4851   | 0.8200  | 0.8652 
17    | 10          | [92, 93, 94, 95, 96, 97, 98, 99, 100, 101]                                       | [0.0500, 0.0400, 0.0700, 0.1600, 0.1900, 0.2100, 0.1400, 0.0800, 0.0400, 0.0200]                                                         | 4.0931   | 0.9200  | 0.8659 
18    | 12          | [94, 95, 96, 97, 98, 99, 100, 101, 102, 103, 104, 106]                           | [0.0100, 0.0500, 0.1200, 0.0200, 0.0500, 0.0100, 0.1300, 0.0400, 0.1400, 0.1600, 0.1300, 0.1400]                                         | 11.6400  | 0.9600  | 0.8887 
19    | 11          | [94, 95, 96, 97, 98, 99, 100, 101, 102, 103, 104]                                | [0.0300, 0.0900, 0.0300, 0.2600, 0.1200, 0.0100, 0.1200, 0.1000, 0.1700, 0.0600, 0.0100]                                                 | 6.8656   | 0.8200  | 0.8596 
20    | 16          | [90, 91, 93, 94, 95, 96, 98, 99, 100, 101, 102, 103, 105, 106, 107, 108]         | [0.0100, 0.0300, 0.0500, 0.2300, 0.1400, 0.0200, 0.0100, 0.0500, 0.1100, 0.0100, 0.0700, 0.0300, 0.0200, 0.0200, 0.0700, 0.1300]         | 30.6784  | 0.8600  | 0.8893 
21    | 10          | [91, 92, 93, 94, 95, 97, 98, 99, 100, 101]                                       | [0.0200, 0.3400, 0.0600, 0.0400, 0.0300, 0.0300, 0.0900, 0.3300, 0.0500, 0.0100]                                                         | 10.9900  | 0.8600  | 0.7651 
