
[Simulation Info]
simulation_id = sim_0004513
timestamp     = 20250428_091014
seed          = 385556
output_folder = /home/lejeunet/Bureau/simulations/Ref_table/sim_0004513

[Model Parameters]
pop_size           = 2871
num_loci           = 20
sample1_generation = 30
sample2_generation = 10
low_repeats        = 1
high_repeats       = 200
mutation_rate      = 0.001
recap_Ne           = 2871

[Sampling Design]
sample1_size_Ne  = 50
sample2_size_Ne  = 50
sample1_size_CMR = 50
sample2_size_CMR = 50

[Capture-Marquage-Recapture]
census_N   =  2601
MatchCount =  1

[Ne Estimates - One Sample - Decreasing critical values [0.050, 0.020, 0.010, 0+]]

[Linkage Desequilibrium]
LD_Ne_Pop1 = [5811.0, None, 5755.5, 5755.5]
LD_r2_Pop1 = [0.021333, 0.021271, 0.021334, 0.021334]
LD_Ne_Pop2 = [1487.3, 5559.7, 1388.0, 1388.0]
LD_r2_Pop2 = [0.0215, 0.021336, 0.021516, 0.021516]

[Heterozygote excess]
HE_Neb_mean_Pop1        = [912.4, 184.2, 227.8, 227.8]
HE_weighted_D_mean_Pop1 = [0.00055, 0.00272, 0.0022, 0.0022]
HE_Neb_mean_Pop2        = [None, None, None, None]
HE_weighted_D_mean_Pop2 = [-0.01418, -0.00897, -0.00896, -0.00896]

[Molecular Coancestry]
Coan_Neb_n_Pop1 = None
Coan_f1_Pop1    = -0.00085
Coan_Neb_n_Pop2 = 46.3
Coan_f1_Pop2    = 0.0108

[Ne Estimates - Temporal - Decreasing critical values (0.050, 0.020, 0.010, 0+)]

[Pollak]
P_Ne     = [41158.2, 2543.1, 3584.6, 3627.3]
P_Fk     = [0.02012, 0.02197, 0.02139, 0.02138]
P_Fprime = [0.00012, 0.00197, 0.00139, 0.00138]

[Nei/Tajima]
N_Ne     = [-97173.8, 3021.7, 4316.1, 4361.8]
N_Fc     = [0.01995, 0.02165, 0.02116, 0.02115]
N_Fprime = [-5e-05, 0.00165, 0.00116, 0.00115]

[Jorde/Ryman]
J_Ne     = [8164.5, 2955.0, 2984.4, 2984.6]
J_Fs     = [0.02071, 0.02179, 0.02178, 0.02178]
J_Fprime = [0.00061, 0.00169, 0.00168, 0.00168]

[Genetic Diversity - Heterozygosity]
mean_exp_het_pop1 = 0.8062
mean_obs_het_pop1 = 0.8038
mean_exp_het_pop2 = 0.8203
mean_obs_het_pop2 = 0.8067

[Genetic Diversity - Allele Counts]
mean_alleles_pop1 = 8.57
var_alleles_pop1  = 1.66
sum_alleles_pop1  = 180
mean_alleles_pop2 = 9.0
var_alleles_pop2  = 2.83
sum_alleles_pop2  = 378

[Genetic Diversity - Allelic Size Variance]
var_allele_size_pop1 = 4.1238
var_allele_size_pop2 = 4.2411

[Per-locus summary - Population 1]
Locus | Num_Alleles | Alleles                                              | Frequencies                                                                                      | Variance | Obs_Het | Exp_Het
------+-------------+------------------------------------------------------+--------------------------------------------------------------------------------------------------+----------+---------+--------
1     | 7           | [98, 99, 100, 101, 102, 105, 106]                    | [0.0800, 0.0600, 0.3600, 0.0300, 0.1700, 0.1600, 0.1400]                                         | 6.9259   | 0.7400  | 0.7933 
2     | 8           | [95, 96, 97, 98, 99, 100, 103, 104]                  | [0.1200, 0.2200, 0.0900, 0.2300, 0.2000, 0.0200, 0.1100, 0.0100]                                 | 5.4384   | 0.8400  | 0.8319 
3     | 9           | [96, 97, 98, 99, 100, 101, 102, 103, 104]            | [0.0100, 0.0300, 0.1000, 0.2800, 0.1300, 0.1900, 0.1800, 0.0700, 0.0100]                         | 2.7739   | 0.7600  | 0.8285 
4     | 8           | [94, 95, 96, 97, 98, 99, 100, 101]                   | [0.0100, 0.1200, 0.0600, 0.1900, 0.1600, 0.2500, 0.1900, 0.0200]                                 | 2.8596   | 0.7800  | 0.8295 
5     | 8           | [99, 100, 101, 102, 103, 104, 106, 107]              | [0.0500, 0.3400, 0.4300, 0.0300, 0.0800, 0.0100, 0.0300, 0.0300]                                 | 2.7979   | 0.7000  | 0.6947 
6     | 11          | [95, 96, 97, 98, 99, 100, 101, 102, 103, 104, 105]   | [0.0100, 0.0800, 0.0900, 0.0100, 0.0100, 0.0400, 0.0900, 0.3200, 0.0800, 0.2100, 0.0600]         | 7.2664   | 0.8600  | 0.8273 
7     | 9           | [93, 96, 97, 98, 99, 100, 101, 102, 103]             | [0.0100, 0.0100, 0.0700, 0.2100, 0.3300, 0.0700, 0.1800, 0.0500, 0.0700]                         | 3.1236   | 0.7600  | 0.8053 
8     | 7           | [95, 97, 98, 99, 100, 101, 102]                      | [0.0200, 0.0300, 0.2500, 0.4600, 0.0800, 0.1300, 0.0300]                                         | 1.5584   | 0.6600  | 0.7075 
9     | 8           | [95, 96, 97, 98, 99, 100, 101, 102]                  | [0.0200, 0.0500, 0.1200, 0.2900, 0.2100, 0.2100, 0.0700, 0.0300]                                 | 2.1976   | 0.8400  | 0.8127 
10    | 7           | [98, 99, 100, 101, 102, 103, 105]                    | [0.0200, 0.1300, 0.3400, 0.2900, 0.1100, 0.0600, 0.0500]                                         | 2.1371   | 0.7200  | 0.7725 
11    | 9           | [95, 96, 97, 98, 99, 100, 101, 102, 104]             | [0.1100, 0.0700, 0.1600, 0.0900, 0.1000, 0.3600, 0.0300, 0.0500, 0.0300]                         | 4.6844   | 0.8000  | 0.8135 
12    | 9           | [96, 97, 98, 99, 100, 102, 103, 104, 105]            | [0.0100, 0.0800, 0.2000, 0.2400, 0.0300, 0.1200, 0.1500, 0.1500, 0.0200]                         | 6.4291   | 0.8200  | 0.8436 
13    | 9           | [97, 98, 99, 100, 101, 102, 103, 104, 105]           | [0.0100, 0.0800, 0.0100, 0.1200, 0.0400, 0.4200, 0.1500, 0.0400, 0.1300]                         | 3.6164   | 0.7800  | 0.7677 
14    | 10          | [96, 97, 98, 99, 100, 101, 102, 103, 104, 105]       | [0.2300, 0.1500, 0.1400, 0.0100, 0.0500, 0.0500, 0.1000, 0.0100, 0.2400, 0.0200]                 | 10.3776  | 0.8600  | 0.8402 
15    | 9           | [100, 101, 102, 103, 104, 105, 106, 107, 108]        | [0.0300, 0.1000, 0.1100, 0.2300, 0.1700, 0.2200, 0.1000, 0.0300, 0.0100]                         | 2.9976   | 0.8000  | 0.8442 
16    | 9           | [97, 98, 99, 100, 101, 102, 103, 104, 105]           | [0.1700, 0.1800, 0.1600, 0.0500, 0.1700, 0.1600, 0.0900, 0.0100, 0.0100]                         | 4.4076   | 0.9000  | 0.8564 
17    | 7           | [96, 97, 98, 99, 100, 101, 102]                      | [0.0600, 0.0200, 0.1200, 0.3100, 0.3000, 0.1500, 0.0400]                                         | 1.8556   | 0.8600  | 0.7792 
18    | 8           | [98, 99, 100, 101, 102, 103, 104, 105]               | [0.0100, 0.3200, 0.0900, 0.1500, 0.0600, 0.1800, 0.1400, 0.0500]                                 | 4.2216   | 0.8400  | 0.8170 
19    | 8           | [97, 98, 99, 100, 101, 102, 103, 104]                | [0.0100, 0.0400, 0.1300, 0.2200, 0.3600, 0.1300, 0.1000, 0.0100]                                 | 1.8016   | 0.8200  | 0.7842 
20    | 12          | [92, 93, 94, 95, 96, 97, 98, 99, 100, 101, 102, 103] | [0.0100, 0.0300, 0.1000, 0.0400, 0.0600, 0.1400, 0.2400, 0.1900, 0.0500, 0.0700, 0.0400, 0.0300] | 5.8276   | 0.9000  | 0.8693 
21    | 8           | [93, 94, 95, 96, 97, 98, 99, 100]                    | [0.0500, 0.0900, 0.0200, 0.1800, 0.2000, 0.1500, 0.3000, 0.0100]                                 | 3.3019   | 0.8400  | 0.8121 

[Per-locus summary - Population 2]
Locus | Num_Alleles | Alleles                                                       | Frequencies                                                                                                      | Variance | Obs_Het | Exp_Het
------+-------------+---------------------------------------------------------------+------------------------------------------------------------------------------------------------------------------+----------+---------+--------
1     | 8           | [98, 99, 100, 101, 102, 103, 105, 106]                        | [0.1000, 0.1900, 0.2800, 0.0100, 0.0700, 0.0200, 0.1800, 0.1500]                                                 | 8.3356   | 0.8200  | 0.8234 
2     | 10          | [94, 95, 96, 97, 98, 99, 100, 102, 103, 104]                  | [0.0200, 0.1400, 0.1500, 0.1200, 0.1900, 0.2300, 0.0300, 0.0100, 0.1000, 0.0100]                                 | 5.6691   | 0.8200  | 0.8515 
3     | 8           | [96, 97, 98, 99, 100, 101, 102, 103]                          | [0.0200, 0.0500, 0.1500, 0.2700, 0.0900, 0.1400, 0.2200, 0.0600]                                                 | 3.1984   | 0.8200  | 0.8303 
4     | 8           | [94, 95, 96, 97, 98, 99, 100, 101]                            | [0.0100, 0.1400, 0.1000, 0.1300, 0.1300, 0.2300, 0.2000, 0.0600]                                                 | 3.5196   | 0.8600  | 0.8485 
5     | 9           | [98, 99, 100, 101, 102, 103, 104, 106, 107]                   | [0.0100, 0.0200, 0.2200, 0.5300, 0.0600, 0.0600, 0.0400, 0.0400, 0.0200]                                         | 2.6611   | 0.7000  | 0.6661 
6     | 12          | [95, 96, 97, 98, 99, 100, 101, 102, 103, 104, 105, 106]       | [0.0200, 0.0100, 0.0700, 0.0300, 0.0200, 0.0500, 0.1900, 0.2600, 0.1900, 0.1000, 0.0500, 0.0100]                 | 5.1464   | 0.9000  | 0.8469 
7     | 8           | [96, 97, 98, 99, 100, 101, 102, 103]                          | [0.0400, 0.0600, 0.2200, 0.2700, 0.1600, 0.2100, 0.0100, 0.0300]                                                 | 2.3171   | 0.7000  | 0.8109 
8     | 7           | [95, 97, 98, 99, 100, 101, 102]                               | [0.0600, 0.0400, 0.1500, 0.5000, 0.1000, 0.1300, 0.0200]                                                         | 2.0675   | 0.6400  | 0.7020 
9     | 8           | [95, 96, 97, 98, 99, 100, 101, 102]                           | [0.0100, 0.0400, 0.1700, 0.2500, 0.1500, 0.2200, 0.1100, 0.0500]                                                 | 2.5344   | 0.9000  | 0.8297 
10    | 7           | [98, 99, 100, 101, 102, 103, 105]                             | [0.0100, 0.1500, 0.2500, 0.2200, 0.1300, 0.0900, 0.1500]                                                         | 3.7211   | 0.7200  | 0.8273 
11    | 9           | [95, 96, 97, 98, 99, 100, 101, 102, 104]                      | [0.0700, 0.0600, 0.1700, 0.1200, 0.1500, 0.2900, 0.0700, 0.0100, 0.0600]                                         | 4.5944   | 0.8400  | 0.8414 
12    | 10          | [96, 97, 98, 99, 100, 101, 102, 103, 104, 105]                | [0.0200, 0.1000, 0.1400, 0.1800, 0.0400, 0.0300, 0.2000, 0.1800, 0.1000, 0.0100]                                 | 5.9236   | 0.8600  | 0.8612 
13    | 9           | [98, 99, 100, 101, 102, 103, 104, 105, 106]                   | [0.0700, 0.0100, 0.1400, 0.1000, 0.3300, 0.1500, 0.0600, 0.1300, 0.0100]                                         | 3.5899   | 0.8000  | 0.8216 
14    | 10          | [96, 97, 98, 99, 100, 101, 102, 103, 104, 105]                | [0.2300, 0.1900, 0.0700, 0.0200, 0.1100, 0.0700, 0.1000, 0.0300, 0.1700, 0.0100]                                 | 9.0864   | 0.7200  | 0.8574 
15    | 9           | [100, 101, 102, 103, 104, 105, 106, 107, 108]                 | [0.0400, 0.0700, 0.1500, 0.2500, 0.2000, 0.2000, 0.0400, 0.0200, 0.0300]                                         | 2.9284   | 0.8200  | 0.8339 
16    | 10          | [96, 97, 98, 99, 100, 101, 102, 103, 104, 105]                | [0.0100, 0.1800, 0.1100, 0.1500, 0.0500, 0.2800, 0.1700, 0.0300, 0.0100, 0.0100]                                 | 3.9875   | 0.8600  | 0.8303 
17    | 7           | [96, 97, 98, 99, 100, 101, 102]                               | [0.0600, 0.0600, 0.0700, 0.3100, 0.2400, 0.2300, 0.0300]                                                         | 2.1036   | 0.7600  | 0.7883 
18    | 8           | [98, 99, 100, 101, 102, 103, 104, 105]                        | [0.0200, 0.3000, 0.1200, 0.1800, 0.0800, 0.1400, 0.1400, 0.0200]                                                 | 3.7136   | 0.8200  | 0.8250 
19    | 7           | [97, 98, 99, 100, 101, 102, 103]                              | [0.0200, 0.1100, 0.2000, 0.1900, 0.2300, 0.1400, 0.1100]                                                         | 2.4704   | 0.9000  | 0.8351 
20    | 14          | [91, 92, 93, 94, 95, 96, 97, 98, 99, 100, 101, 102, 103, 104] | [0.0100, 0.0300, 0.0500, 0.1400, 0.0100, 0.0100, 0.0600, 0.2800, 0.1700, 0.0400, 0.0900, 0.0800, 0.0200, 0.0100] | 8.5011   | 0.9000  | 0.8578 
21    | 9           | [92, 93, 94, 95, 96, 97, 98, 99, 100]                         | [0.0100, 0.0100, 0.0700, 0.0800, 0.1600, 0.2400, 0.1600, 0.2200, 0.0500]                                         | 2.9931   | 0.7800  | 0.8372 
