
[Simulation Info]
simulation_id = sim_0004020
timestamp     = 20250428_085856
seed          = 997592
output_folder = /home/lejeunet/Bureau/simulations/Ref_table/sim_0004020

[Model Parameters]
pop_size           = 1590
num_loci           = 20
sample1_generation = 30
sample2_generation = 10
low_repeats        = 1
high_repeats       = 200
mutation_rate      = 0.001
recap_Ne           = 1590

[Sampling Design]
sample1_size_Ne  = 50
sample2_size_Ne  = 50
sample1_size_CMR = 50
sample2_size_CMR = 50

[Capture-Marquage-Recapture]
census_N   =  2601
MatchCount =  1

[Ne Estimates - One Sample - Decreasing critical values [0.050, 0.020, 0.010, 0+]]

[Linkage Desequilibrium]
LD_Ne_Pop1 = [None, None, None, None]
LD_r2_Pop1 = [0.021085, 0.020932, 0.020719, 0.020719]
LD_Ne_Pop2 = [None, None, None, None]
LD_r2_Pop2 = [0.021115, 0.021081, 0.020765, 0.020765]

[Heterozygote excess]
HE_Neb_mean_Pop1        = [None, None, None, None]
HE_weighted_D_mean_Pop1 = [-0.01074, -0.00879, -0.00873, -0.00873]
HE_Neb_mean_Pop2        = [359.4, 80.4, 95.5, 95.5]
HE_weighted_D_mean_Pop2 = [0.00139, 0.00625, 0.00526, 0.00526]

[Molecular Coancestry]
Coan_Neb_n_Pop1 = 43.0
Coan_f1_Pop1    = 0.01163
Coan_Neb_n_Pop2 = None
Coan_f1_Pop2    = -0.02128

[Ne Estimates - Temporal - Decreasing critical values (0.050, 0.020, 0.010, 0+)]

[Pollak]
P_Ne     = [758.3, 774.8, 852.1, 903.5]
P_Fk     = [0.02659, 0.02645, 0.02587, 0.02553]
P_Fprime = [0.00659, 0.00645, 0.00587, 0.00553]

[Nei/Tajima]
N_Ne     = [841.7, 853.1, 930.1, 982.9]
N_Fc     = [0.02594, 0.02586, 0.02538, 0.02509]
N_Fprime = [0.00594, 0.00586, 0.00538, 0.00509]

[Jorde/Ryman]
J_Ne     = [806.3, 818.3, 817.3, 820.6]
J_Fs     = [0.02631, 0.02622, 0.02623, 0.0262]
J_Fprime = [0.0062, 0.00611, 0.00612, 0.00609]

[Genetic Diversity - Heterozygosity]
mean_exp_het_pop1 = 0.7878
mean_obs_het_pop1 = 0.779
mean_exp_het_pop2 = 0.7842
mean_obs_het_pop2 = 0.7886

[Genetic Diversity - Allele Counts]
mean_alleles_pop1 = 7.76
var_alleles_pop1  = 1.59
sum_alleles_pop1  = 163
mean_alleles_pop2 = 8.14
var_alleles_pop2  = 1.44
sum_alleles_pop2  = 342

[Genetic Diversity - Allelic Size Variance]
var_allele_size_pop1 = 5.5674
var_allele_size_pop2 = 5.6563

[Per-locus summary - Population 1]
Locus | Num_Alleles | Alleles                                       | Frequencies                                                                      | Variance | Obs_Het | Exp_Het
------+-------------+-----------------------------------------------+----------------------------------------------------------------------------------+----------+---------+--------
1     | 8           | [96, 97, 98, 99, 100, 101, 102, 104]          | [0.0200, 0.2300, 0.1400, 0.0200, 0.0100, 0.3700, 0.1500, 0.0600]                 | 4.8744   | 0.8400  | 0.7713 
2     | 8           | [95, 96, 97, 98, 99, 100, 101, 102]           | [0.0600, 0.4000, 0.2200, 0.0100, 0.0600, 0.1200, 0.1100, 0.0200]                 | 3.9699   | 0.8000  | 0.7651 
3     | 9           | [95, 96, 97, 98, 99, 100, 101, 105, 106]      | [0.0100, 0.1100, 0.1300, 0.1800, 0.0300, 0.1800, 0.0300, 0.3200, 0.0100]         | 12.1436  | 0.8800  | 0.8099 
4     | 7           | [95, 96, 97, 98, 100, 101, 102]               | [0.0600, 0.2100, 0.1500, 0.0100, 0.1900, 0.2600, 0.1200]                         | 5.7579   | 0.8200  | 0.8198 
5     | 8           | [93, 94, 95, 97, 98, 99, 100, 101]            | [0.0500, 0.1000, 0.0500, 0.0200, 0.0400, 0.4400, 0.2800, 0.0200]                 | 5.0024   | 0.6600  | 0.7178 
6     | 9           | [96, 97, 98, 99, 100, 101, 102, 103, 104]     | [0.0100, 0.0500, 0.0400, 0.1300, 0.3900, 0.0800, 0.1300, 0.1500, 0.0200]         | 2.9491   | 0.8000  | 0.7885 
7     | 6           | [97, 98, 99, 100, 101, 102]                   | [0.0900, 0.4600, 0.0800, 0.2400, 0.0900, 0.0400]                                 | 1.7700   | 0.6200  | 0.7137 
8     | 7           | [97, 98, 99, 101, 102, 103, 104]              | [0.0100, 0.1400, 0.3000, 0.1000, 0.3300, 0.1100, 0.0100]                         | 3.2496   | 0.8200  | 0.7669 
9     | 7           | [94, 95, 96, 97, 98, 99, 100]                 | [0.0600, 0.1400, 0.0700, 0.2400, 0.0800, 0.1700, 0.2400]                         | 3.7179   | 0.8000  | 0.8297 
10    | 10          | [95, 96, 97, 98, 99, 100, 101, 104, 105, 106] | [0.0100, 0.0100, 0.1800, 0.1200, 0.0200, 0.2100, 0.1700, 0.1100, 0.1600, 0.0100] | 8.4836   | 0.8200  | 0.8503 
11    | 8           | [96, 97, 98, 99, 100, 101, 102, 103]          | [0.0800, 0.0900, 0.0100, 0.0700, 0.1100, 0.3900, 0.1500, 0.1000]                 | 3.9939   | 0.7800  | 0.7917 
12    | 8           | [96, 97, 98, 99, 100, 101, 102, 103]          | [0.0100, 0.0400, 0.4200, 0.0300, 0.1600, 0.0500, 0.1600, 0.1300]                 | 4.0171   | 0.7200  | 0.7580 
13    | 5           | [96, 97, 98, 99, 100]                         | [0.0100, 0.2200, 0.1900, 0.4000, 0.1800]                                         | 1.1096   | 0.8200  | 0.7303 
14    | 7           | [97, 98, 99, 100, 101, 102, 103]              | [0.0400, 0.2500, 0.1400, 0.1000, 0.3200, 0.1400, 0.0100]                         | 2.4531   | 0.7200  | 0.7921 
15    | 7           | [89, 90, 94, 95, 96, 97, 98]                  | [0.1100, 0.1600, 0.0200, 0.3500, 0.2400, 0.1100, 0.0100]                         | 7.7699   | 0.6800  | 0.7774 
16    | 7           | [96, 97, 98, 99, 100, 101, 102]               | [0.0700, 0.1400, 0.2900, 0.2500, 0.0800, 0.1500, 0.0200]                         | 2.2244   | 0.7800  | 0.8077 
17    | 9           | [100, 101, 102, 103, 104, 105, 106, 107, 108] | [0.0200, 0.2400, 0.1000, 0.0500, 0.0100, 0.0800, 0.3200, 0.0600, 0.1200]         | 6.6411   | 0.7800  | 0.8107 
18    | 9           | [93, 94, 95, 96, 101, 103, 104, 105, 106]     | [0.0800, 0.1300, 0.3600, 0.0400, 0.0200, 0.0600, 0.0400, 0.1100, 0.1600]         | 25.9051  | 0.8000  | 0.8103 
19    | 9           | [95, 97, 98, 99, 100, 101, 102, 103, 104]     | [0.0100, 0.0700, 0.0400, 0.0500, 0.1700, 0.2400, 0.3300, 0.0800, 0.0100]         | 2.9059   | 0.8200  | 0.7970 
20    | 6           | [97, 99, 100, 101, 102, 103]                  | [0.2300, 0.1500, 0.2900, 0.1600, 0.0600, 0.1100]                                 | 3.5571   | 0.7400  | 0.8073 
21    | 9           | [96, 97, 98, 99, 100, 101, 102, 103, 104]     | [0.0200, 0.1600, 0.0300, 0.0200, 0.1200, 0.2500, 0.2500, 0.1100, 0.0400]         | 4.4200   | 0.8600  | 0.8279 

[Per-locus summary - Population 2]
Locus | Num_Alleles | Alleles                                       | Frequencies                                                                      | Variance | Obs_Het | Exp_Het
------+-------------+-----------------------------------------------+----------------------------------------------------------------------------------+----------+---------+--------
1     | 8           | [96, 97, 98, 100, 101, 102, 103, 104]         | [0.0100, 0.3400, 0.2200, 0.0300, 0.2600, 0.0500, 0.0100, 0.0800]                 | 5.3059   | 0.8600  | 0.7661 
2     | 10          | [95, 96, 97, 98, 99, 100, 101, 102, 103, 104] | [0.0100, 0.3900, 0.1700, 0.0300, 0.0700, 0.1100, 0.0900, 0.0400, 0.0700, 0.0200] | 6.2059   | 0.8400  | 0.7939 
3     | 7           | [96, 97, 98, 99, 100, 105, 106]               | [0.1000, 0.2200, 0.1600, 0.0100, 0.2200, 0.2700, 0.0200]                         | 11.6936  | 0.8200  | 0.8022 
4     | 9           | [94, 95, 96, 97, 98, 100, 101, 102, 103]      | [0.0100, 0.0400, 0.2300, 0.0900, 0.0300, 0.1400, 0.2700, 0.1800, 0.0100]         | 6.3275   | 0.8600  | 0.8196 
5     | 9           | [93, 94, 95, 96, 97, 98, 99, 100, 101]        | [0.0500, 0.0900, 0.0400, 0.0300, 0.0500, 0.0100, 0.4900, 0.2000, 0.0400]         | 4.8411   | 0.7600  | 0.7097 
6     | 8           | [96, 97, 99, 100, 101, 102, 103, 104]         | [0.0100, 0.0600, 0.2100, 0.3800, 0.0800, 0.1400, 0.1100, 0.0100]                 | 2.6100   | 0.8200  | 0.7774 
7     | 6           | [97, 98, 99, 100, 101, 102]                   | [0.0400, 0.4700, 0.1200, 0.2300, 0.1200, 0.0200]                                 | 1.5196   | 0.6600  | 0.7024 
8     | 7           | [97, 98, 99, 101, 102, 103, 104]              | [0.0100, 0.2800, 0.2200, 0.0500, 0.2900, 0.1400, 0.0100]                         | 3.9816   | 0.6800  | 0.7745 
9     | 7           | [94, 95, 96, 97, 98, 99, 100]                 | [0.0300, 0.0800, 0.0800, 0.1100, 0.1500, 0.1900, 0.3600]                         | 3.1816   | 0.8200  | 0.7939 
10    | 9           | [95, 96, 97, 98, 100, 101, 104, 105, 106]     | [0.0400, 0.0400, 0.2500, 0.1000, 0.1500, 0.2200, 0.0900, 0.1000, 0.0100]         | 8.7811   | 0.8600  | 0.8436 
11    | 8           | [96, 97, 98, 99, 100, 101, 102, 103]          | [0.0400, 0.0900, 0.0200, 0.0900, 0.1400, 0.3800, 0.2000, 0.0400]                 | 3.0444   | 0.8000  | 0.7840 
12    | 9           | [96, 97, 98, 99, 100, 101, 102, 103, 104]     | [0.0100, 0.0800, 0.2800, 0.1200, 0.1700, 0.0300, 0.0700, 0.2200, 0.0200]         | 4.7275   | 0.8200  | 0.8255 
13    | 7           | [96, 97, 98, 99, 100, 101, 102]               | [0.0100, 0.1900, 0.2100, 0.4100, 0.1500, 0.0100, 0.0200]                         | 1.2779   | 0.7600  | 0.7360 
14    | 6           | [97, 98, 99, 100, 101, 102]                   | [0.0400, 0.2600, 0.1300, 0.1600, 0.3200, 0.0900]                                 | 2.1371   | 0.8000  | 0.7857 
15    | 7           | [89, 90, 94, 95, 96, 97, 98]                  | [0.0900, 0.1300, 0.0400, 0.2900, 0.3200, 0.1200, 0.0100]                         | 7.0104   | 0.7600  | 0.7802 
16    | 6           | [96, 97, 98, 99, 100, 101]                    | [0.0600, 0.1500, 0.3900, 0.1700, 0.1500, 0.0800]                                 | 1.6864   | 0.7800  | 0.7717 
17    | 8           | [100, 101, 102, 103, 105, 106, 107, 108]      | [0.0100, 0.2000, 0.0400, 0.0200, 0.3100, 0.2200, 0.1200, 0.0800]                 | 5.2139   | 0.8200  | 0.8006 
18    | 9           | [93, 94, 95, 96, 103, 104, 105, 106, 107]     | [0.0800, 0.1100, 0.4000, 0.0300, 0.0500, 0.0100, 0.1700, 0.1400, 0.0100]         | 26.8179  | 0.7800  | 0.7772 
19    | 8           | [95, 97, 98, 99, 100, 101, 102, 103]          | [0.0100, 0.0800, 0.0100, 0.1100, 0.1400, 0.2000, 0.3100, 0.1400]                 | 3.1476   | 0.7800  | 0.8141 
20    | 9           | [95, 96, 97, 98, 99, 100, 101, 102, 103]      | [0.0100, 0.0400, 0.2700, 0.0100, 0.1900, 0.2500, 0.0800, 0.0700, 0.0800]         | 4.0371   | 0.7400  | 0.8172 
21    | 9           | [96, 97, 98, 99, 100, 101, 102, 103, 104]     | [0.0500, 0.1500, 0.0100, 0.0100, 0.0400, 0.2100, 0.3600, 0.0900, 0.0800]         | 5.2344   | 0.7400  | 0.7929 
