
[Simulation Info]
simulation_id = sim_0003351
timestamp     = 20250428_084220
seed          = 302981
output_folder = /home/lejeunet/Bureau/simulations/Ref_table/sim_0003351

[Model Parameters]
pop_size           = 187
num_loci           = 20
sample1_generation = 30
sample2_generation = 10
low_repeats        = 1
high_repeats       = 200
mutation_rate      = 0.001
recap_Ne           = 187

[Sampling Design]
sample1_size_Ne  = 50
sample2_size_Ne  = 50
sample1_size_CMR = 50
sample2_size_CMR = 50

[Capture-Marquage-Recapture]
census_N   =  136
MatchCount =  19

[Ne Estimates - One Sample - Decreasing critical values [0.050, 0.020, 0.010, 0+]]

[Linkage Desequilibrium]
LD_Ne_Pop1 = [164.6, 167.3, 196.2, 196.2]
LD_r2_Pop1 = [0.023276, 0.023244, 0.022957, 0.022957]
LD_Ne_Pop2 = [434.9, 43662.5, 564.6, 564.6]
LD_r2_Pop2 = [0.022039, 0.021284, 0.021864, 0.021864]

[Heterozygote excess]
HE_Neb_mean_Pop1        = [130.5, 249.3, 257.5, 257.5]
HE_weighted_D_mean_Pop1 = [0.00385, 0.00201, 0.00195, 0.00195]
HE_Neb_mean_Pop2        = [484.5, 109.0, 109.0, 109.0]
HE_weighted_D_mean_Pop2 = [0.00103, 0.00461, 0.00461, 0.00461]

[Molecular Coancestry]
Coan_Neb_n_Pop1 = 338.0
Coan_f1_Pop1    = 0.00148
Coan_Neb_n_Pop2 = 30.4
Coan_f1_Pop2    = 0.01645

[Ne Estimates - Temporal - Decreasing critical values (0.050, 0.020, 0.010, 0+)]

[Pollak]
P_Ne     = [295.7, 328.1, 343.0, 343.0]
P_Fk     = [0.03691, 0.03524, 0.03458, 0.03458]
P_Fprime = [0.01691, 0.01524, 0.01458, 0.01458]

[Nei/Tajima]
N_Ne     = [310.1, 334.7, 345.7, 345.7]
N_Fc     = [0.03612, 0.03494, 0.03446, 0.03446]
N_Fprime = [0.01612, 0.01494, 0.01446, 0.01446]

[Jorde/Ryman]
J_Ne     = [270.2, 273.6, 273.0, 273.0]
J_Fs     = [0.03869, 0.03846, 0.0385, 0.0385]
J_Fprime = [0.0185, 0.01828, 0.01832, 0.01832]

[Genetic Diversity - Heterozygosity]
mean_exp_het_pop1 = 0.4407
mean_obs_het_pop1 = 0.4486
mean_exp_het_pop2 = 0.4492
mean_obs_het_pop2 = 0.4457

[Genetic Diversity - Allele Counts]
mean_alleles_pop1 = 3.38
var_alleles_pop1  = 0.75
sum_alleles_pop1  = 71
mean_alleles_pop2 = 3.48
var_alleles_pop2  = 1.04
sum_alleles_pop2  = 146

[Genetic Diversity - Allelic Size Variance]
var_allele_size_pop1 = 0.8744
var_allele_size_pop2 = 0.8856

[Per-locus summary - Population 1]
Locus | Num_Alleles | Alleles                 | Frequencies                              | Variance | Obs_Het | Exp_Het
------+-------------+-------------------------+------------------------------------------+----------+---------+--------
1     | 2           | [98, 99]                | [0.4200, 0.5800]                         | 0.2436   | 0.4800  | 0.4921 
2     | 3           | [101, 102, 103]         | [0.1700, 0.7800, 0.0500]                 | 0.2056   | 0.3600  | 0.3638 
3     | 3           | [97, 98, 99]            | [0.0100, 0.8500, 0.1400]                 | 0.1331   | 0.2600  | 0.2604 
4     | 4           | [100, 101, 102, 103]    | [0.0200, 0.3000, 0.6600, 0.0200]         | 0.2976   | 0.5600  | 0.4784 
5     | 3           | [96, 97, 101]           | [0.0300, 0.7900, 0.1800]                 | 2.4339   | 0.3600  | 0.3461 
6     | 3           | [100, 101, 102]         | [0.0600, 0.8400, 0.1000]                 | 0.1584   | 0.2600  | 0.2836 
7     | 4           | [100, 101, 102, 103]    | [0.1000, 0.7700, 0.1200, 0.0100]         | 0.2584   | 0.3600  | 0.3865 
8     | 5           | [98, 99, 100, 101, 102] | [0.0100, 0.7800, 0.1100, 0.0600, 0.0400] | 0.6044   | 0.3400  | 0.3780 
9     | 3           | [99, 100, 101]          | [0.2900, 0.4500, 0.2600]                 | 0.5491   | 0.6000  | 0.6523 
10    | 4           | [98, 99, 102, 103]      | [0.1500, 0.6100, 0.0900, 0.1500]         | 2.8416   | 0.5400  | 0.5806 
11    | 3           | [97, 98, 99]            | [0.1200, 0.6900, 0.1900]                 | 0.3051   | 0.5600  | 0.4782 
12    | 2           | [98, 99]                | [0.5100, 0.4900]                         | 0.2499   | 0.6200  | 0.5049 
13    | 3           | [99, 100, 101]          | [0.0200, 0.1400, 0.8400]                 | 0.1876   | 0.2800  | 0.2772 
14    | 4           | [98, 99, 102, 103]      | [0.1900, 0.1600, 0.6300, 0.0200]         | 3.0116   | 0.6200  | 0.5465 
15    | 3           | [98, 99, 100]           | [0.0200, 0.4700, 0.5100]                 | 0.2899   | 0.6200  | 0.5238 
16    | 2           | [99, 100]               | [0.1500, 0.8500]                         | 0.1275   | 0.2600  | 0.2576 
17    | 4           | [99, 100, 101, 102]     | [0.0100, 0.6000, 0.2700, 0.1200]         | 0.5100   | 0.5200  | 0.5582 
18    | 5           | [95, 96, 97, 98, 100]   | [0.0200, 0.2700, 0.5600, 0.0100, 0.1400] | 1.6056   | 0.6200  | 0.5994 
19    | 4           | [96, 100, 101, 102]     | [0.1400, 0.0200, 0.8300, 0.0100]         | 3.0259   | 0.1800  | 0.2939 
20    | 3           | [97, 98, 99]            | [0.0400, 0.6700, 0.2900]                 | 0.2675   | 0.4800  | 0.4701 
21    | 4           | [98, 99, 101, 102]      | [0.0100, 0.5200, 0.4600, 0.0100]         | 1.0564   | 0.5400  | 0.5230 

[Per-locus summary - Population 2]
Locus | Num_Alleles | Alleles                 | Frequencies                              | Variance | Obs_Het | Exp_Het
------+-------------+-------------------------+------------------------------------------+----------+---------+--------
1     | 2           | [98, 99]                | [0.4900, 0.5100]                         | 0.2499   | 0.4600  | 0.5049 
2     | 3           | [101, 102, 103]         | [0.1300, 0.7900, 0.0800]                 | 0.2075   | 0.3400  | 0.3562 
3     | 3           | [98, 99, 100]           | [0.8500, 0.1200, 0.0300]                 | 0.2076   | 0.3000  | 0.2648 
4     | 3           | [100, 101, 102]         | [0.0200, 0.4300, 0.5500]                 | 0.2891   | 0.4600  | 0.5174 
5     | 3           | [96, 97, 101]           | [0.0800, 0.6000, 0.3200]                 | 3.7600   | 0.6800  | 0.5366 
6     | 3           | [100, 101, 102]         | [0.0600, 0.8900, 0.0500]                 | 0.1099   | 0.2200  | 0.2038 
7     | 4           | [100, 101, 102, 103]    | [0.1500, 0.6000, 0.1900, 0.0600]         | 0.5544   | 0.6400  | 0.5836 
8     | 4           | [99, 100, 101, 102]     | [0.8000, 0.0800, 0.1100, 0.0100]         | 0.5011   | 0.3400  | 0.3448 
9     | 4           | [98, 99, 100, 101]      | [0.0100, 0.1800, 0.6000, 0.2100]         | 0.4299   | 0.4600  | 0.5691 
10    | 5           | [98, 99, 100, 102, 103] | [0.2200, 0.6300, 0.0200, 0.0800, 0.0500] | 1.7024   | 0.6000  | 0.5509 
11    | 3           | [97, 98, 99]            | [0.0900, 0.6400, 0.2700]                 | 0.3276   | 0.4400  | 0.5145 
12    | 2           | [98, 99]                | [0.4300, 0.5700]                         | 0.2451   | 0.5400  | 0.4951 
13    | 3           | [99, 100, 101]          | [0.0800, 0.1600, 0.7600]                 | 0.3776   | 0.4400  | 0.3943 
14    | 5           | [98, 99, 100, 102, 103] | [0.1100, 0.0900, 0.0300, 0.7400, 0.0300] | 2.1724   | 0.3800  | 0.4348 
15    | 3           | [98, 99, 100]           | [0.1000, 0.5600, 0.3400]                 | 0.3824   | 0.5400  | 0.5665 
16    | 2           | [99, 100]               | [0.1700, 0.8300]                         | 0.1411   | 0.2600  | 0.2851 
17    | 3           | [100, 101, 102]         | [0.6600, 0.2200, 0.1200]                 | 0.4884   | 0.5000  | 0.5067 
18    | 5           | [95, 96, 97, 98, 100]   | [0.0200, 0.1700, 0.6600, 0.0400, 0.1100] | 1.2544   | 0.5000  | 0.5267 
19    | 3           | [96, 100, 101]          | [0.2000, 0.0100, 0.7900]                 | 3.9899   | 0.4000  | 0.3392 
20    | 2           | [98, 99]                | [0.7400, 0.2600]                         | 0.1924   | 0.2800  | 0.3887 
21    | 5           | [98, 99, 100, 101, 102] | [0.0100, 0.5700, 0.0400, 0.3600, 0.0200] | 1.0139   | 0.5800  | 0.5489 
