
[Simulation Info]
simulation_id = sim_0001800
timestamp     = 20250428_080944
seed          = 111962
output_folder = /home/lejeunet/Bureau/simulations/Ref_table/sim_0001800

[Model Parameters]
pop_size           = 3840
num_loci           = 20
sample1_generation = 30
sample2_generation = 10
low_repeats        = 1
high_repeats       = 200
mutation_rate      = 0.001
recap_Ne           = 3840

[Sampling Design]
sample1_size_Ne  = 50
sample2_size_Ne  = 50
sample1_size_CMR = 50
sample2_size_CMR = 50

[Capture-Marquage-Recapture]
census_N   =  2601
MatchCount =  1

[Ne Estimates - One Sample - Decreasing critical values [0.050, 0.020, 0.010, 0+]]

[Linkage Desequilibrium]
LD_Ne_Pop1 = [1733.5, None, None, None]
LD_r2_Pop1 = [0.021468, 0.021254, 0.021027, 0.021027]
LD_Ne_Pop2 = [None, None, None, None]
LD_r2_Pop2 = [0.021125, 0.021144, 0.021077, 0.021077]

[Heterozygote excess]
HE_Neb_mean_Pop1        = [78.8, 98.6, 110.3, 110.3]
HE_weighted_D_mean_Pop1 = [0.00638, 0.0051, 0.00456, 0.00456]
HE_Neb_mean_Pop2        = [97.8, 97.6, 102.9, 102.9]
HE_weighted_D_mean_Pop2 = [0.00514, 0.00515, 0.00488, 0.00488]

[Molecular Coancestry]
Coan_Neb_n_Pop1 = 117.1
Coan_f1_Pop1    = 0.00427
Coan_Neb_n_Pop2 = 222.2
Coan_f1_Pop2    = 0.00225

[Ne Estimates - Temporal - Decreasing critical values (0.050, 0.020, 0.010, 0+)]

[Pollak]
P_Ne     = [909.9, 1135.2, 1257.8, 1243.1]
P_Fk     = [0.0255, 0.0244, 0.02398, 0.02402]
P_Fprime = [0.0055, 0.0044, 0.00398, 0.00402]

[Nei/Tajima]
N_Ne     = [1015.4, 1250.5, 1378.9, 1361.1]
N_Fc     = [0.02492, 0.024, 0.02363, 0.02367]
N_Fprime = [0.00492, 0.004, 0.00363, 0.00367]

[Jorde/Ryman]
J_Ne     = [1072.4, 1165.6, 1169.5, 1166.4]
J_Fs     = [0.02477, 0.02439, 0.02438, 0.02439]
J_Fprime = [0.00466, 0.00429, 0.00428, 0.00429]

[Genetic Diversity - Heterozygosity]
mean_exp_het_pop1 = 0.8194
mean_obs_het_pop1 = 0.8257
mean_exp_het_pop2 = 0.8238
mean_obs_het_pop2 = 0.8352

[Genetic Diversity - Allele Counts]
mean_alleles_pop1 = 8.86
var_alleles_pop1  = 3.43
sum_alleles_pop1  = 186
mean_alleles_pop2 = 8.93
var_alleles_pop2  = 2.99
sum_alleles_pop2  = 375

[Genetic Diversity - Allelic Size Variance]
var_allele_size_pop1 = 5.0119
var_allele_size_pop2 = 4.7096

[Per-locus summary - Population 1]
Locus | Num_Alleles | Alleles                                               | Frequencies                                                                                      | Variance | Obs_Het | Exp_Het
------+-------------+-------------------------------------------------------+--------------------------------------------------------------------------------------------------+----------+---------+--------
1     | 9           | [96, 97, 98, 99, 100, 101, 102, 103, 104]             | [0.0100, 0.0300, 0.3100, 0.0900, 0.1000, 0.1400, 0.2800, 0.0300, 0.0100]                         | 3.4499   | 0.8400  | 0.7937 
2     | 9           | [98, 99, 100, 101, 102, 103, 104, 105, 106]           | [0.0200, 0.1500, 0.3900, 0.0200, 0.1100, 0.1200, 0.1100, 0.0400, 0.0400]                         | 4.3059   | 0.7400  | 0.7907 
3     | 6           | [96, 97, 98, 99, 100, 101]                            | [0.1400, 0.4300, 0.0900, 0.0700, 0.1700, 0.1000]                                                 | 2.6400   | 0.7800  | 0.7511 
4     | 8           | [96, 97, 98, 100, 101, 102, 103, 104]                 | [0.1300, 0.2500, 0.1400, 0.0200, 0.0500, 0.1800, 0.0300, 0.2000]                                 | 9.0675   | 0.9000  | 0.8331 
5     | 10          | [94, 95, 96, 97, 98, 99, 100, 101, 102, 103]          | [0.0100, 0.0600, 0.0500, 0.1700, 0.1700, 0.0700, 0.0700, 0.1000, 0.2300, 0.0700]                 | 6.0859   | 0.9200  | 0.8671 
6     | 9           | [97, 98, 99, 100, 101, 102, 103, 104, 105]            | [0.1100, 0.0600, 0.0800, 0.1200, 0.2200, 0.2100, 0.1200, 0.0700, 0.0100]                         | 4.1800   | 0.8600  | 0.8602 
7     | 8           | [96, 97, 98, 99, 100, 101, 102, 103]                  | [0.0100, 0.0800, 0.1100, 0.2100, 0.0900, 0.2200, 0.1900, 0.0900]                                 | 3.2944   | 0.8800  | 0.8450 
8     | 8           | [98, 99, 100, 101, 102, 103, 104, 105]                | [0.0200, 0.2800, 0.0700, 0.1500, 0.0600, 0.1100, 0.2200, 0.0900]                                 | 4.9179   | 0.8200  | 0.8299 
9     | 6           | [98, 99, 100, 101, 102, 103]                          | [0.2900, 0.1500, 0.2100, 0.2200, 0.0800, 0.0500]                                                 | 2.2600   | 0.8400  | 0.8000 
10    | 7           | [97, 98, 99, 100, 101, 102, 104]                      | [0.0100, 0.1700, 0.4300, 0.2000, 0.1000, 0.0700, 0.0200]                                         | 1.6696   | 0.6600  | 0.7382 
11    | 7           | [95, 96, 97, 98, 99, 100, 101]                        | [0.0200, 0.1700, 0.3300, 0.2800, 0.1400, 0.0500, 0.0100]                                         | 1.4084   | 0.8000  | 0.7689 
12    | 10          | [93, 94, 95, 96, 97, 98, 100, 101, 102, 103]          | [0.0100, 0.1400, 0.1700, 0.1400, 0.1000, 0.0800, 0.0400, 0.0700, 0.2400, 0.0100]                 | 9.5200   | 0.9400  | 0.8598 
13    | 12          | [88, 89, 91, 92, 93, 94, 95, 97, 98, 99, 100, 101]    | [0.0200, 0.0300, 0.0200, 0.1100, 0.1100, 0.0800, 0.0500, 0.0800, 0.0500, 0.0300, 0.4100, 0.0100] | 13.4699  | 0.8000  | 0.7952 
14    | 11          | [91, 92, 94, 95, 96, 97, 98, 99, 100, 101, 102]       | [0.0100, 0.0200, 0.0300, 0.0600, 0.2000, 0.0900, 0.1500, 0.2400, 0.1200, 0.0200, 0.0600]         | 4.9400   | 0.8600  | 0.8570 
15    | 10          | [91, 92, 93, 94, 95, 96, 97, 98, 99, 100]             | [0.0100, 0.1900, 0.1900, 0.1700, 0.0500, 0.2000, 0.0800, 0.0200, 0.0800, 0.0100]                 | 4.8931   | 0.8000  | 0.8515 
16    | 8           | [95, 96, 97, 98, 99, 100, 101, 102]                   | [0.0100, 0.0600, 0.1300, 0.1900, 0.2400, 0.1500, 0.1900, 0.0300]                                 | 2.5875   | 0.8800  | 0.8346 
17    | 10          | [97, 98, 99, 100, 101, 102, 103, 104, 105, 106]       | [0.1600, 0.0400, 0.0500, 0.1200, 0.0300, 0.0200, 0.1800, 0.2300, 0.1500, 0.0200]                 | 8.3259   | 0.8000  | 0.8549 
18    | 9           | [96, 97, 98, 99, 100, 101, 102, 103, 104]             | [0.0400, 0.1400, 0.1300, 0.1000, 0.0600, 0.2200, 0.2700, 0.0300, 0.0100]                         | 4.2475   | 0.8000  | 0.8343 
19    | 12          | [93, 94, 95, 96, 97, 98, 99, 100, 101, 102, 103, 104] | [0.0100, 0.0100, 0.0600, 0.1600, 0.1900, 0.1400, 0.0400, 0.0900, 0.0800, 0.0700, 0.1100, 0.0400] | 7.6475   | 0.8800  | 0.8891 
20    | 6           | [98, 99, 100, 101, 102, 103]                          | [0.0100, 0.0600, 0.1800, 0.3300, 0.2500, 0.1700]                                                 | 1.3724   | 0.8000  | 0.7713 
21    | 11          | [93, 94, 95, 96, 97, 98, 99, 100, 101, 103, 104]      | [0.0700, 0.0100, 0.0300, 0.0100, 0.1200, 0.2500, 0.3700, 0.0300, 0.0400, 0.0600, 0.0100]         | 4.9659   | 0.7400  | 0.7818 

[Per-locus summary - Population 2]
Locus | Num_Alleles | Alleles                                                | Frequencies                                                                                      | Variance | Obs_Het | Exp_Het
------+-------------+--------------------------------------------------------+--------------------------------------------------------------------------------------------------+----------+---------+--------
1     | 9           | [96, 97, 98, 99, 100, 101, 102, 103, 104]              | [0.0300, 0.0500, 0.2800, 0.1600, 0.0700, 0.1400, 0.2300, 0.0300, 0.0100]                         | 3.6324   | 0.8200  | 0.8224 
2     | 9           | [98, 99, 100, 101, 102, 103, 104, 105, 106]            | [0.0800, 0.1800, 0.3100, 0.0400, 0.1900, 0.1100, 0.0500, 0.0300, 0.0100]                         | 3.5276   | 0.7600  | 0.8200 
3     | 6           | [96, 97, 98, 99, 100, 101]                             | [0.0800, 0.4100, 0.1300, 0.0900, 0.2100, 0.0800]                                                 | 2.3476   | 0.8200  | 0.7576 
4     | 6           | [96, 97, 98, 102, 103, 104]                            | [0.2200, 0.2900, 0.1300, 0.1700, 0.0100, 0.1800]                                                 | 9.4536   | 0.8000  | 0.7972 
5     | 10          | [95, 96, 97, 98, 99, 100, 101, 102, 103, 104]          | [0.0200, 0.0100, 0.0600, 0.1800, 0.0800, 0.0600, 0.2000, 0.2400, 0.1200, 0.0300]                 | 4.5600   | 0.8600  | 0.8491 
6     | 8           | [97, 98, 99, 100, 101, 102, 103, 104]                  | [0.1100, 0.1900, 0.0800, 0.0600, 0.2300, 0.1300, 0.1200, 0.0800]                                 | 4.7956   | 0.8600  | 0.8598 
7     | 8           | [96, 97, 98, 99, 100, 101, 102, 103]                   | [0.0100, 0.0500, 0.1400, 0.2400, 0.1000, 0.1100, 0.2800, 0.0700]                                 | 3.2411   | 0.8800  | 0.8230 
8     | 8           | [98, 99, 100, 101, 102, 103, 104, 105]                 | [0.0400, 0.2200, 0.1500, 0.1900, 0.0400, 0.1400, 0.1500, 0.0700]                                 | 4.3444   | 0.9200  | 0.8513 
9     | 8           | [96, 98, 99, 100, 101, 102, 103, 104]                  | [0.0300, 0.2300, 0.2100, 0.1400, 0.1500, 0.1300, 0.1000, 0.0100]                                 | 3.3384   | 0.8200  | 0.8414 
10    | 8           | [97, 98, 99, 100, 101, 102, 104, 105]                  | [0.0400, 0.1000, 0.4600, 0.1700, 0.1200, 0.0500, 0.0500, 0.0100]                                 | 2.4939   | 0.7600  | 0.7358 
11    | 7           | [95, 96, 97, 98, 99, 100, 101]                         | [0.0200, 0.1800, 0.2700, 0.3200, 0.1500, 0.0300, 0.0300]                                         | 1.5579   | 0.7800  | 0.7753 
12    | 10          | [93, 94, 95, 96, 97, 98, 100, 101, 102, 103]           | [0.0100, 0.0600, 0.1000, 0.1100, 0.1900, 0.0900, 0.0400, 0.1200, 0.2700, 0.0100]                 | 8.2251   | 0.8000  | 0.8495 
13    | 12          | [88, 89, 91, 92, 93, 94, 95, 97, 98, 99, 100, 101]     | [0.0100, 0.0100, 0.0100, 0.1000, 0.0900, 0.0400, 0.0900, 0.0900, 0.1200, 0.1200, 0.2600, 0.0600] | 10.3699  | 0.8800  | 0.8725 
14    | 9           | [93, 94, 95, 96, 97, 98, 99, 100, 101]                 | [0.0100, 0.0400, 0.0900, 0.1900, 0.1300, 0.0600, 0.3300, 0.1200, 0.0300]                         | 3.5611   | 0.7800  | 0.8176 
15    | 10          | [91, 92, 93, 94, 95, 96, 97, 98, 99, 100]              | [0.0200, 0.1800, 0.1100, 0.1600, 0.0500, 0.2700, 0.0800, 0.0500, 0.0300, 0.0500]                 | 5.3075   | 0.9200  | 0.8503 
16    | 8           | [95, 96, 97, 98, 99, 100, 101, 102]                    | [0.0400, 0.0700, 0.1300, 0.2600, 0.2400, 0.1800, 0.0700, 0.0100]                                 | 2.3084   | 0.8600  | 0.8222 
17    | 10          | [97, 98, 99, 100, 101, 102, 103, 104, 105, 106]        | [0.1100, 0.0700, 0.1100, 0.0600, 0.0700, 0.0400, 0.2100, 0.1600, 0.1600, 0.0100]                 | 7.5300   | 0.9000  | 0.8741 
18    | 8           | [96, 97, 98, 99, 100, 101, 102, 103]                   | [0.0500, 0.1200, 0.1900, 0.0500, 0.0700, 0.2600, 0.1900, 0.0700]                                 | 4.3204   | 0.9000  | 0.8394 
19    | 12          | [94, 95, 96, 97, 98, 99, 100, 101, 102, 103, 104, 105] | [0.0200, 0.0600, 0.2000, 0.1100, 0.1100, 0.0200, 0.0700, 0.2100, 0.0500, 0.0900, 0.0500, 0.0100] | 8.2184   | 0.8000  | 0.8780 
20    | 7           | [98, 99, 100, 101, 102, 103, 104]                      | [0.0100, 0.0700, 0.3200, 0.2900, 0.1800, 0.1100, 0.0200]                                         | 1.4891   | 0.7600  | 0.7713 
21    | 9           | [93, 95, 96, 97, 98, 99, 100, 101, 103]                | [0.0900, 0.0300, 0.0100, 0.1800, 0.2300, 0.3400, 0.0400, 0.0600, 0.0200]                         | 4.2784   | 0.8600  | 0.7923 
