
[Simulation Info]
simulation_id = sim_0004593
timestamp     = 20250428_091204
seed          = 102511
output_folder = /home/lejeunet/Bureau/simulations/Ref_table/sim_0004593

[Model Parameters]
pop_size           = 5334
num_loci           = 20
sample1_generation = 30
sample2_generation = 10
low_repeats        = 1
high_repeats       = 200
mutation_rate      = 0.001
recap_Ne           = 5334

[Sampling Design]
sample1_size_Ne  = 50
sample2_size_Ne  = 50
sample1_size_CMR = 50
sample2_size_CMR = 50

[Capture-Marquage-Recapture]
census_N   =  2601
MatchCount =  1

[Ne Estimates - One Sample - Decreasing critical values [0.050, 0.020, 0.010, 0+]]

[Linkage Desequilibrium]
LD_Ne_Pop1 = [None, None, None, None]
LD_r2_Pop1 = [0.021207, 0.021212, 0.02111, 0.02111]
LD_Ne_Pop2 = [1779.6, 2367.0, 943.2, 943.2]
LD_r2_Pop2 = [0.021463, 0.021417, 0.021629, 0.021629]

[Heterozygote excess]
HE_Neb_mean_Pop1        = [23.7, 29.0, 32.9, 32.9]
HE_weighted_D_mean_Pop1 = [0.02152, 0.01755, 0.01543, 0.01543]
HE_Neb_mean_Pop2        = [None, 510.1, 1359.1, 1359.1]
HE_weighted_D_mean_Pop2 = [-0.00359, 0.00098, 0.00037, 0.00037]

[Molecular Coancestry]
Coan_Neb_n_Pop1 = None
Coan_f1_Pop1    = -0.00176
Coan_Neb_n_Pop2 = 40.9
Coan_f1_Pop2    = 0.01222

[Ne Estimates - Temporal - Decreasing critical values (0.050, 0.020, 0.010, 0+)]

[Pollak]
P_Ne     = [-8371.6, 1896.5, 1662.6, 1633.8]
P_Fk     = [0.0194, 0.02264, 0.02301, 0.02306]
P_Fprime = [-0.0006, 0.00264, 0.00301, 0.00306]

[Nei/Tajima]
N_Ne     = [-5670.4, 2332.7, 1982.5, 1930.7]
N_Fc     = [0.01912, 0.02214, 0.02252, 0.02259]
N_Fprime = [-0.00088, 0.00214, 0.00252, 0.00259]

[Jorde/Ryman]
J_Ne     = [-5289.8, 7913.0, 6913.7, 6618.7]
J_Fs     = [0.01916, 0.02073, 0.02082, 0.02086]
J_Fprime = [-0.00095, 0.00063, 0.00072, 0.00076]

[Genetic Diversity - Heterozygosity]
mean_exp_het_pop1 = 0.8683
mean_obs_het_pop1 = 0.8838
mean_exp_het_pop2 = 0.8726
mean_obs_het_pop2 = 0.8714

[Genetic Diversity - Allele Counts]
mean_alleles_pop1 = 12.1
var_alleles_pop1  = 4.09
sum_alleles_pop1  = 254
mean_alleles_pop2 = 12.55
var_alleles_pop2  = 5.77
sum_alleles_pop2  = 527

[Genetic Diversity - Allelic Size Variance]
var_allele_size_pop1 = 21.972
var_allele_size_pop2 = 22.3637

[Per-locus summary - Population 1]
Locus | Num_Alleles | Alleles                                                                       | Frequencies                                                                                                                      | Variance | Obs_Het | Exp_Het
------+-------------+-------------------------------------------------------------------------------+----------------------------------------------------------------------------------------------------------------------------------+----------+---------+--------
1     | 11          | [93, 94, 95, 96, 97, 98, 99, 100, 101, 105, 106]                              | [0.0200, 0.0500, 0.2000, 0.2700, 0.1400, 0.0900, 0.1200, 0.0600, 0.0200, 0.0200, 0.0100]                                         | 5.3564   | 0.8600  | 0.8461 
2     | 13          | [92, 93, 94, 97, 98, 99, 100, 101, 102, 103, 104, 105, 106]                   | [0.0200, 0.0600, 0.0100, 0.0100, 0.1200, 0.0900, 0.1000, 0.0600, 0.0200, 0.2100, 0.1400, 0.1300, 0.0300]                         | 12.5856  | 0.8400  | 0.8867 
3     | 12          | [98, 99, 100, 101, 103, 105, 106, 107, 108, 109, 110, 112]                    | [0.0100, 0.2100, 0.1900, 0.0100, 0.0400, 0.0600, 0.0500, 0.0900, 0.0600, 0.0500, 0.2100, 0.0200]                                 | 20.7400  | 0.8600  | 0.8618 
4     | 11          | [91, 92, 93, 94, 95, 101, 102, 103, 104, 105, 106]                            | [0.0300, 0.3400, 0.1000, 0.1300, 0.0100, 0.0600, 0.1000, 0.1200, 0.0200, 0.0500, 0.0400]                                         | 27.4811  | 0.8400  | 0.8323 
5     | 9           | [100, 101, 102, 103, 104, 105, 106, 107, 108]                                 | [0.0200, 0.0700, 0.0400, 0.2300, 0.0900, 0.2100, 0.2300, 0.0700, 0.0400]                                                         | 3.5464   | 0.8800  | 0.8370 
6     | 12          | [95, 96, 98, 99, 100, 101, 102, 103, 104, 105, 106, 107]                      | [0.0300, 0.0200, 0.0200, 0.0700, 0.0200, 0.1100, 0.1300, 0.1600, 0.2000, 0.1200, 0.1100, 0.0100]                                 | 6.9704   | 0.9400  | 0.8806 
7     | 13          | [93, 94, 95, 96, 97, 101, 106, 107, 108, 109, 110, 111, 112]                  | [0.0600, 0.1000, 0.0800, 0.0400, 0.0600, 0.0100, 0.0200, 0.0800, 0.0300, 0.1800, 0.1800, 0.1500, 0.0100]                         | 49.4504  | 0.9400  | 0.8885 
8     | 12          | [93, 95, 96, 97, 98, 99, 100, 101, 102, 103, 104, 105]                        | [0.0200, 0.0100, 0.1300, 0.0300, 0.2200, 0.1800, 0.0300, 0.1100, 0.1300, 0.0900, 0.0400, 0.0100]                                 | 6.6451   | 0.9000  | 0.8699 
9     | 11          | [84, 85, 86, 87, 88, 91, 99, 100, 101, 102, 103]                              | [0.0500, 0.1300, 0.0600, 0.0600, 0.0100, 0.0500, 0.0100, 0.1800, 0.1900, 0.2000, 0.0600]                                         | 53.5076  | 0.9400  | 0.8673 
10    | 12          | [84, 85, 86, 87, 88, 89, 90, 91, 92, 93, 94, 95]                              | [0.0300, 0.1000, 0.0400, 0.0700, 0.0500, 0.1000, 0.1000, 0.0900, 0.1600, 0.0900, 0.1300, 0.0400]                                 | 9.7475   | 0.9400  | 0.9089 
11    | 11          | [99, 100, 101, 102, 103, 104, 105, 106, 107, 108, 109]                        | [0.0400, 0.3600, 0.1500, 0.0800, 0.0100, 0.1100, 0.1000, 0.0700, 0.0500, 0.0100, 0.0200]                                         | 6.9371   | 0.8000  | 0.8180 
12    | 14          | [84, 85, 86, 87, 88, 89, 90, 93, 94, 96, 97, 98, 99, 100]                     | [0.0200, 0.0500, 0.0100, 0.0100, 0.0700, 0.1000, 0.0600, 0.0300, 0.0400, 0.0100, 0.0300, 0.2200, 0.1700, 0.1800]                 | 26.8851  | 0.8600  | 0.8739 
13    | 11          | [101, 102, 103, 104, 105, 106, 107, 108, 109, 110, 111]                       | [0.0100, 0.0200, 0.1400, 0.0300, 0.0800, 0.2200, 0.1900, 0.1200, 0.0400, 0.1400, 0.0100]                                         | 5.3291   | 0.8200  | 0.8610 
14    | 9           | [97, 98, 99, 100, 101, 102, 103, 104, 105]                                    | [0.0100, 0.1200, 0.1500, 0.0700, 0.2300, 0.1600, 0.1600, 0.0800, 0.0200]                                                         | 3.7491   | 0.9000  | 0.8558 
15    | 14          | [91, 92, 93, 96, 97, 98, 99, 100, 101, 102, 103, 104, 105, 109]               | [0.0800, 0.0300, 0.0600, 0.1300, 0.0200, 0.0600, 0.0500, 0.0900, 0.1000, 0.1400, 0.1500, 0.0400, 0.0100, 0.0400]                 | 19.4971  | 0.9400  | 0.9113 
16    | 14          | [84, 85, 86, 87, 88, 89, 99, 100, 101, 102, 103, 104, 105, 106]               | [0.0100, 0.1200, 0.0600, 0.0800, 0.0300, 0.0700, 0.0100, 0.0300, 0.1900, 0.2100, 0.0600, 0.0100, 0.1100, 0.0100]                 | 59.9484  | 0.8800  | 0.8814 
17    | 16          | [97, 98, 99, 100, 101, 102, 103, 104, 105, 106, 107, 108, 109, 110, 111, 113] | [0.0400, 0.0400, 0.0400, 0.1700, 0.0700, 0.0400, 0.0100, 0.0400, 0.0500, 0.0300, 0.1400, 0.0700, 0.1300, 0.1000, 0.0100, 0.0200] | 19.0579  | 0.9400  | 0.9119 
18    | 14          | [85, 86, 89, 90, 91, 92, 93, 95, 107, 108, 109, 110, 111, 112]                | [0.0100, 0.0100, 0.0800, 0.2300, 0.0500, 0.0200, 0.0300, 0.0100, 0.0600, 0.0600, 0.1000, 0.1900, 0.1100, 0.0400]                 | 95.7875  | 0.8800  | 0.8784 
19    | 15          | [91, 92, 93, 94, 95, 96, 97, 98, 99, 100, 101, 102, 103, 104, 105]            | [0.0100, 0.0100, 0.1300, 0.1000, 0.0800, 0.0600, 0.0300, 0.0600, 0.0600, 0.1000, 0.0700, 0.2100, 0.0500, 0.0100, 0.0200]         | 13.6939  | 0.8800  | 0.9018 
20    | 8           | [92, 96, 97, 98, 99, 100, 101, 102]                                           | [0.0400, 0.0300, 0.2000, 0.2700, 0.2000, 0.0500, 0.1600, 0.0500]                                                                 | 4.1696   | 0.8400  | 0.8222 
21    | 12          | [93, 94, 95, 96, 97, 99, 100, 101, 102, 103, 104, 105]                        | [0.0100, 0.1300, 0.1000, 0.0100, 0.0700, 0.0600, 0.3100, 0.0200, 0.0900, 0.1700, 0.0200, 0.0100]                                 | 10.3276  | 0.8800  | 0.8388 

[Per-locus summary - Population 2]
Locus | Num_Alleles | Alleles                                                                     | Frequencies                                                                                                                              | Variance | Obs_Het | Exp_Het
------+-------------+-----------------------------------------------------------------------------+------------------------------------------------------------------------------------------------------------------------------------------+----------+---------+--------
1     | 11          | [93, 94, 95, 96, 97, 98, 99, 100, 101, 103, 105]                            | [0.0100, 0.1200, 0.1300, 0.1900, 0.2100, 0.1000, 0.1200, 0.0800, 0.0100, 0.0100, 0.0200]                                                 | 5.0499   | 0.8200  | 0.8657 
2     | 12          | [91, 92, 93, 96, 98, 99, 100, 101, 102, 103, 104, 105]                      | [0.0100, 0.0100, 0.0700, 0.0300, 0.0600, 0.1100, 0.1300, 0.0400, 0.0100, 0.2500, 0.1700, 0.1100]                                         | 12.4491  | 0.9200  | 0.8649 
3     | 13          | [99, 100, 101, 102, 103, 104, 105, 106, 107, 108, 109, 110, 111]            | [0.1300, 0.1500, 0.0300, 0.0500, 0.0200, 0.0100, 0.1000, 0.0100, 0.1200, 0.0300, 0.0700, 0.2500, 0.0300]                                 | 18.6200  | 0.7600  | 0.8717 
4     | 11          | [91, 92, 93, 94, 95, 101, 102, 103, 104, 105, 106]                          | [0.0700, 0.2300, 0.1100, 0.1300, 0.0100, 0.0700, 0.1400, 0.0900, 0.0400, 0.0800, 0.0300]                                                 | 28.5259  | 0.9200  | 0.8804 
5     | 9           | [100, 101, 102, 103, 104, 105, 106, 107, 108]                               | [0.0200, 0.0400, 0.0700, 0.1900, 0.0800, 0.2000, 0.2700, 0.1200, 0.0100]                                                                 | 3.2979   | 0.8200  | 0.8315 
6     | 10          | [97, 98, 99, 100, 101, 102, 103, 104, 105, 106]                             | [0.0300, 0.0400, 0.0200, 0.0600, 0.1000, 0.1200, 0.1100, 0.2000, 0.1200, 0.2000]                                                         | 5.9336   | 0.8400  | 0.8713 
7     | 14          | [92, 93, 94, 95, 96, 97, 101, 102, 107, 108, 109, 110, 111, 112]            | [0.0300, 0.0400, 0.1200, 0.0600, 0.0600, 0.0200, 0.0200, 0.0100, 0.0400, 0.0100, 0.2300, 0.2400, 0.1100, 0.0100]                         | 51.8704  | 0.8600  | 0.8592 
8     | 10          | [93, 95, 96, 97, 98, 99, 101, 102, 103, 104]                                | [0.0200, 0.0100, 0.0600, 0.0800, 0.2500, 0.1700, 0.1200, 0.1300, 0.1200, 0.0400]                                                         | 6.2464   | 0.8200  | 0.8594 
9     | 14          | [83, 84, 85, 86, 87, 90, 91, 99, 100, 101, 102, 103, 104, 105]              | [0.0100, 0.0300, 0.1800, 0.1500, 0.0200, 0.0200, 0.0300, 0.0300, 0.1500, 0.2100, 0.1200, 0.0100, 0.0300, 0.0100]                         | 58.9064  | 0.8600  | 0.8681 
10    | 13          | [83, 84, 85, 86, 87, 88, 89, 90, 91, 92, 93, 94, 95]                        | [0.0200, 0.0500, 0.1300, 0.0300, 0.0300, 0.0700, 0.1000, 0.0400, 0.1100, 0.1600, 0.1100, 0.1100, 0.0400]                                 | 11.6404  | 0.9400  | 0.9075 
11    | 11          | [98, 99, 100, 101, 102, 103, 104, 105, 106, 107, 108]                       | [0.0100, 0.0100, 0.3500, 0.0900, 0.0400, 0.0800, 0.1400, 0.0700, 0.1400, 0.0500, 0.0200]                                                 | 6.8104   | 0.8800  | 0.8224 
12    | 14          | [83, 84, 86, 88, 89, 90, 91, 93, 94, 96, 97, 98, 99, 100]                   | [0.0100, 0.0100, 0.0100, 0.0200, 0.1100, 0.0500, 0.0400, 0.1100, 0.0300, 0.0700, 0.0700, 0.1300, 0.2100, 0.1300]                         | 18.7939  | 0.9000  | 0.8913 
13    | 9           | [102, 103, 104, 105, 106, 107, 108, 109, 110]                               | [0.0300, 0.1600, 0.0800, 0.2100, 0.1800, 0.0900, 0.1100, 0.0700, 0.0700]                                                                 | 4.7011   | 0.8600  | 0.8693 
14    | 9           | [97, 98, 99, 100, 101, 102, 103, 104, 105]                                  | [0.0300, 0.1600, 0.1300, 0.1300, 0.1100, 0.1300, 0.1800, 0.1000, 0.0300]                                                                 | 4.7936   | 0.8800  | 0.8762 
15    | 17          | [90, 91, 92, 93, 94, 95, 96, 97, 98, 99, 100, 101, 102, 103, 104, 105, 109] | [0.0100, 0.1400, 0.0300, 0.0500, 0.0100, 0.0300, 0.0500, 0.0200, 0.0800, 0.0300, 0.0800, 0.0600, 0.1500, 0.1300, 0.0200, 0.0500, 0.0600] | 26.4299  | 0.8800  | 0.9190 
16    | 12          | [85, 86, 87, 88, 89, 99, 101, 102, 103, 104, 105, 106]                      | [0.1600, 0.0900, 0.1000, 0.0300, 0.0500, 0.0200, 0.1300, 0.2100, 0.1000, 0.0100, 0.0700, 0.0300]                                         | 65.8091  | 0.9200  | 0.8844 
17    | 14          | [97, 98, 99, 100, 101, 102, 104, 105, 106, 107, 108, 109, 110, 113]         | [0.0200, 0.0500, 0.0800, 0.2000, 0.0400, 0.0500, 0.0300, 0.0900, 0.0200, 0.1500, 0.0600, 0.0900, 0.1000, 0.0200]                         | 18.4539  | 0.9400  | 0.9016 
18    | 14          | [85, 86, 89, 90, 91, 93, 95, 106, 107, 108, 109, 110, 111, 112]             | [0.0100, 0.0300, 0.0800, 0.2200, 0.0500, 0.0100, 0.0400, 0.0200, 0.0200, 0.0800, 0.1800, 0.1600, 0.0700, 0.0300]                         | 94.7656  | 0.8600  | 0.8778 
19    | 13          | [92, 93, 94, 95, 96, 97, 98, 99, 100, 101, 102, 103, 104]                   | [0.0700, 0.1300, 0.0400, 0.0600, 0.0600, 0.0400, 0.1100, 0.0700, 0.1700, 0.0500, 0.1200, 0.0600, 0.0200]                                 | 12.5579  | 0.9000  | 0.9101 
20    | 8           | [94, 96, 97, 98, 99, 100, 101, 102]                                         | [0.0100, 0.0300, 0.1400, 0.2300, 0.2400, 0.0900, 0.2400, 0.0200]                                                                         | 2.5396   | 0.8000  | 0.8109 
21    | 12          | [94, 95, 96, 97, 98, 99, 100, 101, 102, 103, 104, 105]                      | [0.1400, 0.0900, 0.0700, 0.0400, 0.0100, 0.0500, 0.2200, 0.1000, 0.0400, 0.1600, 0.0600, 0.0200]                                         | 11.4424  | 0.9200  | 0.8824 
