
[Simulation Info]
simulation_id = sim_0005495
timestamp     = 20250428_093349
seed          = 254164
output_folder = /home/lejeunet/Bureau/simulations/Ref_table/sim_0005495

[Model Parameters]
pop_size           = 714
num_loci           = 20
sample1_generation = 30
sample2_generation = 10
low_repeats        = 1
high_repeats       = 200
mutation_rate      = 0.001
recap_Ne           = 714

[Sampling Design]
sample1_size_Ne  = 50
sample2_size_Ne  = 50
sample1_size_CMR = 50
sample2_size_CMR = 50

[Capture-Marquage-Recapture]
census_N   =  433
MatchCount =  6

[Ne Estimates - One Sample - Decreasing critical values [0.050, 0.020, 0.010, 0+]]

[Linkage Desequilibrium]
LD_Ne_Pop1 = [3615.4, 816.6, 210254.3, 210254.3]
LD_r2_Pop1 = [0.021368, 0.021683, 0.021278, 0.021278]
LD_Ne_Pop2 = [474.4, 568.7, 4932.8, 4932.8]
LD_r2_Pop2 = [0.021976, 0.02186, 0.021344, 0.021344]

[Heterozygote excess]
HE_Neb_mean_Pop1        = [None, None, None, None]
HE_weighted_D_mean_Pop1 = [-0.02519, -0.01916, -0.01906, -0.01906]
HE_Neb_mean_Pop2        = [None, 131.3, 131.4, 131.4]
HE_weighted_D_mean_Pop2 = [-0.00261, 0.00382, 0.00382, 0.00382]

[Molecular Coancestry]
Coan_Neb_n_Pop1 = 12.1
Coan_f1_Pop1    = 0.0414
Coan_Neb_n_Pop2 = 39.3
Coan_f1_Pop2    = 0.01272

[Ne Estimates - Temporal - Decreasing critical values (0.050, 0.020, 0.010, 0+)]

[Pollak]
P_Ne     = [581.3, 568.7, 605.4, 587.5]
P_Fk     = [0.0286, 0.02879, 0.02826, 0.02851]
P_Fprime = [0.0086, 0.00879, 0.00826, 0.00851]

[Nei/Tajima]
N_Ne     = [625.0, 609.5, 642.0, 624.8]
N_Fc     = [0.028, 0.0282, 0.02779, 0.028]
N_Fprime = [0.008, 0.0082, 0.00779, 0.008]

[Jorde/Ryman]
J_Ne     = [601.2, 585.8, 585.0, 583.0]
J_Fs     = [0.02843, 0.02865, 0.02867, 0.0287]
J_Fprime = [0.00832, 0.00853, 0.00855, 0.00858]

[Genetic Diversity - Heterozygosity]
mean_exp_het_pop1 = 0.6431
mean_obs_het_pop1 = 0.6257
mean_exp_het_pop2 = 0.6563
mean_obs_het_pop2 = 0.6638

[Genetic Diversity - Allele Counts]
mean_alleles_pop1 = 5.19
var_alleles_pop1  = 1.66
sum_alleles_pop1  = 109
mean_alleles_pop2 = 5.21
var_alleles_pop2  = 1.93
sum_alleles_pop2  = 219

[Genetic Diversity - Allelic Size Variance]
var_allele_size_pop1 = 1.6738
var_allele_size_pop2 = 1.6626

[Per-locus summary - Population 1]
Locus | Num_Alleles | Alleles                             | Frequencies                                                      | Variance | Obs_Het | Exp_Het
------+-------------+-------------------------------------+------------------------------------------------------------------+----------+---------+--------
1     | 4           | [97, 98, 99, 100]                   | [0.0500, 0.2000, 0.5800, 0.1700]                                 | 0.5531   | 0.6400  | 0.5982 
2     | 5           | [99, 100, 101, 102, 103]            | [0.0100, 0.6200, 0.3400, 0.0200, 0.0100]                         | 0.3600   | 0.3600  | 0.5044 
3     | 7           | [98, 99, 103, 104, 105, 106, 107]   | [0.0200, 0.0800, 0.0100, 0.4100, 0.2700, 0.1100, 0.1000]         | 4.2724   | 0.7400  | 0.7374 
4     | 4           | [97, 99, 100, 101]                  | [0.1200, 0.4800, 0.2600, 0.1400]                                 | 1.2100   | 0.6400  | 0.6747 
5     | 5           | [98, 99, 100, 101, 102]             | [0.0100, 0.1000, 0.3100, 0.2200, 0.3600]                         | 1.1276   | 0.6600  | 0.7230 
6     | 6           | [99, 100, 101, 102, 103, 104]       | [0.0300, 0.1800, 0.4500, 0.3000, 0.0300, 0.0100]                 | 0.7875   | 0.6400  | 0.6800 
7     | 4           | [98, 99, 100, 103]                  | [0.2000, 0.5600, 0.1200, 0.1200]                                 | 2.0800   | 0.6000  | 0.6238 
8     | 4           | [97, 98, 99, 100]                   | [0.2700, 0.3100, 0.3800, 0.0400]                                 | 0.7739   | 0.6200  | 0.6919 
9     | 4           | [98, 99, 100, 101]                  | [0.0200, 0.2100, 0.0200, 0.7500]                                 | 0.7900   | 0.3600  | 0.3966 
10    | 6           | [97, 98, 99, 100, 101, 102]         | [0.0900, 0.3900, 0.3500, 0.0200, 0.0400, 0.1100]                 | 1.9004   | 0.6800  | 0.7103 
11    | 6           | [96, 97, 98, 99, 103, 104]          | [0.0500, 0.2700, 0.5200, 0.0300, 0.0300, 0.1000]                 | 4.6819   | 0.6000  | 0.6489 
12    | 5           | [97, 98, 99, 100, 101]              | [0.0300, 0.1900, 0.2700, 0.5000, 0.0100]                         | 0.7771   | 0.7200  | 0.6465 
13    | 4           | [99, 100, 101, 102]                 | [0.0200, 0.4700, 0.4700, 0.0400]                                 | 0.3691   | 0.5400  | 0.5618 
14    | 6           | [97, 98, 99, 100, 101, 102]         | [0.1200, 0.3600, 0.1800, 0.1300, 0.0200, 0.1900]                 | 2.7404   | 0.8200  | 0.7780 
15    | 4           | [96, 97, 98, 99]                    | [0.0700, 0.1300, 0.5000, 0.3000]                                 | 0.7091   | 0.5600  | 0.6446 
16    | 4           | [99, 100, 101, 102]                 | [0.0300, 0.5100, 0.3600, 0.1000]                                 | 0.5091   | 0.6600  | 0.6055 
17    | 4           | [99, 100, 101, 102]                 | [0.1000, 0.0600, 0.8200, 0.0200]                                 | 0.4224   | 0.2800  | 0.3168 
18    | 7           | [97, 98, 99, 100, 101, 102, 104]    | [0.0100, 0.1800, 0.4300, 0.2000, 0.1000, 0.0300, 0.0500]         | 2.0484   | 0.7400  | 0.7366 
19    | 7           | [97, 98, 99, 100, 101, 102, 103]    | [0.0100, 0.1400, 0.0700, 0.2600, 0.1800, 0.3300, 0.0100]         | 2.0699   | 0.7800  | 0.7741 
20    | 5           | [96, 97, 98, 99, 100]               | [0.0500, 0.3800, 0.3300, 0.2100, 0.0300]                         | 0.8659   | 0.7200  | 0.7063 
21    | 8           | [95, 96, 97, 98, 99, 100, 104, 106] | [0.0900, 0.2800, 0.0100, 0.0500, 0.4000, 0.0800, 0.0800, 0.0100] | 6.1016   | 0.7800  | 0.7454 

[Per-locus summary - Population 2]
Locus | Num_Alleles | Alleles                              | Frequencies                                                      | Variance | Obs_Het | Exp_Het
------+-------------+--------------------------------------+------------------------------------------------------------------+----------+---------+--------
1     | 4           | [97, 98, 99, 100]                    | [0.0100, 0.2600, 0.5000, 0.2300]                                 | 0.5275   | 0.7200  | 0.6358 
2     | 4           | [99, 100, 101, 102]                  | [0.0300, 0.4700, 0.3700, 0.1300]                                 | 0.5600   | 0.5600  | 0.6307 
3     | 7           | [98, 99, 104, 105, 106, 107, 108]    | [0.0200, 0.1300, 0.4200, 0.1700, 0.0900, 0.1600, 0.0100]         | 6.0900   | 0.7600  | 0.7511 
4     | 4           | [97, 99, 100, 101]                   | [0.1600, 0.3000, 0.3000, 0.2400]                                 | 1.6884   | 0.8600  | 0.7442 
5     | 5           | [99, 100, 101, 102, 103]             | [0.1200, 0.2400, 0.2700, 0.3600, 0.0100]                         | 1.1100   | 0.7000  | 0.7327 
6     | 5           | [99, 100, 101, 102, 103]             | [0.0200, 0.0900, 0.4300, 0.4100, 0.0500]                         | 0.6356   | 0.6000  | 0.6424 
7     | 5           | [98, 99, 100, 103, 104]              | [0.2600, 0.6000, 0.0500, 0.0800, 0.0100]                         | 1.8144   | 0.6000  | 0.5691 
8     | 4           | [97, 98, 99, 100]                    | [0.2300, 0.4500, 0.2900, 0.0300]                                 | 0.6256   | 0.6800  | 0.6663 
9     | 4           | [98, 99, 101, 102]                   | [0.0100, 0.2100, 0.7700, 0.0100]                                 | 0.7464   | 0.4000  | 0.3665 
10    | 6           | [97, 98, 99, 100, 101, 102]          | [0.0100, 0.2500, 0.4300, 0.0100, 0.0900, 0.2100]                 | 2.2475   | 0.7800  | 0.7073 
11    | 6           | [96, 97, 98, 99, 103, 104]           | [0.1300, 0.2600, 0.4800, 0.0100, 0.1000, 0.0200]                 | 3.9979   | 0.5400  | 0.6814 
12    | 4           | [97, 98, 99, 100]                    | [0.0200, 0.3100, 0.3000, 0.3700]                                 | 0.7596   | 0.6600  | 0.6834 
13    | 3           | [99, 100, 101]                       | [0.0600, 0.3400, 0.6000]                                         | 0.3684   | 0.5400  | 0.5261 
14    | 5           | [97, 98, 99, 100, 102]               | [0.1500, 0.3300, 0.2300, 0.1800, 0.1100]                         | 2.0856   | 0.8400  | 0.7790 
15    | 4           | [96, 97, 98, 99]                     | [0.1200, 0.0700, 0.4900, 0.3200]                                 | 0.8699   | 0.7600  | 0.6446 
16    | 4           | [99, 100, 101, 102]                  | [0.0500, 0.5100, 0.3700, 0.0700]                                 | 0.4884   | 0.4800  | 0.6016 
17    | 4           | [99, 100, 101, 102]                  | [0.1300, 0.0700, 0.7500, 0.0500]                                 | 0.5616   | 0.4000  | 0.4174 
18    | 8           | [96, 97, 98, 99, 100, 101, 102, 104] | [0.0100, 0.0500, 0.1600, 0.3200, 0.2700, 0.1000, 0.0600, 0.0300] | 2.1499   | 0.8400  | 0.7899 
19    | 6           | [97, 98, 99, 100, 101, 102]          | [0.0100, 0.2000, 0.0700, 0.2500, 0.2000, 0.2700]                 | 2.1824   | 0.7800  | 0.7875 
20    | 5           | [96, 97, 98, 99, 100]                | [0.0200, 0.4100, 0.3500, 0.1400, 0.0800]                         | 0.9275   | 0.6600  | 0.6899 
21    | 8           | [95, 96, 97, 98, 99, 100, 104, 106]  | [0.1100, 0.2800, 0.0100, 0.0900, 0.4100, 0.0600, 0.0300, 0.0100] | 4.4779   | 0.7800  | 0.7360 
