
[Simulation Info]
simulation_id = sim_0001378
timestamp     = 20250428_080113
seed          = 31982
output_folder = /home/lejeunet/Bureau/simulations/Ref_table/sim_0001378

[Model Parameters]
pop_size           = 312
num_loci           = 20
sample1_generation = 30
sample2_generation = 10
low_repeats        = 1
high_repeats       = 200
mutation_rate      = 0.001
recap_Ne           = 312

[Sampling Design]
sample1_size_Ne  = 50
sample2_size_Ne  = 50
sample1_size_CMR = 50
sample2_size_CMR = 50

[Capture-Marquage-Recapture]
census_N   =  433
MatchCount =  6

[Ne Estimates - One Sample - Decreasing critical values [0.050, 0.020, 0.010, 0+]]

[Linkage Desequilibrium]
LD_Ne_Pop1 = [575.9, 291.4, 777.2, 777.2]
LD_r2_Pop1 = [0.021853, 0.022412, 0.021704, 0.021704]
LD_Ne_Pop2 = [395.6, 1573.8, 702.9, 702.9]
LD_r2_Pop2 = [0.022114, 0.021488, 0.021749, 0.021749]

[Heterozygote excess]
HE_Neb_mean_Pop1        = [110.1, 137.1, 136.9, 136.9]
HE_weighted_D_mean_Pop1 = [0.00456, 0.00366, 0.00366, 0.00366]
HE_Neb_mean_Pop2        = [23.6, 29.4, 29.6, 29.6]
HE_weighted_D_mean_Pop2 = [0.02164, 0.01727, 0.01716, 0.01716]

[Molecular Coancestry]
Coan_Neb_n_Pop1 = 5.6
Coan_f1_Pop1    = 0.09001
Coan_Neb_n_Pop2 = None
Coan_f1_Pop2    = -0.09717

[Ne Estimates - Temporal - Decreasing critical values (0.050, 0.020, 0.010, 0+)]

[Pollak]
P_Ne     = [796.0, 755.6, 818.8, 818.8]
P_Fk     = [0.02628, 0.02662, 0.02611, 0.02611]
P_Fprime = [0.00628, 0.00662, 0.00611, 0.00611]

[Nei/Tajima]
N_Ne     = [712.7, 697.7, 739.2, 739.2]
N_Fc     = [0.02702, 0.02717, 0.02676, 0.02676]
N_Fprime = [0.00702, 0.00717, 0.00676, 0.00676]

[Jorde/Ryman]
J_Ne     = [503.4, 502.5, 503.6, 503.6]
J_Fs     = [0.03006, 0.03007, 0.03005, 0.03005]
J_Fprime = [0.00993, 0.00995, 0.00993, 0.00993]

[Genetic Diversity - Heterozygosity]
mean_exp_het_pop1 = 0.4666
mean_obs_het_pop1 = 0.4657
mean_exp_het_pop2 = 0.4604
mean_obs_het_pop2 = 0.4648

[Genetic Diversity - Allele Counts]
mean_alleles_pop1 = 3.76
var_alleles_pop1  = 0.69
sum_alleles_pop1  = 79
mean_alleles_pop2 = 4.0
var_alleles_pop2  = 1.17
sum_alleles_pop2  = 168

[Genetic Diversity - Allelic Size Variance]
var_allele_size_pop1 = 0.8201
var_allele_size_pop2 = 0.7183

[Per-locus summary - Population 1]
Locus | Num_Alleles | Alleles                 | Frequencies                              | Variance | Obs_Het | Exp_Het
------+-------------+-------------------------+------------------------------------------+----------+---------+--------
1     | 4           | [98, 102, 103, 104]     | [0.1600, 0.4900, 0.0800, 0.2700]         | 3.7196   | 0.7000  | 0.6616 
2     | 4           | [99, 100, 101, 102]     | [0.1300, 0.2700, 0.5800, 0.0200]         | 0.5499   | 0.5400  | 0.5792 
3     | 3           | [100, 101, 102]         | [0.5700, 0.0400, 0.3900]                 | 0.9276   | 0.5800  | 0.5267 
4     | 4           | [99, 100, 101, 102]     | [0.2200, 0.3600, 0.4100, 0.0100]         | 0.6259   | 0.6200  | 0.6604 
5     | 3           | [99, 101, 102]          | [0.0200, 0.6200, 0.3600]                 | 0.3376   | 0.4800  | 0.4905 
6     | 4           | [97, 98, 99, 100]       | [0.1000, 0.7800, 0.0200, 0.1000]         | 0.5056   | 0.3200  | 0.3750 
7     | 4           | [99, 100, 101, 102]     | [0.0200, 0.6700, 0.2600, 0.0500]         | 0.3644   | 0.5600  | 0.4854 
8     | 4           | [97, 98, 99, 103]       | [0.0100, 0.9200, 0.0100, 0.0600]         | 1.4300   | 0.1600  | 0.1513 
9     | 4           | [99, 100, 101, 103]     | [0.0300, 0.7500, 0.1900, 0.0300]         | 0.4275   | 0.4000  | 0.4036 
10    | 3           | [98, 99, 100]           | [0.2300, 0.5900, 0.1800]                 | 0.4075   | 0.6000  | 0.5723 
11    | 5           | [98, 99, 100, 103, 104] | [0.3000, 0.5700, 0.0400, 0.0100, 0.0800] | 2.4676   | 0.5800  | 0.5828 
12    | 4           | [97, 98, 99, 100]       | [0.0400, 0.6600, 0.2500, 0.0500]         | 0.3939   | 0.5600  | 0.5028 
13    | 4           | [98, 99, 100, 101]      | [0.0600, 0.1500, 0.7800, 0.0100]         | 0.3324   | 0.3800  | 0.3691 
14    | 4           | [100, 101, 102, 103]    | [0.0100, 0.1600, 0.5500, 0.2800]         | 0.4700   | 0.4800  | 0.5994 
15    | 3           | [98, 99, 100]           | [0.1700, 0.7600, 0.0700]                 | 0.2300   | 0.3800  | 0.3925 
16    | 5           | [98, 99, 100, 101, 103] | [0.0100, 0.0500, 0.8000, 0.1100, 0.0300] | 0.4531   | 0.3000  | 0.3479 
17    | 2           | [100, 101]              | [0.4300, 0.5700]                         | 0.2451   | 0.5400  | 0.4951 
18    | 2           | [100, 101]              | [0.9500, 0.0500]                         | 0.0475   | 0.1000  | 0.0960 
19    | 4           | [99, 100, 101, 102]     | [0.0200, 0.5000, 0.4100, 0.0700]         | 0.4291   | 0.5000  | 0.5824 
20    | 5           | [95, 96, 97, 99, 100]   | [0.2000, 0.0900, 0.6000, 0.0700, 0.0400] | 1.4771   | 0.6800  | 0.5913 
21    | 4           | [97, 98, 99, 102]       | [0.0300, 0.8100, 0.0700, 0.0900]         | 1.3800   | 0.3200  | 0.3333 

[Per-locus summary - Population 2]
Locus | Num_Alleles | Alleles                      | Frequencies                                      | Variance | Obs_Het | Exp_Het
------+-------------+------------------------------+--------------------------------------------------+----------+---------+--------
1     | 5           | [97, 98, 102, 103, 104]      | [0.0100, 0.0400, 0.4700, 0.1300, 0.3500]         | 2.0356   | 0.6400  | 0.6444 
2     | 4           | [99, 100, 101, 102]          | [0.0600, 0.3400, 0.5800, 0.0200]                 | 0.4064   | 0.5800  | 0.5495 
3     | 3           | [100, 101, 102]              | [0.5700, 0.0900, 0.3400]                         | 0.8571   | 0.4400  | 0.5570 
4     | 5           | [98, 99, 100, 101, 102]      | [0.0100, 0.1300, 0.5200, 0.3300, 0.0100]         | 0.5000   | 0.7000  | 0.6097 
5     | 4           | [99, 100, 101, 102]          | [0.0300, 0.0100, 0.7000, 0.2600]                 | 0.3539   | 0.4800  | 0.4459 
6     | 3           | [97, 98, 100]                | [0.0900, 0.7800, 0.1300]                         | 0.5811   | 0.3600  | 0.3703 
7     | 4           | [99, 100, 101, 102]          | [0.0100, 0.6600, 0.2500, 0.0800]                 | 0.4200   | 0.5600  | 0.5004 
8     | 3           | [97, 98, 103]                | [0.0700, 0.8400, 0.0900]                         | 2.1756   | 0.3000  | 0.2842 
9     | 4           | [99, 100, 101, 103]          | [0.0100, 0.6800, 0.2800, 0.0300]                 | 0.4304   | 0.3800  | 0.4628 
10    | 3           | [98, 99, 100]                | [0.2000, 0.6300, 0.1700]                         | 0.3691   | 0.5400  | 0.5396 
11    | 6           | [97, 98, 99, 100, 103, 104]  | [0.0100, 0.2400, 0.6600, 0.0400, 0.0200, 0.0300] | 1.3899   | 0.5200  | 0.5089 
12    | 4           | [97, 98, 99, 100]            | [0.0200, 0.7400, 0.1800, 0.0600]                 | 0.3616   | 0.4000  | 0.4202 
13    | 4           | [98, 99, 100, 101]           | [0.1200, 0.1200, 0.7500, 0.0100]                 | 0.4875   | 0.4600  | 0.4127 
14    | 3           | [101, 102, 103]              | [0.0600, 0.7500, 0.1900]                         | 0.2331   | 0.4600  | 0.4018 
15    | 3           | [98, 99, 100]                | [0.1100, 0.8600, 0.0300]                         | 0.1336   | 0.2400  | 0.2499 
16    | 6           | [98, 99, 100, 101, 103, 104] | [0.0400, 0.1000, 0.6900, 0.1100, 0.0400, 0.0200] | 1.0331   | 0.5000  | 0.5032 
17    | 2           | [100, 101]                   | [0.5500, 0.4500]                                 | 0.2475   | 0.5000  | 0.5000 
18    | 3           | [99, 100, 101]               | [0.0200, 0.9400, 0.0400]                         | 0.0596   | 0.1200  | 0.1156 
19    | 3           | [100, 101, 102]              | [0.5000, 0.4100, 0.0900]                         | 0.4219   | 0.5200  | 0.5796 
20    | 6           | [95, 96, 97, 98, 99, 100]    | [0.2600, 0.0800, 0.5200, 0.0200, 0.1100, 0.0100] | 1.5611   | 0.6400  | 0.6495 
21    | 4           | [97, 98, 99, 102]            | [0.0500, 0.7900, 0.1000, 0.0600]                 | 1.0259   | 0.4200  | 0.3634 
