
[Simulation Info]
simulation_id = sim_0012711
timestamp     = 20250429_100057
seed          = 261035
output_folder = /home/lejeunet/Bureau/simulations/Ref_table/sim_0012711

[Model Parameters]
pop_size           = 3092
num_loci           = 20
sample1_generation = 30
sample2_generation = 10
low_repeats        = 1
high_repeats       = 200
mutation_rate      = 0.001
recap_Ne           = 3092

[Sampling Design]
sample1_size_Ne  = 50
sample2_size_Ne  = 50
sample1_size_CMR = 50
sample2_size_CMR = 50

[Capture-Marquage-Recapture]
census_N   =  1300
MatchCount =  2

[Ne Estimates - One Sample - Decreasing critical values [0.050, 0.020, 0.010, 0+]]

[Linkage Desequilibrium]
LD_Ne_Pop1 = [None, None, None, None]
LD_r2_Pop1 = [0.020425, 0.02093, 0.020916, 0.020916]
LD_Ne_Pop2 = [None, 1702.7, None, None]
LD_r2_Pop2 = [0.020979, 0.021472, 0.021238, 0.021238]

[Heterozygote excess]
HE_Neb_mean_Pop1        = [None, 115.7, 132.4, 132.4]
HE_weighted_D_mean_Pop1 = [-0.0036, 0.00434, 0.00379, 0.00379]
HE_Neb_mean_Pop2        = [129.7, 214.3, 265.2, 265.2]
HE_weighted_D_mean_Pop2 = [0.00387, 0.00234, 0.00189, 0.00189]

[Molecular Coancestry]
Coan_Neb_n_Pop1 = None
Coan_f1_Pop1    = -0.00038
Coan_Neb_n_Pop2 = None
Coan_f1_Pop2    = -0.01983

[Ne Estimates - Temporal - Decreasing critical values (0.050, 0.020, 0.010, 0+)]

[Pollak]
P_Ne     = [888.3, 1161.8, 1289.5, 1442.5]
P_Fk     = [0.02563, 0.0243, 0.02388, 0.02347]
P_Fprime = [0.00563, 0.0043, 0.00388, 0.00347]

[Nei/Tajima]
N_Ne     = [983.2, 1270.6, 1400.2, 1559.1]
N_Fc     = [0.02509, 0.02394, 0.02357, 0.02321]
N_Fprime = [0.00509, 0.00394, 0.00357, 0.00321]

[Jorde/Ryman]
J_Ne     = [1046.7, 1116.8, 1104.8, 1113.4]
J_Fs     = [0.02488, 0.02458, 0.02463, 0.0246]
J_Fprime = [0.00478, 0.00448, 0.00453, 0.00449]

[Genetic Diversity - Heterozygosity]
mean_exp_het_pop1 = 0.8208
mean_obs_het_pop1 = 0.8219
mean_exp_het_pop2 = 0.8242
mean_obs_het_pop2 = 0.8257

[Genetic Diversity - Allele Counts]
mean_alleles_pop1 = 9.52
var_alleles_pop1  = 4.16
sum_alleles_pop1  = 200
mean_alleles_pop2 = 9.9
var_alleles_pop2  = 4.87
sum_alleles_pop2  = 416

[Genetic Diversity - Allelic Size Variance]
var_allele_size_pop1 = 13.8321
var_allele_size_pop2 = 13.762

[Per-locus summary - Population 1]
Locus | Num_Alleles | Alleles                                                           | Frequencies                                                                                              | Variance | Obs_Het | Exp_Het
------+-------------+-------------------------------------------------------------------+----------------------------------------------------------------------------------------------------------+----------+---------+--------
1     | 6           | [106, 107, 108, 109, 110, 111]                                    | [0.0500, 0.3500, 0.2800, 0.2600, 0.0300, 0.0300]                                                         | 1.1984   | 0.6400  | 0.7346 
2     | 10          | [100, 101, 102, 103, 104, 105, 106, 107, 108, 109]                | [0.0100, 0.0200, 0.1900, 0.1800, 0.0700, 0.1900, 0.2400, 0.0800, 0.0100, 0.0100]                         | 3.4444   | 0.8600  | 0.8341 
3     | 10          | [94, 95, 96, 97, 98, 99, 100, 101, 102, 103]                      | [0.0100, 0.0600, 0.1800, 0.2600, 0.1000, 0.0300, 0.1100, 0.0400, 0.1900, 0.0200]                         | 5.8979   | 0.9200  | 0.8436 
4     | 12          | [94, 95, 96, 97, 98, 99, 100, 101, 103, 104, 106, 107]            | [0.0100, 0.2500, 0.1700, 0.0200, 0.0200, 0.0300, 0.0700, 0.0100, 0.2100, 0.1100, 0.0300, 0.0700]         | 17.6531  | 0.8800  | 0.8483 
5     | 7           | [98, 99, 100, 101, 102, 103, 104]                                 | [0.0900, 0.1200, 0.3200, 0.0700, 0.2000, 0.1900, 0.0100]                                                 | 2.6116   | 0.8200  | 0.8020 
6     | 9           | [94, 95, 96, 97, 98, 99, 100, 101, 103]                           | [0.1100, 0.1900, 0.1900, 0.0500, 0.0200, 0.1400, 0.1100, 0.1800, 0.0100]                                 | 6.4899   | 0.8000  | 0.8572 
7     | 10          | [102, 103, 104, 105, 109, 110, 111, 112, 113, 114]                | [0.0600, 0.0200, 0.4000, 0.1000, 0.0100, 0.0400, 0.1400, 0.0200, 0.1300, 0.0800]                         | 17.4304  | 0.8000  | 0.7889 
8     | 8           | [92, 93, 94, 99, 100, 101, 102, 103]                              | [0.0500, 0.1900, 0.1100, 0.0700, 0.2500, 0.2800, 0.0300, 0.0200]                                         | 12.8764  | 0.8600  | 0.8103 
9     | 13          | [101, 102, 103, 104, 105, 107, 108, 109, 110, 111, 113, 115, 116] | [0.0800, 0.1800, 0.1000, 0.0400, 0.0100, 0.0100, 0.3800, 0.0400, 0.0100, 0.0200, 0.0500, 0.0600, 0.0200] | 17.4379  | 0.8600  | 0.8044 
10    | 12          | [95, 96, 97, 98, 99, 101, 102, 103, 104, 105, 108, 111]           | [0.0100, 0.0800, 0.0200, 0.1900, 0.1100, 0.0300, 0.0900, 0.3300, 0.0800, 0.0200, 0.0200, 0.0200]         | 10.2536  | 0.8000  | 0.8277 
11    | 9           | [99, 100, 101, 102, 103, 104, 105, 107, 108]                      | [0.0900, 0.3000, 0.1400, 0.2300, 0.0900, 0.0200, 0.0600, 0.0600, 0.0100]                                 | 4.6044   | 0.7600  | 0.8218 
12    | 11          | [92, 93, 94, 95, 96, 102, 103, 104, 105, 106, 107]                | [0.0600, 0.0400, 0.1300, 0.2000, 0.0200, 0.0200, 0.0200, 0.2700, 0.1600, 0.0400, 0.0400]                 | 27.7656  | 0.8400  | 0.8434 
13    | 11          | [99, 100, 101, 102, 103, 104, 108, 109, 110, 111, 112]            | [0.0300, 0.0100, 0.1600, 0.1100, 0.2100, 0.0300, 0.0400, 0.1100, 0.1700, 0.1100, 0.0200]                 | 16.7464  | 0.7800  | 0.8699 
14    | 6           | [96, 97, 98, 99, 100, 101]                                        | [0.1100, 0.3000, 0.0400, 0.1700, 0.3500, 0.0300]                                                         | 2.3864   | 0.8400  | 0.7515 
15    | 10          | [96, 97, 98, 99, 106, 107, 108, 109, 110, 111]                    | [0.0100, 0.1500, 0.1500, 0.0600, 0.1700, 0.2000, 0.0500, 0.0900, 0.1000, 0.0200]                         | 25.0000  | 0.9600  | 0.8701 
16    | 8           | [94, 95, 96, 97, 100, 101, 102, 103]                              | [0.0400, 0.2800, 0.1200, 0.0700, 0.1100, 0.1500, 0.0700, 0.1600]                                         | 10.4264  | 0.8600  | 0.8440 
17    | 11          | [83, 84, 88, 89, 90, 96, 97, 98, 99, 100, 101]                    | [0.0100, 0.0200, 0.0200, 0.3300, 0.0500, 0.0400, 0.0400, 0.0700, 0.1000, 0.2700, 0.0500]                 | 28.8411  | 0.8000  | 0.8022 
18    | 7           | [87, 88, 89, 90, 91, 92, 93]                                      | [0.1300, 0.0800, 0.0900, 0.2500, 0.2900, 0.1500, 0.0100]                                                 | 2.5596   | 0.7800  | 0.8075 
19    | 10          | [91, 92, 93, 94, 95, 96, 97, 98, 99, 100]                         | [0.0300, 0.0700, 0.0100, 0.2300, 0.0400, 0.2100, 0.0900, 0.1700, 0.1000, 0.0500]                         | 5.3891   | 0.9200  | 0.8546 
20    | 12          | [89, 90, 91, 92, 94, 95, 107, 108, 109, 110, 111, 112]            | [0.0200, 0.1700, 0.0100, 0.0200, 0.2400, 0.0600, 0.0600, 0.2000, 0.0700, 0.0800, 0.0600, 0.0100]         | 69.6576  | 0.8400  | 0.8590 
21    | 8           | [104, 105, 106, 107, 108, 109, 110, 111]                          | [0.0400, 0.0700, 0.0700, 0.3800, 0.2400, 0.1800, 0.0100, 0.0100]                                         | 1.8044   | 0.6400  | 0.7616 

[Per-locus summary - Population 2]
Locus | Num_Alleles | Alleles                                                           | Frequencies                                                                                              | Variance | Obs_Het | Exp_Het
------+-------------+-------------------------------------------------------------------+----------------------------------------------------------------------------------------------------------+----------+---------+--------
1     | 6           | [106, 107, 108, 109, 110, 111]                                    | [0.0300, 0.3700, 0.2900, 0.2400, 0.0500, 0.0200]                                                         | 1.1091   | 0.8000  | 0.7248 
2     | 8           | [101, 102, 103, 104, 105, 106, 107, 108]                          | [0.0400, 0.1800, 0.2300, 0.0400, 0.1600, 0.2300, 0.1000, 0.0200]                                         | 3.5259   | 0.7800  | 0.8309 
3     | 9           | [95, 96, 97, 98, 99, 100, 101, 102, 103]                          | [0.1700, 0.1700, 0.1900, 0.0400, 0.0300, 0.1400, 0.0200, 0.2300, 0.0100]                                 | 7.0100   | 0.8000  | 0.8390 
4     | 12          | [94, 95, 96, 97, 98, 99, 100, 103, 104, 105, 106, 107]            | [0.0200, 0.1800, 0.1800, 0.0200, 0.0400, 0.1100, 0.0300, 0.1600, 0.1500, 0.0100, 0.0500, 0.0500]         | 16.8459  | 0.9000  | 0.8753 
5     | 7           | [98, 99, 100, 101, 102, 103, 104]                                 | [0.0500, 0.1500, 0.2900, 0.0900, 0.2800, 0.1300, 0.0100]                                                 | 2.2011   | 0.8400  | 0.7954 
6     | 10          | [94, 95, 96, 97, 98, 99, 100, 101, 102, 103]                      | [0.1300, 0.1200, 0.2300, 0.0100, 0.0600, 0.1100, 0.1600, 0.1400, 0.0100, 0.0300]                         | 6.9139   | 0.8800  | 0.8624 
7     | 9           | [102, 103, 104, 105, 110, 111, 112, 113, 114]                     | [0.0500, 0.0800, 0.3600, 0.1400, 0.0500, 0.1000, 0.0400, 0.1600, 0.0200]                                 | 16.1136  | 0.8200  | 0.8099 
8     | 8           | [91, 92, 93, 94, 99, 100, 101, 102]                               | [0.0100, 0.0400, 0.2800, 0.1100, 0.0500, 0.2400, 0.2400, 0.0300]                                         | 13.7316  | 0.7400  | 0.7972 
9     | 13          | [101, 102, 103, 104, 105, 107, 108, 109, 110, 111, 113, 115, 116] | [0.0400, 0.1800, 0.1700, 0.1400, 0.0200, 0.0200, 0.2100, 0.0800, 0.0100, 0.0200, 0.0400, 0.0300, 0.0400] | 16.6184  | 0.8600  | 0.8703 
10    | 12          | [95, 96, 97, 98, 99, 101, 102, 103, 104, 105, 108, 110]           | [0.0600, 0.0400, 0.0200, 0.2600, 0.1200, 0.0200, 0.0600, 0.2600, 0.0800, 0.0400, 0.0200, 0.0200]         | 11.2304  | 0.7400  | 0.8404 
11    | 11          | [98, 99, 100, 101, 102, 103, 104, 105, 107, 108, 109]             | [0.0100, 0.0400, 0.3100, 0.1900, 0.2000, 0.0500, 0.0200, 0.0300, 0.1300, 0.0100, 0.0100]                 | 6.4499   | 0.8200  | 0.8133 
12    | 10          | [92, 93, 94, 95, 96, 102, 103, 104, 105, 106]                     | [0.0500, 0.0700, 0.0700, 0.3300, 0.0100, 0.0100, 0.0300, 0.2800, 0.1200, 0.0300]                         | 25.4499  | 0.7800  | 0.7919 
13    | 12          | [99, 100, 101, 102, 103, 104, 108, 109, 110, 111, 112, 113]       | [0.0400, 0.0800, 0.1700, 0.1200, 0.1100, 0.0200, 0.0400, 0.0800, 0.2000, 0.0800, 0.0300, 0.0300]         | 20.4075  | 0.8800  | 0.8889 
14    | 8           | [95, 96, 97, 98, 99, 100, 101, 102]                               | [0.0100, 0.1500, 0.1300, 0.0800, 0.2300, 0.2800, 0.1100, 0.0100]                                         | 2.8300   | 0.8600  | 0.8188 
15    | 11          | [95, 96, 97, 98, 99, 106, 107, 108, 109, 110, 111]                | [0.0400, 0.0800, 0.0900, 0.2200, 0.0500, 0.1300, 0.2100, 0.0400, 0.0600, 0.0700, 0.0100]                 | 27.6504  | 0.9400  | 0.8705 
16    | 9           | [94, 95, 96, 97, 99, 100, 101, 102, 103]                          | [0.0400, 0.3000, 0.0900, 0.0400, 0.0200, 0.1400, 0.1300, 0.1600, 0.0800]                                 | 9.8475   | 0.7800  | 0.8382 
17    | 10          | [83, 88, 89, 90, 96, 97, 98, 99, 100, 101]                        | [0.0100, 0.0400, 0.3100, 0.0600, 0.0100, 0.0500, 0.1000, 0.1500, 0.2300, 0.0400]                         | 26.7344  | 0.8000  | 0.8172 
18    | 6           | [87, 88, 89, 90, 91, 92]                                          | [0.1800, 0.1100, 0.0900, 0.1600, 0.3700, 0.0900]                                                         | 2.7900   | 0.8600  | 0.7846 
19    | 12          | [90, 91, 92, 93, 94, 95, 96, 97, 98, 99, 100, 101]                | [0.0400, 0.0100, 0.0400, 0.0200, 0.3100, 0.0200, 0.1200, 0.1700, 0.1400, 0.0800, 0.0300, 0.0200]         | 6.1424   | 0.8600  | 0.8376 
20    | 13          | [88, 89, 90, 91, 92, 94, 95, 107, 108, 109, 110, 111, 112]        | [0.0100, 0.0100, 0.0900, 0.0200, 0.0100, 0.1300, 0.1300, 0.1100, 0.2100, 0.1000, 0.0300, 0.1300, 0.0200] | 64.1300  | 0.9000  | 0.8818 
21    | 6           | [104, 105, 106, 107, 108, 109]                                    | [0.0500, 0.0200, 0.1500, 0.4200, 0.2800, 0.0800]                                                         | 1.2700   | 0.7000  | 0.7206 
