
[Simulation Info]
simulation_id = sim_0002688
timestamp     = 20250428_082734
seed          = 402506
output_folder = /home/lejeunet/Bureau/simulations/Ref_table/sim_0002688

[Model Parameters]
pop_size           = 2751
num_loci           = 20
sample1_generation = 30
sample2_generation = 10
low_repeats        = 1
high_repeats       = 200
mutation_rate      = 0.001
recap_Ne           = 2751

[Sampling Design]
sample1_size_Ne  = 50
sample2_size_Ne  = 50
sample1_size_CMR = 50
sample2_size_CMR = 50

[Capture-Marquage-Recapture]
census_N   =  2601
MatchCount =  1

[Ne Estimates - One Sample - Decreasing critical values [0.050, 0.020, 0.010, 0+]]

[Linkage Desequilibrium]
LD_Ne_Pop1 = [2314.3, 1716.4, 830.6, 830.6]
LD_r2_Pop1 = [0.02142, 0.02147, 0.021676, 0.021676]
LD_Ne_Pop2 = [2056.2, 41380.6, None, None]
LD_r2_Pop2 = [0.021438, 0.021284, 0.021057, 0.021057]

[Heterozygote excess]
HE_Neb_mean_Pop1        = [None, 2655.6, None, None]
HE_weighted_D_mean_Pop1 = [-0.00181, 0.00019, -0.00037, -0.00037]
HE_Neb_mean_Pop2        = [23.2, 36.6, 38.4, 38.4]
HE_weighted_D_mean_Pop2 = [0.02198, 0.01385, 0.0132, 0.0132]

[Molecular Coancestry]
Coan_Neb_n_Pop1 = None
Coan_f1_Pop1    = -0.00036
Coan_Neb_n_Pop2 = None
Coan_f1_Pop2    = -0.01119

[Ne Estimates - Temporal - Decreasing critical values (0.050, 0.020, 0.010, 0+)]

[Pollak]
P_Ne     = [-57581.4, 28069.6, 39705.6, 2036830.1]
P_Fk     = [0.01991, 0.02018, 0.02013, 0.02]
P_Fprime = [-9e-05, 0.00018, 0.00013, 0.0]

[Nei/Tajima]
N_Ne     = [-17795.7, -141279.7, -67660.6, -27443.5]
N_Fc     = [0.01972, 0.01996, 0.01993, 0.01982]
N_Fprime = [-0.00028, -4e-05, -7e-05, -0.00018]

[Jorde/Ryman]
J_Ne     = [13379.0, 7545.2, 6878.7, 6994.2]
J_Fs     = [0.02047, 0.02076, 0.02083, 0.02082]
J_Fprime = [0.00037, 0.00066, 0.00073, 0.00071]

[Genetic Diversity - Heterozygosity]
mean_exp_het_pop1 = 0.7976
mean_obs_het_pop1 = 0.7867
mean_exp_het_pop2 = 0.8051
mean_obs_het_pop2 = 0.8181

[Genetic Diversity - Allele Counts]
mean_alleles_pop1 = 8.33
var_alleles_pop1  = 3.23
sum_alleles_pop1  = 175
mean_alleles_pop2 = 8.52
var_alleles_pop2  = 2.74
sum_alleles_pop2  = 358

[Genetic Diversity - Allelic Size Variance]
var_allele_size_pop1 = 5.2166
var_allele_size_pop2 = 5.0075

[Per-locus summary - Population 1]
Locus | Num_Alleles | Alleles                                              | Frequencies                                                                              | Variance | Obs_Het | Exp_Het
------+-------------+------------------------------------------------------+------------------------------------------------------------------------------------------+----------+---------+--------
1     | 8           | [96, 97, 98, 99, 100, 101, 102, 103]                 | [0.0900, 0.2900, 0.1100, 0.1900, 0.0600, 0.0900, 0.1600, 0.0100]                         | 4.0600   | 0.8200  | 0.8305 
2     | 6           | [99, 100, 101, 102, 103, 104]                        | [0.1500, 0.4000, 0.0800, 0.0300, 0.2500, 0.0900]                                         | 2.8300   | 0.7400  | 0.7471 
3     | 9           | [96, 97, 98, 99, 100, 101, 102, 103, 104]            | [0.0300, 0.0200, 0.1700, 0.2600, 0.1400, 0.2500, 0.0800, 0.0200, 0.0300]                 | 2.7939   | 0.8400  | 0.8206 
4     | 7           | [96, 97, 98, 101, 103, 104, 105]                     | [0.0100, 0.0900, 0.2900, 0.1000, 0.0400, 0.4600, 0.0100]                                 | 8.7116   | 0.6200  | 0.6913 
5     | 7           | [97, 98, 99, 100, 101, 102, 103]                     | [0.0400, 0.2800, 0.1500, 0.3000, 0.0600, 0.1400, 0.0300]                                 | 2.3600   | 0.7400  | 0.7913 
6     | 11          | [96, 97, 98, 99, 100, 101, 102, 103, 104, 105, 106]  | [0.0200, 0.0100, 0.0500, 0.3300, 0.1000, 0.0200, 0.2400, 0.1500, 0.0600, 0.0100, 0.0100] | 4.2624   | 0.7200  | 0.8018 
7     | 5           | [100, 101, 102, 103, 104]                            | [0.0600, 0.5000, 0.2700, 0.1600, 0.0100]                                                 | 0.7464   | 0.5800  | 0.6543 
8     | 7           | [97, 98, 99, 100, 101, 102, 103]                     | [0.0500, 0.1500, 0.3000, 0.0300, 0.1100, 0.2700, 0.0900]                                 | 3.3211   | 0.8200  | 0.7990 
9     | 6           | [96, 97, 98, 99, 100, 101]                           | [0.0500, 0.1200, 0.3800, 0.1600, 0.1000, 0.1900]                                         | 2.0859   | 0.7200  | 0.7748 
10    | 8           | [96, 97, 98, 99, 100, 101, 102, 103]                 | [0.1700, 0.0800, 0.1800, 0.1300, 0.2100, 0.1300, 0.0600, 0.0400]                         | 3.9384   | 0.8800  | 0.8578 
11    | 8           | [96, 97, 98, 99, 100, 101, 102, 103]                 | [0.0200, 0.0300, 0.1000, 0.1300, 0.2500, 0.0900, 0.2500, 0.1300]                         | 3.1496   | 0.8400  | 0.8301 
12    | 10          | [98, 99, 100, 101, 103, 105, 106, 107, 108, 109]     | [0.0200, 0.0900, 0.3900, 0.0100, 0.0100, 0.0400, 0.2700, 0.1300, 0.0100, 0.0300]         | 11.4899  | 0.8600  | 0.7543 
13    | 6           | [98, 99, 100, 101, 102, 103]                         | [0.2900, 0.2500, 0.2000, 0.1400, 0.1100, 0.0100]                                         | 1.8864   | 0.6600  | 0.7895 
14    | 11          | [97, 98, 99, 100, 101, 102, 103, 104, 105, 106, 107] | [0.0100, 0.0300, 0.0100, 0.1900, 0.1500, 0.0600, 0.0200, 0.1900, 0.2200, 0.1100, 0.0100] | 5.8276   | 0.8200  | 0.8481 
15    | 10          | [92, 93, 94, 96, 101, 102, 103, 105, 106, 108]       | [0.0500, 0.0600, 0.0400, 0.0100, 0.0100, 0.3500, 0.2700, 0.1800, 0.0200, 0.0100]         | 15.1296  | 0.8600  | 0.7715 
16    | 10          | [95, 96, 97, 98, 99, 100, 101, 102, 103, 104]        | [0.0200, 0.0500, 0.0600, 0.1100, 0.0700, 0.1100, 0.2300, 0.2500, 0.0700, 0.0300]         | 4.6059   | 0.8800  | 0.8517 
17    | 8           | [96, 97, 98, 99, 100, 101, 102, 103]                 | [0.0200, 0.1600, 0.1700, 0.0700, 0.0100, 0.2600, 0.2600, 0.0500]                         | 4.2584   | 0.8400  | 0.8105 
18    | 10          | [96, 97, 98, 99, 100, 101, 104, 105, 106, 107]       | [0.0200, 0.0100, 0.3100, 0.2800, 0.0900, 0.0300, 0.0700, 0.1300, 0.0400, 0.0200]         | 8.6411   | 0.7800  | 0.8002 
19    | 8           | [95, 96, 97, 98, 99, 100, 101, 102]                  | [0.1500, 0.0500, 0.3300, 0.1000, 0.0600, 0.0700, 0.1300, 0.1100]                         | 5.1275   | 0.8200  | 0.8269 
20    | 10          | [93, 94, 95, 96, 98, 99, 100, 101, 102, 103]         | [0.0600, 0.0100, 0.1300, 0.0100, 0.0500, 0.2000, 0.1000, 0.2400, 0.1300, 0.0700]         | 7.9224   | 0.8600  | 0.8560 
21    | 10          | [96, 97, 98, 99, 100, 101, 102, 103, 104, 105]       | [0.0500, 0.1200, 0.1800, 0.1100, 0.2800, 0.0900, 0.0100, 0.0200, 0.0100, 0.1300]         | 6.4011   | 0.8200  | 0.8430 

[Per-locus summary - Population 2]
Locus | Num_Alleles | Alleles                                             | Frequencies                                                                              | Variance | Obs_Het | Exp_Het
------+-------------+-----------------------------------------------------+------------------------------------------------------------------------------------------+----------+---------+--------
1     | 8           | [96, 97, 98, 99, 100, 101, 102, 103]                | [0.1200, 0.2400, 0.1400, 0.2500, 0.0700, 0.0400, 0.1300, 0.0100]                         | 3.5800   | 0.8800  | 0.8307 
2     | 7           | [99, 100, 101, 102, 103, 104, 105]                  | [0.0500, 0.4000, 0.0800, 0.0800, 0.2400, 0.1400, 0.0100]                                 | 2.7896   | 0.7800  | 0.7550 
3     | 9           | [96, 97, 98, 99, 100, 101, 102, 103, 104]           | [0.0100, 0.0300, 0.1400, 0.2200, 0.1900, 0.2300, 0.1100, 0.0400, 0.0300]                 | 2.7164   | 0.8000  | 0.8358 
4     | 8           | [97, 98, 100, 101, 102, 103, 104, 105]              | [0.0700, 0.3400, 0.0600, 0.1600, 0.0200, 0.0400, 0.3000, 0.0100]                         | 7.1776   | 0.8200  | 0.7659 
5     | 8           | [96, 97, 98, 99, 100, 101, 102, 103]                | [0.0100, 0.0200, 0.1900, 0.1300, 0.3100, 0.1200, 0.2000, 0.0200]                         | 2.3291   | 0.8400  | 0.8036 
6     | 10          | [96, 97, 98, 99, 100, 101, 102, 103, 104, 105]      | [0.0100, 0.0100, 0.0400, 0.3100, 0.1100, 0.0300, 0.2800, 0.1200, 0.0300, 0.0600]         | 4.1019   | 0.8400  | 0.7998 
7     | 6           | [99, 100, 101, 102, 103, 104]                       | [0.0200, 0.0600, 0.4300, 0.2800, 0.2000, 0.0100]                                         | 0.9379   | 0.6800  | 0.6996 
8     | 7           | [97, 98, 99, 100, 101, 102, 103]                    | [0.0700, 0.1600, 0.2800, 0.0200, 0.0900, 0.2800, 0.1000]                                 | 3.6404   | 0.8000  | 0.8022 
9     | 6           | [96, 97, 98, 99, 100, 101]                          | [0.0300, 0.0300, 0.3000, 0.3200, 0.1500, 0.1700]                                         | 1.5184   | 0.7000  | 0.7620 
10    | 8           | [96, 97, 98, 99, 100, 101, 102, 103]                | [0.0700, 0.1300, 0.2600, 0.1500, 0.2300, 0.0800, 0.0500, 0.0300]                         | 2.8851   | 0.8400  | 0.8337 
11    | 7           | [97, 98, 99, 100, 101, 102, 103]                    | [0.0400, 0.1500, 0.1000, 0.2400, 0.1300, 0.2800, 0.0600]                                 | 2.7275   | 0.7800  | 0.8176 
12    | 9           | [98, 99, 100, 101, 103, 105, 106, 107, 108]         | [0.0400, 0.0700, 0.3100, 0.0100, 0.0100, 0.0900, 0.2300, 0.1700, 0.0700]                 | 11.6291  | 0.8400  | 0.8105 
13    | 6           | [98, 99, 100, 101, 102, 103]                        | [0.2600, 0.2100, 0.1400, 0.2300, 0.1000, 0.0600]                                         | 2.4056   | 0.8000  | 0.8103 
14    | 9           | [98, 100, 101, 102, 103, 104, 105, 106, 107]        | [0.0400, 0.1700, 0.2500, 0.0200, 0.0100, 0.2000, 0.2400, 0.0500, 0.0200]                 | 5.3776   | 0.9000  | 0.8141 
15    | 11          | [92, 93, 94, 95, 101, 102, 103, 104, 105, 106, 108] | [0.0300, 0.0400, 0.0500, 0.0200, 0.0300, 0.3400, 0.2000, 0.0200, 0.2300, 0.0300, 0.0100] | 13.6256  | 0.8000  | 0.7917 
16    | 10          | [95, 96, 97, 98, 99, 100, 101, 102, 103, 104]       | [0.0300, 0.0500, 0.1000, 0.2500, 0.0500, 0.1100, 0.1200, 0.1400, 0.1100, 0.0400]         | 5.7139   | 0.8800  | 0.8705 
17    | 7           | [97, 98, 99, 100, 101, 102, 103]                    | [0.2200, 0.2000, 0.1200, 0.0400, 0.2200, 0.1600, 0.0400]                                 | 3.8496   | 0.8600  | 0.8283 
18    | 11          | [96, 97, 98, 99, 100, 101, 103, 104, 105, 106, 107] | [0.0100, 0.0100, 0.2700, 0.3500, 0.0500, 0.0100, 0.0200, 0.0700, 0.1500, 0.0500, 0.0100] | 8.7699   | 0.8000  | 0.7792 
19    | 9           | [95, 96, 97, 98, 99, 100, 101, 102, 103]            | [0.1200, 0.0700, 0.3400, 0.0500, 0.0700, 0.0500, 0.1800, 0.1100, 0.0100]                 | 5.4704   | 0.8400  | 0.8188 
20    | 9           | [93, 94, 95, 98, 99, 100, 101, 102, 103]            | [0.0800, 0.0100, 0.1100, 0.0300, 0.2200, 0.1100, 0.3100, 0.0900, 0.0400]                 | 7.6944   | 0.8400  | 0.8224 
21    | 9           | [96, 97, 98, 99, 100, 101, 102, 103, 105]           | [0.0900, 0.2000, 0.1400, 0.0700, 0.2400, 0.1200, 0.0200, 0.0300, 0.0900]                 | 6.2179   | 0.8600  | 0.8546 
