
[Simulation Info]
simulation_id = sim_0002141
timestamp     = 20250428_081640
seed          = 369750
output_folder = /home/lejeunet/Bureau/simulations/Ref_table/sim_0002141

[Model Parameters]
pop_size           = 71
num_loci           = 20
sample1_generation = 30
sample2_generation = 10
low_repeats        = 1
high_repeats       = 200
mutation_rate      = 0.001
recap_Ne           = 71

[Sampling Design]
sample1_size_Ne  = 50
sample2_size_Ne  = 50
sample1_size_CMR = 50
sample2_size_CMR = 50

[Capture-Marquage-Recapture]
census_N   =  70
MatchCount =  37

[Ne Estimates - One Sample - Decreasing critical values [0.050, 0.020, 0.010, 0+]]

[Linkage Desequilibrium]
LD_Ne_Pop1 = [61.6, 61.8, 92.6, 92.6]
LD_r2_Pop1 = [0.026505, 0.026491, 0.024794, 0.024794]
LD_Ne_Pop2 = [52.4, 44.3, 62.4, 62.4]
LD_r2_Pop2 = [0.027383, 0.028455, 0.026444, 0.026444]

[Heterozygote excess]
HE_Neb_mean_Pop1        = [11.2, 11.6, 12.0, 12.0]
HE_weighted_D_mean_Pop1 = [0.04671, 0.04511, 0.04337, 0.04337]
HE_Neb_mean_Pop2        = [21.2, 22.1, 24.8, 24.8]
HE_weighted_D_mean_Pop2 = [0.02417, 0.0231, 0.02059, 0.02059]

[Molecular Coancestry]
Coan_Neb_n_Pop1 = None
Coan_f1_Pop1    = -0.01033
Coan_Neb_n_Pop2 = 2.4
Coan_f1_Pop2    = 0.20747

[Ne Estimates - Temporal - Decreasing critical values (0.050, 0.020, 0.010, 0+)]

[Pollak]
P_Ne     = [68.5, 68.5, 74.9, 77.2]
P_Fk     = [0.09297, 0.09297, 0.08676, 0.08474]
P_Fprime = [0.07297, 0.07297, 0.06676, 0.06474]

[Nei/Tajima]
N_Ne     = [72.4, 72.4, 78.5, 81.6]
N_Fc     = [0.0891, 0.0891, 0.0837, 0.08125]
N_Fprime = [0.0691, 0.0691, 0.0637, 0.06125]

[Jorde/Ryman]
J_Ne     = [54.7, 54.7, 55.0, 55.0]
J_Fs     = [0.11365, 0.11365, 0.11319, 0.11303]
J_Fprime = [0.09142, 0.09142, 0.09099, 0.09083]

[Genetic Diversity - Heterozygosity]
mean_exp_het_pop1 = 0.2861
mean_obs_het_pop1 = 0.3011
mean_exp_het_pop2 = 0.3197
mean_obs_het_pop2 = 0.3274

[Genetic Diversity - Allele Counts]
mean_alleles_pop1 = 2.37
var_alleles_pop1  = 0.36
sum_alleles_pop1  = 45
mean_alleles_pop2 = 2.63
var_alleles_pop2  = 0.29
sum_alleles_pop2  = 100

[Genetic Diversity - Allelic Size Variance]
var_allele_size_pop1 = 0.177
var_allele_size_pop2 = 0.2222

[Per-locus summary - Population 1]
Locus | Num_Alleles | Alleles         | Frequencies              | Variance | Obs_Het | Exp_Het
------+-------------+-----------------+--------------------------+----------+---------+--------
1     | 3           | [100, 101, 102] | [0.9500, 0.0200, 0.0300] | 0.1336   | 0.1000  | 0.0972 
2     | 1           | [100]           | [1.0000]                 | 0.0000   | NA      | NA     
3     | 2           | [99, 100]       | [0.8300, 0.1700]         | 0.1411   | 0.2600  | 0.2851 
4     | 2           | [99, 100]       | [0.0900, 0.9100]         | 0.0819   | 0.1800  | 0.1655 
5     | 3           | [100, 101, 102] | [0.0300, 0.8200, 0.1500] | 0.1656   | 0.3400  | 0.3073 
6     | 3           | [98, 99, 100]   | [0.2200, 0.7700, 0.0100] | 0.1859   | 0.4000  | 0.3622 
7     | 3           | [99, 100, 101]  | [0.0600, 0.8900, 0.0500] | 0.1099   | 0.2200  | 0.2038 
8     | 3           | [99, 100, 101]  | [0.0100, 0.7700, 0.2200] | 0.1859   | 0.3800  | 0.3622 
9     | 3           | [99, 100, 101]  | [0.0700, 0.4100, 0.5200] | 0.3875   | 0.6400  | 0.5622 
10    | 2           | [99, 100]       | [0.2900, 0.7100]         | 0.2059   | 0.4200  | 0.4160 
11    | 2           | [100, 102]      | [0.2300, 0.7700]         | 0.7084   | 0.3800  | 0.3578 
12    | 2           | [100, 101]      | [0.9200, 0.0800]         | 0.0736   | 0.1600  | 0.1487 
13    | 2           | [99, 100]       | [0.1000, 0.9000]         | 0.0900   | 0.1600  | 0.1818 
14    | 2           | [100, 101]      | [0.8100, 0.1900]         | 0.1539   | 0.3800  | 0.3109 
15    | 3           | [99, 100, 101]  | [0.1400, 0.8500, 0.0100] | 0.1331   | 0.2600  | 0.2604 
16    | 2           | [100, 101]      | [0.8900, 0.1100]         | 0.0979   | 0.2200  | 0.1978 
17    | 3           | [98, 100, 101]  | [0.0100, 0.6300, 0.3600] | 0.2844   | 0.4400  | 0.4782 
18    | 2           | [99, 100]       | [0.3100, 0.6900]         | 0.2139   | 0.4600  | 0.4321 
19    | 2           | [100, 101]      | [0.9900, 0.0100]         | 0.0099   | 0.0200  | 0.0200 

[Per-locus summary - Population 2]
Locus | Num_Alleles | Alleles         | Frequencies              | Variance | Obs_Het | Exp_Het
------+-------------+-----------------+--------------------------+----------+---------+--------
1     | 3           | [99, 100, 101]  | [0.0100, 0.9100, 0.0800] | 0.0851   | 0.1800  | 0.1671 
2     | 2           | [99, 100]       | [0.0100, 0.9900]         | 0.0099   | 0.0200  | 0.0200 
3     | 3           | [98, 99, 100]   | [0.0100, 0.5300, 0.4600] | 0.2675   | 0.5800  | 0.5125 
4     | 2           | [99, 100]       | [0.0200, 0.9800]         | 0.0196   | 0.0400  | 0.0396 
5     | 3           | [100, 101, 102] | [0.1500, 0.7400, 0.1100] | 0.2584   | 0.4600  | 0.4220 
6     | 3           | [98, 99, 100]   | [0.2400, 0.6500, 0.1100] | 0.3331   | 0.5200  | 0.5129 
7     | 2           | [100, 101]      | [0.8200, 0.1800]         | 0.1476   | 0.2800  | 0.2982 
8     | 2           | [100, 101]      | [0.7400, 0.2600]         | 0.1924   | 0.3600  | 0.3887 
9     | 3           | [99, 100, 101]  | [0.1700, 0.5200, 0.3100] | 0.4604   | 0.4600  | 0.6107 
10    | 3           | [99, 100, 101]  | [0.2900, 0.6500, 0.0600] | 0.2971   | 0.6000  | 0.4948 
11    | 2           | [100, 102]      | [0.5600, 0.4400]         | 0.9856   | 0.5600  | 0.4978 
12    | 2           | [100, 101]      | [0.9200, 0.0800]         | 0.0736   | 0.1600  | 0.1487 
13    | 2           | [99, 100]       | [0.0100, 0.9900]         | 0.0099   | 0.0200  | 0.0200 
14    | 3           | [99, 100, 101]  | [0.0100, 0.8900, 0.1000] | 0.1019   | 0.2200  | 0.1998 
15    | 3           | [99, 100, 101]  | [0.2600, 0.7000, 0.0400] | 0.2516   | 0.5000  | 0.4452 
16    | 2           | [100, 101]      | [0.8500, 0.1500]         | 0.1275   | 0.2600  | 0.2576 
17    | 2           | [100, 101]      | [0.6500, 0.3500]         | 0.2275   | 0.3800  | 0.4596 
18    | 3           | [99, 100, 101]  | [0.2900, 0.6100, 0.1000] | 0.3539   | 0.5800  | 0.5392 
19    | 3           | [99, 100, 101]  | [0.0100, 0.9800, 0.0100] | 0.0200   | 0.0400  | 0.0398 
