
[Simulation Info]
simulation_id = sim_0007880
timestamp     = 20250428_103532
seed          = 525777
output_folder = /home/lejeunet/Bureau/simulations/Ref_table/sim_0007880

[Model Parameters]
pop_size           = 1870
num_loci           = 20
sample1_generation = 30
sample2_generation = 10
low_repeats        = 1
high_repeats       = 200
mutation_rate      = 0.001
recap_Ne           = 1870

[Sampling Design]
sample1_size_Ne  = 50
sample2_size_Ne  = 50
sample1_size_CMR = 50
sample2_size_CMR = 50

[Capture-Marquage-Recapture]
census_N   =  867
MatchCount =  3

[Ne Estimates - One Sample - Decreasing critical values [0.050, 0.020, 0.010, 0+]]

[Linkage Desequilibrium]
LD_Ne_Pop1 = [None, 800.7, 1780.5, 1780.5]
LD_r2_Pop1 = [0.021216, 0.021691, 0.021463, 0.021463]
LD_Ne_Pop2 = [21896.0, 614.9, 661.4, 661.4]
LD_r2_Pop2 = [0.021291, 0.021816, 0.021778, 0.021778]

[Heterozygote excess]
HE_Neb_mean_Pop1        = [28.0, 38.0, 40.2, 40.2]
HE_weighted_D_mean_Pop1 = [0.01819, 0.01332, 0.01258, 0.01258]
HE_Neb_mean_Pop2        = [None, None, None, None]
HE_weighted_D_mean_Pop2 = [-0.02837, -0.02138, -0.02114, -0.02114]

[Molecular Coancestry]
Coan_Neb_n_Pop1 = 172.6
Coan_f1_Pop1    = 0.0029
Coan_Neb_n_Pop2 = None
Coan_f1_Pop2    = -0.01821

[Ne Estimates - Temporal - Decreasing critical values (0.050, 0.020, 0.010, 0+)]

[Pollak]
P_Ne     = [810.1, 1044.9, 1107.7, 1210.9]
P_Fk     = [0.02617, 0.02479, 0.02451, 0.02413]
P_Fprime = [0.00617, 0.00479, 0.00451, 0.00413]

[Nei/Tajima]
N_Ne     = [877.7, 1100.9, 1160.8, 1257.9]
N_Fc     = [0.0257, 0.02454, 0.02431, 0.02397]
N_Fprime = [0.0057, 0.00454, 0.00431, 0.00397]

[Jorde/Ryman]
J_Ne     = [877.5, 906.0, 908.4, 912.5]
J_Fs     = [0.02581, 0.02563, 0.02561, 0.02559]
J_Fprime = [0.0057, 0.00552, 0.0055, 0.00548]

[Genetic Diversity - Heterozygosity]
mean_exp_het_pop1 = 0.774
mean_obs_het_pop1 = 0.7933
mean_exp_het_pop2 = 0.7876
mean_obs_het_pop2 = 0.7629

[Genetic Diversity - Allele Counts]
mean_alleles_pop1 = 7.71
var_alleles_pop1  = 3.91
sum_alleles_pop1  = 162
mean_alleles_pop2 = 8.0
var_alleles_pop2  = 3.8
sum_alleles_pop2  = 336

[Genetic Diversity - Allelic Size Variance]
var_allele_size_pop1 = 5.4313
var_allele_size_pop2 = 5.2203

[Per-locus summary - Population 1]
Locus | Num_Alleles | Alleles                                                 | Frequencies                                                                                      | Variance | Obs_Het | Exp_Het
------+-------------+---------------------------------------------------------+--------------------------------------------------------------------------------------------------+----------+---------+--------
1     | 7           | [97, 98, 99, 100, 101, 102, 103]                        | [0.0400, 0.0300, 0.2500, 0.4300, 0.1400, 0.1000, 0.0100]                                         | 1.3564   | 0.7200  | 0.7277 
2     | 9           | [97, 99, 100, 101, 102, 103, 104, 105, 107]             | [0.0500, 0.0400, 0.2400, 0.1100, 0.0200, 0.0300, 0.3600, 0.1300, 0.0200]                         | 5.7416   | 0.8200  | 0.7859 
3     | 7           | [94, 95, 96, 102, 103, 104, 105]                        | [0.0700, 0.2000, 0.0800, 0.0700, 0.4200, 0.1500, 0.0100]                                         | 15.4139  | 0.7200  | 0.7523 
4     | 11          | [93, 94, 95, 96, 98, 99, 100, 101, 102, 103, 104]       | [0.0400, 0.0900, 0.2500, 0.0600, 0.0200, 0.1200, 0.0800, 0.1300, 0.1200, 0.0200, 0.0700]         | 11.4224  | 0.8800  | 0.8751 
5     | 6           | [98, 99, 100, 101, 102, 103]                            | [0.1800, 0.1400, 0.3400, 0.2600, 0.0600, 0.0200]                                                 | 1.5364   | 0.7600  | 0.7685 
6     | 7           | [101, 102, 103, 104, 105, 106, 107]                     | [0.1200, 0.0500, 0.1000, 0.2600, 0.4000, 0.0400, 0.0300]                                         | 2.2099   | 0.8000  | 0.7505 
7     | 5           | [100, 101, 102, 103, 104]                               | [0.0900, 0.1300, 0.3700, 0.2600, 0.1500]                                                         | 1.2875   | 0.7400  | 0.7556 
8     | 9           | [96, 97, 98, 99, 100, 101, 102, 103, 105]               | [0.0600, 0.1100, 0.0500, 0.1700, 0.2900, 0.0700, 0.1900, 0.0400, 0.0200]                         | 3.9811   | 0.8600  | 0.8341 
9     | 7           | [96, 97, 98, 99, 100, 101, 103]                         | [0.0800, 0.3300, 0.2200, 0.0100, 0.0900, 0.2100, 0.0600]                                         | 4.0131   | 0.8600  | 0.7883 
10    | 8           | [99, 100, 101, 102, 103, 104, 105, 106]                 | [0.0500, 0.2300, 0.1000, 0.3500, 0.0600, 0.0100, 0.1900, 0.0100]                                 | 3.4396   | 0.9000  | 0.7800 
11    | 9           | [95, 96, 97, 98, 100, 101, 102, 103, 104]               | [0.0400, 0.2200, 0.2700, 0.1600, 0.0200, 0.1000, 0.0500, 0.1100, 0.0300]                         | 6.9264   | 0.9000  | 0.8339 
12    | 8           | [95, 96, 97, 98, 99, 100, 101, 102]                     | [0.0100, 0.1000, 0.0400, 0.2200, 0.0100, 0.1400, 0.1100, 0.3700]                                 | 4.6611   | 0.8800  | 0.7790 
13    | 7           | [96, 97, 98, 99, 100, 101, 102]                         | [0.0800, 0.0200, 0.1800, 0.2800, 0.3000, 0.1300, 0.0100]                                         | 1.8731   | 0.7200  | 0.7832 
14    | 6           | [96, 97, 98, 99, 100, 101]                              | [0.0300, 0.2100, 0.3200, 0.2800, 0.1500, 0.0100]                                                 | 1.1844   | 0.9000  | 0.7592 
15    | 6           | [98, 99, 100, 101, 102, 104]                            | [0.0200, 0.2100, 0.6000, 0.1300, 0.0200, 0.0200]                                                 | 0.8200   | 0.6800  | 0.5836 
16    | 4           | [101, 102, 103, 104]                                    | [0.2600, 0.2000, 0.4300, 0.1100]                                                                 | 0.9779   | 0.7200  | 0.7024 
17    | 7           | [98, 99, 100, 101, 102, 103, 104]                       | [0.1600, 0.0200, 0.0800, 0.2500, 0.2200, 0.2400, 0.0300]                                         | 3.0139   | 0.7400  | 0.8063 
18    | 8           | [97, 98, 99, 100, 101, 102, 103, 104]                   | [0.0100, 0.0800, 0.4700, 0.0400, 0.1000, 0.2000, 0.0800, 0.0200]                                 | 2.7944   | 0.6400  | 0.7214 
19    | 11          | [95, 96, 99, 100, 101, 102, 103, 104, 105, 106, 107]    | [0.3000, 0.0900, 0.0300, 0.0500, 0.0200, 0.1900, 0.0100, 0.0200, 0.1400, 0.1400, 0.0100]         | 19.1371  | 0.8000  | 0.8305 
20    | 12          | [94, 95, 96, 97, 98, 101, 102, 103, 104, 105, 106, 107] | [0.0100, 0.2100, 0.0700, 0.1100, 0.0800, 0.0100, 0.0100, 0.1500, 0.0800, 0.2200, 0.0300, 0.0200] | 18.1644  | 0.8000  | 0.8622 
21    | 8           | [95, 96, 97, 98, 99, 101, 102, 103]                     | [0.0500, 0.1400, 0.3800, 0.2200, 0.0300, 0.0400, 0.1300, 0.0100]                                 | 4.1019   | 0.8200  | 0.7733 

[Per-locus summary - Population 2]
Locus | Num_Alleles | Alleles                                               | Frequencies                                                                                      | Variance | Obs_Het | Exp_Het
------+-------------+-------------------------------------------------------+--------------------------------------------------------------------------------------------------+----------+---------+--------
1     | 7           | [97, 98, 99, 100, 101, 102, 103]                      | [0.0100, 0.0400, 0.3000, 0.3400, 0.1700, 0.1100, 0.0300]                                         | 1.4251   | 0.7000  | 0.7584 
2     | 10          | [97, 98, 99, 100, 101, 102, 103, 104, 105, 107]       | [0.0800, 0.0300, 0.0300, 0.2500, 0.0600, 0.0200, 0.1500, 0.3100, 0.0400, 0.0300]                 | 6.2931   | 0.8400  | 0.8123 
3     | 8           | [94, 95, 96, 102, 103, 104, 105, 106]                 | [0.0900, 0.2100, 0.0800, 0.0900, 0.3000, 0.1500, 0.0700, 0.0100]                                 | 17.3076  | 0.7800  | 0.8240 
4     | 12          | [93, 94, 95, 96, 97, 98, 99, 100, 101, 102, 103, 104] | [0.0200, 0.0500, 0.1900, 0.0400, 0.0200, 0.0500, 0.2000, 0.0300, 0.1100, 0.2200, 0.0300, 0.0400] | 9.4179   | 0.8200  | 0.8612 
5     | 6           | [98, 99, 100, 101, 102, 103]                          | [0.1600, 0.0800, 0.4300, 0.2900, 0.0100, 0.0300]                                                 | 1.3200   | 0.5200  | 0.7050 
6     | 8           | [101, 102, 103, 104, 105, 106, 107, 108]              | [0.0800, 0.0300, 0.0900, 0.3400, 0.3300, 0.0400, 0.0700, 0.0200]                                 | 2.2739   | 0.7800  | 0.7608 
7     | 5           | [100, 101, 102, 103, 104]                             | [0.1000, 0.1600, 0.4700, 0.1500, 0.1200]                                                         | 1.1891   | 0.7200  | 0.7137 
8     | 9           | [96, 97, 98, 99, 100, 101, 102, 103, 105]             | [0.0900, 0.1400, 0.0800, 0.1100, 0.3000, 0.1800, 0.0800, 0.0100, 0.0100]                         | 3.5731   | 0.8000  | 0.8331 
9     | 8           | [96, 97, 98, 100, 101, 102, 103, 104]                 | [0.1100, 0.3100, 0.1900, 0.1600, 0.1800, 0.0100, 0.0200, 0.0200]                                 | 4.0419   | 0.7200  | 0.8048 
10    | 6           | [99, 100, 101, 102, 103, 105]                         | [0.0800, 0.2000, 0.1000, 0.2200, 0.1700, 0.2300]                                                 | 3.8456   | 0.9400  | 0.8216 
11    | 9           | [95, 96, 97, 98, 100, 101, 102, 103, 104]             | [0.0400, 0.1700, 0.3400, 0.1800, 0.0300, 0.1000, 0.0600, 0.0300, 0.0500]                         | 5.8475   | 0.8400  | 0.8117 
12    | 9           | [95, 96, 97, 98, 99, 100, 101, 102, 103]              | [0.0200, 0.0800, 0.0700, 0.1500, 0.0800, 0.1700, 0.1500, 0.2600, 0.0200]                         | 4.3816   | 0.7600  | 0.8485 
13    | 7           | [96, 97, 98, 99, 100, 101, 102]                       | [0.0700, 0.0300, 0.1800, 0.3000, 0.2900, 0.1100, 0.0200]                                         | 1.8256   | 0.8600  | 0.7830 
14    | 6           | [96, 97, 98, 99, 100, 101]                            | [0.0500, 0.1500, 0.3800, 0.2500, 0.1400, 0.0300]                                                 | 1.2931   | 0.7000  | 0.7551 
15    | 7           | [98, 99, 100, 101, 102, 104, 105]                     | [0.0100, 0.2100, 0.5700, 0.1400, 0.0400, 0.0100, 0.0200]                                         | 1.1931   | 0.6600  | 0.6153 
16    | 4           | [101, 102, 103, 104]                                  | [0.2900, 0.2300, 0.3300, 0.1500]                                                                 | 1.1044   | 0.7000  | 0.7390 
17    | 9           | [96, 97, 98, 99, 100, 101, 102, 103, 104]             | [0.0100, 0.0200, 0.2200, 0.0200, 0.1300, 0.2900, 0.1500, 0.1500, 0.0100]                         | 3.3696   | 0.7600  | 0.8127 
18    | 7           | [98, 99, 100, 101, 102, 103, 104]                     | [0.1100, 0.3400, 0.0500, 0.1900, 0.1900, 0.0800, 0.0400]                                         | 2.9219   | 0.7200  | 0.7976 
19    | 9           | [95, 96, 99, 100, 101, 102, 104, 105, 106]            | [0.1800, 0.1800, 0.0600, 0.0400, 0.0400, 0.2900, 0.0500, 0.0900, 0.0700]                         | 14.2099  | 0.7600  | 0.8372 
20    | 10          | [95, 96, 97, 98, 101, 103, 104, 105, 106, 107]        | [0.1900, 0.0400, 0.0600, 0.0600, 0.0300, 0.1900, 0.0700, 0.3100, 0.0300, 0.0200]                 | 17.0444  | 0.7800  | 0.8240 
21    | 8           | [95, 96, 97, 98, 99, 101, 102, 103]                   | [0.0500, 0.0600, 0.2700, 0.2500, 0.0400, 0.0700, 0.1900, 0.0700]                                 | 5.7476   | 0.8600  | 0.8192 
