
[Simulation Info]
simulation_id = sim_0005769
timestamp     = 20250428_094027
seed          = 452419
output_folder = /home/lejeunet/Bureau/simulations/Ref_table/sim_0005769

[Model Parameters]
pop_size           = 963
num_loci           = 20
sample1_generation = 30
sample2_generation = 10
low_repeats        = 1
high_repeats       = 200
mutation_rate      = 0.001
recap_Ne           = 963

[Sampling Design]
sample1_size_Ne  = 50
sample2_size_Ne  = 50
sample1_size_CMR = 50
sample2_size_CMR = 50

[Capture-Marquage-Recapture]
census_N   =  2601
MatchCount =  1

[Ne Estimates - One Sample - Decreasing critical values [0.050, 0.020, 0.010, 0+]]

[Linkage Desequilibrium]
LD_Ne_Pop1 = [1197.6, 663.9, 461.5, 461.5]
LD_r2_Pop1 = [0.021554, 0.021777, 0.021995, 0.021995]
LD_Ne_Pop2 = [None, None, 1713.9, 1713.9]
LD_r2_Pop2 = [0.020635, 0.021042, 0.02147, 0.02147]

[Heterozygote excess]
HE_Neb_mean_Pop1        = [None, None, None, None]
HE_weighted_D_mean_Pop1 = [-0.00526, -0.00439, -0.00439, -0.00439]
HE_Neb_mean_Pop2        = [29.5, 34.3, 36.1, 36.1]
HE_weighted_D_mean_Pop2 = [0.01722, 0.01478, 0.01403, 0.01403]

[Molecular Coancestry]
Coan_Neb_n_Pop1 = None
Coan_f1_Pop1    = -0.02677
Coan_Neb_n_Pop2 = None
Coan_f1_Pop2    = -0.05476

[Ne Estimates - Temporal - Decreasing critical values (0.050, 0.020, 0.010, 0+)]

[Pollak]
P_Ne     = [479.8, 439.3, 431.4, 431.4]
P_Fk     = [0.03042, 0.03138, 0.03159, 0.03159]
P_Fprime = [0.01042, 0.01138, 0.01159, 0.01159]

[Nei/Tajima]
N_Ne     = [540.6, 494.9, 484.1, 484.1]
N_Fc     = [0.02925, 0.0301, 0.03033, 0.03033]
N_Fprime = [0.00925, 0.0101, 0.01033, 0.01033]

[Jorde/Ryman]
J_Ne     = [619.0, 614.9, 609.8, 609.8]
J_Fs     = [0.02819, 0.02825, 0.02832, 0.02832]
J_Fprime = [0.00808, 0.00813, 0.0082, 0.0082]

[Genetic Diversity - Heterozygosity]
mean_exp_het_pop1 = 0.6749
mean_obs_het_pop1 = 0.6752
mean_exp_het_pop2 = 0.6609
mean_obs_het_pop2 = 0.6733

[Genetic Diversity - Allele Counts]
mean_alleles_pop1 = 5.38
var_alleles_pop1  = 1.45
sum_alleles_pop1  = 113
mean_alleles_pop2 = 5.64
var_alleles_pop2  = 1.26
sum_alleles_pop2  = 237

[Genetic Diversity - Allelic Size Variance]
var_allele_size_pop1 = 1.5791
var_allele_size_pop2 = 1.5349

[Per-locus summary - Population 1]
Locus | Num_Alleles | Alleles                              | Frequencies                                                      | Variance | Obs_Het | Exp_Het
------+-------------+--------------------------------------+------------------------------------------------------------------+----------+---------+--------
1     | 6           | [96, 97, 98, 99, 100, 101]           | [0.0200, 0.2000, 0.3700, 0.2600, 0.1400, 0.0100]                 | 1.0811   | 0.7200  | 0.7428 
2     | 6           | [99, 101, 102, 103, 104, 105]        | [0.2500, 0.2100, 0.2200, 0.1400, 0.1700, 0.0100]                 | 3.1675   | 0.8000  | 0.8044 
3     | 4           | [97, 98, 99, 101]                    | [0.0400, 0.5800, 0.3700, 0.0100]                                 | 0.3704   | 0.4800  | 0.5303 
4     | 5           | [98, 101, 102, 104, 105]             | [0.0200, 0.0200, 0.3100, 0.3600, 0.2900]                         | 2.1699   | 0.7600  | 0.6964 
5     | 7           | [94, 95, 96, 97, 98, 99, 100]        | [0.1100, 0.1900, 0.1900, 0.2400, 0.0600, 0.1700, 0.0400]         | 2.8956   | 0.8200  | 0.8323 
6     | 6           | [97, 98, 99, 100, 101, 102]          | [0.0200, 0.3700, 0.3000, 0.2300, 0.0700, 0.0100]                 | 1.0499   | 0.7400  | 0.7220 
7     | 5           | [96, 97, 100, 101, 102]              | [0.0300, 0.0600, 0.2900, 0.5300, 0.0900]                         | 1.7419   | 0.7400  | 0.6287 
8     | 5           | [98, 99, 100, 101, 102]              | [0.0500, 0.0800, 0.2400, 0.5900, 0.0400]                         | 0.7899   | 0.5600  | 0.5897 
9     | 5           | [97, 98, 99, 100, 101]               | [0.0200, 0.5500, 0.3500, 0.0100, 0.0700]                         | 0.7264   | 0.5600  | 0.5754 
10    | 5           | [98, 99, 100, 101, 103]              | [0.0400, 0.6700, 0.1300, 0.0900, 0.0700]                         | 1.3475   | 0.5800  | 0.5249 
11    | 4           | [98, 99, 100, 101]                   | [0.0400, 0.3200, 0.4000, 0.2400]                                 | 0.6944   | 0.7200  | 0.6853 
12    | 5           | [99, 100, 101, 102, 103]             | [0.2700, 0.3200, 0.0600, 0.3100, 0.0400]                         | 1.6491   | 0.7400  | 0.7307 
13    | 5           | [98, 99, 100, 101, 102]              | [0.1600, 0.2800, 0.4600, 0.0500, 0.0500]                         | 0.9675   | 0.6600  | 0.6863 
14    | 6           | [98, 99, 100, 101, 102, 103]         | [0.0900, 0.0700, 0.5700, 0.0200, 0.2200, 0.0300]                 | 1.5100   | 0.6000  | 0.6186 
15    | 4           | [97, 98, 99, 100]                    | [0.1200, 0.3100, 0.2600, 0.3100]                                 | 1.0424   | 0.6000  | 0.7331 
16    | 5           | [99, 100, 101, 102, 104]             | [0.0300, 0.5400, 0.1800, 0.2000, 0.0500]                         | 1.2475   | 0.6400  | 0.6390 
17    | 5           | [100, 101, 102, 103, 104]            | [0.0600, 0.3100, 0.0400, 0.5500, 0.0400]                         | 1.2200   | 0.6200  | 0.6006 
18    | 7           | [97, 98, 100, 101, 102, 103, 104]    | [0.0100, 0.0200, 0.1600, 0.4000, 0.0800, 0.3000, 0.0300]         | 1.7899   | 0.7600  | 0.7238 
19    | 8           | [96, 97, 98, 99, 100, 101, 102, 103] | [0.0100, 0.2100, 0.1700, 0.0600, 0.0500, 0.2200, 0.0600, 0.2200] | 5.2251   | 0.8400  | 0.8287 
20    | 7           | [97, 98, 99, 100, 101, 102, 103]     | [0.2000, 0.3500, 0.1300, 0.2500, 0.0100, 0.0200, 0.0400]         | 2.1924   | 0.7400  | 0.7636 
21    | 3           | [99, 100, 101]                       | [0.4300, 0.5500, 0.0200]                                         | 0.2819   | 0.5000  | 0.5174 

[Per-locus summary - Population 2]
Locus | Num_Alleles | Alleles                          | Frequencies                                              | Variance | Obs_Het | Exp_Het
------+-------------+----------------------------------+----------------------------------------------------------+----------+---------+--------
1     | 5           | [97, 98, 99, 100, 101]           | [0.0600, 0.5100, 0.2300, 0.1800, 0.0200]                 | 0.8419   | 0.6200  | 0.6572 
2     | 6           | [99, 100, 101, 102, 103, 104]    | [0.1900, 0.0200, 0.3100, 0.2100, 0.1300, 0.1400]         | 2.5299   | 0.8600  | 0.7947 
3     | 5           | [97, 98, 99, 100, 101]           | [0.0400, 0.6200, 0.2800, 0.0500, 0.0100]                 | 0.4731   | 0.5400  | 0.5384 
4     | 6           | [98, 101, 102, 103, 104, 105]    | [0.0300, 0.0300, 0.2900, 0.0400, 0.3800, 0.2300]         | 2.3444   | 0.7400  | 0.7224 
5     | 7           | [94, 95, 96, 97, 98, 99, 100]    | [0.0600, 0.2400, 0.2100, 0.2000, 0.0400, 0.2000, 0.0500] | 2.9216   | 0.8000  | 0.8188 
6     | 7           | [96, 97, 98, 99, 100, 101, 102]  | [0.0100, 0.0600, 0.4700, 0.2100, 0.1500, 0.0900, 0.0100] | 1.3324   | 0.6400  | 0.7077 
7     | 6           | [96, 97, 99, 100, 101, 102]      | [0.0800, 0.0400, 0.0100, 0.2200, 0.5400, 0.1100]         | 2.5339   | 0.6600  | 0.6463 
8     | 5           | [98, 99, 100, 101, 102]          | [0.0400, 0.0400, 0.2500, 0.6400, 0.0300]                 | 0.6236   | 0.5600  | 0.5291 
9     | 5           | [97, 98, 99, 100, 101]           | [0.0800, 0.4800, 0.3600, 0.0300, 0.0500]                 | 0.7699   | 0.6400  | 0.6366 
10    | 5           | [98, 99, 100, 101, 103]          | [0.0600, 0.7600, 0.0900, 0.0600, 0.0300]                 | 0.7971   | 0.4000  | 0.4103 
11    | 4           | [98, 99, 100, 101]               | [0.2100, 0.2300, 0.3000, 0.2600]                         | 1.1779   | 0.8600  | 0.7529 
12    | 6           | [98, 99, 100, 101, 102, 103]     | [0.0100, 0.2200, 0.4400, 0.0500, 0.2700, 0.0100]         | 1.3356   | 0.6400  | 0.6893 
13    | 5           | [98, 99, 100, 101, 102]          | [0.2400, 0.3000, 0.3800, 0.0700, 0.0100]                 | 0.8939   | 0.8000  | 0.7101 
14    | 5           | [98, 99, 100, 101, 102]          | [0.0500, 0.1400, 0.7200, 0.0100, 0.0800]                 | 0.6651   | 0.5600  | 0.4576 
15    | 4           | [97, 98, 99, 100]                | [0.1000, 0.2900, 0.2900, 0.3200]                         | 0.9811   | 0.7600  | 0.7267 
16    | 6           | [99, 100, 101, 102, 103, 104]    | [0.1300, 0.4200, 0.0500, 0.3600, 0.0300, 0.0100]         | 1.4571   | 0.5800  | 0.6804 
17    | 4           | [100, 101, 103, 104]             | [0.0800, 0.3000, 0.6100, 0.0100]                         | 1.2411   | 0.4800  | 0.5368 
18    | 7           | [97, 98, 99, 100, 101, 102, 103] | [0.0300, 0.0300, 0.0100, 0.1500, 0.4000, 0.0400, 0.3400] | 2.2244   | 0.7200  | 0.7055 
19    | 7           | [97, 98, 99, 100, 101, 102, 103] | [0.1200, 0.2300, 0.0700, 0.1000, 0.1600, 0.0900, 0.2300] | 4.6404   | 0.8800  | 0.8396 
20    | 6           | [97, 98, 99, 100, 101, 102]      | [0.2000, 0.3200, 0.1700, 0.1700, 0.0700, 0.0700]         | 2.1600   | 0.8400  | 0.7980 
21    | 4           | [98, 99, 100, 101]               | [0.0100, 0.4400, 0.5400, 0.0100]                         | 0.2875   | 0.5600  | 0.5198 
