
[Simulation Info]
simulation_id = sim_0011555
timestamp     = 20250429_091436
seed          = 148801
output_folder = /home/lejeunet/Bureau/simulations/Ref_table/sim_0011555

[Model Parameters]
pop_size           = 2422
num_loci           = 20
sample1_generation = 30
sample2_generation = 10
low_repeats        = 1
high_repeats       = 200
mutation_rate      = 0.001
recap_Ne           = 2422

[Sampling Design]
sample1_size_Ne  = 50
sample2_size_Ne  = 50
sample1_size_CMR = 50
sample2_size_CMR = 50

[Capture-Marquage-Recapture]
census_N   =  650
MatchCount =  4

[Ne Estimates - One Sample - Decreasing critical values [0.050, 0.020, 0.010, 0+]]

[Linkage Desequilibrium]
LD_Ne_Pop1 = [876.8, 14758.8, 2474.7, 2474.7]
LD_r2_Pop1 = [0.021655, 0.021299, 0.021411, 0.021411]
LD_Ne_Pop2 = [11710.6, 3486.5, 19300.5, 19300.5]
LD_r2_Pop2 = [0.021304, 0.021372, 0.021293, 0.021293]

[Heterozygote excess]
HE_Neb_mean_Pop1        = [None, None, None, None]
HE_weighted_D_mean_Pop1 = [-0.00292, -0.00667, -0.00667, -0.00667]
HE_Neb_mean_Pop2        = [None, None, None, None]
HE_weighted_D_mean_Pop2 = [-0.01469, -0.01115, -0.01128, -0.01128]

[Molecular Coancestry]
Coan_Neb_n_Pop1 = 40.0
Coan_f1_Pop1    = 0.0125
Coan_Neb_n_Pop2 = None
Coan_f1_Pop2    = -0.01876

[Ne Estimates - Temporal - Decreasing critical values (0.050, 0.020, 0.010, 0+)]

[Pollak]
P_Ne     = [-2706.7, -3139.4, -11148.9, -11148.9]
P_Fk     = [0.01815, 0.01841, 0.01955, 0.01955]
P_Fprime = [-0.00185, -0.00159, -0.00045, -0.00045]

[Nei/Tajima]
N_Ne     = [-2168.6, -2458.7, -4868.6, -4868.6]
N_Fc     = [0.01769, 0.01797, 0.01897, 0.01897]
N_Fprime = [-0.00231, -0.00203, -0.00103, -0.00103]

[Jorde/Ryman]
J_Ne     = [-1641.2, -1696.2, -1737.8, -1737.8]
J_Fs     = [0.01706, 0.01716, 0.01723, 0.01723]
J_Fprime = [-0.00305, -0.00295, -0.00288, -0.00288]

[Genetic Diversity - Heterozygosity]
mean_exp_het_pop1 = 0.7835
mean_obs_het_pop1 = 0.7829
mean_exp_het_pop2 = 0.7847
mean_obs_het_pop2 = 0.7705

[Genetic Diversity - Allele Counts]
mean_alleles_pop1 = 7.1
var_alleles_pop1  = 3.19
sum_alleles_pop1  = 149
mean_alleles_pop2 = 7.5
var_alleles_pop2  = 3.33
sum_alleles_pop2  = 315

[Genetic Diversity - Allelic Size Variance]
var_allele_size_pop1 = 3.3959
var_allele_size_pop2 = 3.5348

[Per-locus summary - Population 1]
Locus | Num_Alleles | Alleles                                           | Frequencies                                                                              | Variance | Obs_Het | Exp_Het
------+-------------+---------------------------------------------------+------------------------------------------------------------------------------------------+----------+---------+--------
1     | 4           | [99, 100, 101, 102]                               | [0.2000, 0.3900, 0.3400, 0.0700]                                                         | 0.7416   | 0.7000  | 0.6943 
2     | 5           | [98, 99, 100, 101, 102]                           | [0.2700, 0.1400, 0.1900, 0.3600, 0.0400]                                                 | 1.6824   | 0.7600  | 0.7477 
3     | 8           | [97, 98, 99, 100, 102, 103, 104, 105]             | [0.0800, 0.1400, 0.2300, 0.0200, 0.0300, 0.2400, 0.2400, 0.0200]                         | 6.9419   | 0.8200  | 0.8123 
4     | 6           | [97, 98, 99, 100, 101, 103]                       | [0.0300, 0.3200, 0.1800, 0.3300, 0.1200, 0.0200]                                         | 1.4971   | 0.6800  | 0.7481 
5     | 8           | [98, 100, 101, 102, 103, 104, 105, 106]           | [0.0100, 0.0700, 0.3000, 0.1700, 0.0400, 0.2600, 0.1100, 0.0400]                         | 3.1251   | 0.7800  | 0.8012 
6     | 6           | [96, 97, 98, 99, 100, 101]                        | [0.0600, 0.1600, 0.4600, 0.2100, 0.1000, 0.0100]                                         | 1.0744   | 0.6800  | 0.7121 
7     | 5           | [96, 97, 98, 99, 100]                             | [0.0300, 0.1200, 0.2300, 0.2500, 0.3700]                                                 | 1.3139   | 0.7200  | 0.7398 
8     | 10          | [94, 95, 96, 97, 98, 99, 100, 103, 104, 105]      | [0.0100, 0.1600, 0.0200, 0.0900, 0.1700, 0.1400, 0.1600, 0.0900, 0.1300, 0.0300]         | 9.3875   | 0.8600  | 0.8746 
9     | 6           | [98, 99, 100, 101, 102, 103]                      | [0.0400, 0.2500, 0.4300, 0.1500, 0.1200, 0.0100]                                         | 1.1219   | 0.7000  | 0.7212 
10    | 6           | [98, 99, 100, 101, 102, 103]                      | [0.1100, 0.1300, 0.2800, 0.2800, 0.1100, 0.0900]                                         | 1.9236   | 0.7400  | 0.8020 
11    | 8           | [96, 97, 98, 99, 100, 101, 102, 104]              | [0.0100, 0.1200, 0.1600, 0.1400, 0.2900, 0.1800, 0.0700, 0.0300]                         | 2.7836   | 0.8600  | 0.8263 
12    | 8           | [98, 99, 100, 101, 103, 104, 105, 106]            | [0.1100, 0.1300, 0.2800, 0.1100, 0.1000, 0.1600, 0.0200, 0.0900]                         | 6.0844   | 0.8600  | 0.8448 
13    | 11          | [93, 94, 95, 97, 98, 99, 100, 101, 102, 103, 104] | [0.0100, 0.0500, 0.0900, 0.0200, 0.2100, 0.1100, 0.0300, 0.1400, 0.1400, 0.1700, 0.0300] | 8.2504   | 0.9000  | 0.8715 
14    | 7           | [95, 96, 97, 98, 99, 100, 101]                    | [0.0200, 0.1900, 0.0100, 0.1800, 0.1600, 0.2400, 0.2000]                                 | 3.2459   | 0.8600  | 0.8160 
15    | 8           | [96, 97, 98, 99, 100, 101, 102, 103]              | [0.0600, 0.1900, 0.1900, 0.1700, 0.0100, 0.0900, 0.0700, 0.2200]                         | 5.7291   | 0.8200  | 0.8422 
16    | 6           | [96, 99, 100, 101, 102, 103]                      | [0.0100, 0.0800, 0.3100, 0.1700, 0.3600, 0.0700]                                         | 1.5196   | 0.7800  | 0.7414 
17    | 10          | [95, 96, 97, 98, 99, 100, 101, 102, 103, 104]     | [0.0600, 0.1700, 0.1900, 0.1100, 0.0600, 0.0500, 0.0400, 0.1800, 0.1100, 0.0300]         | 7.6996   | 0.9400  | 0.8750 
18    | 7           | [98, 99, 100, 101, 102, 103, 104]                 | [0.0300, 0.1600, 0.2200, 0.2600, 0.2500, 0.0600, 0.0200]                                 | 1.7600   | 0.8800  | 0.7990 
19    | 8           | [96, 97, 98, 99, 100, 101, 102, 103]              | [0.0400, 0.0600, 0.0800, 0.3400, 0.1800, 0.0700, 0.1300, 0.1000]                         | 3.2859   | 0.8000  | 0.8168 
20    | 6           | [97, 98, 99, 100, 101, 102]                       | [0.0200, 0.2900, 0.5400, 0.0500, 0.0800, 0.0200]                                         | 0.9164   | 0.6600  | 0.6208 
21    | 6           | [96, 97, 98, 99, 100, 101]                        | [0.0600, 0.2700, 0.3700, 0.2100, 0.0600, 0.0300]                                         | 1.2291   | 0.6400  | 0.7454 

[Per-locus summary - Population 2]
Locus | Num_Alleles | Alleles                                           | Frequencies                                                                              | Variance | Obs_Het | Exp_Het
------+-------------+---------------------------------------------------+------------------------------------------------------------------------------------------+----------+---------+--------
1     | 4           | [99, 100, 101, 102]                               | [0.1700, 0.3900, 0.4000, 0.0400]                                                         | 0.6339   | 0.7000  | 0.6640 
2     | 5           | [98, 99, 100, 101, 102]                           | [0.1300, 0.1900, 0.2300, 0.4000, 0.0500]                                                 | 1.3075   | 0.7000  | 0.7390 
3     | 7           | [97, 98, 99, 102, 103, 104, 105]                  | [0.0500, 0.1600, 0.1400, 0.0600, 0.2500, 0.2700, 0.0700]                                 | 6.9339   | 0.8000  | 0.8166 
4     | 8           | [96, 97, 98, 99, 100, 101, 102, 103]              | [0.0200, 0.0400, 0.4300, 0.1900, 0.2400, 0.0600, 0.0100, 0.0100]                         | 1.4804   | 0.6000  | 0.7228 
5     | 8           | [99, 100, 101, 102, 103, 104, 105, 106]           | [0.0200, 0.0800, 0.3400, 0.1600, 0.0600, 0.2100, 0.1000, 0.0300]                         | 3.0044   | 0.8400  | 0.8014 
6     | 6           | [96, 97, 98, 99, 100, 102]                        | [0.0300, 0.2300, 0.3800, 0.2400, 0.0900, 0.0300]                                         | 1.3675   | 0.7600  | 0.7426 
7     | 6           | [96, 97, 98, 99, 100, 101]                        | [0.0400, 0.1000, 0.2200, 0.2300, 0.4000, 0.0100]                                         | 1.4056   | 0.7600  | 0.7343 
8     | 11          | [94, 95, 96, 97, 98, 99, 100, 102, 103, 104, 105] | [0.0200, 0.1000, 0.0300, 0.1100, 0.1400, 0.0700, 0.1900, 0.0100, 0.0500, 0.2700, 0.0100] | 10.3656  | 0.8400  | 0.8489 
9     | 5           | [98, 99, 100, 101, 102]                           | [0.0100, 0.2700, 0.3700, 0.2100, 0.1400]                                                 | 1.0400   | 0.7200  | 0.7337 
10    | 6           | [98, 99, 100, 101, 102, 103]                      | [0.0400, 0.1800, 0.2600, 0.2500, 0.1000, 0.1700]                                         | 2.0300   | 0.8600  | 0.8051 
11    | 8           | [96, 97, 98, 99, 100, 101, 102, 103]              | [0.0100, 0.1500, 0.1600, 0.1600, 0.2600, 0.1500, 0.1000, 0.0100]                         | 2.6019   | 0.7800  | 0.8343 
12    | 9           | [98, 99, 100, 101, 103, 104, 105, 106, 107]       | [0.2100, 0.1300, 0.1900, 0.1100, 0.1200, 0.0600, 0.0600, 0.1100, 0.0100]                 | 7.6539   | 0.9200  | 0.8657 
13    | 10          | [93, 94, 95, 97, 98, 99, 101, 102, 103, 104]      | [0.0300, 0.1000, 0.0700, 0.0100, 0.2100, 0.1500, 0.0700, 0.2200, 0.1200, 0.0200]         | 9.5939   | 0.7800  | 0.8580 
14    | 7           | [95, 96, 97, 98, 99, 100, 101]                    | [0.0100, 0.1100, 0.0500, 0.1700, 0.1300, 0.3000, 0.2300]                                 | 2.7256   | 0.7600  | 0.8046 
15    | 9           | [96, 97, 98, 99, 100, 101, 102, 103, 104]         | [0.0800, 0.2200, 0.1600, 0.1700, 0.0200, 0.0800, 0.0300, 0.2100, 0.0300]                 | 6.3036   | 0.8400  | 0.8465 
16    | 6           | [99, 100, 101, 102, 103, 104]                     | [0.0600, 0.3600, 0.1300, 0.3500, 0.0800, 0.0200]                                         | 1.4419   | 0.7400  | 0.7279 
17    | 10          | [95, 96, 97, 98, 99, 100, 101, 102, 103, 104]     | [0.0200, 0.1800, 0.1700, 0.1700, 0.0500, 0.0900, 0.0800, 0.1400, 0.0900, 0.0100]         | 6.1475   | 0.8000  | 0.8733 
18    | 8           | [97, 98, 99, 100, 101, 102, 103, 104]             | [0.0200, 0.0600, 0.1900, 0.2500, 0.2000, 0.2400, 0.0300, 0.0100]                         | 2.0064   | 0.8400  | 0.8069 
19    | 8           | [96, 97, 98, 99, 100, 101, 102, 103]              | [0.0400, 0.0200, 0.0900, 0.2400, 0.1900, 0.0400, 0.2200, 0.1600]                         | 3.6776   | 0.8000  | 0.8289 
20    | 7           | [96, 97, 98, 99, 100, 101, 102]                   | [0.0100, 0.0400, 0.2100, 0.5300, 0.1000, 0.0900, 0.0200]                                 | 1.0996   | 0.6200  | 0.6614 
21    | 6           | [96, 97, 98, 99, 100, 101]                        | [0.0900, 0.2500, 0.3600, 0.2000, 0.0600, 0.0400]                                         | 1.4099   | 0.7200  | 0.7622 
