
[Simulation Info]
simulation_id = sim_0010363
timestamp     = 20250429_083924
seed          = 830511
output_folder = /home/lejeunet/Bureau/simulations/Ref_table/sim_0010363

[Model Parameters]
pop_size           = 6560
num_loci           = 20
sample1_generation = 30
sample2_generation = 10
low_repeats        = 1
high_repeats       = 200
mutation_rate      = 0.001
recap_Ne           = 6560

[Sampling Design]
sample1_size_Ne  = 50
sample2_size_Ne  = 50
sample1_size_CMR = 50
sample2_size_CMR = 50

[Capture-Marquage-Recapture]
census_N   =  0
MatchCount =  0
# There were no match between sampling of individuals during CMR.

[Ne Estimates - One Sample - Decreasing critical values [0.050, 0.020, 0.010, 0+]]

[Linkage Desequilibrium]
LD_Ne_Pop1 = [None, None, None, None]
LD_r2_Pop1 = [0.02052, 0.020738, 0.020828, 0.020828]
LD_Ne_Pop2 = [1179.7, 1257.2, 2181.2, 2181.2]
LD_r2_Pop2 = [0.021558, 0.021541, 0.021429, 0.021429]

[Heterozygote excess]
HE_Neb_mean_Pop1        = [None, None, None, None]
HE_weighted_D_mean_Pop1 = [-0.01013, -0.00565, -0.00569, -0.00569]
HE_Neb_mean_Pop2        = [66.1, 43.1, 46.3, 46.3]
HE_weighted_D_mean_Pop2 = [0.00762, 0.01173, 0.01091, 0.01091]

[Molecular Coancestry]
Coan_Neb_n_Pop1 = None
Coan_f1_Pop1    = -0.0065
Coan_Neb_n_Pop2 = 327.2
Coan_f1_Pop2    = 0.00153

[Ne Estimates - Temporal - Decreasing critical values (0.050, 0.020, 0.010, 0+)]

[Pollak]
P_Ne     = [-7907.2, -5213.7, 65045.5, -35755.7]
P_Fk     = [0.01937, 0.01904, 0.02008, 0.01986]
P_Fprime = [-0.00063, -0.00096, 8e-05, -0.00014]

[Nei/Tajima]
N_Ne     = [-5046.1, -3973.8, -15839.4, -9944.2]
N_Fc     = [0.01901, 0.01874, 0.01968, 0.0195]
N_Fprime = [-0.00099, -0.00126, -0.00032, -0.0005]

[Jorde/Ryman]
J_Ne     = [-4381.4, -4243.3, -4842.6, -4735.4]
J_Fs     = [0.01896, 0.01892, 0.01907, 0.01904]
J_Fprime = [-0.00114, -0.00118, -0.00103, -0.00106]

[Genetic Diversity - Heterozygosity]
mean_exp_het_pop1 = 0.8305
mean_obs_het_pop1 = 0.8171
mean_exp_het_pop2 = 0.8235
mean_obs_het_pop2 = 0.8257

[Genetic Diversity - Allele Counts]
mean_alleles_pop1 = 9.24
var_alleles_pop1  = 2.79
sum_alleles_pop1  = 194
mean_alleles_pop2 = 9.48
var_alleles_pop2  = 2.3
sum_alleles_pop2  = 398

[Genetic Diversity - Allelic Size Variance]
var_allele_size_pop1 = 4.1747
var_allele_size_pop2 = 4.1851

[Per-locus summary - Population 1]
Locus | Num_Alleles | Alleles                                                      | Frequencies                                                                                              | Variance | Obs_Het | Exp_Het
------+-------------+--------------------------------------------------------------+----------------------------------------------------------------------------------------------------------+----------+---------+--------
1     | 10          | [96, 97, 98, 99, 100, 101, 102, 103, 104, 105]               | [0.0100, 0.0200, 0.1100, 0.0500, 0.0800, 0.1900, 0.1000, 0.1300, 0.2400, 0.0700]                         | 5.2216   | 0.8400  | 0.8616 
2     | 10          | [93, 94, 95, 96, 97, 98, 99, 100, 101, 103]                  | [0.1100, 0.1600, 0.1800, 0.0500, 0.0600, 0.1700, 0.1600, 0.0400, 0.0200, 0.0500]                         | 7.1444   | 0.8600  | 0.8735 
3     | 9           | [95, 96, 97, 98, 99, 100, 101, 102, 103]                     | [0.0100, 0.1200, 0.1300, 0.1300, 0.2100, 0.2200, 0.1300, 0.0200, 0.0300]                                 | 3.2731   | 0.8600  | 0.8495 
4     | 9           | [98, 99, 100, 101, 102, 103, 104, 105, 106]                  | [0.0200, 0.0400, 0.0900, 0.0700, 0.3400, 0.1400, 0.0500, 0.2000, 0.0500]                                 | 3.7019   | 0.8200  | 0.8129 
5     | 7           | [97, 99, 100, 101, 102, 103, 104]                            | [0.0200, 0.0400, 0.1300, 0.3200, 0.3300, 0.1300, 0.0300]                                                 | 1.5779   | 0.7400  | 0.7596 
6     | 8           | [95, 96, 100, 101, 102, 103, 104, 105]                       | [0.0100, 0.0400, 0.0500, 0.1200, 0.2000, 0.3900, 0.0700, 0.1200]                                         | 3.8704   | 0.7600  | 0.7778 
7     | 7           | [98, 99, 100, 101, 102, 103, 104]                            | [0.1400, 0.1900, 0.1700, 0.1300, 0.1700, 0.1300, 0.0700]                                                 | 3.4011   | 0.9200  | 0.8564 
8     | 11          | [94, 95, 96, 97, 98, 99, 100, 101, 102, 104, 105]            | [0.0200, 0.0300, 0.0300, 0.0500, 0.0600, 0.1400, 0.3900, 0.1600, 0.1000, 0.0100, 0.0100]                 | 3.6275   | 0.8000  | 0.7921 
9     | 9           | [93, 94, 95, 96, 97, 98, 99, 100, 101]                       | [0.0200, 0.0100, 0.0700, 0.1800, 0.1300, 0.1600, 0.3200, 0.0700, 0.0400]                                 | 3.0324   | 0.7400  | 0.8190 
10    | 10          | [91, 92, 93, 94, 95, 96, 97, 98, 99, 100]                    | [0.0300, 0.0600, 0.0100, 0.0900, 0.0400, 0.1700, 0.2500, 0.2200, 0.0700, 0.0600]                         | 4.6700   | 0.8200  | 0.8459 
11    | 13          | [95, 96, 97, 98, 99, 100, 101, 102, 103, 104, 105, 106, 107] | [0.0200, 0.0300, 0.0400, 0.0900, 0.1400, 0.2400, 0.2500, 0.0700, 0.0400, 0.0200, 0.0400, 0.0100, 0.0100] | 4.8324   | 0.8200  | 0.8491 
12    | 11          | [95, 96, 97, 98, 99, 100, 101, 102, 103, 104, 105]           | [0.0300, 0.0400, 0.0300, 0.0400, 0.1300, 0.2600, 0.3300, 0.1000, 0.0200, 0.0100, 0.0100]                 | 3.2651   | 0.7600  | 0.7990 
13    | 5           | [100, 101, 102, 103, 104]                                    | [0.2600, 0.2900, 0.3000, 0.1400, 0.0100]                                                                 | 1.0875   | 0.8200  | 0.7461 
14    | 9           | [95, 96, 97, 98, 99, 100, 101, 102, 103]                     | [0.0500, 0.0600, 0.1100, 0.0400, 0.0500, 0.0500, 0.2700, 0.2400, 0.1300]                                 | 5.7739   | 0.7400  | 0.8362 
15    | 9           | [98, 99, 100, 101, 102, 103, 104, 105, 106]                  | [0.0200, 0.0200, 0.0400, 0.2600, 0.2100, 0.2400, 0.1500, 0.0400, 0.0200]                                 | 2.3724   | 0.8000  | 0.8119 
16    | 10          | [94, 95, 96, 97, 98, 99, 100, 101, 102, 103]                 | [0.0100, 0.0600, 0.0800, 0.2400, 0.0600, 0.1100, 0.1300, 0.1200, 0.1200, 0.0700]                         | 5.7564   | 0.8200  | 0.8748 
17    | 10          | [98, 99, 100, 101, 102, 103, 104, 105, 106, 107]             | [0.0300, 0.1100, 0.1000, 0.1600, 0.1700, 0.0400, 0.0100, 0.0300, 0.2100, 0.1400]                         | 8.4656   | 0.8400  | 0.8649 
18    | 9           | [94, 95, 96, 97, 98, 99, 100, 101, 102]                      | [0.0300, 0.0500, 0.1300, 0.2100, 0.1300, 0.1800, 0.1600, 0.0900, 0.0200]                                 | 3.5979   | 0.8000  | 0.8608 
19    | 8           | [98, 99, 100, 101, 102, 103, 104, 105]                       | [0.0600, 0.2300, 0.2500, 0.1900, 0.1900, 0.0300, 0.0400, 0.0100]                                         | 2.3096   | 0.8200  | 0.8143 
20    | 10          | [94, 95, 96, 97, 98, 99, 100, 101, 102, 103]                 | [0.0200, 0.0200, 0.0100, 0.1500, 0.1100, 0.0800, 0.1400, 0.1200, 0.2100, 0.1400]                         | 5.4675   | 0.8800  | 0.8691 
21    | 10          | [93, 94, 95, 96, 97, 98, 99, 100, 102, 103]                  | [0.0300, 0.1000, 0.1400, 0.1400, 0.2300, 0.1400, 0.1300, 0.0200, 0.0200, 0.0500]                         | 5.2196   | 0.9000  | 0.8659 

[Per-locus summary - Population 2]
Locus | Num_Alleles | Alleles                                                | Frequencies                                                                                      | Variance | Obs_Het | Exp_Het
------+-------------+--------------------------------------------------------+--------------------------------------------------------------------------------------------------+----------+---------+--------
1     | 10          | [93, 97, 98, 99, 100, 101, 102, 103, 104, 105]         | [0.0300, 0.0100, 0.1100, 0.0400, 0.0600, 0.2400, 0.1400, 0.1800, 0.0900, 0.1000]                 | 6.3836   | 0.7800  | 0.8626 
2     | 11          | [92, 93, 94, 95, 96, 97, 98, 99, 100, 103, 104]        | [0.0200, 0.0900, 0.1100, 0.2400, 0.0700, 0.0600, 0.2200, 0.1200, 0.0200, 0.0300, 0.0200]         | 6.6500   | 0.9200  | 0.8574 
3     | 8           | [96, 97, 98, 99, 100, 101, 102, 103]                   | [0.1000, 0.1100, 0.2100, 0.2300, 0.0700, 0.1900, 0.0600, 0.0300]                                 | 3.3996   | 0.8600  | 0.8438 
4     | 9           | [98, 99, 100, 101, 102, 103, 104, 105, 106]            | [0.0300, 0.0100, 0.0900, 0.1000, 0.3400, 0.1700, 0.0600, 0.1600, 0.0400]                         | 3.2700   | 0.8600  | 0.8137 
5     | 9           | [97, 98, 99, 100, 101, 102, 103, 104, 105]             | [0.0200, 0.0100, 0.0400, 0.0800, 0.2900, 0.4000, 0.0900, 0.0600, 0.0100]                         | 1.8291   | 0.6600  | 0.7430 
6     | 8           | [95, 96, 100, 101, 102, 103, 104, 105]                 | [0.0200, 0.0400, 0.0200, 0.1700, 0.2000, 0.2900, 0.1700, 0.0900]                                 | 4.3539   | 0.8400  | 0.8158 
7     | 9           | [97, 98, 99, 100, 101, 102, 103, 104, 105]             | [0.0100, 0.1500, 0.2100, 0.0900, 0.2100, 0.1200, 0.1400, 0.0600, 0.0100]                         | 3.6756   | 0.9400  | 0.8519 
8     | 12          | [94, 95, 96, 97, 98, 99, 100, 101, 102, 103, 104, 105] | [0.0100, 0.0300, 0.0100, 0.0700, 0.0400, 0.1600, 0.4300, 0.1700, 0.0400, 0.0100, 0.0200, 0.0100] | 3.1259   | 0.7400  | 0.7584 
9     | 8           | [94, 95, 96, 97, 98, 99, 100, 101]                     | [0.0300, 0.0900, 0.2000, 0.0600, 0.1900, 0.3500, 0.0500, 0.0300]                                 | 2.8739   | 0.7600  | 0.7933 
10    | 10          | [91, 92, 93, 94, 95, 96, 97, 98, 99, 100]              | [0.0100, 0.0200, 0.0100, 0.0600, 0.1000, 0.1400, 0.3300, 0.1600, 0.1000, 0.0700]                 | 3.2675   | 0.8600  | 0.8250 
11    | 11          | [95, 96, 97, 98, 99, 100, 101, 102, 104, 105, 106]     | [0.0300, 0.0100, 0.0400, 0.0400, 0.1600, 0.2200, 0.3300, 0.0400, 0.0200, 0.0700, 0.0400]         | 5.3091   | 0.8000  | 0.8125 
12    | 8           | [96, 97, 98, 99, 100, 101, 102, 103]                   | [0.0700, 0.0200, 0.0500, 0.1400, 0.3200, 0.2500, 0.1300, 0.0200]                                 | 2.5899   | 0.8000  | 0.7984 
13    | 5           | [99, 100, 101, 102, 103]                               | [0.0100, 0.2600, 0.3100, 0.3600, 0.0600]                                                         | 0.8600   | 0.6600  | 0.7101 
14    | 9           | [95, 96, 97, 98, 99, 100, 101, 102, 103]               | [0.0400, 0.0500, 0.1800, 0.0500, 0.0600, 0.0700, 0.2400, 0.1800, 0.1300]                         | 5.7979   | 0.8800  | 0.8541 
15    | 9           | [96, 99, 100, 101, 102, 103, 104, 105, 106]            | [0.0100, 0.0400, 0.0500, 0.2600, 0.2100, 0.1800, 0.1400, 0.0800, 0.0300]                         | 3.0416   | 0.8800  | 0.8331 
16    | 9           | [95, 96, 97, 98, 99, 100, 101, 102, 103]               | [0.0300, 0.1000, 0.1800, 0.0600, 0.1900, 0.1300, 0.1500, 0.0700, 0.0900]                         | 4.9344   | 0.8800  | 0.8733 
17    | 9           | [99, 100, 101, 102, 103, 105, 106, 107, 108]           | [0.1500, 0.0700, 0.2000, 0.1400, 0.0400, 0.0400, 0.2500, 0.0800, 0.0300]                         | 8.4075   | 0.8200  | 0.8485 
18    | 9           | [94, 95, 96, 97, 98, 99, 100, 101, 102]                | [0.0200, 0.0500, 0.2000, 0.1200, 0.0800, 0.1200, 0.1800, 0.1500, 0.0800]                         | 4.9100   | 0.8400  | 0.8693 
19    | 9           | [97, 98, 99, 100, 101, 102, 103, 104, 105]             | [0.0100, 0.0500, 0.2500, 0.2300, 0.1300, 0.2600, 0.0300, 0.0300, 0.0100]                         | 2.4291   | 0.8400  | 0.8036 
20    | 10          | [95, 96, 97, 98, 99, 100, 101, 102, 103, 104]          | [0.0200, 0.0800, 0.1400, 0.0900, 0.0300, 0.2500, 0.0700, 0.1900, 0.0900, 0.0400]                 | 5.6811   | 0.8200  | 0.8600 
21    | 9           | [93, 94, 95, 96, 97, 98, 99, 100, 103]                 | [0.1000, 0.0800, 0.1000, 0.1900, 0.2000, 0.1200, 0.1600, 0.0100, 0.0400]                         | 5.0976   | 0.9000  | 0.8644 
