
[Simulation Info]
simulation_id = sim_0008979
timestamp     = 20250428_110707
seed          = 194980
output_folder = /home/lejeunet/Bureau/simulations/Ref_table/sim_0008979

[Model Parameters]
pop_size           = 6820
num_loci           = 20
sample1_generation = 30
sample2_generation = 10
low_repeats        = 1
high_repeats       = 200
mutation_rate      = 0.001
recap_Ne           = 6820

[Sampling Design]
sample1_size_Ne  = 50
sample2_size_Ne  = 50
sample1_size_CMR = 50
sample2_size_CMR = 50

[Capture-Marquage-Recapture]
census_N   =  0
MatchCount =  0
# There were no match between sampling of individuals during CMR.

[Ne Estimates - One Sample - Decreasing critical values [0.050, 0.020, 0.010, 0+]]

[Linkage Desequilibrium]
LD_Ne_Pop1 = [365.4, 684.7, 716.9, 716.9]
LD_r2_Pop1 = [0.022183, 0.021761, 0.02174, 0.02174]
LD_Ne_Pop2 = [1641.7, 1050.4, 2518.6, 2518.6]
LD_r2_Pop2 = [0.021479, 0.021593, 0.021408, 0.021408]

[Heterozygote excess]
HE_Neb_mean_Pop1        = [48.3, 59.9, 80.1, 80.1]
HE_weighted_D_mean_Pop1 = [0.01046, 0.00842, 0.00628, 0.00628]
HE_Neb_mean_Pop2        = [None, None, None, None]
HE_weighted_D_mean_Pop2 = [-0.01276, -0.01529, -0.01496, -0.01496]

[Molecular Coancestry]
Coan_Neb_n_Pop1 = 85.6
Coan_f1_Pop1    = 0.00584
Coan_Neb_n_Pop2 = 24.9
Coan_f1_Pop2    = 0.02005

[Ne Estimates - Temporal - Decreasing critical values (0.050, 0.020, 0.010, 0+)]

[Pollak]
P_Ne     = [3563.2, 26597.4, -6325.8, -7878.1]
P_Fk     = [0.0214, 0.02019, 0.01921, 0.01937]
P_Fprime = [0.0014, 0.00019, -0.00079, -0.00063]

[Nei/Tajima]
N_Ne     = [3730.8, 29744.2, -6553.8, -8059.1]
N_Fc     = [0.02134, 0.02017, 0.01924, 0.01938]
N_Fprime = [0.00134, 0.00017, -0.00076, -0.00062]

[Jorde/Ryman]
J_Ne     = [1719.8, 1712.1, 1864.4, 1835.3]
J_Fs     = [0.02301, 0.02302, 0.02278, 0.02283]
J_Fprime = [0.00291, 0.00292, 0.00268, 0.00272]

[Genetic Diversity - Heterozygosity]
mean_exp_het_pop1 = 0.8707
mean_obs_het_pop1 = 0.8771
mean_exp_het_pop2 = 0.8775
mean_obs_het_pop2 = 0.8619

[Genetic Diversity - Allele Counts]
mean_alleles_pop1 = 13.48
var_alleles_pop1  = 6.96
sum_alleles_pop1  = 283
mean_alleles_pop2 = 13.88
var_alleles_pop2  = 6.11
sum_alleles_pop2  = 583

[Genetic Diversity - Allelic Size Variance]
var_allele_size_pop1 = 17.0792
var_allele_size_pop2 = 17.8273

[Per-locus summary - Population 1]
Locus | Num_Alleles | Alleles                                                                                | Frequencies                                                                                                                                      | Variance | Obs_Het | Exp_Het
------+-------------+----------------------------------------------------------------------------------------+--------------------------------------------------------------------------------------------------------------------------------------------------+----------+---------+--------
1     | 17          | [83, 84, 85, 86, 87, 88, 89, 90, 91, 92, 93, 94, 95, 98, 100, 101, 102]                | [0.0100, 0.0500, 0.1100, 0.0800, 0.0600, 0.0100, 0.0400, 0.0200, 0.2600, 0.1400, 0.0900, 0.0100, 0.0200, 0.0600, 0.0100, 0.0200, 0.0100]         | 17.7779  | 0.8800  | 0.8820 
2     | 16          | [88, 89, 92, 94, 95, 96, 97, 98, 99, 100, 101, 108, 109, 110, 111, 112]                | [0.0100, 0.1100, 0.0100, 0.0100, 0.0300, 0.1400, 0.2500, 0.2100, 0.0700, 0.0300, 0.0500, 0.0100, 0.0200, 0.0300, 0.0100, 0.0100]                 | 23.2036  | 0.8200  | 0.8592 
3     | 17          | [94, 95, 96, 103, 104, 105, 106, 107, 108, 109, 110, 111, 112, 113, 114, 115, 116]     | [0.0300, 0.0400, 0.0700, 0.0100, 0.0700, 0.0200, 0.2000, 0.1400, 0.0300, 0.0500, 0.1100, 0.0200, 0.1300, 0.0300, 0.0300, 0.0100, 0.0100]         | 29.0156  | 0.9800  | 0.9018 
4     | 14          | [84, 86, 87, 95, 96, 98, 99, 100, 101, 102, 103, 104, 105, 106]                        | [0.0300, 0.0100, 0.0100, 0.0100, 0.0200, 0.0500, 0.2800, 0.4400, 0.0100, 0.0100, 0.0100, 0.0500, 0.0100, 0.0600]                                 | 15.3819  | 0.7400  | 0.7247 
5     | 13          | [98, 99, 100, 101, 102, 103, 104, 105, 106, 107, 108, 109, 110]                        | [0.0100, 0.1100, 0.0100, 0.0600, 0.0500, 0.0500, 0.1300, 0.2300, 0.0300, 0.1300, 0.0500, 0.1000, 0.0400]                                         | 9.9104   | 0.8800  | 0.8863 
6     | 6           | [100, 101, 102, 103, 104, 105]                                                         | [0.1700, 0.0800, 0.2200, 0.2900, 0.2300, 0.0100]                                                                                                 | 1.9304   | 0.8000  | 0.7871 
7     | 14          | [90, 91, 92, 94, 95, 96, 97, 98, 99, 100, 101, 102, 103, 104]                          | [0.0800, 0.1600, 0.0200, 0.0200, 0.0600, 0.2100, 0.0700, 0.1000, 0.0500, 0.1100, 0.0300, 0.0200, 0.0500, 0.0200]                                 | 15.1876  | 0.8600  | 0.8948 
8     | 13          | [97, 98, 99, 100, 101, 102, 103, 104, 105, 106, 107, 108, 109]                         | [0.0100, 0.0700, 0.1900, 0.0400, 0.0800, 0.1900, 0.0800, 0.0500, 0.0200, 0.0900, 0.0600, 0.0500, 0.0700]                                         | 11.5531  | 0.8600  | 0.8953 
9     | 14          | [94, 95, 96, 97, 98, 99, 100, 101, 102, 103, 104, 105, 107, 108]                       | [0.0400, 0.1100, 0.0100, 0.0100, 0.0700, 0.0400, 0.1200, 0.1600, 0.1100, 0.0600, 0.0300, 0.0700, 0.1000, 0.0700]                                 | 15.9475  | 0.9600  | 0.9123 
10    | 14          | [93, 94, 99, 100, 102, 103, 104, 105, 106, 107, 108, 109, 111, 112]                    | [0.0200, 0.0300, 0.0100, 0.0200, 0.0300, 0.1200, 0.0100, 0.1300, 0.1000, 0.3200, 0.0800, 0.1100, 0.0100, 0.0100]                                 | 12.6096  | 0.7800  | 0.8432 
11    | 13          | [97, 98, 99, 112, 113, 114, 115, 116, 117, 118, 119, 120, 121]                         | [0.0200, 0.0900, 0.0200, 0.0300, 0.0200, 0.0300, 0.1300, 0.2700, 0.1200, 0.0500, 0.1400, 0.0300, 0.0500]                                         | 43.4900  | 0.9200  | 0.8679 
12    | 12          | [88, 89, 90, 91, 92, 93, 94, 95, 96, 99, 100, 101]                                     | [0.0700, 0.1200, 0.1700, 0.2200, 0.0800, 0.0800, 0.1700, 0.0100, 0.0300, 0.0100, 0.0200, 0.0200]                                                 | 7.7716   | 0.9200  | 0.8685 
13    | 12          | [96, 97, 98, 99, 100, 101, 102, 103, 104, 105, 106, 107]                               | [0.0200, 0.2200, 0.0700, 0.1000, 0.0600, 0.1000, 0.0500, 0.1200, 0.0100, 0.1100, 0.1100, 0.0300]                                                 | 11.3184  | 0.8800  | 0.8895 
14    | 12          | [88, 89, 90, 91, 92, 93, 94, 95, 96, 97, 98, 99]                                       | [0.0100, 0.1300, 0.1800, 0.1900, 0.1100, 0.0500, 0.1200, 0.0700, 0.0300, 0.0400, 0.0200, 0.0500]                                                 | 7.9539   | 0.8800  | 0.8840 
15    | 9           | [99, 100, 101, 102, 103, 104, 105, 106, 107]                                           | [0.0100, 0.1000, 0.0300, 0.0400, 0.1000, 0.2400, 0.1900, 0.2100, 0.0800]                                                                         | 4.1131   | 0.9000  | 0.8416 
16    | 13          | [95, 96, 97, 98, 99, 100, 101, 102, 103, 104, 105, 106, 107]                           | [0.0200, 0.0800, 0.1300, 0.0900, 0.0400, 0.0200, 0.0500, 0.0300, 0.0400, 0.1800, 0.1300, 0.1100, 0.0800]                                         | 14.6859  | 0.9000  | 0.9024 
17    | 15          | [83, 85, 86, 87, 91, 92, 93, 94, 95, 96, 97, 98, 99, 103, 104]                         | [0.0100, 0.0300, 0.0300, 0.0100, 0.0300, 0.0200, 0.0700, 0.0200, 0.1800, 0.1000, 0.2000, 0.1900, 0.0300, 0.0400, 0.0400]                         | 16.7824  | 0.8400  | 0.8776 
18    | 18          | [89, 90, 98, 99, 100, 101, 102, 103, 104, 105, 106, 107, 108, 112, 113, 115, 116, 117] | [0.0900, 0.0300, 0.0100, 0.0100, 0.0800, 0.0800, 0.1500, 0.1000, 0.1100, 0.0500, 0.0200, 0.0200, 0.0300, 0.0200, 0.0900, 0.0200, 0.0800, 0.0100] | 54.3459  | 0.9600  | 0.9230 
19    | 14          | [93, 94, 95, 96, 97, 98, 99, 100, 101, 102, 103, 104, 105, 106]                        | [0.0300, 0.0300, 0.1400, 0.2800, 0.0600, 0.1300, 0.0200, 0.0100, 0.0500, 0.0100, 0.1100, 0.0800, 0.0400, 0.0100]                                 | 12.4739  | 0.8000  | 0.8650 
20    | 13          | [93, 94, 95, 99, 100, 101, 102, 103, 104, 105, 106, 107, 108]                          | [0.0200, 0.0300, 0.0200, 0.0400, 0.0500, 0.1500, 0.1000, 0.0100, 0.0600, 0.2300, 0.1000, 0.1600, 0.0300]                                         | 12.6171  | 0.9200  | 0.8774 
21    | 14          | [90, 91, 93, 101, 102, 103, 104, 105, 106, 107, 108, 109, 110, 111]                    | [0.0100, 0.0400, 0.0100, 0.1500, 0.0300, 0.0600, 0.1100, 0.1000, 0.1700, 0.0600, 0.0100, 0.1200, 0.0900, 0.0400]                                 | 20.5924  | 0.9400  | 0.9014 

[Per-locus summary - Population 2]
Locus | Num_Alleles | Alleles                                                                        | Frequencies                                                                                                                              | Variance | Obs_Het | Exp_Het
------+-------------+--------------------------------------------------------------------------------+------------------------------------------------------------------------------------------------------------------------------------------+----------+---------+--------
1     | 17          | [83, 84, 85, 86, 87, 88, 89, 90, 91, 92, 93, 94, 95, 98, 100, 101, 102]        | [0.0100, 0.0800, 0.1100, 0.0400, 0.0500, 0.0200, 0.0400, 0.0400, 0.1100, 0.2100, 0.1100, 0.0700, 0.0200, 0.0400, 0.0100, 0.0300, 0.0100] | 19.1356  | 0.9000  | 0.9065 
2     | 14          | [89, 91, 92, 94, 95, 96, 97, 98, 99, 100, 101, 108, 110, 111]                  | [0.1000, 0.0100, 0.0300, 0.0100, 0.0300, 0.1300, 0.1500, 0.2600, 0.0900, 0.0500, 0.0500, 0.0100, 0.0300, 0.0500]                         | 25.2224  | 0.8400  | 0.8731 
3     | 16          | [96, 97, 102, 103, 104, 105, 106, 107, 108, 109, 110, 111, 112, 113, 114, 115] | [0.1400, 0.0100, 0.0100, 0.0100, 0.0900, 0.0400, 0.1600, 0.0600, 0.0400, 0.0600, 0.0900, 0.0100, 0.1400, 0.0300, 0.0300, 0.0800]         | 31.8984  | 0.9000  | 0.9091 
4     | 15          | [82, 84, 85, 86, 87, 95, 96, 97, 98, 99, 100, 101, 104, 105, 106]              | [0.0100, 0.0600, 0.0200, 0.0400, 0.0200, 0.0100, 0.0500, 0.0100, 0.1000, 0.3600, 0.2200, 0.0400, 0.0400, 0.0100, 0.0100]                 | 29.7259  | 0.7200  | 0.8079 
5     | 12          | [98, 99, 101, 102, 103, 104, 105, 106, 107, 108, 109, 110]                     | [0.0100, 0.0800, 0.0700, 0.0300, 0.0300, 0.1300, 0.1900, 0.0300, 0.1000, 0.0900, 0.1300, 0.1100]                                         | 10.8684  | 0.9200  | 0.8948 
6     | 7           | [99, 100, 101, 102, 103, 104, 105]                                             | [0.0100, 0.1500, 0.0700, 0.3300, 0.2200, 0.1900, 0.0300]                                                                                 | 1.9259   | 0.8000  | 0.7861 
7     | 13          | [90, 91, 92, 94, 95, 96, 97, 98, 99, 100, 101, 102, 103]                       | [0.1000, 0.1500, 0.0400, 0.0200, 0.0800, 0.2500, 0.0500, 0.0700, 0.1100, 0.0500, 0.0100, 0.0300, 0.0400]                                 | 13.4000  | 0.9400  | 0.8808 
8     | 14          | [95, 98, 99, 100, 101, 102, 103, 104, 105, 106, 107, 108, 109, 110]            | [0.0200, 0.1000, 0.1900, 0.0600, 0.1300, 0.0900, 0.0500, 0.0500, 0.0600, 0.0700, 0.0500, 0.0200, 0.0800, 0.0300]                         | 14.2036  | 0.8400  | 0.9103 
9     | 14          | [94, 95, 96, 98, 99, 100, 101, 102, 103, 104, 105, 106, 107, 108]              | [0.0400, 0.0500, 0.0200, 0.0300, 0.0500, 0.0900, 0.1400, 0.0800, 0.0300, 0.1300, 0.1100, 0.0600, 0.1600, 0.0100]                         | 13.9044  | 0.9200  | 0.9079 
10    | 15          | [93, 94, 99, 100, 101, 102, 103, 104, 105, 106, 107, 108, 109, 110, 111]       | [0.0100, 0.0400, 0.0100, 0.0200, 0.0100, 0.0500, 0.0500, 0.0700, 0.1400, 0.0800, 0.2400, 0.1500, 0.0900, 0.0100, 0.0300]                 | 12.9096  | 0.9000  | 0.8814 
11    | 14          | [96, 97, 98, 99, 112, 113, 114, 115, 116, 117, 118, 119, 120, 121]             | [0.0100, 0.0400, 0.0500, 0.0200, 0.0200, 0.0300, 0.0700, 0.1500, 0.2600, 0.1300, 0.0400, 0.1300, 0.0100, 0.0400]                         | 40.7476  | 0.8600  | 0.8707 
12    | 12          | [88, 89, 90, 91, 92, 93, 94, 95, 96, 99, 100, 101]                             | [0.1200, 0.0700, 0.2000, 0.1300, 0.1300, 0.1400, 0.1400, 0.0100, 0.0100, 0.0100, 0.0200, 0.0200]                                         | 7.7176   | 0.8200  | 0.8753 
13    | 12          | [96, 97, 98, 99, 100, 101, 102, 103, 104, 105, 106, 107]                       | [0.0100, 0.1700, 0.0400, 0.0700, 0.0800, 0.0900, 0.0800, 0.1800, 0.0500, 0.1300, 0.0700, 0.0300]                                         | 9.5251   | 0.9000  | 0.8950 
14    | 12          | [88, 89, 90, 91, 92, 93, 94, 95, 96, 97, 98, 99]                               | [0.0100, 0.1200, 0.1400, 0.1900, 0.0800, 0.1100, 0.1200, 0.0600, 0.0300, 0.0300, 0.0500, 0.0600]                                         | 8.6675   | 0.9400  | 0.8943 
15    | 11          | [96, 99, 100, 101, 102, 103, 104, 105, 106, 107, 108]                          | [0.0100, 0.0200, 0.0500, 0.0200, 0.0200, 0.1200, 0.2000, 0.1900, 0.2900, 0.0700, 0.0100]                                                 | 4.2836   | 0.7400  | 0.8248 
16    | 14          | [95, 96, 97, 98, 99, 100, 101, 102, 103, 104, 105, 106, 107, 108]              | [0.0300, 0.0800, 0.0900, 0.0100, 0.0400, 0.0400, 0.1000, 0.0200, 0.0700, 0.0900, 0.1700, 0.2000, 0.0500, 0.0100]                         | 13.9979  | 0.9400  | 0.8953 
17    | 14          | [85, 86, 91, 92, 93, 94, 95, 96, 97, 98, 99, 103, 104, 105]                    | [0.0700, 0.0500, 0.0200, 0.0200, 0.0400, 0.0200, 0.1900, 0.1500, 0.1600, 0.1700, 0.0300, 0.0100, 0.0600, 0.0100]                         | 20.8451  | 0.8000  | 0.8808 
18    | 16          | [89, 90, 98, 100, 101, 102, 103, 104, 105, 106, 107, 108, 113, 115, 116, 117]  | [0.0700, 0.0300, 0.0100, 0.0700, 0.0500, 0.1700, 0.1400, 0.0600, 0.0500, 0.0100, 0.0400, 0.0700, 0.1600, 0.0100, 0.0500, 0.0100]         | 48.9139  | 0.8600  | 0.9063 
19    | 12          | [93, 94, 95, 96, 97, 98, 99, 101, 103, 104, 105, 106]                          | [0.0100, 0.0700, 0.1500, 0.3200, 0.0600, 0.1100, 0.0300, 0.0400, 0.0800, 0.0800, 0.0400, 0.0100]                                         | 11.9219  | 0.7600  | 0.8459 
20    | 13          | [93, 94, 95, 99, 100, 101, 102, 103, 104, 105, 106, 107, 108]                  | [0.0200, 0.0500, 0.0100, 0.0500, 0.0400, 0.1500, 0.1400, 0.0300, 0.0500, 0.2200, 0.1400, 0.0900, 0.0100]                                 | 12.4411  | 0.8800  | 0.8800 
21    | 15          | [90, 91, 93, 94, 101, 102, 103, 104, 105, 106, 107, 108, 109, 110, 111]        | [0.0300, 0.0300, 0.0200, 0.0300, 0.1800, 0.0700, 0.1200, 0.1800, 0.0900, 0.0600, 0.0700, 0.0200, 0.0300, 0.0500, 0.0200]                 | 22.1184  | 0.9200  | 0.9010 
