
[Simulation Info]
simulation_id = sim_0012522
timestamp     = 20250429_095503
seed          = 712572
output_folder = /home/lejeunet/Bureau/simulations/Ref_table/sim_0012522

[Model Parameters]
pop_size           = 1986
num_loci           = 20
sample1_generation = 30
sample2_generation = 10
low_repeats        = 1
high_repeats       = 200
mutation_rate      = 0.001
recap_Ne           = 1986

[Sampling Design]
sample1_size_Ne  = 50
sample2_size_Ne  = 50
sample1_size_CMR = 50
sample2_size_CMR = 50

[Capture-Marquage-Recapture]
census_N   =  2601
MatchCount =  1

[Ne Estimates - One Sample - Decreasing critical values [0.050, 0.020, 0.010, 0+]]

[Linkage Desequilibrium]
LD_Ne_Pop1 = [249886.5, None, 2517.2, 2517.2]
LD_r2_Pop1 = [0.021277, 0.021194, 0.021408, 0.021408]
LD_Ne_Pop2 = [None, 3069.4, 1305.5, 1305.5]
LD_r2_Pop2 = [0.02115, 0.021385, 0.021531, 0.021531]

[Heterozygote excess]
HE_Neb_mean_Pop1        = [48.4, 107.9, 144.6, 144.6]
HE_weighted_D_mean_Pop1 = [0.01043, 0.00466, 0.00347, 0.00347]
HE_Neb_mean_Pop2        = [116.7, 146.4, 188.1, 188.1]
HE_weighted_D_mean_Pop2 = [0.0043, 0.00343, 0.00267, 0.00267]

[Molecular Coancestry]
Coan_Neb_n_Pop1 = 45.3
Coan_f1_Pop1    = 0.01103
Coan_Neb_n_Pop2 = 19.6
Coan_f1_Pop2    = 0.0255

[Ne Estimates - Temporal - Decreasing critical values (0.050, 0.020, 0.010, 0+)]

[Pollak]
P_Ne     = [5831.5, -3666.0, -2645.7, -3061.4]
P_Fk     = [0.02086, 0.01864, 0.01811, 0.01837]
P_Fprime = [0.00086, -0.00136, -0.00189, -0.00163]

[Nei/Tajima]
N_Ne     = [6655.3, -3901.9, -2845.4, -3258.2]
N_Fc     = [0.02075, 0.01872, 0.01824, 0.01847]
N_Fprime = [0.00075, -0.00128, -0.00176, -0.00153]

[Jorde/Ryman]
J_Ne     = [2180.8, 4205.7, 4053.7, 3973.1]
J_Fs     = [0.02239, 0.02129, 0.02133, 0.02136]
J_Fprime = [0.00229, 0.00119, 0.00123, 0.00126]

[Genetic Diversity - Heterozygosity]
mean_exp_het_pop1 = 0.7524
mean_obs_het_pop1 = 0.7581
mean_exp_het_pop2 = 0.7582
mean_obs_het_pop2 = 0.7619

[Genetic Diversity - Allele Counts]
mean_alleles_pop1 = 7.86
var_alleles_pop1  = 4.23
sum_alleles_pop1  = 165
mean_alleles_pop2 = 8.0
var_alleles_pop2  = 4.44
sum_alleles_pop2  = 336

[Genetic Diversity - Allelic Size Variance]
var_allele_size_pop1 = 3.362
var_allele_size_pop2 = 3.7221

[Per-locus summary - Population 1]
Locus | Num_Alleles | Alleles                                                       | Frequencies                                                                                              | Variance | Obs_Het | Exp_Het
------+-------------+---------------------------------------------------------------+----------------------------------------------------------------------------------------------------------+----------+---------+--------
1     | 7           | [97, 98, 99, 100, 101, 102, 103]                              | [0.0200, 0.1000, 0.0100, 0.2200, 0.4200, 0.2100, 0.0200]                                                 | 1.6331   | 0.7200  | 0.7275 
2     | 8           | [98, 99, 100, 101, 102, 103, 104, 105]                        | [0.0100, 0.2500, 0.1700, 0.1900, 0.0800, 0.2500, 0.0400, 0.0100]                                         | 2.8584   | 0.8400  | 0.8099 
3     | 8           | [96, 97, 98, 99, 100, 101, 102, 103]                          | [0.0300, 0.0900, 0.5000, 0.2600, 0.0200, 0.0500, 0.0400, 0.0100]                                         | 1.6299   | 0.6800  | 0.6756 
4     | 13          | [95, 97, 98, 99, 100, 101, 102, 103, 104, 105, 106, 107, 108] | [0.0400, 0.0200, 0.0200, 0.0300, 0.0600, 0.0400, 0.2600, 0.1800, 0.0200, 0.1500, 0.1000, 0.0700, 0.0100] | 8.0571   | 0.9200  | 0.8622 
5     | 7           | [97, 98, 99, 100, 101, 102, 104]                              | [0.0200, 0.3700, 0.3100, 0.1600, 0.1200, 0.0100, 0.0100]                                                 | 1.4251   | 0.7200  | 0.7337 
6     | 6           | [96, 97, 98, 99, 100, 102]                                    | [0.0100, 0.2000, 0.4400, 0.2700, 0.0400, 0.0400]                                                         | 1.2259   | 0.6600  | 0.6972 
7     | 8           | [92, 93, 94, 95, 96, 97, 98, 99]                              | [0.0500, 0.0300, 0.2000, 0.2600, 0.2400, 0.1000, 0.0900, 0.0300]                                         | 2.5236   | 0.8200  | 0.8206 
8     | 7           | [98, 99, 100, 101, 102, 103, 104]                             | [0.0100, 0.0400, 0.3100, 0.4300, 0.1500, 0.0200, 0.0400]                                                 | 1.1379   | 0.6600  | 0.6998 
9     | 8           | [98, 102, 103, 104, 105, 106, 107, 108]                       | [0.0500, 0.0800, 0.0100, 0.1200, 0.3500, 0.1600, 0.2200, 0.0100]                                         | 4.4500   | 0.7600  | 0.7879 
10    | 7           | [97, 98, 99, 100, 101, 102, 103]                              | [0.0400, 0.0700, 0.0200, 0.1500, 0.0600, 0.2800, 0.3800]                                                 | 3.0696   | 0.7600  | 0.7517 
11    | 5           | [97, 98, 99, 100, 101]                                        | [0.0300, 0.4600, 0.2100, 0.1700, 0.1300]                                                                 | 1.2619   | 0.8000  | 0.7046 
12    | 10          | [90, 91, 92, 95, 96, 97, 98, 99, 100, 101]                    | [0.0100, 0.0800, 0.0100, 0.0100, 0.1000, 0.2000, 0.3800, 0.1200, 0.0300, 0.0600]                         | 5.7971   | 0.7400  | 0.7879 
13    | 4           | [97, 98, 99, 100]                                             | [0.0700, 0.6600, 0.2400, 0.0300]                                                                         | 0.3771   | 0.4400  | 0.5061 
14    | 10          | [96, 97, 102, 103, 104, 105, 106, 107, 108, 110]              | [0.1000, 0.0100, 0.2100, 0.1600, 0.0200, 0.2800, 0.1900, 0.0100, 0.0100, 0.0100]                         | 9.1044   | 0.8000  | 0.8131 
15    | 7           | [98, 99, 100, 101, 102, 103, 106]                             | [0.0600, 0.0700, 0.1600, 0.3800, 0.1200, 0.0100, 0.2000]                                                 | 5.7044   | 0.7400  | 0.7748 
16    | 10          | [95, 96, 97, 98, 99, 100, 101, 102, 103, 104]                 | [0.0200, 0.1400, 0.1900, 0.2600, 0.0500, 0.1600, 0.0600, 0.0100, 0.0300, 0.0800]                         | 5.4739   | 0.8600  | 0.8457 
17    | 10          | [91, 92, 93, 94, 95, 96, 97, 100, 101, 102]                   | [0.0300, 0.2800, 0.2900, 0.1500, 0.1600, 0.0100, 0.0200, 0.0100, 0.0300, 0.0200]                         | 5.0971   | 0.8600  | 0.7945 
18    | 8           | [97, 98, 99, 100, 101, 102, 103, 105]                         | [0.1200, 0.0100, 0.0200, 0.2300, 0.3600, 0.1700, 0.0800, 0.0100]                                         | 2.8019   | 0.8200  | 0.7750 
19    | 5           | [99, 100, 101, 102, 103]                                      | [0.0600, 0.3100, 0.4300, 0.1800, 0.0200]                                                                 | 0.7659   | 0.8000  | 0.6895 
20    | 9           | [97, 98, 99, 100, 101, 102, 103, 104, 105]                    | [0.0100, 0.0800, 0.1000, 0.1600, 0.2200, 0.2200, 0.1600, 0.0400, 0.0100]                                 | 2.8164   | 0.8200  | 0.8422 
21    | 8           | [95, 96, 97, 98, 99, 100, 101, 102]                           | [0.0800, 0.0800, 0.4900, 0.2000, 0.0100, 0.0100, 0.0200, 0.1100]                                         | 3.3904   | 0.7000  | 0.7014 

[Per-locus summary - Population 2]
Locus | Num_Alleles | Alleles                                                   | Frequencies                                                                                      | Variance | Obs_Het | Exp_Het
------+-------------+-----------------------------------------------------------+--------------------------------------------------------------------------------------------------+----------+---------+--------
1     | 7           | [97, 98, 99, 100, 101, 102, 103]                          | [0.0500, 0.1400, 0.0300, 0.1800, 0.4300, 0.1600, 0.0100]                                         | 2.0976   | 0.6800  | 0.7414 
2     | 7           | [98, 99, 100, 101, 102, 103, 104]                         | [0.0100, 0.2500, 0.1900, 0.2600, 0.0500, 0.2100, 0.0300]                                         | 2.4144   | 0.8600  | 0.7941 
3     | 8           | [95, 96, 97, 98, 99, 100, 101, 102]                       | [0.0100, 0.0200, 0.1600, 0.3200, 0.3000, 0.0600, 0.0800, 0.0500]                                 | 1.9931   | 0.7400  | 0.7768 
4     | 12          | [95, 97, 99, 100, 101, 102, 103, 104, 105, 106, 107, 108] | [0.0100, 0.0400, 0.0100, 0.0300, 0.1100, 0.2800, 0.2300, 0.0100, 0.1300, 0.1100, 0.0200, 0.0200] | 5.5411   | 0.8400  | 0.8323 
5     | 6           | [97, 98, 99, 100, 101, 102]                               | [0.0600, 0.2900, 0.4400, 0.1400, 0.0600, 0.0100]                                                 | 0.9856   | 0.7000  | 0.7024 
6     | 6           | [96, 97, 98, 99, 100, 102]                                | [0.0100, 0.2400, 0.4500, 0.1900, 0.0300, 0.0800]                                                 | 1.7739   | 0.7600  | 0.7034 
7     | 9           | [92, 93, 94, 95, 96, 97, 98, 99, 100]                     | [0.0300, 0.0400, 0.1700, 0.1600, 0.1900, 0.2500, 0.1400, 0.0100, 0.0100]                         | 2.7204   | 0.8400  | 0.8329 
8     | 7           | [98, 99, 100, 101, 102, 103, 104]                         | [0.0200, 0.0700, 0.1600, 0.4600, 0.2000, 0.0100, 0.0800]                                         | 1.5700   | 0.6800  | 0.7182 
9     | 9           | [97, 98, 102, 103, 104, 105, 106, 107, 108]               | [0.0100, 0.1000, 0.0600, 0.0100, 0.0900, 0.3300, 0.1600, 0.2100, 0.0300]                         | 7.3200   | 0.8200  | 0.8067 
10    | 8           | [97, 98, 99, 100, 101, 102, 103, 104]                     | [0.0900, 0.1000, 0.0400, 0.1300, 0.1000, 0.1900, 0.3400, 0.0100]                                 | 4.2691   | 0.8400  | 0.8097 
11    | 5           | [97, 98, 99, 100, 101]                                    | [0.0200, 0.4600, 0.1500, 0.1900, 0.1800]                                                         | 1.4475   | 0.6800  | 0.7040 
12    | 9           | [90, 91, 92, 96, 97, 98, 99, 100, 101]                    | [0.0100, 0.1500, 0.0300, 0.1200, 0.1500, 0.3100, 0.0900, 0.0900, 0.0500]                         | 8.9616   | 0.8000  | 0.8331 
13    | 4           | [97, 98, 99, 100]                                         | [0.0800, 0.6600, 0.2300, 0.0300]                                                                 | 0.3859   | 0.4600  | 0.5093 
14    | 11          | [96, 97, 102, 103, 104, 105, 106, 108, 109, 110, 111]     | [0.0800, 0.0100, 0.2400, 0.0700, 0.0400, 0.2600, 0.2100, 0.0300, 0.0100, 0.0400, 0.0100]         | 10.3900  | 0.9000  | 0.8232 
15    | 8           | [98, 99, 100, 101, 102, 103, 106, 107]                    | [0.0600, 0.0800, 0.2400, 0.3200, 0.1500, 0.0200, 0.1200, 0.0100]                                 | 4.6171   | 0.7600  | 0.8006 
16    | 9           | [95, 96, 97, 98, 99, 100, 101, 103, 104]                  | [0.0300, 0.2100, 0.1800, 0.2500, 0.0100, 0.1000, 0.0600, 0.0300, 0.1300]                         | 7.2731   | 0.8600  | 0.8370 
17    | 10          | [92, 93, 94, 95, 96, 97, 100, 101, 102, 103]              | [0.1900, 0.3400, 0.2600, 0.1100, 0.0100, 0.0200, 0.0100, 0.0300, 0.0200, 0.0100]                 | 5.3499   | 0.7800  | 0.7743 
18    | 7           | [97, 99, 100, 101, 102, 103, 105]                         | [0.1600, 0.0200, 0.2200, 0.3700, 0.1500, 0.0700, 0.0100]                                         | 3.1251   | 0.8400  | 0.7689 
19    | 5           | [99, 100, 101, 102, 103]                                  | [0.0800, 0.2700, 0.4000, 0.2100, 0.0400]                                                         | 0.9404   | 0.6800  | 0.7222 
20    | 8           | [97, 98, 99, 100, 101, 102, 103, 104]                     | [0.0100, 0.0600, 0.1200, 0.1100, 0.3600, 0.2300, 0.1000, 0.0100]                                 | 1.9979   | 0.8000  | 0.7851 
21    | 8           | [95, 96, 97, 98, 99, 100, 101, 102]                       | [0.0500, 0.1200, 0.5600, 0.1400, 0.0100, 0.0100, 0.0100, 0.1000]                                 | 2.9899   | 0.6800  | 0.6461 
