
[Simulation Info]
simulation_id = sim_0005047
timestamp     = 20250428_092249
seed          = 6222
output_folder = /home/lejeunet/Bureau/simulations/Ref_table/sim_0005047

[Model Parameters]
pop_size           = 204
num_loci           = 20
sample1_generation = 30
sample2_generation = 10
low_repeats        = 1
high_repeats       = 200
mutation_rate      = 0.001
recap_Ne           = 204

[Sampling Design]
sample1_size_Ne  = 50
sample2_size_Ne  = 50
sample1_size_CMR = 50
sample2_size_CMR = 50

[Capture-Marquage-Recapture]
census_N   =  216
MatchCount =  12

[Ne Estimates - One Sample - Decreasing critical values [0.050, 0.020, 0.010, 0+]]

[Linkage Desequilibrium]
LD_Ne_Pop1 = [None, None, None, None]
LD_r2_Pop1 = [0.020326, 0.020421, 0.020282, 0.020282]
LD_Ne_Pop2 = [None, None, None, None]
LD_r2_Pop2 = [0.020255, 0.021029, 0.020833, 0.020833]

[Heterozygote excess]
HE_Neb_mean_Pop1        = [19.7, 20.3, 21.0, 21.0]
HE_weighted_D_mean_Pop1 = [0.02596, 0.02527, 0.0244, 0.0244]
HE_Neb_mean_Pop2        = [21.6, 22.5, 22.5, 22.5]
HE_weighted_D_mean_Pop2 = [0.02364, 0.02267, 0.02267, 0.02267]

[Molecular Coancestry]
Coan_Neb_n_Pop1 = 22.3
Coan_f1_Pop1    = 0.02237
Coan_Neb_n_Pop2 = 34.3
Coan_f1_Pop2    = 0.01458

[Ne Estimates - Temporal - Decreasing critical values (0.050, 0.020, 0.010, 0+)]

[Pollak]
P_Ne     = [490.6, 333.8, 329.9, 340.5]
P_Fk     = [0.03019, 0.03498, 0.03515, 0.03468]
P_Fprime = [0.01019, 0.01498, 0.01515, 0.01468]

[Nei/Tajima]
N_Ne     = [937.5, 436.6, 424.1, 440.8]
N_Fc     = [0.02533, 0.03145, 0.03179, 0.03134]
N_Fprime = [0.00533, 0.01145, 0.01179, 0.01134]

[Jorde/Ryman]
J_Ne     = [968.2, 698.3, 694.8, 695.7]
J_Fs     = [0.02527, 0.02727, 0.02731, 0.0273]
J_Fprime = [0.00516, 0.00716, 0.0072, 0.00719]

[Genetic Diversity - Heterozygosity]
mean_exp_het_pop1 = 0.363
mean_obs_het_pop1 = 0.374
mean_exp_het_pop2 = 0.3799
mean_obs_het_pop2 = 0.3853

[Genetic Diversity - Allele Counts]
mean_alleles_pop1 = 2.38
var_alleles_pop1  = 0.35
sum_alleles_pop1  = 50
mean_alleles_pop2 = 2.43
var_alleles_pop2  = 0.35
sum_alleles_pop2  = 102

[Genetic Diversity - Allelic Size Variance]
var_allele_size_pop1 = 0.1919
var_allele_size_pop2 = 0.2001

[Per-locus summary - Population 1]
Locus | Num_Alleles | Alleles        | Frequencies              | Variance | Obs_Het | Exp_Het
------+-------------+----------------+--------------------------+----------+---------+--------
1     | 2           | [99, 100]      | [0.2100, 0.7900]         | 0.1659   | 0.3400  | 0.3352 
2     | 2           | [99, 100]      | [0.0500, 0.9500]         | 0.0475   | 0.1000  | 0.0960 
3     | 3           | [99, 100, 101] | [0.7400, 0.2300, 0.0300] | 0.2659   | 0.3600  | 0.4026 
4     | 3           | [99, 100, 101] | [0.5500, 0.4300, 0.0200] | 0.2891   | 0.5800  | 0.5174 
5     | 2           | [99, 100]      | [0.0600, 0.9400]         | 0.0564   | 0.1200  | 0.1139 
6     | 3           | [99, 100, 101] | [0.3300, 0.6600, 0.0100] | 0.2376   | 0.4800  | 0.4600 
7     | 2           | [100, 101]     | [0.6500, 0.3500]         | 0.2275   | 0.4600  | 0.4596 
8     | 3           | [98, 99, 100]  | [0.0400, 0.4500, 0.5100] | 0.3291   | 0.6800  | 0.5412 
9     | 2           | [99, 100]      | [0.6100, 0.3900]         | 0.2379   | 0.4600  | 0.4806 
10    | 2           | [100, 101]     | [0.9900, 0.0100]         | 0.0099   | 0.0200  | 0.0200 
11    | 2           | [99, 100]      | [0.0900, 0.9100]         | 0.0819   | 0.1800  | 0.1655 
12    | 2           | [100, 101]     | [0.5300, 0.4700]         | 0.2491   | 0.6200  | 0.5032 
13    | 1           | [100]          | [1.0000]                 | 0.0000   | NA      | NA     
14    | 3           | [99, 100, 101] | [0.4400, 0.4800, 0.0800] | 0.3904   | 0.5600  | 0.5754 
15    | 3           | [99, 100, 101] | [0.0200, 0.9500, 0.0300] | 0.0499   | 0.1000  | 0.0972 
16    | 3           | [98, 99, 100]  | [0.0100, 0.5400, 0.4500] | 0.2664   | 0.5200  | 0.5109 
17    | 3           | [99, 100, 101] | [0.1400, 0.5300, 0.3300] | 0.4339   | 0.5600  | 0.5966 
18    | 3           | [99, 100, 101] | [0.1900, 0.8000, 0.0100] | 0.1676   | 0.4000  | 0.3271 
19    | 2           | [99, 100]      | [0.1600, 0.8400]         | 0.1344   | 0.2000  | 0.2715 
20    | 2           | [100, 101]     | [0.6200, 0.3800]         | 0.2356   | 0.4400  | 0.4760 
21    | 2           | [99, 100]      | [0.1900, 0.8100]         | 0.1539   | 0.3000  | 0.3109 

[Per-locus summary - Population 2]
Locus | Num_Alleles | Alleles        | Frequencies              | Variance | Obs_Het | Exp_Het
------+-------------+----------------+--------------------------+----------+---------+--------
1     | 2           | [99, 100]      | [0.1800, 0.8200]         | 0.1476   | 0.3600  | 0.2982 
2     | 2           | [99, 100]      | [0.1000, 0.9000]         | 0.0900   | 0.2000  | 0.1818 
3     | 3           | [99, 100, 101] | [0.7600, 0.1900, 0.0500] | 0.3059   | 0.4000  | 0.3877 
4     | 3           | [99, 100, 101] | [0.4500, 0.4500, 0.1000] | 0.4275   | 0.5600  | 0.5909 
5     | 2           | [99, 100]      | [0.0600, 0.9400]         | 0.0564   | 0.1200  | 0.1139 
6     | 3           | [99, 100, 101] | [0.2200, 0.7400, 0.0400] | 0.2276   | 0.4000  | 0.4065 
7     | 2           | [100, 101]     | [0.6400, 0.3600]         | 0.2304   | 0.3600  | 0.4654 
8     | 3           | [98, 99, 100]  | [0.0200, 0.4600, 0.5200] | 0.2900   | 0.5200  | 0.5228 
9     | 2           | [99, 100]      | [0.5900, 0.4100]         | 0.2419   | 0.6200  | 0.4887 
10    | 1           | [100]          | [1.0000]                 | 0.0000   | NA      | NA     
11    | 1           | [100]          | [1.0000]                 | 0.0000   | NA      | NA     
12    | 2           | [100, 101]     | [0.4600, 0.5400]         | 0.2484   | 0.4000  | 0.5018 
13    | 2           | [100, 101]     | [0.9800, 0.0200]         | 0.0196   | 0.0400  | 0.0396 
14    | 3           | [99, 100, 101] | [0.2800, 0.5200, 0.2000] | 0.4736   | 0.6600  | 0.6174 
15    | 3           | [99, 100, 101] | [0.0400, 0.9400, 0.0200] | 0.0596   | 0.1200  | 0.1156 
16    | 2           | [99, 100]      | [0.4100, 0.5900]         | 0.2419   | 0.5800  | 0.4887 
17    | 3           | [99, 100, 101] | [0.2200, 0.6000, 0.1800] | 0.3984   | 0.5600  | 0.5648 
18    | 2           | [99, 100]      | [0.2400, 0.7600]         | 0.1824   | 0.3200  | 0.3685 
19    | 2           | [99, 100]      | [0.1700, 0.8300]         | 0.1411   | 0.3000  | 0.2851 
20    | 3           | [99, 100, 101] | [0.0300, 0.6500, 0.3200] | 0.2659   | 0.4400  | 0.4790 
21    | 3           | [99, 100, 101] | [0.1700, 0.8200, 0.0100] | 0.1544   | 0.3600  | 0.3016 
