
[Simulation Info]
simulation_id = sim_0012717
timestamp     = 20250429_100106
seed          = 916336
output_folder = /home/lejeunet/Bureau/simulations/Ref_table/sim_0012717

[Model Parameters]
pop_size           = 837
num_loci           = 20
sample1_generation = 30
sample2_generation = 10
low_repeats        = 1
high_repeats       = 200
mutation_rate      = 0.001
recap_Ne           = 837

[Sampling Design]
sample1_size_Ne  = 50
sample2_size_Ne  = 50
sample1_size_CMR = 50
sample2_size_CMR = 50

[Capture-Marquage-Recapture]
census_N   =  867
MatchCount =  3

[Ne Estimates - One Sample - Decreasing critical values [0.050, 0.020, 0.010, 0+]]

[Linkage Desequilibrium]
LD_Ne_Pop1 = [1264.3, 630.4, 492.8, 492.8]
LD_r2_Pop1 = [0.021539, 0.021803, 0.02195, 0.02195]
LD_Ne_Pop2 = [358.6, 746.0, 1183.3, 1183.3]
LD_r2_Pop2 = [0.0222, 0.021722, 0.021557, 0.021557]

[Heterozygote excess]
HE_Neb_mean_Pop1        = [20.4, 24.5, 25.5, 25.5]
HE_weighted_D_mean_Pop1 = [0.0251, 0.0208, 0.01996, 0.01996]
HE_Neb_mean_Pop2        = [501.5, 60.7, 64.4, 64.4]
HE_weighted_D_mean_Pop2 = [0.001, 0.00831, 0.00782, 0.00782]

[Molecular Coancestry]
Coan_Neb_n_Pop1 = 19.6
Coan_f1_Pop1    = 0.02557
Coan_Neb_n_Pop2 = 118.1
Coan_f1_Pop2    = 0.00423

[Ne Estimates - Temporal - Decreasing critical values (0.050, 0.020, 0.010, 0+)]

[Pollak]
P_Ne     = [842.1, 984.0, 972.4, 1139.6]
P_Fk     = [0.02594, 0.02508, 0.02514, 0.02439]
P_Fprime = [0.00594, 0.00508, 0.00514, 0.00439]

[Nei/Tajima]
N_Ne     = [946.5, 1093.2, 1079.7, 1243.7]
N_Fc     = [0.02528, 0.02457, 0.02463, 0.02402]
N_Fprime = [0.00528, 0.00457, 0.00463, 0.00402]

[Jorde/Ryman]
J_Ne     = [1261.6, 1502.3, 1489.8, 1509.2]
J_Fs     = [0.02407, 0.02343, 0.02346, 0.02342]
J_Fprime = [0.00396, 0.00333, 0.00336, 0.00331]

[Genetic Diversity - Heterozygosity]
mean_exp_het_pop1 = 0.6727
mean_obs_het_pop1 = 0.6895
mean_exp_het_pop2 = 0.6653
mean_obs_het_pop2 = 0.6657

[Genetic Diversity - Allele Counts]
mean_alleles_pop1 = 5.33
var_alleles_pop1  = 1.53
sum_alleles_pop1  = 112
mean_alleles_pop2 = 5.57
var_alleles_pop2  = 1.28
sum_alleles_pop2  = 234

[Genetic Diversity - Allelic Size Variance]
var_allele_size_pop1 = 1.9002
var_allele_size_pop2 = 1.8981

[Per-locus summary - Population 1]
Locus | Num_Alleles | Alleles                               | Frequencies                                                      | Variance | Obs_Het | Exp_Het
------+-------------+---------------------------------------+------------------------------------------------------------------+----------+---------+--------
1     | 6           | [97, 98, 99, 100, 101, 104]           | [0.0300, 0.0700, 0.1600, 0.2700, 0.3200, 0.1500]                 | 3.1491   | 0.8200  | 0.7786 
2     | 4           | [100, 101, 102, 103]                  | [0.1400, 0.6000, 0.2500, 0.0100]                                 | 0.4131   | 0.6200  | 0.5634 
3     | 6           | [97, 99, 100, 101, 102, 103]          | [0.2100, 0.0300, 0.1700, 0.4300, 0.1000, 0.0600]                 | 3.2675   | 0.8000  | 0.7349 
4     | 5           | [99, 100, 101, 102, 103]              | [0.0800, 0.3100, 0.4200, 0.1500, 0.0400]                         | 0.8824   | 0.7400  | 0.7040 
5     | 4           | [101, 102, 103, 104]                  | [0.2300, 0.2700, 0.4000, 0.1000]                                 | 0.8931   | 0.5600  | 0.7113 
6     | 8           | [96, 97, 98, 99, 100, 101, 102, 103]  | [0.1000, 0.0900, 0.2900, 0.0300, 0.1600, 0.0300, 0.2600, 0.0400] | 4.6579   | 0.8000  | 0.8093 
7     | 8           | [96, 97, 98, 100, 101, 102, 103, 104] | [0.0900, 0.0500, 0.0300, 0.0100, 0.5500, 0.1000, 0.0900, 0.0800] | 4.4571   | 0.7200  | 0.6681 
8     | 4           | [98, 99, 100, 103]                    | [0.0500, 0.6100, 0.3200, 0.0200]                                 | 0.5675   | 0.5800  | 0.5279 
9     | 6           | [98, 99, 100, 101, 102, 103]          | [0.0200, 0.1000, 0.1600, 0.3000, 0.3900, 0.0300]                 | 1.2491   | 0.8200  | 0.7283 
10    | 5           | [96, 98, 99, 100, 101]                | [0.0200, 0.0500, 0.6900, 0.1000, 0.1400]                         | 0.8171   | 0.4400  | 0.4964 
11    | 7           | [95, 96, 97, 98, 99, 102, 104]        | [0.0100, 0.2400, 0.2200, 0.3900, 0.0100, 0.1200, 0.0100]         | 3.5276   | 0.6600  | 0.7346 
12    | 5           | [96, 97, 98, 99, 100]                 | [0.0100, 0.1000, 0.2800, 0.2600, 0.3500]                         | 1.0944   | 0.6600  | 0.7287 
13    | 6           | [95, 96, 97, 98, 99, 100]             | [0.0900, 0.4000, 0.1600, 0.0400, 0.0600, 0.2500]                 | 3.1811   | 0.7600  | 0.7461 
14    | 5           | [99, 100, 101, 102, 103]              | [0.2600, 0.0800, 0.0800, 0.0200, 0.5600]                         | 3.0884   | 0.6400  | 0.6117 
15    | 4           | [98, 99, 100, 101]                    | [0.0500, 0.1900, 0.6200, 0.1400]                                 | 0.5075   | 0.6800  | 0.5630 
16    | 6           | [96, 97, 98, 99, 100, 101]            | [0.0600, 0.4000, 0.0700, 0.1600, 0.1000, 0.2100]                 | 2.8691   | 0.7600  | 0.7594 
17    | 5           | [99, 100, 101, 102, 103]              | [0.2900, 0.1500, 0.1600, 0.3300, 0.0700]                         | 1.8524   | 0.8000  | 0.7616 
18    | 4           | [98, 99, 100, 101]                    | [0.1800, 0.5800, 0.0900, 0.1500]                                 | 0.8259   | 0.7000  | 0.6067 
19    | 4           | [99, 100, 101, 102]                   | [0.3500, 0.5400, 0.0500, 0.0600]                                 | 0.6076   | 0.6200  | 0.5857 
20    | 5           | [98, 99, 100, 101, 102]               | [0.0100, 0.3900, 0.3200, 0.1500, 0.1300]                         | 1.1000   | 0.7200  | 0.7131 
21    | 5           | [97, 98, 99, 100, 101]                | [0.0900, 0.1300, 0.6100, 0.0900, 0.0800]                         | 0.8964   | 0.5800  | 0.5943 

[Per-locus summary - Population 2]
Locus | Num_Alleles | Alleles                           | Frequencies                                              | Variance | Obs_Het | Exp_Het
------+-------------+-----------------------------------+----------------------------------------------------------+----------+---------+--------
1     | 5           | [98, 99, 100, 101, 104]           | [0.0200, 0.2100, 0.3000, 0.2900, 0.1800]                 | 2.8824   | 0.7400  | 0.7566 
2     | 3           | [100, 101, 102]                   | [0.2400, 0.4900, 0.2700]                                 | 0.5091   | 0.6800  | 0.6358 
3     | 6           | [97, 99, 100, 101, 102, 103]      | [0.1600, 0.0200, 0.3000, 0.3600, 0.0900, 0.0700]         | 2.7475   | 0.7800  | 0.7489 
4     | 6           | [99, 100, 101, 102, 103, 104]     | [0.0200, 0.2900, 0.4200, 0.2300, 0.0300, 0.0100]         | 0.8099   | 0.6600  | 0.6921 
5     | 5           | [100, 101, 102, 103, 104]         | [0.0100, 0.2500, 0.2400, 0.4500, 0.0500]                 | 0.8616   | 0.6200  | 0.6816 
6     | 7           | [96, 97, 98, 99, 100, 101, 102]   | [0.1300, 0.0700, 0.3000, 0.0400, 0.1200, 0.0100, 0.3300] | 4.7900   | 0.7200  | 0.7709 
7     | 7           | [96, 97, 98, 101, 102, 103, 104]  | [0.0800, 0.0800, 0.0400, 0.5000, 0.1000, 0.1100, 0.0900] | 4.9275   | 0.7800  | 0.7125 
8     | 6           | [98, 99, 100, 101, 102, 103]      | [0.0300, 0.5800, 0.3100, 0.0100, 0.0100, 0.0600]         | 1.1051   | 0.6000  | 0.5685 
9     | 6           | [98, 99, 100, 101, 102, 103]      | [0.0300, 0.1500, 0.1800, 0.2400, 0.3500, 0.0500]         | 1.5856   | 0.7400  | 0.7693 
10    | 4           | [98, 99, 100, 101]                | [0.0200, 0.6700, 0.1200, 0.1900]                         | 0.6696   | 0.5000  | 0.5052 
11    | 5           | [95, 96, 97, 98, 102]             | [0.0200, 0.2900, 0.1900, 0.3800, 0.1200]                 | 3.3275   | 0.7600  | 0.7279 
12    | 6           | [96, 97, 98, 99, 100, 101]        | [0.0100, 0.0700, 0.2400, 0.3400, 0.3300, 0.0100]         | 0.9764   | 0.6800  | 0.7200 
13    | 6           | [95, 96, 97, 98, 99, 100]         | [0.1100, 0.4200, 0.1300, 0.0300, 0.0300, 0.2800]         | 3.4459   | 0.7200  | 0.7216 
14    | 7           | [98, 99, 100, 101, 102, 103, 104] | [0.0100, 0.1700, 0.0500, 0.1100, 0.0300, 0.6200, 0.0100] | 2.6456   | 0.5800  | 0.5768 
15    | 4           | [98, 99, 100, 101]                | [0.0700, 0.0300, 0.8000, 0.1000]                         | 0.4051   | 0.3400  | 0.3477 
16    | 6           | [96, 97, 98, 99, 100, 101]        | [0.0200, 0.4800, 0.0200, 0.1700, 0.0900, 0.2200]         | 2.8299   | 0.7200  | 0.6903 
17    | 6           | [99, 100, 101, 102, 103, 104]     | [0.2500, 0.2900, 0.0800, 0.2800, 0.0900, 0.0100]         | 1.9300   | 0.7400  | 0.7681 
18    | 4           | [98, 99, 100, 101]                | [0.2500, 0.4300, 0.1600, 0.1600]                         | 0.9971   | 0.8000  | 0.7085 
19    | 5           | [98, 99, 100, 101, 102]           | [0.0100, 0.4400, 0.4600, 0.0300, 0.0600]                 | 0.6539   | 0.5800  | 0.5962 
20    | 5           | [98, 99, 100, 101, 102]           | [0.0500, 0.4300, 0.2200, 0.2000, 0.1000]                 | 1.2131   | 0.7600  | 0.7214 
21    | 4           | [98, 99, 100, 101]                | [0.0600, 0.6300, 0.2100, 0.1000]                         | 0.5475   | 0.4800  | 0.5509 
