
[Simulation Info]
simulation_id = sim_0000745
timestamp     = 20250428_074824
seed          = 822062
output_folder = /home/lejeunet/Bureau/simulations/Ref_table/sim_0000745

[Model Parameters]
pop_size           = 918
num_loci           = 20
sample1_generation = 30
sample2_generation = 10
low_repeats        = 1
high_repeats       = 200
mutation_rate      = 0.001
recap_Ne           = 918

[Sampling Design]
sample1_size_Ne  = 50
sample2_size_Ne  = 50
sample1_size_CMR = 50
sample2_size_CMR = 50

[Capture-Marquage-Recapture]
census_N   =  1300
MatchCount =  2

[Ne Estimates - One Sample - Decreasing critical values [0.050, 0.020, 0.010, 0+]]

[Linkage Desequilibrium]
LD_Ne_Pop1 = [None, None, 4016.8, 4016.8]
LD_r2_Pop1 = [0.020782, 0.021135, 0.021359, 0.021359]
LD_Ne_Pop2 = [None, None, None, None]
LD_r2_Pop2 = [0.021235, 0.021091, 0.020791, 0.020791]

[Heterozygote excess]
HE_Neb_mean_Pop1        = [21.0, 22.7, 23.1, 23.1]
HE_weighted_D_mean_Pop1 = [0.02434, 0.02256, 0.02213, 0.02213]
HE_Neb_mean_Pop2        = [39.6, 58.7, 59.6, 59.6]
HE_weighted_D_mean_Pop2 = [0.01278, 0.00859, 0.00846, 0.00846]

[Molecular Coancestry]
Coan_Neb_n_Pop1 = None
Coan_f1_Pop1    = -0.00695
Coan_Neb_n_Pop2 = None
Coan_f1_Pop2    = -0.0173

[Ne Estimates - Temporal - Decreasing critical values (0.050, 0.020, 0.010, 0+)]

[Pollak]
P_Ne     = [483.0, 529.9, 529.9, 529.9]
P_Fk     = [0.03035, 0.02944, 0.02944, 0.02944]
P_Fprime = [0.01035, 0.00944, 0.00944, 0.00944]

[Nei/Tajima]
N_Ne     = [530.5, 575.2, 575.2, 575.2]
N_Fc     = [0.02943, 0.02869, 0.02869, 0.02869]
N_Fprime = [0.00943, 0.00869, 0.00869, 0.00869]

[Jorde/Ryman]
J_Ne     = [646.3, 726.8, 726.8, 726.8]
J_Fs     = [0.02785, 0.02699, 0.02699, 0.02699]
J_Fprime = [0.00774, 0.00688, 0.00688, 0.00688]

[Genetic Diversity - Heterozygosity]
mean_exp_het_pop1 = 0.6248
mean_obs_het_pop1 = 0.639
mean_exp_het_pop2 = 0.6305
mean_obs_het_pop2 = 0.6438

[Genetic Diversity - Allele Counts]
mean_alleles_pop1 = 5.43
var_alleles_pop1  = 2.06
sum_alleles_pop1  = 114
mean_alleles_pop2 = 5.43
var_alleles_pop2  = 2.59
sum_alleles_pop2  = 228

[Genetic Diversity - Allelic Size Variance]
var_allele_size_pop1 = 1.7196
var_allele_size_pop2 = 1.7169

[Per-locus summary - Population 1]
Locus | Num_Alleles | Alleles                               | Frequencies                                                      | Variance | Obs_Het | Exp_Het
------+-------------+---------------------------------------+------------------------------------------------------------------+----------+---------+--------
1     | 7           | [98, 99, 100, 101, 102, 103, 104]     | [0.0300, 0.1900, 0.2500, 0.0200, 0.4700, 0.0100, 0.0300]         | 2.0404   | 0.6600  | 0.6851 
2     | 6           | [96, 97, 98, 99, 100, 101]            | [0.0100, 0.1600, 0.0900, 0.0800, 0.4700, 0.1900]                 | 1.8819   | 0.7200  | 0.7099 
3     | 5           | [99, 100, 101, 102, 103]              | [0.1200, 0.3800, 0.1100, 0.3600, 0.0300]                         | 1.3000   | 0.6800  | 0.7057 
4     | 6           | [98, 99, 100, 101, 102, 103]          | [0.0500, 0.5600, 0.2500, 0.0100, 0.0500, 0.0800]                 | 1.5939   | 0.6000  | 0.6186 
5     | 7           | [97, 98, 99, 100, 101, 102, 103]      | [0.0100, 0.1000, 0.2500, 0.0300, 0.4500, 0.1300, 0.0300]         | 1.8776   | 0.8000  | 0.7133 
6     | 4           | [98, 99, 100, 101]                    | [0.1100, 0.2100, 0.6600, 0.0200]                                 | 0.5019   | 0.4800  | 0.5129 
7     | 6           | [97, 98, 99, 100, 101, 102]           | [0.0100, 0.1100, 0.1100, 0.2400, 0.4200, 0.1100]                 | 1.4216   | 0.7400  | 0.7370 
8     | 5           | [97, 98, 99, 100, 101]                | [0.0100, 0.0500, 0.0700, 0.7900, 0.0800]                         | 0.4256   | 0.3800  | 0.3657 
9     | 4           | [98, 99, 100, 101]                    | [0.1100, 0.0300, 0.7800, 0.0800]                                 | 0.5211   | 0.4200  | 0.3760 
10    | 5           | [97, 98, 99, 100, 101]                | [0.0800, 0.0600, 0.0200, 0.5000, 0.3400]                         | 1.3184   | 0.6400  | 0.6303 
11    | 8           | [96, 97, 98, 100, 101, 102, 103, 104] | [0.0700, 0.3800, 0.0600, 0.1000, 0.2900, 0.0500, 0.0200, 0.0300] | 4.9891   | 0.7800  | 0.7568 
12    | 4           | [99, 100, 101, 102]                   | [0.1400, 0.5000, 0.3200, 0.0400]                                 | 0.5524   | 0.6400  | 0.6327 
13    | 3           | [98, 99, 100]                         | [0.0400, 0.7400, 0.2200]                                         | 0.2276   | 0.4800  | 0.4065 
14    | 5           | [98, 99, 100, 101, 102]               | [0.0400, 0.5600, 0.2400, 0.0800, 0.0800]                         | 0.9600   | 0.6000  | 0.6206 
15    | 7           | [96, 97, 98, 99, 100, 102, 103]       | [0.1000, 0.2800, 0.2100, 0.1000, 0.0300, 0.2000, 0.0800]         | 5.3256   | 0.8600  | 0.8184 
16    | 4           | [98, 99, 100, 101]                    | [0.0500, 0.4000, 0.4000, 0.1500]                                 | 0.6275   | 0.6400  | 0.6616 
17    | 6           | [99, 100, 101, 102, 104, 105]         | [0.1500, 0.4800, 0.1900, 0.0500, 0.1200, 0.0100]                 | 2.2611   | 0.8200  | 0.7010 
18    | 4           | [98, 99, 100, 101]                    | [0.0600, 0.7900, 0.1200, 0.0300]                                 | 0.2856   | 0.4200  | 0.3606 
19    | 8           | [96, 97, 98, 99, 100, 102, 103, 104]  | [0.0800, 0.1000, 0.0600, 0.0500, 0.0900, 0.2300, 0.3200, 0.0700] | 6.5619   | 0.8000  | 0.8174 
20    | 4           | [99, 100, 101, 102]                   | [0.0300, 0.3300, 0.4900, 0.1500]                                 | 0.5424   | 0.6400  | 0.6339 
21    | 6           | [101, 102, 103, 104, 105, 106]        | [0.0100, 0.2600, 0.5100, 0.1100, 0.1000, 0.0100]                 | 0.8964   | 0.6200  | 0.6566 

[Per-locus summary - Population 2]
Locus | Num_Alleles | Alleles                               | Frequencies                                                      | Variance | Obs_Het | Exp_Het
------+-------------+---------------------------------------+------------------------------------------------------------------+----------+---------+--------
1     | 8           | [97, 98, 99, 100, 101, 102, 103, 104] | [0.0100, 0.0100, 0.1900, 0.2100, 0.0400, 0.4100, 0.0600, 0.0700] | 2.4936   | 0.8000  | 0.7489 
2     | 5           | [97, 98, 99, 100, 101]                | [0.2000, 0.1400, 0.1400, 0.3900, 0.1300]                         | 1.8379   | 0.7200  | 0.7594 
3     | 5           | [99, 100, 101, 102, 103]              | [0.1000, 0.5000, 0.0400, 0.3300, 0.0300]                         | 1.2539   | 0.6800  | 0.6350 
4     | 6           | [98, 99, 100, 101, 102, 103]          | [0.1000, 0.4800, 0.1900, 0.0200, 0.1000, 0.1100]                 | 2.2731   | 0.6600  | 0.7081 
5     | 6           | [97, 98, 99, 100, 101, 102]           | [0.0600, 0.1500, 0.2200, 0.0600, 0.3800, 0.1300]                 | 2.2564   | 0.7400  | 0.7683 
6     | 4           | [98, 99, 100, 101]                    | [0.1800, 0.3200, 0.4900, 0.0100]                                 | 0.6011   | 0.6800  | 0.6313 
7     | 6           | [97, 98, 99, 100, 101, 102]           | [0.0200, 0.1300, 0.2400, 0.2200, 0.3400, 0.0500]                 | 1.4656   | 0.8400  | 0.7663 
8     | 5           | [97, 98, 99, 100, 101]                | [0.0600, 0.0700, 0.0400, 0.7400, 0.0900]                         | 0.8771   | 0.5000  | 0.4386 
9     | 4           | [98, 99, 100, 101]                    | [0.1600, 0.1300, 0.6900, 0.0200]                                 | 0.6051   | 0.5400  | 0.4859 
10    | 5           | [97, 98, 99, 100, 101]                | [0.0400, 0.0600, 0.0600, 0.5300, 0.3100]                         | 0.9699   | 0.6200  | 0.6204 
11    | 7           | [96, 97, 98, 100, 101, 102, 104]      | [0.1300, 0.3400, 0.0600, 0.0800, 0.3500, 0.0300, 0.0100]         | 4.5459   | 0.7400  | 0.7414 
12    | 4           | [99, 100, 101, 102]                   | [0.1100, 0.6100, 0.2700, 0.0100]                                 | 0.3876   | 0.4800  | 0.5483 
13    | 3           | [98, 99, 100]                         | [0.0200, 0.8200, 0.1600]                                         | 0.1604   | 0.3600  | 0.3046 
14    | 5           | [98, 99, 100, 101, 102]               | [0.0500, 0.5900, 0.2600, 0.0800, 0.0200]                         | 0.6251   | 0.5600  | 0.5808 
15    | 8           | [96, 97, 98, 99, 100, 101, 102, 103]  | [0.1000, 0.3500, 0.2100, 0.0300, 0.0400, 0.0100, 0.2000, 0.0600] | 5.2539   | 0.7800  | 0.7851 
16    | 4           | [98, 99, 100, 101]                    | [0.1500, 0.3600, 0.3900, 0.1000]                                 | 0.7464   | 0.6600  | 0.6927 
17    | 5           | [99, 100, 101, 102, 104]              | [0.1200, 0.5400, 0.1500, 0.1000, 0.0900]                         | 1.7619   | 0.7400  | 0.6600 
18    | 2           | [99, 100]                             | [0.8500, 0.1500]                                                 | 0.1275   | 0.2600  | 0.2576 
19    | 8           | [96, 97, 98, 99, 100, 102, 103, 104]  | [0.0900, 0.0400, 0.0700, 0.0500, 0.1600, 0.2700, 0.2100, 0.1100] | 5.9764   | 0.8400  | 0.8366 
20    | 4           | [99, 100, 101, 102]                   | [0.0100, 0.4800, 0.4400, 0.0700]                                 | 0.4051   | 0.6000  | 0.5768 
21    | 7           | [100, 101, 102, 103, 104, 105, 106]   | [0.0200, 0.0600, 0.3500, 0.4200, 0.0300, 0.0800, 0.0400]         | 1.4316   | 0.7200  | 0.6952 
