
[Simulation Info]
simulation_id = sim_0004137
timestamp     = 20250428_090116
seed          = 74232
output_folder = /home/lejeunet/Bureau/simulations/Ref_table/sim_0004137

[Model Parameters]
pop_size           = 6477
num_loci           = 20
sample1_generation = 30
sample2_generation = 10
low_repeats        = 1
high_repeats       = 200
mutation_rate      = 0.001
recap_Ne           = 6477

[Sampling Design]
sample1_size_Ne  = 50
sample2_size_Ne  = 50
sample1_size_CMR = 50
sample2_size_CMR = 50

[Capture-Marquage-Recapture]
census_N   =  2601
MatchCount =  1

[Ne Estimates - One Sample - Decreasing critical values [0.050, 0.020, 0.010, 0+]]

[Linkage Desequilibrium]
LD_Ne_Pop1 = [270554.5, None, None, None]
LD_r2_Pop1 = [0.021277, 0.021244, 0.02125, 0.02125]
LD_Ne_Pop2 = [17168.6, None, None, None]
LD_r2_Pop2 = [0.021295, 0.021255, 0.021104, 0.021104]

[Heterozygote excess]
HE_Neb_mean_Pop1        = [None, None, None, None]
HE_weighted_D_mean_Pop1 = [-0.00136, -0.00771, -0.00777, -0.00777]
HE_Neb_mean_Pop2        = [1559.4, None, 611.0, 611.0]
HE_weighted_D_mean_Pop2 = [0.00032, -0.0038, 0.00082, 0.00082]

[Molecular Coancestry]
Coan_Neb_n_Pop1 = None
Coan_f1_Pop1    = -0.00935
Coan_Neb_n_Pop2 = None
Coan_f1_Pop2    = -0.0163

[Ne Estimates - Temporal - Decreasing critical values (0.050, 0.020, 0.010, 0+)]

[Pollak]
P_Ne     = [14898.8, 6047.8, 4566.8, 4235.1]
P_Fk     = [0.02034, 0.02083, 0.02109, 0.02118]
P_Fprime = [0.00034, 0.00083, 0.00109, 0.00118]

[Nei/Tajima]
N_Ne     = [-66488.8, 10423.9, 6620.9, 5881.6]
N_Fc     = [0.01992, 0.02048, 0.02076, 0.02085]
N_Fprime = [-8e-05, 0.00048, 0.00076, 0.00085]

[Jorde/Ryman]
J_Ne     = [-8756.0, 14836.6, 12045.6, 11475.5]
J_Fs     = [0.01953, 0.02044, 0.02052, 0.02054]
J_Fprime = [-0.00057, 0.00034, 0.00042, 0.00044]

[Genetic Diversity - Heterozygosity]
mean_exp_het_pop1 = 0.8755
mean_obs_het_pop1 = 0.8686
mean_exp_het_pop2 = 0.8759
mean_obs_het_pop2 = 0.8743

[Genetic Diversity - Allele Counts]
mean_alleles_pop1 = 12.9
var_alleles_pop1  = 3.69
sum_alleles_pop1  = 271
mean_alleles_pop2 = 13.43
var_alleles_pop2  = 5.52
sum_alleles_pop2  = 564

[Genetic Diversity - Allelic Size Variance]
var_allele_size_pop1 = 16.4034
var_allele_size_pop2 = 16.3324

[Per-locus summary - Population 1]
Locus | Num_Alleles | Alleles                                                                        | Frequencies                                                                                                                              | Variance | Obs_Het | Exp_Het
------+-------------+--------------------------------------------------------------------------------+------------------------------------------------------------------------------------------------------------------------------------------+----------+---------+--------
1     | 14          | [96, 97, 98, 102, 103, 104, 105, 106, 107, 108, 109, 111, 112, 113]            | [0.0400, 0.0100, 0.0200, 0.0200, 0.0500, 0.2400, 0.1900, 0.1800, 0.0700, 0.0200, 0.0700, 0.0600, 0.0200, 0.0100]                         | 10.9524  | 0.9000  | 0.8632 
2     | 14          | [91, 92, 93, 95, 96, 97, 98, 100, 101, 102, 103, 104, 105, 106]                | [0.0100, 0.0200, 0.0600, 0.0100, 0.0100, 0.0100, 0.0200, 0.1400, 0.0600, 0.1400, 0.1800, 0.1500, 0.1800, 0.0100]                         | 12.5179  | 0.9600  | 0.8737 
3     | 15          | [96, 97, 98, 99, 100, 101, 102, 103, 104, 105, 106, 109, 110, 111, 113]        | [0.0300, 0.0300, 0.1500, 0.1700, 0.1100, 0.2000, 0.0200, 0.0300, 0.0900, 0.0300, 0.0200, 0.0300, 0.0600, 0.0200, 0.0100]                 | 15.2700  | 0.9000  | 0.8879 
4     | 17          | [87, 88, 89, 90, 91, 93, 99, 100, 101, 102, 103, 104, 105, 106, 107, 108, 110] | [0.0100, 0.0200, 0.0300, 0.0200, 0.0100, 0.0300, 0.1400, 0.0600, 0.0200, 0.1300, 0.1700, 0.1500, 0.0800, 0.0400, 0.0500, 0.0300, 0.0100] | 23.9956  | 0.9000  | 0.9028 
5     | 14          | [83, 84, 85, 86, 87, 88, 89, 90, 91, 92, 93, 95, 107, 108]                     | [0.0100, 0.0100, 0.0200, 0.0500, 0.0400, 0.1800, 0.1000, 0.1300, 0.2700, 0.1200, 0.0100, 0.0200, 0.0300, 0.0100]                         | 16.4776  | 0.9600  | 0.8558 
6     | 13          | [91, 92, 93, 94, 95, 96, 97, 98, 103, 106, 107, 109, 110]                      | [0.1000, 0.1700, 0.1200, 0.0700, 0.0600, 0.1800, 0.1600, 0.0300, 0.0300, 0.0100, 0.0500, 0.0100, 0.0100]                                 | 18.9379  | 0.8400  | 0.8844 
7     | 14          | [82, 83, 84, 85, 86, 87, 88, 89, 90, 91, 92, 97, 100, 101]                     | [0.0200, 0.0100, 0.0200, 0.0400, 0.0900, 0.2800, 0.1400, 0.1300, 0.0400, 0.0400, 0.0300, 0.0100, 0.1300, 0.0200]                         | 23.9891  | 0.8200  | 0.8616 
8     | 10          | [93, 94, 95, 96, 97, 98, 99, 100, 101, 102]                                    | [0.0100, 0.0400, 0.1700, 0.1100, 0.2500, 0.1000, 0.1900, 0.0700, 0.0400, 0.0200]                                                         | 3.8244   | 0.7600  | 0.8503 
9     | 12          | [99, 100, 101, 107, 108, 109, 110, 111, 112, 113, 114, 115]                    | [0.0300, 0.0400, 0.0300, 0.0200, 0.0400, 0.1100, 0.2400, 0.1700, 0.0400, 0.1300, 0.1400, 0.0100]                                         | 14.5000  | 0.8800  | 0.8665 
10    | 12          | [86, 87, 88, 93, 94, 95, 96, 97, 98, 99, 100, 101]                             | [0.0300, 0.0600, 0.0100, 0.0400, 0.0600, 0.3000, 0.0900, 0.0900, 0.1200, 0.0900, 0.1000, 0.0100]                                         | 12.4619  | 0.8200  | 0.8600 
11    | 12          | [90, 91, 92, 93, 94, 95, 96, 97, 98, 99, 100, 104]                             | [0.0300, 0.1000, 0.0400, 0.1400, 0.0200, 0.0500, 0.0800, 0.1300, 0.1600, 0.1900, 0.0500, 0.0100]                                         | 9.5275   | 0.8400  | 0.8863 
12    | 12          | [99, 101, 102, 105, 106, 107, 108, 109, 110, 111, 112, 113]                    | [0.0300, 0.0200, 0.0200, 0.0600, 0.2200, 0.2500, 0.1400, 0.0800, 0.0700, 0.0400, 0.0600, 0.0100]                                         | 7.1371   | 0.7600  | 0.8562 
13    | 13          | [88, 89, 90, 91, 92, 93, 94, 95, 96, 101, 103, 104, 105]                       | [0.0400, 0.0500, 0.1700, 0.1300, 0.1500, 0.1200, 0.1600, 0.0400, 0.0200, 0.0300, 0.0600, 0.0200, 0.0100]                                 | 16.2544  | 0.8600  | 0.8895 
14    | 10          | [92, 93, 94, 95, 96, 97, 98, 99, 100, 103]                                     | [0.0100, 0.1500, 0.1700, 0.1500, 0.1400, 0.1000, 0.2000, 0.0400, 0.0300, 0.0100]                                                         | 4.5411   | 0.8800  | 0.8624 
15    | 10          | [102, 104, 105, 106, 107, 108, 109, 110, 111, 112]                             | [0.0100, 0.1100, 0.1600, 0.2000, 0.0800, 0.0700, 0.0800, 0.1100, 0.1700, 0.0100]                                                         | 6.2779   | 0.8400  | 0.8721 
16    | 15          | [87, 88, 93, 97, 98, 99, 100, 101, 102, 103, 104, 105, 106, 107, 108]          | [0.0100, 0.0300, 0.0500, 0.0900, 0.0700, 0.1500, 0.0600, 0.1000, 0.0400, 0.1100, 0.0400, 0.0400, 0.1000, 0.0900, 0.0200]                 | 21.1404  | 0.8800  | 0.9212 
17    | 14          | [96, 97, 98, 99, 100, 101, 102, 103, 104, 105, 106, 107, 108, 109]             | [0.0100, 0.0900, 0.1900, 0.1300, 0.0200, 0.0400, 0.0600, 0.1400, 0.0500, 0.0900, 0.0500, 0.0200, 0.0200, 0.0900]                         | 14.4876  | 0.9400  | 0.9006 
18    | 15          | [92, 93, 95, 96, 97, 98, 99, 100, 101, 102, 103, 104, 112, 116, 117]           | [0.0500, 0.0500, 0.0300, 0.0300, 0.0400, 0.1300, 0.1600, 0.2900, 0.0600, 0.0300, 0.0700, 0.0200, 0.0100, 0.0200, 0.0100]                 | 18.2084  | 0.8400  | 0.8632 
19    | 12          | [94, 95, 96, 97, 98, 99, 100, 101, 105, 106, 107, 109]                         | [0.0100, 0.0700, 0.1400, 0.1500, 0.0600, 0.1900, 0.1800, 0.0500, 0.0300, 0.1000, 0.0100, 0.0100]                                         | 11.2371  | 0.9200  | 0.8760 
20    | 13          | [97, 98, 99, 101, 102, 103, 104, 105, 106, 107, 108, 109, 110]                 | [0.0600, 0.0600, 0.0400, 0.0200, 0.0400, 0.1100, 0.0500, 0.1000, 0.1400, 0.1700, 0.1300, 0.0700, 0.0100]                                 | 12.5819  | 0.9600  | 0.9032 
21    | 10          | [83, 84, 85, 86, 87, 88, 89, 111, 112, 113]                                    | [0.0100, 0.1400, 0.1700, 0.1300, 0.2700, 0.1200, 0.0400, 0.0600, 0.0500, 0.0100]                                                         | 70.1516  | 0.7800  | 0.8479 

[Per-locus summary - Population 2]
Locus | Num_Alleles | Alleles                                                                           | Frequencies                                                                                                                                      | Variance | Obs_Het | Exp_Het
------+-------------+-----------------------------------------------------------------------------------+--------------------------------------------------------------------------------------------------------------------------------------------------+----------+---------+--------
1     | 14          | [96, 97, 98, 102, 103, 104, 105, 106, 107, 108, 109, 110, 111, 112]               | [0.0400, 0.0200, 0.0400, 0.0100, 0.0400, 0.1300, 0.1700, 0.2200, 0.1100, 0.1000, 0.0400, 0.0400, 0.0300, 0.0100]                                 | 11.5339  | 0.8400  | 0.8830 
2     | 13          | [92, 93, 94, 96, 98, 99, 100, 101, 102, 103, 104, 105, 106]                       | [0.0100, 0.0100, 0.0100, 0.0200, 0.0300, 0.0400, 0.1500, 0.1400, 0.2200, 0.1000, 0.1100, 0.1400, 0.0200]                                         | 6.8075   | 0.8800  | 0.8729 
3     | 12          | [96, 97, 98, 99, 100, 101, 102, 104, 105, 109, 110, 111]                          | [0.0100, 0.0300, 0.2800, 0.1700, 0.0600, 0.1200, 0.1000, 0.0500, 0.0300, 0.0400, 0.0800, 0.0300]                                                 | 16.9700  | 0.8800  | 0.8600 
4     | 16          | [87, 89, 90, 93, 99, 100, 101, 102, 103, 104, 105, 106, 107, 108, 109, 110]       | [0.0300, 0.0200, 0.0100, 0.0100, 0.1400, 0.0400, 0.0700, 0.1100, 0.1100, 0.1500, 0.1400, 0.0200, 0.0200, 0.0700, 0.0100, 0.0500]                 | 22.7019  | 0.9000  | 0.9069 
5     | 13          | [83, 85, 86, 87, 88, 89, 90, 91, 92, 93, 107, 108, 110]                           | [0.0100, 0.0400, 0.0500, 0.0200, 0.1400, 0.1500, 0.1800, 0.2300, 0.0600, 0.0300, 0.0200, 0.0400, 0.0300]                                         | 33.3604  | 0.8600  | 0.8693 
6     | 12          | [91, 92, 93, 94, 95, 96, 97, 98, 103, 107, 108, 110]                              | [0.1200, 0.2000, 0.0600, 0.0800, 0.0600, 0.1600, 0.1800, 0.0300, 0.0200, 0.0200, 0.0200, 0.0500]                                                 | 23.4324  | 0.8800  | 0.8782 
7     | 12          | [84, 85, 86, 87, 88, 89, 90, 91, 92, 98, 100, 101]                                | [0.0200, 0.1300, 0.0600, 0.3400, 0.1700, 0.0900, 0.0400, 0.0200, 0.0300, 0.0100, 0.0800, 0.0100]                                                 | 16.8179  | 0.8200  | 0.8253 
8     | 10          | [94, 95, 96, 97, 98, 99, 100, 101, 102, 105]                                      | [0.0500, 0.0900, 0.1100, 0.3100, 0.1400, 0.1600, 0.0500, 0.0400, 0.0300, 0.0200]                                                                 | 4.4104   | 0.8200  | 0.8390 
9     | 12          | [98, 99, 100, 101, 102, 108, 109, 110, 111, 112, 113, 114]                        | [0.0100, 0.0100, 0.0500, 0.0600, 0.0100, 0.0600, 0.1900, 0.1500, 0.2000, 0.1100, 0.0800, 0.0700]                                                 | 15.5416  | 0.9000  | 0.8768 
10    | 12          | [85, 86, 88, 93, 94, 95, 96, 97, 98, 99, 100, 102]                                | [0.0100, 0.0400, 0.0500, 0.0100, 0.0800, 0.2900, 0.0600, 0.1500, 0.1100, 0.1400, 0.0500, 0.0100]                                                 | 12.0044  | 0.8200  | 0.8533 
11    | 12          | [90, 91, 92, 93, 94, 95, 96, 97, 98, 99, 100, 104]                                | [0.0300, 0.0500, 0.0300, 0.1300, 0.0500, 0.0900, 0.1300, 0.0900, 0.1700, 0.1600, 0.0500, 0.0200]                                                 | 8.5404   | 0.9400  | 0.8948 
12    | 14          | [99, 100, 101, 102, 104, 105, 106, 107, 108, 109, 110, 111, 112, 113]             | [0.0100, 0.0100, 0.0200, 0.0600, 0.0300, 0.0200, 0.0800, 0.2000, 0.1900, 0.1700, 0.0600, 0.0400, 0.0900, 0.0200]                                 | 8.3644   | 0.8400  | 0.8782 
13    | 16          | [88, 89, 90, 91, 92, 93, 94, 95, 96, 101, 102, 103, 104, 105, 107, 108]           | [0.0400, 0.0900, 0.1600, 0.2000, 0.1200, 0.1400, 0.1100, 0.0300, 0.0100, 0.0300, 0.0100, 0.0100, 0.0200, 0.0100, 0.0100, 0.0100]                 | 16.8300  | 0.9000  | 0.8847 
14    | 10          | [92, 93, 94, 95, 96, 97, 98, 99, 100, 103]                                        | [0.0200, 0.1000, 0.1300, 0.1900, 0.1200, 0.1500, 0.1400, 0.0700, 0.0300, 0.0500]                                                                 | 6.1216   | 0.8800  | 0.8806 
15    | 11          | [102, 103, 104, 105, 106, 107, 108, 109, 110, 111, 112]                           | [0.0500, 0.0200, 0.1000, 0.1900, 0.2100, 0.0900, 0.0600, 0.0400, 0.1000, 0.1300, 0.0100]                                                         | 6.8459   | 0.9400  | 0.8753 
16    | 14          | [93, 95, 96, 97, 98, 99, 100, 101, 102, 103, 104, 105, 106, 107]                  | [0.0300, 0.0100, 0.0300, 0.0700, 0.0800, 0.1300, 0.1800, 0.0700, 0.0300, 0.1000, 0.0700, 0.0300, 0.0700, 0.1000]                                 | 12.4500  | 0.8600  | 0.9101 
17    | 13          | [97, 98, 99, 100, 102, 103, 104, 105, 106, 107, 108, 109, 110]                    | [0.1100, 0.1800, 0.0800, 0.0100, 0.0600, 0.1000, 0.0400, 0.1600, 0.0800, 0.0100, 0.0600, 0.1000, 0.0100]                                         | 16.9104  | 0.9200  | 0.8970 
18    | 18          | [90, 91, 92, 93, 94, 96, 97, 98, 99, 100, 101, 102, 103, 104, 110, 112, 116, 117] | [0.0200, 0.0400, 0.0400, 0.0500, 0.0100, 0.0300, 0.0500, 0.0800, 0.1200, 0.2800, 0.0900, 0.0200, 0.0500, 0.0200, 0.0200, 0.0200, 0.0500, 0.0100] | 33.4851  | 0.9000  | 0.8852 
19    | 11          | [94, 95, 96, 97, 98, 99, 100, 101, 105, 106, 107]                                 | [0.0100, 0.0300, 0.1200, 0.2000, 0.0800, 0.1600, 0.1900, 0.0900, 0.0200, 0.0900, 0.0100]                                                         | 8.9739   | 0.8400  | 0.8685 
20    | 13          | [97, 98, 99, 101, 102, 103, 104, 105, 106, 107, 108, 109, 110]                    | [0.0300, 0.0600, 0.0600, 0.0300, 0.1500, 0.0500, 0.0600, 0.1000, 0.1400, 0.1300, 0.0800, 0.0900, 0.0200]                                         | 12.0075  | 0.9000  | 0.9101 
21    | 10          | [83, 84, 85, 86, 87, 88, 89, 111, 112, 113]                                       | [0.0200, 0.0900, 0.2100, 0.1500, 0.2500, 0.1400, 0.0600, 0.0500, 0.0200, 0.0100]                                                                 | 48.8700  | 0.8400  | 0.8447 
