
[Simulation Info]
simulation_id = sim_0002978
timestamp     = 20250428_083403
seed          = 780216
output_folder = /home/lejeunet/Bureau/simulations/Ref_table/sim_0002978

[Model Parameters]
pop_size           = 4333
num_loci           = 20
sample1_generation = 30
sample2_generation = 10
low_repeats        = 1
high_repeats       = 200
mutation_rate      = 0.001
recap_Ne           = 4333

[Sampling Design]
sample1_size_Ne  = 50
sample2_size_Ne  = 50
sample1_size_CMR = 50
sample2_size_CMR = 50

[Capture-Marquage-Recapture]
census_N   =  2601
MatchCount =  1

[Ne Estimates - One Sample - Decreasing critical values [0.050, 0.020, 0.010, 0+]]

[Linkage Desequilibrium]
LD_Ne_Pop1 = [3227.7, 854.7, 877.4, 877.4]
LD_r2_Pop1 = [0.021379, 0.021665, 0.021655, 0.021655]
LD_Ne_Pop2 = [276.2, 409.8, 556.4, 556.4]
LD_r2_Pop2 = [0.022474, 0.022085, 0.021873, 0.021873]

[Heterozygote excess]
HE_Neb_mean_Pop1        = [None, None, None, None]
HE_weighted_D_mean_Pop1 = [-0.01197, -0.00568, -0.00592, -0.00592]
HE_Neb_mean_Pop2        = [64.5, 80.8, 95.3, 95.3]
HE_weighted_D_mean_Pop2 = [0.00781, 0.00623, 0.00528, 0.00528]

[Molecular Coancestry]
Coan_Neb_n_Pop1 = 46.5
Coan_f1_Pop1    = 0.01076
Coan_Neb_n_Pop2 = None
Coan_f1_Pop2    = -0.00165

[Ne Estimates - Temporal - Decreasing critical values (0.050, 0.020, 0.010, 0+)]

[Pollak]
P_Ne     = [6062.4, 15691.7, -67445.9, 14917.0]
P_Fk     = [0.02082, 0.02032, 0.01993, 0.02034]
P_Fprime = [0.00082, 0.00032, -7e-05, 0.00034]

[Nei/Tajima]
N_Ne     = [21591.2, -30666.3, -10331.0, -50048.9]
N_Fc     = [0.02023, 0.01984, 0.01952, 0.0199]
N_Fprime = [0.00023, -0.00016, -0.00048, -0.0001]

[Jorde/Ryman]
J_Ne     = [-5615.1, -4005.6, -3906.1, -4088.3]
J_Fs     = [0.01921, 0.01885, 0.01882, 0.01888]
J_Fprime = [-0.00089, -0.00125, -0.00128, -0.00122]

[Genetic Diversity - Heterozygosity]
mean_exp_het_pop1 = 0.8315
mean_obs_het_pop1 = 0.8181
mean_exp_het_pop2 = 0.8341
mean_obs_het_pop2 = 0.8362

[Genetic Diversity - Allele Counts]
mean_alleles_pop1 = 10.48
var_alleles_pop1  = 4.96
sum_alleles_pop1  = 220
mean_alleles_pop2 = 10.74
var_alleles_pop2  = 5.08
sum_alleles_pop2  = 451

[Genetic Diversity - Allelic Size Variance]
var_allele_size_pop1 = 14.2066
var_allele_size_pop2 = 14.3585

[Per-locus summary - Population 1]
Locus | Num_Alleles | Alleles                                                                | Frequencies                                                                                                              | Variance | Obs_Het | Exp_Het
------+-------------+------------------------------------------------------------------------+--------------------------------------------------------------------------------------------------------------------------+----------+---------+--------
1     | 11          | [88, 89, 90, 91, 98, 99, 100, 101, 102, 103, 104]                      | [0.0300, 0.1900, 0.2400, 0.0300, 0.0200, 0.1200, 0.0600, 0.0700, 0.0800, 0.1400, 0.0200]                                 | 35.2075  | 0.9200  | 0.8634 
2     | 10          | [78, 79, 80, 81, 82, 87, 88, 89, 90, 91]                               | [0.0200, 0.1100, 0.2000, 0.0700, 0.0100, 0.0200, 0.0800, 0.3600, 0.0800, 0.0500]                                         | 21.4139  | 0.8000  | 0.8053 
3     | 10          | [101, 103, 104, 105, 106, 107, 108, 109, 110, 111]                     | [0.0100, 0.0800, 0.2300, 0.3300, 0.1400, 0.0800, 0.0200, 0.0300, 0.0200, 0.0600]                                         | 4.2299   | 0.8600  | 0.8085 
4     | 7           | [94, 95, 96, 97, 98, 99, 100]                                          | [0.0100, 0.1400, 0.4000, 0.3300, 0.1000, 0.0100, 0.0100]                                                                 | 0.9664   | 0.7400  | 0.7083 
5     | 12          | [102, 103, 104, 105, 106, 107, 109, 110, 111, 112, 113, 114]           | [0.0300, 0.1000, 0.1400, 0.1300, 0.0700, 0.0100, 0.0500, 0.0700, 0.0700, 0.1500, 0.1700, 0.0100]                         | 15.2331  | 0.9200  | 0.8927 
6     | 9           | [100, 101, 102, 103, 104, 105, 106, 107, 108]                          | [0.1500, 0.0800, 0.1700, 0.1800, 0.1100, 0.1800, 0.0200, 0.0900, 0.0200]                                                 | 4.7459   | 0.7400  | 0.8650 
7     | 13          | [99, 100, 101, 102, 103, 104, 105, 106, 108, 109, 110, 111, 116]       | [0.0100, 0.0200, 0.0400, 0.1300, 0.2300, 0.1500, 0.0100, 0.0200, 0.0500, 0.1600, 0.1000, 0.0700, 0.0100]                 | 12.7296  | 0.9200  | 0.8707 
8     | 6           | [98, 99, 100, 101, 102, 103]                                           | [0.0100, 0.0500, 0.4600, 0.2700, 0.1500, 0.0600]                                                                         | 1.0376   | 0.7200  | 0.6937 
9     | 14          | [100, 101, 102, 103, 104, 105, 106, 108, 110, 111, 118, 119, 120, 121] | [0.0200, 0.0300, 0.1100, 0.0100, 0.0300, 0.0400, 0.1200, 0.0100, 0.0600, 0.0200, 0.0600, 0.0900, 0.3200, 0.0800]         | 59.2819  | 0.7800  | 0.8535 
10    | 12          | [93, 94, 95, 96, 97, 98, 99, 105, 108, 109, 110, 111]                  | [0.0300, 0.0200, 0.0200, 0.1100, 0.1800, 0.0900, 0.0600, 0.0200, 0.0500, 0.1800, 0.1400, 0.1000]                         | 42.0491  | 0.9600  | 0.8861 
11    | 10          | [97, 98, 99, 100, 101, 102, 103, 104, 105, 106]                        | [0.0400, 0.1900, 0.1500, 0.0100, 0.0300, 0.0500, 0.2400, 0.2600, 0.0200, 0.0100]                                         | 6.7200   | 0.8400  | 0.8188 
12    | 10          | [104, 105, 106, 107, 108, 109, 112, 113, 114, 116]                     | [0.0500, 0.0500, 0.2100, 0.1600, 0.1900, 0.1800, 0.0100, 0.0500, 0.0200, 0.0800]                                         | 9.5900   | 0.8600  | 0.8560 
13    | 9           | [90, 93, 95, 96, 97, 98, 99, 100, 101]                                 | [0.0100, 0.0100, 0.0300, 0.2100, 0.2500, 0.3000, 0.1400, 0.0200, 0.0300]                                                 | 2.3556   | 0.6600  | 0.7893 
14    | 8           | [96, 97, 98, 99, 100, 101, 102, 103]                                   | [0.0500, 0.2000, 0.2100, 0.2200, 0.1700, 0.0400, 0.0200, 0.0900]                                                         | 3.4019   | 0.7400  | 0.8343 
15    | 12          | [89, 90, 91, 92, 93, 96, 100, 101, 102, 103, 104, 105]                 | [0.0200, 0.0200, 0.1900, 0.1900, 0.0200, 0.0200, 0.0300, 0.1300, 0.1100, 0.0500, 0.2000, 0.0200]                         | 31.8891  | 0.9400  | 0.8620 
16    | 11          | [88, 90, 91, 92, 93, 94, 95, 96, 97, 98, 99]                           | [0.0100, 0.0100, 0.0900, 0.1000, 0.1600, 0.0600, 0.1000, 0.1100, 0.3100, 0.0400, 0.0100]                                 | 5.5771   | 0.8800  | 0.8410 
17    | 11          | [92, 93, 94, 95, 96, 97, 98, 99, 100, 101, 102]                        | [0.0200, 0.0100, 0.0600, 0.3200, 0.2100, 0.1200, 0.0100, 0.0600, 0.0300, 0.1100, 0.0500]                                 | 6.1524   | 0.7800  | 0.8240 
18    | 12          | [89, 90, 91, 92, 93, 94, 95, 96, 97, 98, 100, 101]                     | [0.0200, 0.0900, 0.1700, 0.2600, 0.0700, 0.0600, 0.0400, 0.0400, 0.0600, 0.0700, 0.0800, 0.0400]                         | 11.2316  | 0.8200  | 0.8756 
19    | 10          | [105, 106, 107, 108, 109, 110, 112, 113, 114, 115]                     | [0.0200, 0.0900, 0.0500, 0.1500, 0.0400, 0.0600, 0.1200, 0.3400, 0.1100, 0.0200]                                         | 8.1075   | 0.6800  | 0.8271 
20    | 15          | [94, 95, 96, 97, 98, 99, 100, 101, 102, 104, 105, 106, 107, 108, 109]  | [0.0100, 0.0100, 0.0100, 0.0200, 0.0300, 0.0100, 0.2000, 0.2100, 0.0300, 0.0200, 0.0400, 0.1600, 0.0800, 0.1000, 0.0700] | 14.1116  | 0.8200  | 0.8731 
21    | 8           | [95, 96, 97, 98, 99, 100, 101, 102]                                    | [0.0200, 0.0700, 0.1100, 0.1600, 0.2400, 0.2900, 0.1000, 0.0100]                                                         | 2.3075   | 0.8000  | 0.8133 

[Per-locus summary - Population 2]
Locus | Num_Alleles | Alleles                                                                | Frequencies                                                                                                      | Variance | Obs_Het | Exp_Het
------+-------------+------------------------------------------------------------------------+------------------------------------------------------------------------------------------------------------------+----------+---------+--------
1     | 9           | [89, 90, 91, 98, 99, 100, 101, 102, 103]                               | [0.1300, 0.3200, 0.0200, 0.0300, 0.1700, 0.0800, 0.0700, 0.1000, 0.0800]                                         | 30.3091  | 0.8800  | 0.8311 
2     | 10          | [78, 79, 80, 81, 82, 87, 88, 89, 90, 91]                               | [0.0500, 0.1300, 0.1600, 0.1200, 0.0100, 0.0300, 0.0400, 0.3000, 0.0900, 0.0700]                                 | 23.1539  | 0.8600  | 0.8434 
3     | 8           | [103, 104, 105, 106, 107, 108, 110, 111]                               | [0.0600, 0.1400, 0.3700, 0.1100, 0.1400, 0.0800, 0.0300, 0.0700]                                                 | 4.1564   | 0.8600  | 0.8040 
4     | 7           | [94, 95, 96, 97, 98, 99, 100]                                          | [0.0100, 0.1800, 0.3600, 0.2700, 0.1500, 0.0100, 0.0200]                                                         | 1.2696   | 0.7200  | 0.7495 
5     | 11          | [102, 103, 104, 105, 106, 107, 108, 110, 111, 112, 113]                | [0.1300, 0.0800, 0.1200, 0.1300, 0.0100, 0.0300, 0.0100, 0.0400, 0.0900, 0.2100, 0.1500]                         | 17.8944  | 0.8400  | 0.8768 
6     | 10          | [99, 100, 101, 102, 103, 104, 105, 106, 107, 108]                      | [0.0200, 0.1000, 0.1100, 0.2300, 0.2100, 0.1000, 0.0800, 0.0200, 0.1000, 0.0300]                                 | 4.8384   | 0.9400  | 0.8614 
7     | 13          | [99, 101, 102, 103, 104, 106, 107, 108, 109, 110, 111, 112, 116]       | [0.0200, 0.0100, 0.0500, 0.2300, 0.1700, 0.0100, 0.0100, 0.0500, 0.2400, 0.1200, 0.0600, 0.0200, 0.0100]         | 12.1219  | 0.8600  | 0.8448 
8     | 7           | [97, 98, 99, 100, 101, 102, 103]                                       | [0.0100, 0.0100, 0.0300, 0.4300, 0.2500, 0.2100, 0.0600]                                                         | 1.1971   | 0.7800  | 0.7109 
9     | 14          | [100, 101, 102, 104, 105, 106, 107, 110, 111, 117, 118, 119, 120, 121] | [0.0300, 0.0300, 0.1300, 0.0100, 0.0800, 0.0800, 0.0100, 0.0300, 0.0200, 0.0200, 0.0500, 0.2300, 0.2400, 0.0400] | 59.8475  | 0.7000  | 0.8606 
10    | 11          | [93, 94, 95, 96, 97, 98, 99, 108, 109, 110, 111]                       | [0.0100, 0.1200, 0.0400, 0.0900, 0.1000, 0.0900, 0.1100, 0.0700, 0.1500, 0.1400, 0.0800]                         | 43.8675  | 0.9200  | 0.9012 
11    | 11          | [96, 97, 98, 99, 100, 101, 102, 103, 104, 105, 106]                    | [0.0200, 0.0400, 0.2200, 0.1200, 0.0200, 0.0100, 0.0600, 0.2400, 0.2300, 0.0200, 0.0200]                         | 7.4771   | 0.7400  | 0.8281 
12    | 10          | [104, 105, 106, 107, 108, 109, 110, 113, 114, 116]                     | [0.1200, 0.0700, 0.1600, 0.1600, 0.2700, 0.1200, 0.0100, 0.0400, 0.0300, 0.0200]                                 | 6.6299   | 0.8800  | 0.8477 
13    | 9           | [88, 94, 95, 96, 97, 98, 99, 100, 101]                                 | [0.0100, 0.0200, 0.0600, 0.1600, 0.2900, 0.2600, 0.1200, 0.0200, 0.0600]                                         | 3.1331   | 0.7200  | 0.8083 
14    | 9           | [96, 97, 98, 99, 100, 101, 102, 103, 104]                              | [0.0300, 0.2100, 0.1000, 0.2400, 0.1200, 0.1100, 0.0700, 0.1100, 0.0100]                                         | 4.2251   | 0.9000  | 0.8523 
15    | 12          | [89, 90, 91, 92, 93, 96, 100, 101, 102, 103, 104, 105]                 | [0.0400, 0.0500, 0.2600, 0.1500, 0.0400, 0.0200, 0.0100, 0.1100, 0.1100, 0.0300, 0.1700, 0.0100]                 | 32.9539  | 0.9600  | 0.8582 
16    | 12          | [88, 89, 90, 91, 92, 93, 94, 95, 96, 97, 98, 99]                       | [0.0300, 0.0100, 0.0100, 0.0600, 0.1800, 0.2100, 0.0100, 0.0300, 0.0600, 0.3000, 0.0700, 0.0300]                 | 7.5884   | 0.8000  | 0.8267 
17    | 11          | [92, 93, 94, 95, 96, 97, 98, 99, 100, 101, 102]                        | [0.0100, 0.0100, 0.0200, 0.2700, 0.2400, 0.1400, 0.0600, 0.0800, 0.0100, 0.1400, 0.0200]                         | 5.1196   | 0.8600  | 0.8275 
18    | 12          | [90, 91, 92, 93, 94, 95, 96, 97, 98, 99, 100, 101]                     | [0.0600, 0.1600, 0.3200, 0.1100, 0.0600, 0.0100, 0.0200, 0.0200, 0.0900, 0.0100, 0.1000, 0.0400]                 | 11.3051  | 0.7800  | 0.8404 
19    | 9           | [106, 107, 108, 109, 110, 112, 113, 114, 115]                          | [0.1000, 0.0300, 0.1600, 0.0600, 0.0100, 0.1700, 0.3100, 0.1400, 0.0200]                                         | 7.6564   | 0.9000  | 0.8230 
20    | 14          | [94, 96, 97, 98, 99, 100, 101, 102, 104, 105, 106, 107, 108, 109]      | [0.0100, 0.0200, 0.0200, 0.0300, 0.0400, 0.1500, 0.1100, 0.0300, 0.0200, 0.0800, 0.2000, 0.0900, 0.1700, 0.0300] | 13.9739  | 0.8600  | 0.8852 
21    | 8           | [95, 96, 97, 98, 99, 100, 101, 102]                                    | [0.0200, 0.0900, 0.0900, 0.1300, 0.2300, 0.2400, 0.1700, 0.0300]                                                 | 2.8099   | 0.8000  | 0.8346 
