
[Simulation Info]
simulation_id = sim_0002497
timestamp     = 20250428_082322
seed          = 208046
output_folder = /home/lejeunet/Bureau/simulations/Ref_table/sim_0002497

[Model Parameters]
pop_size           = 3415
num_loci           = 20
sample1_generation = 30
sample2_generation = 10
low_repeats        = 1
high_repeats       = 200
mutation_rate      = 0.001
recap_Ne           = 3415

[Sampling Design]
sample1_size_Ne  = 50
sample2_size_Ne  = 50
sample1_size_CMR = 50
sample2_size_CMR = 50

[Capture-Marquage-Recapture]
census_N   =  2601
MatchCount =  1

[Ne Estimates - One Sample - Decreasing critical values [0.050, 0.020, 0.010, 0+]]

[Linkage Desequilibrium]
LD_Ne_Pop1 = [None, None, None, None]
LD_r2_Pop1 = [0.020473, 0.020955, 0.020926, 0.020926]
LD_Ne_Pop2 = [809.0, 3611.0, None, None]
LD_r2_Pop2 = [0.021687, 0.021368, 0.021269, 0.021269]

[Heterozygote excess]
HE_Neb_mean_Pop1        = [179.6, 108.5, 120.0, 120.0]
HE_weighted_D_mean_Pop1 = [0.00279, 0.00463, 0.00418, 0.00418]
HE_Neb_mean_Pop2        = [None, None, None, None]
HE_weighted_D_mean_Pop2 = [-0.00521, -0.00504, -0.00515, -0.00515]

[Molecular Coancestry]
Coan_Neb_n_Pop1 = None
Coan_f1_Pop1    = -0.01995
Coan_Neb_n_Pop2 = None
Coan_f1_Pop2    = -0.00917

[Ne Estimates - Temporal - Decreasing critical values (0.050, 0.020, 0.010, 0+)]

[Pollak]
P_Ne     = [-1938.3, -2556.3, -3049.3, -3032.7]
P_Fk     = [0.01742, 0.01804, 0.01836, 0.01835]
P_Fprime = [-0.00258, -0.00196, -0.00164, -0.00165]

[Nei/Tajima]
N_Ne     = [-1777.8, -2260.4, -2607.7, -2601.4]
N_Fc     = [0.01719, 0.01779, 0.01808, 0.01808]
N_Fprime = [-0.00281, -0.00221, -0.00192, -0.00192]

[Jorde/Ryman]
J_Ne     = [-1488.0, -1708.5, -1732.8, -1732.7]
J_Fs     = [0.01674, 0.01718, 0.01722, 0.01722]
J_Fprime = [-0.00336, -0.00293, -0.00289, -0.00289]

[Genetic Diversity - Heterozygosity]
mean_exp_het_pop1 = 0.8433
mean_obs_het_pop1 = 0.8457
mean_exp_het_pop2 = 0.8391
mean_obs_het_pop2 = 0.8257

[Genetic Diversity - Allele Counts]
mean_alleles_pop1 = 9.81
var_alleles_pop1  = 2.66
sum_alleles_pop1  = 206
mean_alleles_pop2 = 9.98
var_alleles_pop2  = 3.73
sum_alleles_pop2  = 419

[Genetic Diversity - Allelic Size Variance]
var_allele_size_pop1 = 7.2185
var_allele_size_pop2 = 7.0285

[Per-locus summary - Population 1]
Locus | Num_Alleles | Alleles                                                     | Frequencies                                                                                              | Variance | Obs_Het | Exp_Het
------+-------------+-------------------------------------------------------------+----------------------------------------------------------------------------------------------------------+----------+---------+--------
1     | 10          | [97, 98, 99, 100, 101, 102, 103, 104, 105, 106]             | [0.0800, 0.1000, 0.0100, 0.0600, 0.1100, 0.2100, 0.1600, 0.1100, 0.1500, 0.0100]                         | 6.1139   | 0.8400  | 0.8721 
2     | 8           | [96, 97, 98, 99, 100, 101, 102, 103]                        | [0.0200, 0.1100, 0.0500, 0.0100, 0.0900, 0.1700, 0.3900, 0.1600]                                         | 3.8619   | 0.8000  | 0.7780 
3     | 8           | [96, 97, 98, 99, 100, 101, 102, 103]                        | [0.0200, 0.0400, 0.0800, 0.1700, 0.2900, 0.1600, 0.2200, 0.0200]                                         | 2.3731   | 0.7800  | 0.8123 
4     | 10          | [91, 92, 93, 94, 95, 97, 99, 100, 101, 102]                 | [0.0300, 0.0600, 0.1700, 0.0100, 0.0900, 0.0200, 0.0100, 0.3100, 0.2400, 0.0600]                         | 13.2144  | 0.7400  | 0.8087 
5     | 10          | [98, 99, 100, 101, 102, 104, 106, 107, 108, 109]            | [0.0500, 0.0400, 0.3400, 0.1300, 0.1000, 0.0300, 0.1500, 0.0300, 0.1200, 0.0100]                         | 10.5091  | 0.8600  | 0.8228 
6     | 9           | [98, 99, 100, 101, 102, 103, 104, 105, 106]                 | [0.1200, 0.0200, 0.1700, 0.0300, 0.1600, 0.3600, 0.0700, 0.0300, 0.0400]                                 | 4.3344   | 0.8000  | 0.8008 
7     | 11          | [94, 95, 96, 97, 98, 99, 100, 101, 102, 103, 104]           | [0.0200, 0.1600, 0.2600, 0.0600, 0.1000, 0.0300, 0.0600, 0.2000, 0.0300, 0.0700, 0.0100]                 | 7.5004   | 0.7800  | 0.8509 
8     | 12          | [91, 92, 93, 94, 95, 96, 97, 98, 100, 101, 102, 104]        | [0.0100, 0.0300, 0.1100, 0.1700, 0.0100, 0.0100, 0.0400, 0.2300, 0.1600, 0.1600, 0.0400, 0.0300]         | 10.8251  | 0.8000  | 0.8582 
9     | 13          | [93, 94, 95, 96, 97, 98, 99, 101, 102, 103, 104, 105, 106]  | [0.0600, 0.1700, 0.0900, 0.0500, 0.0200, 0.1000, 0.0600, 0.0500, 0.1200, 0.1500, 0.0900, 0.0200, 0.0200] | 16.1019  | 1.0000  | 0.9036 
10    | 10          | [95, 96, 97, 98, 99, 100, 101, 102, 103, 104]               | [0.0300, 0.0400, 0.0800, 0.2300, 0.1300, 0.2000, 0.1600, 0.0300, 0.0900, 0.0100]                         | 4.0379   | 0.8600  | 0.8551 
11    | 9           | [99, 100, 101, 102, 103, 104, 105, 106, 107]                | [0.0400, 0.1200, 0.0700, 0.1300, 0.1000, 0.1500, 0.0400, 0.3000, 0.0500]                                 | 5.6484   | 0.8400  | 0.8440 
12    | 12          | [94, 95, 96, 97, 98, 99, 100, 101, 102, 103, 104, 105]      | [0.0500, 0.0200, 0.1300, 0.0700, 0.1000, 0.1700, 0.0400, 0.1000, 0.1400, 0.0800, 0.0900, 0.0100]         | 8.4291   | 0.8800  | 0.8996 
13    | 8           | [93, 94, 95, 96, 97, 98, 99, 100]                           | [0.0700, 0.0700, 0.3200, 0.1500, 0.1800, 0.0900, 0.1000, 0.0200]                                         | 2.9851   | 0.8600  | 0.8226 
14    | 13          | [94, 95, 96, 97, 98, 99, 100, 101, 102, 103, 104, 105, 106] | [0.1800, 0.0200, 0.0300, 0.0800, 0.0400, 0.0500, 0.1100, 0.0400, 0.0700, 0.0400, 0.1700, 0.1200, 0.0500] | 16.5459  | 0.9200  | 0.8988 
15    | 8           | [95, 96, 97, 98, 99, 100, 101, 102]                         | [0.0100, 0.0700, 0.1600, 0.1600, 0.2500, 0.0700, 0.1500, 0.1300]                                         | 3.4291   | 0.8200  | 0.8455 
16    | 9           | [94, 95, 96, 97, 98, 99, 100, 101, 102]                     | [0.0500, 0.1700, 0.0400, 0.0600, 0.1800, 0.0600, 0.0500, 0.3600, 0.0300]                                 | 6.2699   | 0.8200  | 0.8024 
17    | 9           | [91, 92, 93, 94, 95, 96, 97, 100, 101]                      | [0.0200, 0.0300, 0.0700, 0.1400, 0.3100, 0.1600, 0.1400, 0.1100, 0.0200]                                 | 4.7644   | 0.8600  | 0.8287 
18    | 9           | [101, 102, 103, 104, 105, 106, 107, 108, 109]               | [0.0700, 0.1200, 0.1600, 0.1300, 0.1400, 0.2100, 0.0900, 0.0700, 0.0100]                                 | 4.1275   | 0.8400  | 0.8701 
19    | 8           | [97, 99, 100, 101, 102, 103, 104, 105]                      | [0.0400, 0.1800, 0.0800, 0.0800, 0.1600, 0.2500, 0.1800, 0.0300]                                         | 4.1816   | 0.9000  | 0.8402 
20    | 11          | [97, 98, 99, 100, 101, 102, 103, 104, 105, 106, 107]        | [0.1400, 0.2600, 0.1100, 0.0900, 0.0300, 0.0100, 0.0100, 0.1100, 0.0800, 0.1200, 0.0400]                 | 11.8531  | 0.9400  | 0.8657 
21    | 9           | [98, 99, 100, 101, 102, 103, 104, 105, 106]                 | [0.0400, 0.0800, 0.0300, 0.1700, 0.0300, 0.1500, 0.2900, 0.1800, 0.0300]                                 | 4.4824   | 0.8200  | 0.8297 

[Per-locus summary - Population 2]
Locus | Num_Alleles | Alleles                                                     | Frequencies                                                                                              | Variance | Obs_Het | Exp_Het
------+-------------+-------------------------------------------------------------+----------------------------------------------------------------------------------------------------------+----------+---------+--------
1     | 8           | [97, 98, 100, 101, 102, 103, 104, 105]                      | [0.0300, 0.1100, 0.1300, 0.0600, 0.2700, 0.1900, 0.0600, 0.1500]                                         | 4.8475   | 0.9400  | 0.8398 
2     | 6           | [97, 98, 100, 101, 102, 103]                                | [0.1200, 0.0600, 0.1000, 0.1200, 0.5400, 0.0600]                                                         | 3.3300   | 0.6400  | 0.6691 
3     | 7           | [96, 97, 98, 99, 100, 101, 102]                             | [0.0800, 0.0900, 0.0400, 0.1700, 0.2300, 0.1900, 0.2000]                                                 | 3.3475   | 0.8200  | 0.8343 
4     | 10          | [91, 92, 93, 95, 96, 97, 99, 100, 101, 102]                 | [0.0500, 0.0500, 0.1100, 0.0600, 0.0200, 0.0100, 0.0100, 0.2800, 0.3200, 0.0900]                         | 12.8684  | 0.7400  | 0.7978 
5     | 11          | [98, 99, 100, 101, 102, 104, 105, 106, 107, 108, 109]       | [0.0700, 0.0400, 0.2400, 0.1600, 0.1000, 0.0800, 0.0100, 0.1200, 0.0100, 0.1500, 0.0200]                 | 11.0416  | 0.8400  | 0.8650 
6     | 9           | [98, 99, 100, 101, 102, 103, 104, 105, 106]                 | [0.0600, 0.0400, 0.1500, 0.0100, 0.2000, 0.3400, 0.1300, 0.0500, 0.0200]                                 | 3.5344   | 0.7800  | 0.8048 
7     | 11          | [94, 95, 96, 97, 98, 99, 100, 101, 102, 103, 104]           | [0.0100, 0.0700, 0.3100, 0.0400, 0.1700, 0.0200, 0.0700, 0.2000, 0.0300, 0.0400, 0.0400]                 | 6.9219   | 0.7600  | 0.8273 
8     | 13          | [92, 93, 94, 95, 96, 97, 98, 99, 100, 101, 102, 103, 104]   | [0.0600, 0.1000, 0.2000, 0.0100, 0.0400, 0.0500, 0.2100, 0.0100, 0.1700, 0.1100, 0.0100, 0.0100, 0.0200] | 10.1051  | 0.9000  | 0.8650 
9     | 13          | [93, 94, 95, 96, 98, 99, 100, 101, 102, 103, 104, 105, 106] | [0.0400, 0.1700, 0.1000, 0.0500, 0.1100, 0.0800, 0.0100, 0.0200, 0.1300, 0.1900, 0.0800, 0.0100, 0.0100] | 14.9996  | 0.9000  | 0.8873 
10    | 8           | [96, 97, 98, 99, 100, 101, 102, 103]                        | [0.0300, 0.0500, 0.2700, 0.2400, 0.1900, 0.1000, 0.0100, 0.1100]                                         | 3.0200   | 0.7400  | 0.8160 
11    | 10          | [99, 100, 101, 102, 103, 104, 105, 106, 107, 108]           | [0.0400, 0.1600, 0.0800, 0.0700, 0.1300, 0.1800, 0.0300, 0.1900, 0.0900, 0.0300]                         | 6.4675   | 0.8800  | 0.8750 
12    | 12          | [94, 95, 96, 97, 98, 99, 100, 101, 102, 103, 104, 105]      | [0.0200, 0.0200, 0.1200, 0.0700, 0.1400, 0.1500, 0.0400, 0.1200, 0.0800, 0.1200, 0.1000, 0.0200]         | 8.0600   | 0.8200  | 0.8996 
13    | 8           | [93, 94, 95, 96, 97, 98, 99, 100]                           | [0.0400, 0.0700, 0.3400, 0.1400, 0.1800, 0.0800, 0.1200, 0.0300]                                         | 2.9916   | 0.7800  | 0.8123 
14    | 13          | [94, 95, 96, 97, 98, 99, 100, 101, 102, 103, 104, 105, 106] | [0.1700, 0.0500, 0.0100, 0.0300, 0.0300, 0.0400, 0.0700, 0.0800, 0.0500, 0.0500, 0.1200, 0.2300, 0.0700] | 18.1056  | 0.8800  | 0.8854 
15    | 10          | [94, 95, 96, 97, 98, 99, 100, 101, 102, 103]                | [0.0200, 0.0200, 0.1000, 0.1100, 0.2300, 0.1800, 0.0200, 0.1500, 0.1300, 0.0400]                         | 4.8164   | 0.8600  | 0.8590 
16    | 8           | [95, 96, 97, 98, 99, 100, 101, 102]                         | [0.1300, 0.1100, 0.1700, 0.1300, 0.0600, 0.0800, 0.2800, 0.0400]                                         | 5.1264   | 0.8200  | 0.8436 
17    | 9           | [91, 92, 93, 94, 95, 96, 97, 100, 101]                      | [0.0100, 0.0500, 0.0500, 0.1200, 0.3200, 0.1800, 0.1300, 0.1200, 0.0200]                                 | 4.7875   | 0.7800  | 0.8222 
18    | 9           | [101, 102, 103, 104, 105, 106, 107, 108, 109]               | [0.0500, 0.1400, 0.2100, 0.1000, 0.1100, 0.1900, 0.1200, 0.0600, 0.0200]                                 | 4.3275   | 0.8200  | 0.8659 
19    | 8           | [97, 98, 99, 100, 101, 102, 103, 104]                       | [0.0200, 0.0300, 0.2200, 0.1200, 0.0600, 0.1500, 0.2700, 0.1300]                                         | 3.8675   | 0.8600  | 0.8283 
20    | 11          | [96, 97, 98, 99, 100, 101, 103, 104, 105, 106, 107]         | [0.0200, 0.1400, 0.2100, 0.1700, 0.1000, 0.1000, 0.0200, 0.0600, 0.0700, 0.0800, 0.0300]                 | 9.8075   | 0.8600  | 0.8796 
21    | 9           | [98, 99, 100, 101, 102, 103, 104, 105, 106]                 | [0.0300, 0.1300, 0.0100, 0.1600, 0.0400, 0.1100, 0.2700, 0.1700, 0.0800]                                 | 5.2259   | 0.9200  | 0.8430 
