
[Simulation Info]
simulation_id = sim_0002847
timestamp     = 20250428_083113
seed          = 699595
output_folder = /home/lejeunet/Bureau/simulations/Ref_table/sim_0002847

[Model Parameters]
pop_size           = 447
num_loci           = 20
sample1_generation = 30
sample2_generation = 10
low_repeats        = 1
high_repeats       = 200
mutation_rate      = 0.001
recap_Ne           = 447

[Sampling Design]
sample1_size_Ne  = 50
sample2_size_Ne  = 50
sample1_size_CMR = 50
sample2_size_CMR = 50

[Capture-Marquage-Recapture]
census_N   =  520
MatchCount =  5

[Ne Estimates - One Sample - Decreasing critical values [0.050, 0.020, 0.010, 0+]]

[Linkage Desequilibrium]
LD_Ne_Pop1 = [333.2, 293.4, 270.8, 270.8]
LD_r2_Pop1 = [0.02227, 0.022404, 0.022498, 0.022498]
LD_Ne_Pop2 = [832.4, None, 2011.4, 2011.4]
LD_r2_Pop2 = [0.021675, 0.021228, 0.021442, 0.021442]

[Heterozygote excess]
HE_Neb_mean_Pop1        = [80.3, 79.5, 79.9, 79.9]
HE_weighted_D_mean_Pop1 = [0.00627, 0.00633, 0.0063, 0.0063]
HE_Neb_mean_Pop2        = [12.2, 13.4, 13.9, 13.9]
HE_weighted_D_mean_Pop2 = [0.04259, 0.03868, 0.03714, 0.03714]

[Molecular Coancestry]
Coan_Neb_n_Pop1 = 9.8
Coan_f1_Pop1    = 0.0512
Coan_Neb_n_Pop2 = 15.7
Coan_f1_Pop2    = 0.0318

[Ne Estimates - Temporal - Decreasing critical values (0.050, 0.020, 0.010, 0+)]

[Pollak]
P_Ne     = [603.3, 617.9, 653.1, 653.1]
P_Fk     = [0.02829, 0.02809, 0.02766, 0.02766]
P_Fprime = [0.00829, 0.00809, 0.00766, 0.00766]

[Nei/Tajima]
N_Ne     = [632.7, 642.5, 670.9, 670.9]
N_Fc     = [0.0279, 0.02778, 0.02745, 0.02745]
N_Fprime = [0.0079, 0.00778, 0.00745, 0.00745]

[Jorde/Ryman]
J_Ne     = [708.5, 685.3, 683.8, 683.8]
J_Fs     = [0.02717, 0.02741, 0.02743, 0.02743]
J_Fprime = [0.00706, 0.0073, 0.00731, 0.00731]

[Genetic Diversity - Heterozygosity]
mean_exp_het_pop1 = 0.5266
mean_obs_het_pop1 = 0.5333
mean_exp_het_pop2 = 0.5269
mean_obs_het_pop2 = 0.5552

[Genetic Diversity - Allele Counts]
mean_alleles_pop1 = 4.19
var_alleles_pop1  = 0.96
sum_alleles_pop1  = 88
mean_alleles_pop2 = 4.29
var_alleles_pop2  = 1.28
sum_alleles_pop2  = 180

[Genetic Diversity - Allelic Size Variance]
var_allele_size_pop1 = 0.694
var_allele_size_pop2 = 0.7367

[Per-locus summary - Population 1]
Locus | Num_Alleles | Alleles                      | Frequencies                                      | Variance | Obs_Het | Exp_Het
------+-------------+------------------------------+--------------------------------------------------+----------+---------+--------
1     | 5           | [97, 98, 99, 100, 101]       | [0.0400, 0.0200, 0.0200, 0.7600, 0.1600]         | 0.6196   | 0.4200  | 0.3984 
2     | 3           | [99, 100, 101]               | [0.5700, 0.2500, 0.1800]                         | 0.5979   | 0.5600  | 0.5861 
3     | 5           | [97, 98, 99, 100, 101]       | [0.0500, 0.0100, 0.3800, 0.4300, 0.1300]         | 0.8236   | 0.7400  | 0.6578 
4     | 4           | [99, 100, 101, 102]          | [0.0300, 0.3200, 0.5300, 0.1200]                 | 0.4924   | 0.5800  | 0.6075 
5     | 3           | [99, 100, 101]               | [0.0700, 0.7800, 0.1500]                         | 0.2136   | 0.3600  | 0.3679 
6     | 2           | [100, 101]                   | [0.8500, 0.1500]                                 | 0.1275   | 0.2200  | 0.2576 
7     | 4           | [98, 99, 100, 101]           | [0.0100, 0.0400, 0.9000, 0.0500]                 | 0.1299   | 0.2000  | 0.1877 
8     | 4           | [98, 99, 100, 101]           | [0.1600, 0.5900, 0.1800, 0.0700]                 | 0.5944   | 0.6000  | 0.5949 
9     | 5           | [99, 100, 101, 102, 103]     | [0.0100, 0.2400, 0.7000, 0.0400, 0.0100]         | 0.3200   | 0.4400  | 0.4551 
10    | 5           | [99, 100, 101, 102, 103]     | [0.2000, 0.3000, 0.3500, 0.1400, 0.0100]         | 0.9884   | 0.6200  | 0.7351 
11    | 5           | [98, 99, 100, 101, 102]      | [0.0100, 0.4600, 0.4700, 0.0100, 0.0500]         | 0.5731   | 0.7200  | 0.5705 
12    | 5           | [98, 99, 100, 101, 102]      | [0.0200, 0.4000, 0.1200, 0.2000, 0.2600]         | 1.6416   | 0.7000  | 0.7248 
13    | 3           | [99, 100, 101]               | [0.2400, 0.7000, 0.0600]                         | 0.2676   | 0.5000  | 0.4533 
14    | 3           | [99, 100, 101]               | [0.0500, 0.8000, 0.1500]                         | 0.1900   | 0.3400  | 0.3384 
15    | 4           | [98, 99, 100, 101]           | [0.0100, 0.2200, 0.7600, 0.0100]                 | 0.2171   | 0.4000  | 0.3776 
16    | 5           | [98, 99, 100, 101, 102]      | [0.1400, 0.1000, 0.2500, 0.4400, 0.0700]         | 1.3400   | 0.7400  | 0.7166 
17    | 5           | [98, 99, 100, 102, 103]      | [0.0200, 0.0700, 0.3800, 0.1100, 0.4200]         | 2.4931   | 0.7400  | 0.6685 
18    | 6           | [98, 99, 100, 101, 102, 103] | [0.1700, 0.4500, 0.1700, 0.1500, 0.0500, 0.0100] | 1.3099   | 0.6600  | 0.7218 
19    | 4           | [99, 100, 101, 102]          | [0.2000, 0.4500, 0.2400, 0.1100]                 | 0.8124   | 0.7000  | 0.6947 
20    | 4           | [99, 100, 101, 102]          | [0.1400, 0.6100, 0.1700, 0.0800]                 | 0.5939   | 0.5200  | 0.5788 
21    | 4           | [98, 99, 100, 101]           | [0.0100, 0.1700, 0.7800, 0.0400]                 | 0.2275   | 0.4400  | 0.3646 

[Per-locus summary - Population 2]
Locus | Num_Alleles | Alleles                           | Frequencies                                              | Variance | Obs_Het | Exp_Het
------+-------------+-----------------------------------+----------------------------------------------------------+----------+---------+--------
1     | 5           | [97, 98, 99, 100, 101]            | [0.0800, 0.0100, 0.0200, 0.7400, 0.1500]                 | 0.9131   | 0.4200  | 0.4273 
2     | 4           | [98, 99, 100, 101]                | [0.0100, 0.6300, 0.2400, 0.1200]                         | 0.5091   | 0.6000  | 0.5364 
3     | 5           | [97, 98, 99, 100, 101]            | [0.1000, 0.0100, 0.3500, 0.3800, 0.1600]                 | 1.1899   | 0.7200  | 0.7044 
4     | 4           | [99, 100, 101, 102]               | [0.0300, 0.3500, 0.6000, 0.0200]                         | 0.3379   | 0.5200  | 0.5214 
5     | 3           | [99, 100, 101]                    | [0.1900, 0.6500, 0.1600]                                 | 0.3491   | 0.5800  | 0.5210 
6     | 2           | [100, 101]                        | [0.9300, 0.0700]                                         | 0.0651   | 0.1000  | 0.1315 
7     | 3           | [99, 100, 101]                    | [0.0200, 0.7900, 0.1900]                                 | 0.1811   | 0.3400  | 0.3428 
8     | 4           | [98, 99, 100, 101]                | [0.0700, 0.6800, 0.1700, 0.0800]                         | 0.4924   | 0.5600  | 0.5024 
9     | 5           | [99, 100, 101, 102, 103]          | [0.0100, 0.1800, 0.7200, 0.0200, 0.0700]                 | 0.5184   | 0.4800  | 0.4483 
10    | 5           | [99, 100, 101, 102, 103]          | [0.1600, 0.4200, 0.2800, 0.1300, 0.0100]                 | 0.8819   | 0.8000  | 0.7097 
11    | 4           | [99, 100, 101, 102]               | [0.4300, 0.3800, 0.0900, 0.1000]                         | 0.9004   | 0.7600  | 0.6592 
12    | 4           | [99, 100, 101, 102]               | [0.4300, 0.1400, 0.1900, 0.2400]                         | 1.5224   | 0.7800  | 0.7089 
13    | 3           | [99, 100, 101]                    | [0.2300, 0.7200, 0.0500]                                 | 0.2476   | 0.4800  | 0.4305 
14    | 3           | [99, 100, 101]                    | [0.0800, 0.7800, 0.1400]                                 | 0.2164   | 0.3400  | 0.3693 
15    | 4           | [98, 99, 100, 101]                | [0.0100, 0.1400, 0.8400, 0.0100]                         | 0.1675   | 0.2600  | 0.2774 
16    | 6           | [97, 98, 99, 100, 101, 102]       | [0.0100, 0.1000, 0.1600, 0.3100, 0.3900, 0.0300]         | 1.1564   | 0.7200  | 0.7224 
17    | 7           | [98, 99, 100, 101, 102, 103, 104] | [0.0100, 0.1000, 0.4200, 0.0200, 0.1400, 0.3000, 0.0100] | 2.3256   | 0.7000  | 0.7105 
18    | 5           | [98, 99, 100, 101, 102]           | [0.1500, 0.4200, 0.1500, 0.1400, 0.1400]                 | 1.6300   | 0.7800  | 0.7469 
19    | 4           | [99, 100, 101, 102]               | [0.1400, 0.5800, 0.1000, 0.1800]                         | 0.8576   | 0.6600  | 0.6077 
20    | 4           | [99, 100, 101, 102]               | [0.2500, 0.5000, 0.1600, 0.0900]                         | 0.7619   | 0.6800  | 0.6604 
21    | 4           | [98, 99, 100, 101]                | [0.0300, 0.1400, 0.8100, 0.0200]                         | 0.2476   | 0.3800  | 0.3263 
