
[Simulation Info]
simulation_id = sim_0008439
timestamp     = 20250428_105145
seed          = 278376
output_folder = /home/lejeunet/Bureau/simulations/Ref_table/sim_0008439

[Model Parameters]
pop_size           = 132
num_loci           = 20
sample1_generation = 30
sample2_generation = 10
low_repeats        = 1
high_repeats       = 200
mutation_rate      = 0.001
recap_Ne           = 132

[Sampling Design]
sample1_size_Ne  = 50
sample2_size_Ne  = 50
sample1_size_CMR = 50
sample2_size_CMR = 50

[Capture-Marquage-Recapture]
census_N   =  118
MatchCount =  22

[Ne Estimates - One Sample - Decreasing critical values [0.050, 0.020, 0.010, 0+]]

[Linkage Desequilibrium]
LD_Ne_Pop1 = [55.9, 71.4, 94.6, 94.6]
LD_r2_Pop1 = [0.027014, 0.025811, 0.024723, 0.024723]
LD_Ne_Pop2 = [158.1, 135.0, 97.7, 97.7]
LD_r2_Pop2 = [0.023357, 0.023707, 0.024615, 0.024615]

[Heterozygote excess]
HE_Neb_mean_Pop1        = [43.8, 47.0, 52.1, 52.1]
HE_weighted_D_mean_Pop1 = [0.01153, 0.01075, 0.00968, 0.00968]
HE_Neb_mean_Pop2        = [29.7, 30.1, 31.9, 31.9]
HE_weighted_D_mean_Pop2 = [0.01713, 0.01688, 0.01593, 0.01593]

[Molecular Coancestry]
Coan_Neb_n_Pop1 = 10.6
Coan_f1_Pop1    = 0.0473
Coan_Neb_n_Pop2 = 4.9
Coan_f1_Pop2    = 0.102

[Ne Estimates - Temporal - Decreasing critical values (0.050, 0.020, 0.010, 0+)]

[Pollak]
P_Ne     = [185.3, 189.2, 195.3, 202.8]
P_Fk     = [0.04699, 0.04643, 0.0456, 0.04465]
P_Fprime = [0.02699, 0.02643, 0.0256, 0.02465]

[Nei/Tajima]
N_Ne     = [169.5, 174.8, 179.9, 184.5]
N_Fc     = [0.04949, 0.0486, 0.0478, 0.0471]
N_Fprime = [0.02949, 0.0286, 0.0278, 0.0271]

[Jorde/Ryman]
J_Ne     = [155.2, 153.4, 153.5, 153.6]
J_Fs     = [0.05258, 0.05295, 0.05294, 0.05291]
J_Fprime = [0.03222, 0.03259, 0.03258, 0.03255]

[Genetic Diversity - Heterozygosity]
mean_exp_het_pop1 = 0.3491
mean_obs_het_pop1 = 0.3514
mean_exp_het_pop2 = 0.3232
mean_obs_het_pop2 = 0.326

[Genetic Diversity - Allele Counts]
mean_alleles_pop1 = 2.9
var_alleles_pop1  = 0.79
sum_alleles_pop1  = 61
mean_alleles_pop2 = 3.07
var_alleles_pop2  = 0.75
sum_alleles_pop2  = 129

[Genetic Diversity - Allelic Size Variance]
var_allele_size_pop1 = 0.3269
var_allele_size_pop2 = 0.2853

[Per-locus summary - Population 1]
Locus | Num_Alleles | Alleles             | Frequencies                      | Variance | Obs_Het | Exp_Het
------+-------------+---------------------+----------------------------------+----------+---------+--------
1     | 3           | [99, 100, 101]      | [0.1400, 0.5300, 0.3300]         | 0.4339   | 0.6400  | 0.5966 
2     | 3           | [99, 100, 101]      | [0.1900, 0.7700, 0.0400]         | 0.2075   | 0.4200  | 0.3731 
3     | 2           | [99, 100]           | [0.0100, 0.9900]                 | 0.0099   | 0.0200  | 0.0200 
4     | 2           | [99, 100]           | [0.1500, 0.8500]                 | 0.1275   | 0.3000  | 0.2576 
5     | 2           | [100, 101]          | [0.7100, 0.2900]                 | 0.2059   | 0.4600  | 0.4160 
6     | 2           | [100, 101]          | [0.9700, 0.0300]                 | 0.0291   | 0.0600  | 0.0588 
7     | 4           | [98, 99, 100, 101]  | [0.0400, 0.3100, 0.2300, 0.4200] | 0.8891   | 0.6600  | 0.6798 
8     | 2           | [100, 101]          | [0.9000, 0.1000]                 | 0.0900   | 0.2000  | 0.1818 
9     | 3           | [100, 101, 102]     | [0.8500, 0.1400, 0.0100]         | 0.1544   | 0.3000  | 0.2604 
10    | 4           | [99, 100, 101, 102] | [0.1400, 0.6200, 0.0100, 0.2300] | 0.9611   | 0.6800  | 0.5485 
11    | 2           | [99, 100]           | [0.5500, 0.4500]                 | 0.2475   | 0.4200  | 0.5000 
12    | 2           | [100, 101]          | [0.9000, 0.1000]                 | 0.0900   | 0.1600  | 0.1818 
13    | 4           | [98, 99, 100, 101]  | [0.0200, 0.2500, 0.6500, 0.0800] | 0.3659   | 0.5000  | 0.5133 
14    | 4           | [99, 100, 101, 102] | [0.0100, 0.8900, 0.0900, 0.0100] | 0.1300   | 0.2000  | 0.2016 
15    | 4           | [98, 99, 101, 102]  | [0.0200, 0.6100, 0.3400, 0.0300] | 1.0875   | 0.4600  | 0.5162 
16    | 4           | [97, 98, 100, 101]  | [0.0100, 0.1900, 0.7400, 0.0600] | 0.7875   | 0.4000  | 0.4168 
17    | 4           | [98, 99, 100, 101]  | [0.0300, 0.1100, 0.7100, 0.1500] | 0.3796   | 0.4600  | 0.4651 
18    | 3           | [99, 100, 101]      | [0.1300, 0.6100, 0.2600]         | 0.3731   | 0.5600  | 0.5489 
19    | 3           | [99, 100, 101]      | [0.0100, 0.9800, 0.0100]         | 0.0200   | 0.0400  | 0.0398 
20    | 2           | [100, 101]          | [0.9200, 0.0800]                 | 0.0736   | 0.1200  | 0.1487 
21    | 2           | [100, 101]          | [0.7200, 0.2800]                 | 0.2016   | 0.3200  | 0.4073 

[Per-locus summary - Population 2]
Locus | Num_Alleles | Alleles                 | Frequencies                              | Variance | Obs_Het | Exp_Het
------+-------------+-------------------------+------------------------------------------+----------+---------+--------
1     | 3           | [99, 100, 101]          | [0.0400, 0.6700, 0.2900]                 | 0.2675   | 0.5000  | 0.4701 
2     | 2           | [99, 100]               | [0.1200, 0.8800]                         | 0.1056   | 0.1600  | 0.2133 
3     | 2           | [100, 101]              | [0.9700, 0.0300]                         | 0.0291   | 0.0600  | 0.0588 
4     | 3           | [98, 99, 100]           | [0.0200, 0.1300, 0.8500]                 | 0.1811   | 0.2800  | 0.2628 
5     | 2           | [100, 101]              | [0.8500, 0.1500]                         | 0.1275   | 0.2600  | 0.2576 
6     | 3           | [99, 100, 101]          | [0.0100, 0.9800, 0.0100]                 | 0.0200   | 0.0400  | 0.0398 
7     | 4           | [98, 99, 100, 101]      | [0.0100, 0.3700, 0.3400, 0.2800]         | 0.6779   | 0.5800  | 0.6758 
8     | 3           | [99, 100, 101]          | [0.0300, 0.8200, 0.1500]                 | 0.1656   | 0.2800  | 0.3073 
9     | 2           | [100, 101]              | [0.8900, 0.1100]                         | 0.0979   | 0.2200  | 0.1978 
10    | 4           | [99, 100, 101, 102]     | [0.0800, 0.6500, 0.0100, 0.2600]         | 0.9275   | 0.5200  | 0.5085 
11    | 3           | [99, 100, 101]          | [0.4800, 0.5000, 0.0200]                 | 0.2884   | 0.4400  | 0.5244 
12    | 4           | [99, 100, 101, 102]     | [0.0200, 0.7900, 0.1800, 0.0100]         | 0.2076   | 0.3800  | 0.3465 
13    | 3           | [99, 100, 101]          | [0.2500, 0.7100, 0.0400]                 | 0.2459   | 0.4800  | 0.4362 
14    | 3           | [99, 100, 101]          | [0.0400, 0.8400, 0.1200]                 | 0.1536   | 0.3200  | 0.2812 
15    | 5           | [98, 99, 100, 101, 102] | [0.0200, 0.6800, 0.0400, 0.1800, 0.0800] | 1.1156   | 0.5400  | 0.5018 
16    | 3           | [98, 100, 101]          | [0.2300, 0.7000, 0.0700]                 | 0.8379   | 0.4800  | 0.4568 
17    | 3           | [99, 100, 101]          | [0.1100, 0.7800, 0.1100]                 | 0.2200   | 0.3800  | 0.3711 
18    | 3           | [99, 100, 101]          | [0.0700, 0.7000, 0.2300]                 | 0.2744   | 0.5000  | 0.4568 
19    | 1           | [100]                   | [1.0000]                                 | 0.0000   | NA      | NA     
20    | 2           | [100, 101]              | [0.9900, 0.0100]                         | 0.0099   | 0.0200  | 0.0200 
21    | 2           | [100, 101]              | [0.9600, 0.0400]                         | 0.0384   | 0.0800  | 0.0776 
