
[Simulation Info]
simulation_id = sim_0007328
timestamp     = 20250428_101955
seed          = 686314
output_folder = /home/lejeunet/Bureau/simulations/Ref_table/sim_0007328

[Model Parameters]
pop_size           = 4507
num_loci           = 20
sample1_generation = 30
sample2_generation = 10
low_repeats        = 1
high_repeats       = 200
mutation_rate      = 0.001
recap_Ne           = 4507

[Sampling Design]
sample1_size_Ne  = 50
sample2_size_Ne  = 50
sample1_size_CMR = 50
sample2_size_CMR = 50

[Capture-Marquage-Recapture]
census_N   =  2601
MatchCount =  1

[Ne Estimates - One Sample - Decreasing critical values [0.050, 0.020, 0.010, 0+]]

[Linkage Desequilibrium]
LD_Ne_Pop1 = [1332.6, 3048.7, None, None]
LD_r2_Pop1 = [0.021526, 0.021385, 0.021232, 0.021232]
LD_Ne_Pop2 = [1310.5, 1851.9, None, None]
LD_r2_Pop2 = [0.02153, 0.021456, 0.021185, 0.021185]

[Heterozygote excess]
HE_Neb_mean_Pop1        = [182.1, 4330.0, None, None]
HE_weighted_D_mean_Pop1 = [0.00275, 0.00012, -0.00031, -0.00031]
HE_Neb_mean_Pop2        = [95.6, 200.0, 250.3, 250.3]
HE_weighted_D_mean_Pop2 = [0.00526, 0.00251, 0.002, 0.002]

[Molecular Coancestry]
Coan_Neb_n_Pop1 = None
Coan_f1_Pop1    = -0.01449
Coan_Neb_n_Pop2 = 39.3
Coan_f1_Pop2    = 0.01273

[Ne Estimates - Temporal - Decreasing critical values (0.050, 0.020, 0.010, 0+)]

[Pollak]
P_Ne     = [-2290.8, -5370.7, -7210.0, -5143.9]
P_Fk     = [0.01782, 0.01907, 0.01931, 0.01903]
P_Fprime = [-0.00218, -0.00093, -0.00069, -0.00097]

[Nei/Tajima]
N_Ne     = [-1895.6, -3553.3, -4277.6, -3571.2]
N_Fc     = [0.01736, 0.01859, 0.01883, 0.0186]
N_Fprime = [-0.00264, -0.00141, -0.00117, -0.0014]

[Jorde/Ryman]
J_Ne     = [-1423.6, -1840.1, -1846.0, -1821.8]
J_Fs     = [0.01659, 0.01739, 0.01739, 0.01736]
J_Fprime = [-0.00351, -0.00272, -0.00271, -0.00274]

[Genetic Diversity - Heterozygosity]
mean_exp_het_pop1 = 0.8095
mean_obs_het_pop1 = 0.8133
mean_exp_het_pop2 = 0.8216
mean_obs_het_pop2 = 0.8295

[Genetic Diversity - Allele Counts]
mean_alleles_pop1 = 9.43
var_alleles_pop1  = 4.96
sum_alleles_pop1  = 198
mean_alleles_pop2 = 9.83
var_alleles_pop2  = 4.78
sum_alleles_pop2  = 413

[Genetic Diversity - Allelic Size Variance]
var_allele_size_pop1 = 4.826
var_allele_size_pop2 = 4.6457

[Per-locus summary - Population 1]
Locus | Num_Alleles | Alleles                                                       | Frequencies                                                                                                      | Variance | Obs_Het | Exp_Het
------+-------------+---------------------------------------------------------------+------------------------------------------------------------------------------------------------------------------+----------+---------+--------
1     | 8           | [95, 96, 97, 98, 99, 100, 101, 102]                           | [0.1000, 0.0700, 0.1000, 0.0800, 0.2200, 0.2400, 0.1500, 0.0400]                                                 | 3.8571   | 0.8600  | 0.8471 
2     | 14          | [91, 92, 93, 94, 95, 96, 97, 98, 99, 100, 101, 102, 106, 107] | [0.0400, 0.0500, 0.0200, 0.0600, 0.1900, 0.0900, 0.1400, 0.0400, 0.1000, 0.0600, 0.0900, 0.0100, 0.0600, 0.0500] | 16.5075  | 0.9400  | 0.9077 
3     | 7           | [101, 102, 103, 104, 105, 106, 107]                           | [0.0400, 0.0200, 0.0900, 0.4100, 0.3100, 0.0900, 0.0400]                                                         | 1.4304   | 0.7400  | 0.7232 
4     | 6           | [100, 102, 103, 104, 105, 106]                                | [0.0200, 0.0700, 0.3200, 0.3900, 0.0700, 0.1300]                                                                 | 1.4659   | 0.7000  | 0.7257 
5     | 11          | [93, 94, 95, 96, 97, 98, 99, 100, 101, 102, 104]              | [0.0100, 0.0400, 0.0200, 0.1900, 0.2300, 0.2400, 0.1500, 0.0200, 0.0200, 0.0100, 0.0700]                         | 5.1211   | 0.7200  | 0.8313 
6     | 8           | [99, 100, 101, 102, 103, 104, 105, 106]                       | [0.0300, 0.0700, 0.1100, 0.3800, 0.2100, 0.0900, 0.0100, 0.1000]                                                 | 2.6896   | 0.6800  | 0.7832 
7     | 11          | [99, 100, 101, 102, 103, 104, 105, 106, 107, 108, 109]        | [0.0400, 0.0500, 0.0700, 0.1500, 0.3500, 0.0500, 0.1500, 0.0100, 0.0100, 0.0900, 0.0300]                         | 5.5475   | 0.7400  | 0.8200 
8     | 10          | [97, 99, 100, 101, 102, 103, 104, 105, 106, 107]              | [0.1100, 0.0400, 0.0100, 0.0500, 0.1600, 0.2100, 0.1700, 0.1200, 0.0600, 0.0700]                                 | 7.3024   | 0.9200  | 0.8709 
9     | 7           | [100, 101, 102, 103, 104, 105, 106]                           | [0.0100, 0.0700, 0.2400, 0.4600, 0.1900, 0.0200, 0.0100]                                                         | 0.9475   | 0.7000  | 0.6962 
10    | 8           | [99, 100, 101, 102, 103, 104, 105, 106]                       | [0.0100, 0.2400, 0.1600, 0.1800, 0.1200, 0.1600, 0.1100, 0.0200]                                                 | 3.2476   | 0.9000  | 0.8402 
11    | 13          | [94, 97, 98, 99, 100, 101, 102, 103, 104, 105, 106, 107, 108] | [0.0100, 0.0200, 0.0200, 0.0700, 0.0300, 0.1300, 0.3200, 0.1400, 0.0200, 0.0100, 0.1400, 0.0400, 0.0500]         | 7.3179   | 0.8800  | 0.8386 
12    | 8           | [98, 99, 100, 101, 102, 103, 105, 106]                        | [0.0600, 0.1500, 0.3300, 0.3100, 0.0600, 0.0200, 0.0300, 0.0400]                                                 | 2.9379   | 0.8000  | 0.7701 
13    | 11          | [91, 92, 93, 94, 95, 96, 97, 98, 99, 100, 101]                | [0.0100, 0.0400, 0.1000, 0.1200, 0.4200, 0.1300, 0.1000, 0.0100, 0.0100, 0.0500, 0.0100]                         | 3.3771   | 0.8400  | 0.7756 
14    | 7           | [94, 95, 96, 97, 98, 99, 100]                                 | [0.0100, 0.0500, 0.1700, 0.1200, 0.4200, 0.1800, 0.0500]                                                         | 1.6531   | 0.7800  | 0.7503 
15    | 11          | [100, 101, 102, 104, 105, 106, 107, 108, 109, 110, 111]       | [0.0400, 0.0900, 0.0400, 0.0500, 0.1700, 0.4000, 0.0600, 0.0200, 0.0200, 0.0900, 0.0200]                         | 6.7100   | 0.7800  | 0.7923 
16    | 7           | [95, 96, 97, 98, 99, 100, 104]                                | [0.0300, 0.0600, 0.1200, 0.3100, 0.2700, 0.0700, 0.1400]                                                         | 5.3736   | 0.8000  | 0.7956 
17    | 12          | [93, 94, 95, 96, 97, 98, 99, 100, 102, 103, 104, 105]         | [0.0500, 0.1000, 0.1300, 0.2200, 0.2500, 0.1300, 0.0200, 0.0100, 0.0100, 0.0500, 0.0200, 0.0100]                 | 6.3659   | 0.9000  | 0.8477 
18    | 11          | [95, 96, 97, 98, 99, 100, 101, 102, 103, 104, 105]            | [0.0800, 0.2100, 0.2700, 0.1400, 0.1500, 0.0600, 0.0300, 0.0100, 0.0100, 0.0200, 0.0200]                         | 4.5516   | 0.9000  | 0.8374 
19    | 8           | [94, 95, 96, 97, 98, 99, 100, 101]                            | [0.0400, 0.1800, 0.1200, 0.0800, 0.1600, 0.1600, 0.2400, 0.0200]                                                 | 4.0176   | 0.8000  | 0.8444 
20    | 10          | [97, 98, 99, 100, 101, 102, 103, 104, 105, 106]               | [0.0300, 0.1100, 0.0300, 0.0200, 0.0300, 0.1500, 0.1900, 0.2000, 0.1700, 0.0700]                                 | 6.1331   | 0.8000  | 0.8610 
21    | 10          | [96, 97, 100, 101, 102, 103, 104, 105, 106, 107]              | [0.0200, 0.0100, 0.0200, 0.1100, 0.1700, 0.3000, 0.1100, 0.0700, 0.1000, 0.0900]                                 | 4.7924   | 0.9000  | 0.8414 

[Per-locus summary - Population 2]
Locus | Num_Alleles | Alleles                                                      | Frequencies                                                                                                      | Variance | Obs_Het | Exp_Het
------+-------------+--------------------------------------------------------------+------------------------------------------------------------------------------------------------------------------+----------+---------+--------
1     | 8           | [95, 96, 97, 98, 99, 100, 101, 102]                          | [0.1000, 0.1400, 0.1000, 0.0900, 0.1900, 0.1600, 0.1600, 0.0600]                                                 | 4.4875   | 0.9800  | 0.8701 
2     | 14          | [90, 91, 92, 93, 94, 95, 96, 97, 98, 99, 100, 101, 102, 106] | [0.0100, 0.0300, 0.0300, 0.0600, 0.0700, 0.1900, 0.1100, 0.1900, 0.0300, 0.0800, 0.0700, 0.0800, 0.0100, 0.0400] | 10.4859  | 0.8400  | 0.8939 
3     | 7           | [101, 102, 103, 104, 105, 106, 107]                          | [0.0400, 0.0100, 0.1700, 0.3800, 0.2800, 0.0700, 0.0500]                                                         | 1.5124   | 0.7200  | 0.7467 
4     | 7           | [102, 103, 104, 105, 106, 107, 108]                          | [0.0500, 0.3300, 0.3600, 0.1400, 0.1000, 0.0100, 0.0100]                                                         | 1.3196   | 0.6600  | 0.7366 
5     | 9           | [95, 96, 97, 98, 99, 100, 101, 102, 104]                     | [0.0400, 0.2100, 0.1800, 0.2300, 0.1800, 0.0300, 0.0200, 0.0100, 0.1000]                                         | 5.5716   | 0.9400  | 0.8335 
6     | 8           | [99, 100, 101, 102, 103, 104, 105, 106]                      | [0.0300, 0.1300, 0.1400, 0.2800, 0.2100, 0.0800, 0.0400, 0.0900]                                                 | 3.1304   | 0.7800  | 0.8323 
7     | 12          | [98, 99, 100, 101, 102, 103, 104, 105, 106, 107, 108, 109]   | [0.0100, 0.0100, 0.0300, 0.1000, 0.1800, 0.2900, 0.0700, 0.1700, 0.0400, 0.0100, 0.0700, 0.0200]                 | 4.7696   | 0.9000  | 0.8400 
8     | 11          | [97, 98, 99, 100, 101, 102, 103, 104, 105, 106, 107]         | [0.0800, 0.0100, 0.0300, 0.0100, 0.0200, 0.1600, 0.3000, 0.1900, 0.1000, 0.0600, 0.0400]                         | 5.6875   | 0.8400  | 0.8335 
9     | 7           | [100, 101, 102, 103, 104, 105, 106]                          | [0.0500, 0.1300, 0.2500, 0.3700, 0.1700, 0.0200, 0.0100]                                                         | 1.3836   | 0.6600  | 0.7594 
10    | 8           | [99, 100, 101, 102, 103, 104, 105, 106]                      | [0.0100, 0.1600, 0.1200, 0.2200, 0.1400, 0.2000, 0.1100, 0.0400]                                                 | 3.1064   | 0.8400  | 0.8467 
11    | 12          | [95, 97, 99, 100, 101, 102, 103, 104, 106, 107, 108, 109]    | [0.0100, 0.0400, 0.0700, 0.0600, 0.1500, 0.2300, 0.0800, 0.1400, 0.1000, 0.0800, 0.0300, 0.0100]                 | 7.8844   | 0.9600  | 0.8798 
12    | 10          | [98, 99, 100, 101, 102, 103, 104, 105, 106, 107]             | [0.0500, 0.0500, 0.3000, 0.3300, 0.0500, 0.0600, 0.0200, 0.1000, 0.0300, 0.0100]                                 | 4.0459   | 0.7600  | 0.7865 
13    | 8           | [92, 93, 94, 95, 96, 97, 99, 100]                            | [0.1000, 0.0900, 0.1800, 0.3500, 0.1300, 0.0800, 0.0500, 0.0200]                                                 | 3.1851   | 0.8600  | 0.8089 
14    | 7           | [95, 96, 97, 98, 99, 100, 101]                               | [0.0300, 0.1800, 0.1600, 0.3500, 0.2300, 0.0300, 0.0200]                                                         | 1.6124   | 0.7200  | 0.7721 
15    | 11          | [100, 101, 102, 104, 105, 106, 107, 108, 109, 110, 111]      | [0.0500, 0.1100, 0.0800, 0.0200, 0.1400, 0.3800, 0.0300, 0.0900, 0.0200, 0.0700, 0.0100]                         | 7.4275   | 0.8200  | 0.8083 
16    | 10          | [95, 96, 97, 98, 99, 100, 103, 104, 105, 106]                | [0.0100, 0.1200, 0.1200, 0.2600, 0.3100, 0.0400, 0.0100, 0.1000, 0.0200, 0.0100]                                 | 5.8731   | 0.9000  | 0.8032 
17    | 10          | [93, 94, 95, 96, 97, 98, 99, 100, 103, 104]                  | [0.0300, 0.0600, 0.1500, 0.2300, 0.3200, 0.0600, 0.0100, 0.0300, 0.0500, 0.0600]                                 | 6.9564   | 0.8000  | 0.8152 
18    | 11          | [92, 95, 96, 97, 98, 99, 100, 101, 102, 103, 104]            | [0.0100, 0.0500, 0.1900, 0.3000, 0.1900, 0.1000, 0.0700, 0.0400, 0.0100, 0.0200, 0.0200]                         | 3.9171   | 0.8000  | 0.8261 
19    | 8           | [94, 95, 96, 97, 98, 99, 100, 101]                           | [0.0400, 0.1900, 0.1300, 0.0900, 0.2200, 0.2000, 0.1200, 0.0100]                                                 | 3.3579   | 0.8400  | 0.8428 
20    | 10          | [97, 98, 99, 100, 101, 102, 103, 104, 105, 106]              | [0.0100, 0.1500, 0.0400, 0.0400, 0.0900, 0.1300, 0.1800, 0.2000, 0.1400, 0.0200]                                 | 5.8004   | 0.9400  | 0.8655 
21    | 11          | [96, 98, 99, 100, 101, 102, 103, 104, 105, 106, 107]         | [0.0300, 0.0200, 0.0100, 0.1000, 0.0800, 0.2800, 0.1900, 0.0400, 0.0700, 0.1000, 0.0800]                         | 6.0459   | 0.8600  | 0.8533 
