
[Simulation Info]
simulation_id = sim_0012085
timestamp     = 20250429_094132
seed          = 181603
output_folder = /home/lejeunet/Bureau/simulations/Ref_table/sim_0012085

[Model Parameters]
pop_size           = 1395
num_loci           = 20
sample1_generation = 30
sample2_generation = 10
low_repeats        = 1
high_repeats       = 200
mutation_rate      = 0.001
recap_Ne           = 1395

[Sampling Design]
sample1_size_Ne  = 50
sample2_size_Ne  = 50
sample1_size_CMR = 50
sample2_size_CMR = 50

[Capture-Marquage-Recapture]
census_N   =  2601
MatchCount =  1

[Ne Estimates - One Sample - Decreasing critical values [0.050, 0.020, 0.010, 0+]]

[Linkage Desequilibrium]
LD_Ne_Pop1 = [352.8, 462.2, 774.6, 774.6]
LD_r2_Pop1 = [0.022215, 0.021994, 0.021705, 0.021705]
LD_Ne_Pop2 = [None, None, None, None]
LD_r2_Pop2 = [0.020559, 0.020738, 0.020857, 0.020857]

[Heterozygote excess]
HE_Neb_mean_Pop1        = [None, None, None, None]
HE_weighted_D_mean_Pop1 = [-0.00324, -0.00231, -0.00248, -0.00248]
HE_Neb_mean_Pop2        = [47.8, 55.3, 57.8, 57.8]
HE_weighted_D_mean_Pop2 = [0.01058, 0.00913, 0.00873, 0.00873]

[Molecular Coancestry]
Coan_Neb_n_Pop1 = 20.4
Coan_f1_Pop1    = 0.02453
Coan_Neb_n_Pop2 = None
Coan_f1_Pop2    = -0.00402

[Ne Estimates - Temporal - Decreasing critical values (0.050, 0.020, 0.010, 0+)]

[Pollak]
P_Ne     = [32642.5, 4863.4, 4176.4, 3773.3]
P_Fk     = [0.02015, 0.02103, 0.0212, 0.02133]
P_Fprime = [0.00015, 0.00103, 0.0012, 0.00133]

[Nei/Tajima]
N_Ne     = [252733.6, 6286.7, 5210.8, 4660.4]
N_Fc     = [0.02002, 0.0208, 0.02096, 0.02107]
N_Fprime = [2e-05, 0.0008, 0.00096, 0.00107]

[Jorde/Ryman]
J_Ne     = [4440.7, 3150.2, 3013.2, 2990.8]
J_Fs     = [0.02123, 0.02169, 0.02176, 0.02177]
J_Fprime = [0.00113, 0.00159, 0.00166, 0.00167]

[Genetic Diversity - Heterozygosity]
mean_exp_het_pop1 = 0.7625
mean_obs_het_pop1 = 0.7619
mean_exp_het_pop2 = 0.7615
mean_obs_het_pop2 = 0.7657

[Genetic Diversity - Allele Counts]
mean_alleles_pop1 = 7.52
var_alleles_pop1  = 1.56
sum_alleles_pop1  = 158
mean_alleles_pop2 = 7.71
var_alleles_pop2  = 1.77
sum_alleles_pop2  = 324

[Genetic Diversity - Allelic Size Variance]
var_allele_size_pop1 = 5.7796
var_allele_size_pop2 = 6.1239

[Per-locus summary - Population 1]
Locus | Num_Alleles | Alleles                                        | Frequencies                                                                      | Variance | Obs_Het | Exp_Het
------+-------------+------------------------------------------------+----------------------------------------------------------------------------------+----------+---------+--------
1     | 7           | [94, 95, 96, 97, 98, 101, 102]                 | [0.0200, 0.0300, 0.2300, 0.4600, 0.1300, 0.0400, 0.0900]                         | 3.3979   | 0.7200  | 0.7147 
2     | 8           | [94, 95, 96, 97, 98, 99, 100, 101]             | [0.0100, 0.3500, 0.1900, 0.0900, 0.1100, 0.1000, 0.1300, 0.0200]                 | 3.6604   | 0.8000  | 0.8018 
3     | 8           | [95, 96, 98, 99, 101, 102, 103, 104]           | [0.0200, 0.1000, 0.0600, 0.2300, 0.0400, 0.3100, 0.2300, 0.0100]                 | 5.7884   | 0.8000  | 0.7903 
4     | 8           | [97, 98, 99, 100, 101, 102, 103, 104]          | [0.0400, 0.0800, 0.2200, 0.1100, 0.2000, 0.2200, 0.1200, 0.0100]                 | 2.9284   | 0.8200  | 0.8370 
5     | 9           | [96, 97, 98, 99, 100, 101, 102, 103, 104]      | [0.0100, 0.0400, 0.2300, 0.1500, 0.3000, 0.0500, 0.0100, 0.1200, 0.0900]         | 4.1996   | 0.8200  | 0.8160 
6     | 6           | [95, 96, 97, 98, 102, 103]                     | [0.1200, 0.1800, 0.3000, 0.2200, 0.1100, 0.0700]                                 | 5.5571   | 0.8800  | 0.8059 
7     | 10          | [93, 94, 95, 96, 97, 98, 99, 100, 101, 102]    | [0.0100, 0.0100, 0.0200, 0.0100, 0.0100, 0.0900, 0.5300, 0.2000, 0.0900, 0.0300] | 1.9604   | 0.6800  | 0.6679 
8     | 7           | [94, 95, 96, 98, 99, 100, 101]                 | [0.0100, 0.0100, 0.1300, 0.0600, 0.2200, 0.4400, 0.1300]                         | 2.5744   | 0.7000  | 0.7277 
9     | 6           | [97, 98, 100, 101, 102, 103]                   | [0.0200, 0.0900, 0.2000, 0.5100, 0.1400, 0.0400]                                 | 1.5211   | 0.6800  | 0.6770 
10    | 8           | [101, 102, 103, 105, 106, 107, 108, 109]       | [0.1500, 0.2400, 0.1000, 0.0500, 0.0400, 0.2100, 0.1600, 0.0500]                 | 7.9356   | 0.8200  | 0.8420 
11    | 7           | [98, 99, 100, 101, 102, 103, 104]              | [0.2300, 0.1400, 0.2500, 0.0100, 0.1100, 0.2000, 0.0600]                         | 4.0491   | 0.8600  | 0.8174 
12    | 7           | [96, 97, 98, 99, 103, 104, 105]                | [0.1000, 0.0100, 0.5700, 0.0400, 0.1800, 0.0500, 0.0500]                         | 7.2956   | 0.6200  | 0.6323 
13    | 6           | [93, 94, 95, 96, 97, 98]                       | [0.1200, 0.0500, 0.0800, 0.1900, 0.4600, 0.1000]                                 | 2.2056   | 0.7400  | 0.7263 
14    | 7           | [99, 100, 101, 102, 105, 106, 107]             | [0.0600, 0.1600, 0.3100, 0.0200, 0.0900, 0.2500, 0.1100]                         | 8.0299   | 0.8200  | 0.7996 
15    | 6           | [98, 99, 100, 101, 102, 103]                   | [0.0100, 0.1400, 0.1100, 0.4500, 0.1800, 0.1100]                                 | 1.3796   | 0.7000  | 0.7285 
16    | 9           | [91, 92, 93, 94, 99, 100, 101, 102, 103]       | [0.0500, 0.2800, 0.0200, 0.0100, 0.0200, 0.3300, 0.1300, 0.1000, 0.0600]         | 18.6400  | 0.8600  | 0.7867 
17    | 7           | [94, 95, 96, 100, 101, 102, 103]               | [0.2800, 0.4200, 0.0500, 0.0700, 0.1500, 0.0200, 0.0100]                         | 7.5624   | 0.6800  | 0.7220 
18    | 10          | [93, 94, 95, 96, 102, 103, 104, 105, 106, 107] | [0.0500, 0.0500, 0.4000, 0.0500, 0.0900, 0.1100, 0.0800, 0.0900, 0.0700, 0.0100] | 21.7736  | 0.8200  | 0.8008 
19    | 8           | [97, 98, 99, 100, 102, 103, 104, 105]          | [0.0200, 0.2200, 0.1200, 0.1800, 0.1700, 0.2000, 0.0200, 0.0700]                 | 5.1675   | 0.7800  | 0.8386 
20    | 8           | [96, 97, 98, 99, 100, 101, 102, 103]           | [0.0700, 0.0600, 0.2100, 0.0200, 0.0100, 0.3000, 0.3100, 0.0200]                 | 4.2336   | 0.7800  | 0.7681 
21    | 6           | [96, 97, 98, 99, 100, 101]                     | [0.0400, 0.3100, 0.0800, 0.4200, 0.1200, 0.0300]                                 | 1.5104   | 0.6200  | 0.7113 

[Per-locus summary - Population 2]
Locus | Num_Alleles | Alleles                                        | Frequencies                                                                      | Variance | Obs_Het | Exp_Het
------+-------------+------------------------------------------------+----------------------------------------------------------------------------------+----------+---------+--------
1     | 7           | [94, 95, 96, 97, 98, 101, 102]                 | [0.0700, 0.0800, 0.1500, 0.4400, 0.1700, 0.0100, 0.0800]                         | 3.4219   | 0.8000  | 0.7447 
2     | 6           | [95, 96, 97, 98, 99, 100]                      | [0.4200, 0.2000, 0.1400, 0.0800, 0.0400, 0.1200]                                 | 2.9296   | 0.7600  | 0.7491 
3     | 7           | [95, 96, 98, 99, 101, 102, 103]                | [0.0300, 0.2200, 0.0500, 0.1400, 0.1000, 0.2400, 0.2200]                         | 7.6491   | 0.8600  | 0.8208 
4     | 7           | [97, 98, 99, 100, 101, 102, 103]               | [0.0700, 0.0700, 0.2200, 0.1600, 0.2100, 0.1800, 0.0900]                         | 2.7971   | 0.8200  | 0.8400 
5     | 9           | [97, 98, 99, 100, 101, 102, 103, 104, 105]     | [0.0400, 0.2200, 0.2200, 0.2200, 0.0400, 0.0100, 0.1600, 0.0800, 0.0100]         | 4.4931   | 0.7400  | 0.8277 
6     | 7           | [95, 96, 97, 98, 101, 102, 103]                | [0.1600, 0.1900, 0.3600, 0.1900, 0.0100, 0.0500, 0.0400]                         | 3.8259   | 0.7400  | 0.7762 
7     | 9           | [94, 95, 96, 97, 98, 99, 100, 101, 102]        | [0.0200, 0.0400, 0.0600, 0.0100, 0.0400, 0.5300, 0.1800, 0.1000, 0.0200]         | 2.5164   | 0.6800  | 0.6758 
8     | 6           | [95, 96, 98, 99, 100, 101]                     | [0.0200, 0.2400, 0.0300, 0.1500, 0.4800, 0.0800]                                 | 3.2739   | 0.6800  | 0.6887 
9     | 6           | [98, 100, 101, 102, 103, 104]                  | [0.0400, 0.1700, 0.4700, 0.2100, 0.0800, 0.0300]                                 | 1.3011   | 0.7000  | 0.7042 
10    | 8           | [101, 102, 103, 105, 106, 107, 108, 109]       | [0.1600, 0.2200, 0.0500, 0.0200, 0.0600, 0.1700, 0.2600, 0.0600]                 | 8.7796   | 0.8800  | 0.8277 
11    | 7           | [98, 99, 100, 101, 102, 103, 104]              | [0.2300, 0.0800, 0.2600, 0.0300, 0.1300, 0.1900, 0.0800]                         | 4.1304   | 0.8600  | 0.8210 
12    | 7           | [96, 97, 98, 99, 103, 104, 105]                | [0.1400, 0.0200, 0.4900, 0.0400, 0.2400, 0.0400, 0.0300]                         | 7.5979   | 0.6000  | 0.6851 
13    | 6           | [93, 94, 95, 96, 97, 98]                       | [0.1600, 0.0900, 0.0900, 0.1700, 0.4300, 0.0600]                                 | 2.5200   | 0.7200  | 0.7483 
14    | 8           | [99, 100, 101, 102, 105, 106, 107, 108]        | [0.0200, 0.1700, 0.3500, 0.0100, 0.0500, 0.3200, 0.0700, 0.0100]                 | 7.7019   | 0.7600  | 0.7457 
15    | 5           | [99, 100, 101, 102, 103]                       | [0.0900, 0.0800, 0.4300, 0.2400, 0.1600]                                         | 1.2300   | 0.7600  | 0.7247 
16    | 9           | [91, 92, 93, 94, 100, 101, 102, 103, 104]      | [0.0400, 0.3600, 0.0400, 0.0200, 0.1800, 0.1500, 0.1800, 0.0200, 0.0100]         | 20.9891  | 0.8200  | 0.7869 
17    | 9           | [93, 94, 95, 96, 97, 100, 101, 102, 103]       | [0.0400, 0.2100, 0.2400, 0.0800, 0.0100, 0.0800, 0.3000, 0.0300, 0.0100]         | 10.1100  | 0.8400  | 0.8008 
18    | 10          | [93, 94, 95, 96, 102, 103, 104, 105, 106, 107] | [0.0300, 0.0500, 0.4100, 0.0500, 0.0900, 0.1200, 0.0800, 0.0600, 0.0700, 0.0400] | 22.2100  | 0.8400  | 0.7950 
19    | 9           | [97, 98, 99, 100, 101, 102, 103, 104, 105]     | [0.0200, 0.2600, 0.0800, 0.0900, 0.0100, 0.2000, 0.2500, 0.0300, 0.0600]         | 5.4936   | 0.7400  | 0.8186 
20    | 7           | [96, 97, 98, 100, 101, 102, 105]               | [0.0200, 0.0600, 0.1600, 0.0400, 0.2600, 0.4200, 0.0400]                         | 3.9216   | 0.7400  | 0.7305 
21    | 7           | [96, 97, 98, 99, 100, 101, 102]                | [0.0600, 0.2500, 0.0600, 0.5000, 0.0600, 0.0600, 0.0100]                         | 1.7091   | 0.7400  | 0.6798 
