
[Simulation Info]
simulation_id = sim_0006296
timestamp     = 20250428_095253
seed          = 753778
output_folder = /home/lejeunet/Bureau/simulations/Ref_table/sim_0006296

[Model Parameters]
pop_size           = 1400
num_loci           = 20
sample1_generation = 30
sample2_generation = 10
low_repeats        = 1
high_repeats       = 200
mutation_rate      = 0.001
recap_Ne           = 1400

[Sampling Design]
sample1_size_Ne  = 50
sample2_size_Ne  = 50
sample1_size_CMR = 50
sample2_size_CMR = 50

[Capture-Marquage-Recapture]
census_N   =  520
MatchCount =  5

[Ne Estimates - One Sample - Decreasing critical values [0.050, 0.020, 0.010, 0+]]

[Linkage Desequilibrium]
LD_Ne_Pop1 = [526.4, 1243.9, 6423.9, 6423.9]
LD_r2_Pop1 = [0.021907, 0.021544, 0.021328, 0.021328]
LD_Ne_Pop2 = [None, None, None, None]
LD_r2_Pop2 = [0.021271, 0.021039, 0.021252, 0.021252]

[Heterozygote excess]
HE_Neb_mean_Pop1        = [None, None, None, None]
HE_weighted_D_mean_Pop1 = [-0.02004, -0.0079, -0.00789, -0.00789]
HE_Neb_mean_Pop2        = [20.8, 27.3, 28.8, 28.8]
HE_weighted_D_mean_Pop2 = [0.02466, 0.01862, 0.01768, 0.01768]

[Molecular Coancestry]
Coan_Neb_n_Pop1 = 17.7
Coan_f1_Pop1    = 0.02829
Coan_Neb_n_Pop2 = None
Coan_f1_Pop2    = -0.0263

[Ne Estimates - Temporal - Decreasing critical values (0.050, 0.020, 0.010, 0+)]

[Pollak]
P_Ne     = [-2544.3, -12250.7, -5729.6, -11566.4]
P_Fk     = [0.01803, 0.01959, 0.01913, 0.01957]
P_Fprime = [-0.00197, -0.00041, -0.00087, -0.00043]

[Nei/Tajima]
N_Ne     = [-2267.4, -5812.4, -4014.4, -5873.7]
N_Fc     = [0.01779, 0.01914, 0.01875, 0.01915]
N_Fprime = [-0.00221, -0.00086, -0.00125, -0.00085]

[Jorde/Ryman]
J_Ne     = [-2220.6, -2678.0, -2479.8, -2529.2]
J_Fs     = [0.01785, 0.01823, 0.01809, 0.01812]
J_Fprime = [-0.00225, -0.00187, -0.00202, -0.00198]

[Genetic Diversity - Heterozygosity]
mean_exp_het_pop1 = 0.7233
mean_obs_het_pop1 = 0.72
mean_exp_het_pop2 = 0.7212
mean_obs_het_pop2 = 0.7429

[Genetic Diversity - Allele Counts]
mean_alleles_pop1 = 6.86
var_alleles_pop1  = 2.73
sum_alleles_pop1  = 144
mean_alleles_pop2 = 6.9
var_alleles_pop2  = 2.58
sum_alleles_pop2  = 290

[Genetic Diversity - Allelic Size Variance]
var_allele_size_pop1 = 4.2198
var_allele_size_pop2 = 4.1466

[Per-locus summary - Population 1]
Locus | Num_Alleles | Alleles                                     | Frequencies                                                              | Variance | Obs_Het | Exp_Het
------+-------------+---------------------------------------------+--------------------------------------------------------------------------+----------+---------+--------
1     | 8           | [94, 95, 96, 97, 98, 99, 100, 104]          | [0.0700, 0.5800, 0.1700, 0.0200, 0.0600, 0.0100, 0.0600, 0.0300]         | 4.0851   | 0.7000  | 0.6275 
2     | 9           | [96, 97, 98, 99, 100, 101, 102, 103, 104]   | [0.0100, 0.2900, 0.0200, 0.0400, 0.0600, 0.2400, 0.2400, 0.0900, 0.0100] | 5.0584   | 0.8600  | 0.7947 
3     | 6           | [95, 96, 97, 99, 100, 101]                  | [0.0600, 0.0900, 0.0200, 0.2100, 0.3900, 0.2300]                         | 3.0700   | 0.7200  | 0.7463 
4     | 9           | [96, 97, 98, 99, 103, 104, 105, 106, 107]   | [0.0100, 0.0800, 0.3200, 0.2200, 0.0800, 0.0800, 0.0500, 0.1500, 0.0100] | 11.1104  | 0.8600  | 0.8129 
5     | 5           | [96, 98, 99, 100, 101]                      | [0.1200, 0.1600, 0.4100, 0.2900, 0.0200]                                 | 1.5739   | 0.6400  | 0.7146 
6     | 4           | [99, 100, 101, 102]                         | [0.0100, 0.1400, 0.5300, 0.3200]                                         | 0.4744   | 0.6200  | 0.6030 
7     | 6           | [99, 100, 101, 102, 103, 104]               | [0.0400, 0.0300, 0.4100, 0.1500, 0.3600, 0.0100]                         | 1.2459   | 0.6600  | 0.6840 
8     | 9           | [94, 95, 96, 97, 98, 99, 100, 101, 102]     | [0.0100, 0.4700, 0.1500, 0.0700, 0.0600, 0.0200, 0.1700, 0.0400, 0.0100] | 4.5900   | 0.7000  | 0.7242 
9     | 6           | [92, 93, 94, 95, 96, 97]                    | [0.0200, 0.0400, 0.1700, 0.2200, 0.4500, 0.1000]                         | 1.2444   | 0.7800  | 0.7154 
10    | 9           | [95, 96, 97, 98, 99, 100, 102, 103, 104]    | [0.0600, 0.0800, 0.3800, 0.1300, 0.1500, 0.0200, 0.0300, 0.1200, 0.0300] | 5.8931   | 0.7800  | 0.7976 
11    | 5           | [95, 96, 97, 98, 99]                        | [0.3300, 0.3700, 0.1200, 0.1600, 0.0200]                                 | 1.2411   | 0.5000  | 0.7210 
12    | 4           | [94, 95, 96, 97]                            | [0.0200, 0.4200, 0.5500, 0.0100]                                         | 0.3075   | 0.5200  | 0.5259 
13    | 6           | [93, 94, 95, 96, 99, 100]                   | [0.0200, 0.1800, 0.4900, 0.0200, 0.0200, 0.2700]                         | 5.8371   | 0.6600  | 0.6600 
14    | 8           | [98, 99, 100, 101, 102, 103, 104, 106]      | [0.0600, 0.4200, 0.1700, 0.0100, 0.0200, 0.1700, 0.0100, 0.1400]         | 6.6700   | 0.7600  | 0.7495 
15    | 6           | [96, 97, 98, 99, 100, 101]                  | [0.0400, 0.3000, 0.1400, 0.2100, 0.2800, 0.0300]                         | 1.8296   | 0.7800  | 0.7731 
16    | 7           | [98, 99, 100, 101, 102, 103, 104]           | [0.0200, 0.0900, 0.0500, 0.3500, 0.2700, 0.0900, 0.1300]                 | 2.0875   | 0.7600  | 0.7764 
17    | 7           | [96, 97, 98, 99, 105, 106, 107]             | [0.0300, 0.3100, 0.3900, 0.0400, 0.0300, 0.1900, 0.0100]                 | 12.6899  | 0.8000  | 0.7194 
18    | 9           | [98, 99, 100, 101, 102, 103, 104, 105, 106] | [0.0300, 0.2800, 0.2900, 0.1100, 0.0300, 0.0900, 0.0700, 0.0700, 0.0300] | 4.5619   | 0.8200  | 0.8129 
19    | 7           | [96, 97, 98, 100, 101, 102, 103]            | [0.0500, 0.1300, 0.0900, 0.1500, 0.2200, 0.2700, 0.0900]                 | 4.3724   | 0.7400  | 0.8289 
20    | 6           | [95, 98, 99, 100, 101, 102]                 | [0.1500, 0.0900, 0.1300, 0.4700, 0.1400, 0.0200]                         | 3.6856   | 0.8000  | 0.7188 
21    | 8           | [96, 97, 98, 99, 100, 103, 104, 105]        | [0.0900, 0.5100, 0.2000, 0.0300, 0.0100, 0.0100, 0.1100, 0.0400]         | 6.9875   | 0.6600  | 0.6838 

[Per-locus summary - Population 2]
Locus | Num_Alleles | Alleles                                     | Frequencies                                                              | Variance | Obs_Het | Exp_Het
------+-------------+---------------------------------------------+--------------------------------------------------------------------------+----------+---------+--------
1     | 7           | [93, 94, 95, 96, 97, 98, 100]               | [0.0100, 0.0700, 0.5400, 0.1900, 0.0100, 0.0500, 0.1300]                 | 3.1936   | 0.6000  | 0.6543 
2     | 9           | [96, 97, 98, 99, 100, 101, 102, 103, 104]   | [0.0500, 0.2000, 0.0300, 0.0100, 0.1400, 0.2600, 0.2200, 0.0700, 0.0200] | 4.8056   | 0.8400  | 0.8238 
3     | 7           | [95, 96, 97, 98, 99, 100, 101]              | [0.0100, 0.0700, 0.0200, 0.0100, 0.1700, 0.5000, 0.2200]                 | 1.8504   | 0.6400  | 0.6739 
4     | 8           | [97, 98, 99, 103, 104, 105, 106, 107]       | [0.0700, 0.3700, 0.2200, 0.0500, 0.0900, 0.0600, 0.1300, 0.0100]         | 10.6499  | 0.8400  | 0.7865 
5     | 5           | [96, 98, 99, 100, 101]                      | [0.1000, 0.1500, 0.3800, 0.3400, 0.0300]                                 | 1.5075   | 0.6800  | 0.7137 
6     | 5           | [99, 100, 101, 102, 103]                    | [0.0100, 0.1200, 0.4600, 0.3800, 0.0300]                                 | 0.5700   | 0.7000  | 0.6350 
7     | 6           | [98, 99, 100, 101, 102, 103]                | [0.0100, 0.0700, 0.0500, 0.3700, 0.1100, 0.3900]                         | 1.6411   | 0.8200  | 0.6984 
8     | 7           | [95, 96, 97, 98, 99, 100, 101]              | [0.4000, 0.2000, 0.0700, 0.0600, 0.0200, 0.1800, 0.0700]                 | 4.6736   | 0.7600  | 0.7614 
9     | 5           | [93, 94, 95, 96, 97]                        | [0.0400, 0.1700, 0.2700, 0.4800, 0.0400]                                 | 0.8739   | 0.7000  | 0.6713 
10    | 7           | [95, 96, 97, 98, 99, 103, 104]              | [0.0400, 0.1500, 0.3300, 0.2100, 0.1400, 0.1200, 0.0100]                 | 4.7875   | 0.8600  | 0.7968 
11    | 6           | [94, 95, 96, 97, 98, 99]                    | [0.0100, 0.2000, 0.4500, 0.1500, 0.1100, 0.0800]                         | 1.3979   | 0.7200  | 0.7236 
12    | 3           | [95, 96, 97]                                | [0.3000, 0.6700, 0.0300]                                                 | 0.2571   | 0.4400  | 0.4648 
13    | 6           | [94, 95, 96, 99, 100, 101]                  | [0.1500, 0.5000, 0.0300, 0.0100, 0.3000, 0.0100]                         | 6.0096   | 0.6800  | 0.6428 
14    | 8           | [98, 99, 100, 101, 102, 103, 106, 107]      | [0.0700, 0.4600, 0.1300, 0.0100, 0.0300, 0.1100, 0.1800, 0.0100]         | 7.9275   | 0.7600  | 0.7283 
15    | 6           | [96, 97, 98, 99, 100, 101]                  | [0.0900, 0.2600, 0.2000, 0.2000, 0.2100, 0.0400]                         | 1.9300   | 0.7800  | 0.8067 
16    | 7           | [98, 99, 101, 102, 103, 104, 105]           | [0.0200, 0.1200, 0.3800, 0.2500, 0.0700, 0.1400, 0.0200]                 | 2.4219   | 0.7800  | 0.7610 
17    | 5           | [96, 97, 98, 99, 106]                       | [0.0600, 0.3400, 0.3500, 0.0400, 0.2100]                                 | 12.4724  | 0.7800  | 0.7198 
18    | 9           | [98, 99, 100, 101, 102, 103, 104, 105, 106] | [0.0500, 0.3100, 0.1700, 0.1000, 0.0400, 0.0800, 0.0600, 0.1700, 0.0200] | 5.9316   | 0.8400  | 0.8299 
19    | 8           | [94, 96, 97, 98, 100, 101, 102, 103]        | [0.0100, 0.0600, 0.1700, 0.0700, 0.2000, 0.1200, 0.3100, 0.0600]         | 5.0291   | 0.8200  | 0.8166 
20    | 5           | [95, 98, 99, 100, 101]                      | [0.0700, 0.2200, 0.1300, 0.3800, 0.2000]                                 | 2.4416   | 0.8800  | 0.7529 
21    | 7           | [95, 96, 97, 98, 99, 104, 105]              | [0.0100, 0.0900, 0.5000, 0.2200, 0.0300, 0.1200, 0.0300]                 | 6.7075   | 0.6800  | 0.6840 
