
[Simulation Info]
simulation_id = sim_0003839
timestamp     = 20250428_085311
seed          = 944414
output_folder = /home/lejeunet/Bureau/simulations/Ref_table/sim_0003839

[Model Parameters]
pop_size           = 4559
num_loci           = 20
sample1_generation = 30
sample2_generation = 10
low_repeats        = 1
high_repeats       = 200
mutation_rate      = 0.001
recap_Ne           = 4559

[Sampling Design]
sample1_size_Ne  = 50
sample2_size_Ne  = 50
sample1_size_CMR = 50
sample2_size_CMR = 50

[Capture-Marquage-Recapture]
census_N   =  2601
MatchCount =  1

[Ne Estimates - One Sample - Decreasing critical values [0.050, 0.020, 0.010, 0+]]

[Linkage Desequilibrium]
LD_Ne_Pop1 = [None, 7460.6, 2700.4, 2700.4]
LD_r2_Pop1 = [0.021044, 0.021321, 0.021399, 0.021399]
LD_Ne_Pop2 = [None, None, None, None]
LD_r2_Pop2 = [0.021039, 0.021192, 0.021123, 0.021123]

[Heterozygote excess]
HE_Neb_mean_Pop1        = [None, None, None, None]
HE_weighted_D_mean_Pop1 = [-0.01035, -0.0113, -0.00694, -0.00694]
HE_Neb_mean_Pop2        = [None, None, None, None]
HE_weighted_D_mean_Pop2 = [-0.013, -0.00256, -0.00281, -0.00281]

[Molecular Coancestry]
Coan_Neb_n_Pop1 = 47.8
Coan_f1_Pop1    = 0.01046
Coan_Neb_n_Pop2 = 30.8
Coan_f1_Pop2    = 0.01626

[Ne Estimates - Temporal - Decreasing critical values (0.050, 0.020, 0.010, 0+)]

[Pollak]
P_Ne     = [-2405.2, -5521.5, -3744.9, -4306.0]
P_Fk     = [0.01792, 0.01909, 0.01866, 0.01884]
P_Fprime = [-0.00208, -0.00091, -0.00134, -0.00116]

[Nei/Tajima]
N_Ne     = [-2306.2, -4742.6, -3441.7, -3871.8]
N_Fc     = [0.01783, 0.01895, 0.01855, 0.01871]
N_Fprime = [-0.00217, -0.00105, -0.00145, -0.00129]

[Jorde/Ryman]
J_Ne     = [-6492.4, 26375.7, 124262.2, 80381.2]
J_Fs     = [0.01933, 0.02029, 0.02014, 0.02016]
J_Fprime = [-0.00077, 0.00019, 4e-05, 6e-05]

[Genetic Diversity - Heterozygosity]
mean_exp_het_pop1 = 0.8575
mean_obs_het_pop1 = 0.8476
mean_exp_het_pop2 = 0.8591
mean_obs_het_pop2 = 0.839

[Genetic Diversity - Allele Counts]
mean_alleles_pop1 = 11.33
var_alleles_pop1  = 4.03
sum_alleles_pop1  = 238
mean_alleles_pop2 = 11.67
var_alleles_pop2  = 5.54
sum_alleles_pop2  = 490

[Genetic Diversity - Allelic Size Variance]
var_allele_size_pop1 = 15.598
var_allele_size_pop2 = 15.24

[Per-locus summary - Population 1]
Locus | Num_Alleles | Alleles                                                              | Frequencies                                                                                                      | Variance | Obs_Het | Exp_Het
------+-------------+----------------------------------------------------------------------+------------------------------------------------------------------------------------------------------------------+----------+---------+--------
1     | 14          | [87, 88, 89, 90, 91, 92, 93, 94, 95, 96, 97, 98, 116, 117]           | [0.0100, 0.0300, 0.0300, 0.0300, 0.0400, 0.0200, 0.0900, 0.1200, 0.0800, 0.3100, 0.0500, 0.0100, 0.1100, 0.0700] | 78.3075  | 0.8600  | 0.8592 
2     | 13          | [82, 83, 84, 85, 86, 87, 88, 89, 90, 91, 92, 93, 94]                 | [0.0100, 0.0100, 0.1100, 0.1300, 0.1100, 0.1500, 0.0200, 0.1100, 0.0900, 0.0500, 0.0400, 0.0700, 0.1000]         | 10.9824  | 0.8600  | 0.9057 
3     | 12          | [92, 93, 94, 95, 96, 97, 99, 100, 101, 102, 103, 104]                | [0.0700, 0.0400, 0.0600, 0.2400, 0.1400, 0.0700, 0.0100, 0.0300, 0.0700, 0.0600, 0.1300, 0.0800]                 | 15.0416  | 0.8800  | 0.8838 
4     | 6           | [99, 100, 101, 102, 103, 104]                                        | [0.1400, 0.2100, 0.1500, 0.3100, 0.1800, 0.0100]                                                                 | 1.8459   | 0.7800  | 0.7931 
5     | 13          | [87, 88, 89, 90, 91, 92, 93, 94, 95, 109, 110, 111, 112]             | [0.0400, 0.0800, 0.1200, 0.0700, 0.0800, 0.1600, 0.0900, 0.1000, 0.0100, 0.0800, 0.0700, 0.0800, 0.0200]         | 72.8424  | 0.9400  | 0.9135 
6     | 12          | [101, 102, 103, 105, 106, 107, 108, 109, 110, 111, 113, 114]         | [0.0500, 0.1600, 0.0100, 0.0500, 0.1100, 0.2500, 0.1200, 0.0900, 0.0300, 0.0100, 0.0300, 0.0900]                 | 12.6579  | 0.9000  | 0.8709 
7     | 10          | [97, 98, 99, 100, 101, 102, 103, 104, 105, 106]                      | [0.0300, 0.1400, 0.0900, 0.2100, 0.1700, 0.0300, 0.0400, 0.0300, 0.1500, 0.1100]                                 | 7.7436   | 0.9000  | 0.8691 
8     | 14          | [98, 99, 100, 101, 102, 103, 104, 105, 106, 107, 108, 109, 110, 111] | [0.0500, 0.0100, 0.1300, 0.0300, 0.0900, 0.0100, 0.0300, 0.0600, 0.2300, 0.1500, 0.0100, 0.0900, 0.0400, 0.0700] | 13.2984  | 0.9400  | 0.8857 
9     | 12          | [88, 89, 90, 91, 92, 93, 94, 95, 96, 97, 102, 103]                   | [0.0100, 0.0100, 0.0400, 0.1600, 0.1700, 0.1500, 0.1200, 0.0400, 0.0700, 0.0500, 0.0700, 0.1100]                 | 17.2704  | 0.8800  | 0.8897 
10    | 9           | [95, 96, 97, 98, 99, 100, 101, 102, 103]                             | [0.0400, 0.0600, 0.0700, 0.0600, 0.2400, 0.2300, 0.2000, 0.0500, 0.0500]                                         | 3.6064   | 0.8000  | 0.8392 
11    | 11          | [94, 95, 96, 97, 98, 99, 100, 101, 102, 103, 104]                    | [0.0600, 0.2100, 0.0600, 0.0300, 0.0700, 0.0100, 0.1900, 0.1000, 0.2500, 0.0100, 0.0100]                         | 8.7916   | 0.8000  | 0.8424 
12    | 12          | [96, 97, 98, 99, 100, 101, 102, 103, 104, 105, 106, 107]             | [0.0300, 0.0600, 0.2800, 0.1800, 0.1800, 0.0100, 0.0700, 0.0300, 0.0400, 0.0500, 0.0600, 0.0100]                 | 7.4184   | 0.9000  | 0.8471 
13    | 12          | [90, 91, 92, 95, 96, 97, 98, 99, 100, 101, 102, 103]                 | [0.0600, 0.0100, 0.0100, 0.0200, 0.0400, 0.1000, 0.3100, 0.0800, 0.1400, 0.0600, 0.1200, 0.0500]                 | 9.3036   | 0.8600  | 0.8501 
14    | 10          | [95, 96, 97, 98, 99, 100, 101, 102, 107, 108]                        | [0.0700, 0.0600, 0.0900, 0.0700, 0.4500, 0.0900, 0.0400, 0.0300, 0.0300, 0.0700]                                 | 10.0236  | 0.7000  | 0.7673 
15    | 12          | [94, 95, 96, 97, 98, 99, 100, 101, 102, 103, 104, 105]               | [0.0700, 0.0200, 0.0500, 0.0900, 0.2300, 0.1500, 0.2100, 0.0700, 0.0400, 0.0400, 0.0100, 0.0200]                 | 5.5339   | 0.8200  | 0.8647 
16    | 11          | [92, 93, 94, 95, 96, 97, 98, 99, 100, 101, 102]                      | [0.0100, 0.0100, 0.1400, 0.0100, 0.0200, 0.1100, 0.1400, 0.1500, 0.2800, 0.1100, 0.0200]                         | 5.6371   | 0.8800  | 0.8430 
17    | 11          | [90, 91, 92, 93, 94, 95, 96, 97, 98, 99, 100]                        | [0.0200, 0.0400, 0.0600, 0.0800, 0.0100, 0.0200, 0.0100, 0.2200, 0.4100, 0.0900, 0.0400]                         | 6.3731   | 0.7400  | 0.7689 
18    | 8           | [105, 106, 107, 108, 109, 110, 111, 112]                             | [0.1000, 0.0600, 0.1400, 0.1900, 0.1000, 0.2000, 0.1200, 0.0900]                                                 | 4.2644   | 0.8800  | 0.8669 
19    | 10          | [95, 96, 97, 98, 99, 100, 101, 103, 104, 105]                        | [0.1000, 0.2400, 0.1100, 0.1400, 0.1600, 0.0600, 0.0600, 0.0200, 0.0500, 0.0600]                                 | 7.9979   | 0.8200  | 0.8701 
20    | 12          | [88, 89, 90, 91, 92, 93, 96, 97, 98, 99, 100, 101]                   | [0.0100, 0.0400, 0.0500, 0.1300, 0.0600, 0.0300, 0.0600, 0.0800, 0.2100, 0.2200, 0.0800, 0.0300]                 | 13.8099  | 0.7600  | 0.8733 
21    | 14          | [95, 96, 97, 98, 99, 100, 101, 102, 103, 104, 105, 106, 107, 108]    | [0.0300, 0.0600, 0.0100, 0.0800, 0.0400, 0.1400, 0.0800, 0.1200, 0.0200, 0.0500, 0.0200, 0.1800, 0.0500, 0.1200] | 14.8075  | 0.9000  | 0.9034 

[Per-locus summary - Population 2]
Locus | Num_Alleles | Alleles                                                                   | Frequencies                                                                                                              | Variance | Obs_Het | Exp_Het
------+-------------+---------------------------------------------------------------------------+--------------------------------------------------------------------------------------------------------------------------+----------+---------+--------
1     | 14          | [87, 88, 89, 90, 92, 93, 94, 95, 96, 97, 98, 99, 116, 117]                | [0.0500, 0.0200, 0.0100, 0.0400, 0.0400, 0.0400, 0.1200, 0.0700, 0.2900, 0.1500, 0.0200, 0.0200, 0.0500, 0.0800]         | 62.4836  | 0.8800  | 0.8652 
2     | 12          | [83, 84, 85, 86, 87, 88, 89, 90, 91, 92, 93, 94]                          | [0.0500, 0.1000, 0.0600, 0.1800, 0.1100, 0.0300, 0.1000, 0.1300, 0.0300, 0.0700, 0.0700, 0.0700]                         | 10.4600  | 0.8800  | 0.9051 
3     | 12          | [92, 93, 94, 95, 96, 97, 99, 100, 101, 102, 103, 104]                     | [0.0400, 0.0700, 0.0800, 0.2200, 0.1900, 0.0500, 0.0100, 0.0900, 0.0300, 0.0600, 0.0800, 0.0800]                         | 13.3800  | 0.8200  | 0.8834 
4     | 5           | [99, 100, 101, 102, 103]                                                  | [0.0600, 0.2800, 0.2000, 0.3400, 0.1200]                                                                                 | 1.3076   | 0.6400  | 0.7556 
5     | 13          | [87, 88, 89, 90, 91, 92, 93, 94, 108, 109, 110, 111, 112]                 | [0.0100, 0.1200, 0.1300, 0.0800, 0.0300, 0.1700, 0.0600, 0.1100, 0.0100, 0.0600, 0.0600, 0.1000, 0.0600]                 | 83.1091  | 0.8800  | 0.9049 
6     | 13          | [101, 102, 103, 104, 105, 106, 107, 108, 109, 110, 111, 113, 114]         | [0.0600, 0.2100, 0.0400, 0.0200, 0.0400, 0.1000, 0.2200, 0.0800, 0.0800, 0.0200, 0.0200, 0.0200, 0.0900]                 | 14.0576  | 0.9400  | 0.8770 
7     | 10          | [97, 98, 99, 100, 101, 102, 103, 104, 105, 106]                           | [0.0300, 0.2300, 0.1200, 0.1200, 0.1600, 0.0200, 0.0600, 0.0200, 0.1400, 0.1000]                                         | 8.3219   | 0.8600  | 0.8665 
8     | 15          | [98, 99, 100, 101, 102, 103, 104, 105, 106, 107, 108, 109, 110, 111, 112] | [0.0500, 0.0200, 0.0700, 0.0200, 0.1200, 0.0100, 0.0300, 0.0800, 0.1800, 0.1900, 0.0400, 0.0900, 0.0300, 0.0600, 0.0100] | 12.4339  | 0.8800  | 0.8962 
9     | 13          | [89, 90, 91, 92, 93, 94, 95, 96, 97, 99, 102, 103, 104]                   | [0.0500, 0.0600, 0.1200, 0.2100, 0.1200, 0.0500, 0.1000, 0.0600, 0.0300, 0.0100, 0.0400, 0.1400, 0.0100]                 | 19.5875  | 0.9200  | 0.8915 
10    | 10          | [94, 95, 96, 97, 98, 99, 100, 101, 102, 103]                              | [0.0100, 0.0700, 0.0400, 0.0500, 0.0800, 0.1400, 0.2700, 0.2900, 0.0300, 0.0200]                                         | 3.8779   | 0.7800  | 0.8147 
11    | 11          | [93, 94, 95, 96, 97, 98, 99, 100, 101, 102, 104]                          | [0.0100, 0.1100, 0.1600, 0.1200, 0.0200, 0.0800, 0.0200, 0.1600, 0.1100, 0.1700, 0.0400]                                 | 9.6304   | 0.9000  | 0.8812 
12    | 12          | [96, 97, 98, 99, 100, 101, 102, 103, 104, 105, 106, 107]                  | [0.0200, 0.0500, 0.2300, 0.1700, 0.1200, 0.0500, 0.1000, 0.0500, 0.0900, 0.0800, 0.0300, 0.0100]                         | 7.4675   | 0.8000  | 0.8792 
13    | 11          | [90, 92, 95, 96, 97, 98, 99, 100, 101, 102, 103]                          | [0.0400, 0.0200, 0.0400, 0.0500, 0.1300, 0.3300, 0.0600, 0.0600, 0.0400, 0.2200, 0.0100]                                 | 8.2064   | 0.7800  | 0.8190 
14    | 10          | [95, 96, 97, 98, 99, 100, 101, 102, 107, 108]                             | [0.0700, 0.0600, 0.0700, 0.2500, 0.3700, 0.0800, 0.0100, 0.0400, 0.0400, 0.0100]                                         | 5.9916   | 0.7800  | 0.7853 
15    | 10          | [94, 96, 97, 98, 99, 100, 101, 102, 103, 104]                             | [0.0900, 0.0600, 0.0500, 0.1800, 0.1300, 0.2300, 0.0900, 0.1300, 0.0300, 0.0100]                                         | 5.6564   | 0.7600  | 0.8663 
16    | 10          | [93, 94, 95, 96, 97, 98, 99, 100, 101, 102]                               | [0.0100, 0.1000, 0.0300, 0.0100, 0.0700, 0.0900, 0.1300, 0.2400, 0.2500, 0.0700]                                         | 5.6699   | 0.8200  | 0.8424 
17    | 9           | [91, 92, 93, 95, 96, 97, 98, 99, 100]                                     | [0.0700, 0.0800, 0.0600, 0.0200, 0.0200, 0.2500, 0.3200, 0.1400, 0.0400]                                                 | 6.6600   | 0.8000  | 0.8063 
18    | 8           | [105, 106, 107, 108, 109, 110, 111, 112]                                  | [0.1100, 0.0700, 0.0800, 0.2000, 0.1400, 0.2800, 0.0900, 0.0300]                                                         | 3.6084   | 0.8000  | 0.8380 
19    | 12          | [95, 96, 97, 98, 99, 100, 101, 102, 103, 104, 105, 106]                   | [0.0700, 0.1800, 0.1000, 0.2300, 0.1000, 0.1400, 0.0400, 0.0100, 0.0200, 0.0500, 0.0500, 0.0100]                         | 7.5300   | 0.8600  | 0.8717 
20    | 14          | [88, 89, 90, 91, 92, 93, 94, 95, 96, 97, 98, 99, 100, 101]                | [0.0200, 0.0100, 0.0900, 0.1500, 0.0600, 0.0400, 0.0100, 0.0200, 0.0400, 0.0800, 0.1800, 0.1800, 0.0900, 0.0300]         | 14.5651  | 0.9200  | 0.8903 
21    | 15          | [95, 96, 97, 98, 99, 100, 101, 102, 103, 104, 105, 106, 107, 108, 109]    | [0.0300, 0.0800, 0.0300, 0.0600, 0.0100, 0.1200, 0.0700, 0.1200, 0.0300, 0.0300, 0.0500, 0.2000, 0.0300, 0.1300, 0.0100] | 16.0356  | 0.9200  | 0.9012 
