
[Simulation Info]
simulation_id = sim_0012550
timestamp     = 20250429_095559
seed          = 88343
output_folder = /home/lejeunet/Bureau/simulations/Ref_table/sim_0012550

[Model Parameters]
pop_size           = 2086
num_loci           = 20
sample1_generation = 30
sample2_generation = 10
low_repeats        = 1
high_repeats       = 200
mutation_rate      = 0.001
recap_Ne           = 2086

[Sampling Design]
sample1_size_Ne  = 50
sample2_size_Ne  = 50
sample1_size_CMR = 50
sample2_size_CMR = 50

[Capture-Marquage-Recapture]
census_N   =  2601
MatchCount =  1

[Ne Estimates - One Sample - Decreasing critical values [0.050, 0.020, 0.010, 0+]]

[Linkage Desequilibrium]
LD_Ne_Pop1 = [None, None, None, None]
LD_r2_Pop1 = [0.021162, 0.020987, 0.021197, 0.021197]
LD_Ne_Pop2 = [433.0, 661.5, 885.8, 885.8]
LD_r2_Pop2 = [0.022042, 0.021778, 0.021651, 0.021651]

[Heterozygote excess]
HE_Neb_mean_Pop1        = [None, None, None, None]
HE_weighted_D_mean_Pop1 = [-0.00451, -0.0058, -0.00576, -0.00576]
HE_Neb_mean_Pop2        = [52.3, 54.6, 58.0, 58.0]
HE_weighted_D_mean_Pop2 = [0.00964, 0.00924, 0.0087, 0.0087]

[Molecular Coancestry]
Coan_Neb_n_Pop1 = 14.7
Coan_f1_Pop1    = 0.03409
Coan_Neb_n_Pop2 = 18.5
Coan_f1_Pop2    = 0.027

[Ne Estimates - Temporal - Decreasing critical values (0.050, 0.020, 0.010, 0+)]

[Pollak]
P_Ne     = [3289.0, 2755.0, 7120.8, 5102.9]
P_Fk     = [0.02152, 0.02181, 0.0207, 0.02098]
P_Fprime = [0.00152, 0.00181, 0.0007, 0.00098]

[Nei/Tajima]
N_Ne     = [3915.8, 3307.3, 8918.1, 6221.6]
N_Fc     = [0.02128, 0.02151, 0.02056, 0.0208]
N_Fprime = [0.00128, 0.00151, 0.00056, 0.0008]

[Jorde/Ryman]
J_Ne     = [3394.5, 3323.3, 3573.6, 3510.2]
J_Fs     = [0.02157, 0.02161, 0.0215, 0.02153]
J_Fprime = [0.00147, 0.0015, 0.0014, 0.00142]

[Genetic Diversity - Heterozygosity]
mean_exp_het_pop1 = 0.7512
mean_obs_het_pop1 = 0.7505
mean_exp_het_pop2 = 0.7539
mean_obs_het_pop2 = 0.7629

[Genetic Diversity - Allele Counts]
mean_alleles_pop1 = 7.1
var_alleles_pop1  = 2.59
sum_alleles_pop1  = 149
mean_alleles_pop2 = 7.45
var_alleles_pop2  = 2.45
sum_alleles_pop2  = 313

[Genetic Diversity - Allelic Size Variance]
var_allele_size_pop1 = 3.2527
var_allele_size_pop2 = 3.3519

[Per-locus summary - Population 1]
Locus | Num_Alleles | Alleles                                        | Frequencies                                                                      | Variance | Obs_Het | Exp_Het
------+-------------+------------------------------------------------+----------------------------------------------------------------------------------+----------+---------+--------
1     | 9           | [95, 98, 99, 100, 101, 102, 103, 104, 105]     | [0.0300, 0.0200, 0.2300, 0.1600, 0.1100, 0.2100, 0.0400, 0.1800, 0.0200]         | 4.6475   | 0.7600  | 0.8380 
2     | 7           | [95, 96, 97, 98, 99, 100, 102]                 | [0.0100, 0.0100, 0.3300, 0.4300, 0.1200, 0.0900, 0.0100]                         | 1.0984   | 0.7200  | 0.6903 
3     | 8           | [99, 100, 101, 102, 103, 104, 106, 107]        | [0.0600, 0.1700, 0.1200, 0.0500, 0.2600, 0.2900, 0.0300, 0.0200]                 | 3.5636   | 0.8400  | 0.8057 
4     | 7           | [94, 95, 96, 98, 99, 100, 101]                 | [0.0100, 0.1100, 0.1100, 0.0600, 0.3200, 0.3800, 0.0100]                         | 3.2496   | 0.7600  | 0.7325 
5     | 5           | [96, 97, 98, 99, 100]                          | [0.0600, 0.1900, 0.1900, 0.4600, 0.1000]                                         | 1.1675   | 0.6600  | 0.7097 
6     | 7           | [95, 96, 97, 98, 99, 100, 101]                 | [0.0300, 0.1300, 0.1400, 0.1200, 0.2000, 0.2200, 0.1600]                         | 3.0531   | 0.8400  | 0.8426 
7     | 7           | [97, 98, 102, 103, 104, 105, 106]              | [0.2300, 0.0100, 0.0200, 0.0600, 0.3900, 0.2400, 0.0500]                         | 10.1651  | 0.7200  | 0.7382 
8     | 6           | [97, 98, 99, 100, 101, 102]                    | [0.0100, 0.3100, 0.3500, 0.0200, 0.2800, 0.0300]                                 | 1.6444   | 0.6800  | 0.7087 
9     | 7           | [95, 96, 97, 98, 99, 100, 101]                 | [0.0100, 0.2400, 0.1100, 0.1600, 0.3000, 0.1200, 0.0600]                         | 2.4700   | 0.8200  | 0.8046 
10    | 7           | [101, 102, 103, 104, 105, 107, 108]            | [0.0700, 0.0500, 0.1900, 0.3900, 0.2400, 0.0500, 0.0100]                         | 1.8651   | 0.8000  | 0.7517 
11    | 8           | [96, 97, 98, 99, 100, 101, 102, 103]           | [0.0200, 0.0100, 0.0500, 0.3300, 0.3700, 0.1400, 0.0600, 0.0200]                 | 1.4516   | 0.7400  | 0.7349 
12    | 6           | [100, 101, 102, 103, 104, 105]                 | [0.0900, 0.3400, 0.1900, 0.1100, 0.2400, 0.0300]                                 | 2.0144   | 0.8000  | 0.7774 
13    | 8           | [98, 99, 100, 101, 102, 103, 104, 105]         | [0.0100, 0.0800, 0.4800, 0.0300, 0.0600, 0.3100, 0.0200, 0.0100]                 | 2.5179   | 0.7200  | 0.6687 
14    | 8           | [96, 97, 98, 99, 100, 101, 102, 103]           | [0.0100, 0.0300, 0.0900, 0.0700, 0.0500, 0.1400, 0.4100, 0.2000]                 | 3.0476   | 0.8000  | 0.7634 
15    | 10          | [96, 97, 98, 99, 100, 101, 102, 103, 104, 105] | [0.0100, 0.0300, 0.0300, 0.2300, 0.3000, 0.1500, 0.1500, 0.0200, 0.0200, 0.0600] | 3.3091   | 0.7600  | 0.8139 
16    | 10          | [92, 93, 94, 95, 96, 97, 98, 99, 100, 101]     | [0.0100, 0.1800, 0.0500, 0.0700, 0.3200, 0.0600, 0.0800, 0.0800, 0.1200, 0.0300] | 5.7044   | 0.8400  | 0.8343 
17    | 6           | [99, 100, 101, 102, 103, 104]                  | [0.0100, 0.2100, 0.0900, 0.5400, 0.1100, 0.0400]                                 | 1.1675   | 0.6400  | 0.6489 
18    | 6           | [98, 99, 100, 101, 102, 103]                   | [0.0200, 0.3300, 0.3500, 0.2200, 0.0700, 0.0100]                                 | 0.9996   | 0.6000  | 0.7220 
19    | 8           | [96, 97, 98, 102, 103, 104, 105, 106]          | [0.0600, 0.2600, 0.0200, 0.0500, 0.1300, 0.1500, 0.2800, 0.0500]                 | 12.9571  | 0.8000  | 0.8137 
20    | 3           | [97, 98, 99]                                   | [0.1000, 0.3700, 0.5300]                                                         | 0.4451   | 0.6200  | 0.5780 
21    | 6           | [98, 99, 100, 101, 102, 103]                   | [0.0400, 0.0800, 0.2700, 0.2400, 0.2200, 0.1500]                                 | 1.7691   | 0.8400  | 0.7986 

[Per-locus summary - Population 2]
Locus | Num_Alleles | Alleles                                        | Frequencies                                                                      | Variance | Obs_Het | Exp_Het
------+-------------+------------------------------------------------+----------------------------------------------------------------------------------+----------+---------+--------
1     | 10          | [95, 97, 98, 99, 100, 101, 102, 103, 104, 105] | [0.0200, 0.0600, 0.0300, 0.2200, 0.1700, 0.0600, 0.2300, 0.0600, 0.1100, 0.0400] | 5.0516   | 0.8800  | 0.8525 
2     | 6           | [95, 96, 97, 98, 99, 100]                      | [0.0100, 0.0100, 0.2600, 0.3400, 0.2200, 0.1600]                                 | 1.1971   | 0.8400  | 0.7501 
3     | 8           | [99, 100, 101, 102, 103, 104, 106, 107]        | [0.0400, 0.1600, 0.2600, 0.0700, 0.1600, 0.2100, 0.0900, 0.0100]                 | 3.8659   | 0.8400  | 0.8307 
4     | 7           | [95, 96, 97, 98, 99, 100, 101]                 | [0.1300, 0.2000, 0.0100, 0.0600, 0.2700, 0.3100, 0.0200]                         | 3.6475   | 0.7600  | 0.7778 
5     | 6           | [96, 97, 98, 99, 100, 101]                     | [0.1200, 0.1100, 0.1400, 0.4600, 0.1600, 0.0100]                                 | 1.5684   | 0.7200  | 0.7238 
6     | 9           | [94, 95, 96, 97, 98, 99, 100, 101, 102]        | [0.0100, 0.0200, 0.1000, 0.1400, 0.1600, 0.1500, 0.2300, 0.1700, 0.0200]         | 3.2224   | 0.8600  | 0.8481 
7     | 7           | [97, 98, 102, 103, 104, 105, 106]              | [0.2100, 0.0100, 0.0100, 0.1400, 0.3400, 0.2200, 0.0700]                         | 9.5611   | 0.8400  | 0.7750 
8     | 6           | [97, 98, 99, 100, 101, 102]                    | [0.0200, 0.2600, 0.3700, 0.0300, 0.2900, 0.0300]                                 | 1.6400   | 0.7000  | 0.7164 
9     | 6           | [95, 96, 97, 98, 99, 100]                      | [0.0100, 0.3400, 0.1400, 0.0800, 0.2900, 0.1400]                                 | 2.3616   | 0.7800  | 0.7622 
10    | 9           | [100, 101, 102, 103, 104, 105, 106, 107, 108]  | [0.0100, 0.0300, 0.1100, 0.1800, 0.4100, 0.2000, 0.0200, 0.0300, 0.0100]         | 1.7344   | 0.8000  | 0.7525 
11    | 7           | [96, 97, 98, 99, 100, 101, 102]                | [0.0400, 0.0500, 0.0200, 0.3700, 0.3100, 0.1200, 0.0900]                         | 1.8436   | 0.7800  | 0.7475 
12    | 6           | [100, 101, 102, 103, 104, 105]                 | [0.0400, 0.4500, 0.1600, 0.0900, 0.2500, 0.0100]                                 | 1.7819   | 0.5800  | 0.7067 
13    | 7           | [98, 99, 100, 101, 102, 103, 104]              | [0.0100, 0.1100, 0.5000, 0.0800, 0.0500, 0.2400, 0.0100]                         | 2.0939   | 0.6800  | 0.6780 
14    | 8           | [96, 97, 98, 99, 100, 101, 102, 103]           | [0.0400, 0.0600, 0.0800, 0.0500, 0.0700, 0.1400, 0.3100, 0.2500]                 | 4.2584   | 0.8400  | 0.8109 
15    | 9           | [97, 99, 100, 101, 102, 103, 104, 105, 106]    | [0.0100, 0.2200, 0.4000, 0.0700, 0.0900, 0.0300, 0.1100, 0.0600, 0.0100]         | 3.8379   | 0.8400  | 0.7695 
16    | 10          | [92, 93, 94, 95, 96, 97, 98, 99, 100, 101]     | [0.0100, 0.2500, 0.0800, 0.0400, 0.3400, 0.0400, 0.0700, 0.0700, 0.0700, 0.0300] | 5.5611   | 0.7800  | 0.8046 
17    | 6           | [99, 100, 101, 102, 103, 104]                  | [0.0200, 0.1500, 0.1300, 0.6000, 0.0900, 0.0100]                                 | 0.8956   | 0.5600  | 0.5980 
18    | 6           | [98, 99, 100, 101, 102, 103]                   | [0.0300, 0.3700, 0.3500, 0.1400, 0.1000, 0.0100]                                 | 1.1164   | 0.7200  | 0.7172 
19    | 9           | [95, 96, 97, 98, 102, 103, 104, 105, 106]      | [0.0100, 0.0700, 0.2000, 0.0100, 0.0400, 0.1200, 0.1400, 0.3100, 0.1000]         | 13.2000  | 0.7800  | 0.8214 
20    | 5           | [96, 97, 98, 99, 100]                          | [0.0200, 0.1200, 0.4900, 0.3500, 0.0200]                                         | 0.5771   | 0.6200  | 0.6285 
21    | 6           | [98, 99, 100, 101, 102, 103]                   | [0.0100, 0.0500, 0.3200, 0.2100, 0.2900, 0.1200]                                 | 1.3736   | 0.8200  | 0.7600 
