
[Simulation Info]
simulation_id = sim_0009588
timestamp     = 20250428_112452
seed          = 475041
output_folder = /home/lejeunet/Bureau/simulations/Ref_table/sim_0009588

[Model Parameters]
pop_size           = 200
num_loci           = 20
sample1_generation = 30
sample2_generation = 10
low_repeats        = 1
high_repeats       = 200
mutation_rate      = 0.001
recap_Ne           = 200

[Sampling Design]
sample1_size_Ne  = 50
sample2_size_Ne  = 50
sample1_size_CMR = 50
sample2_size_CMR = 50

[Capture-Marquage-Recapture]
census_N   =  260
MatchCount =  10

[Ne Estimates - One Sample - Decreasing critical values [0.050, 0.020, 0.010, 0+]]

[Linkage Desequilibrium]
LD_Ne_Pop1 = [166.0, 1721.1, None, None]
LD_r2_Pop1 = [0.023259, 0.021469, 0.019204, 0.019204]
LD_Ne_Pop2 = [2715.2, 464.1, 442.9, 442.9]
LD_r2_Pop2 = [0.021399, 0.021991, 0.022025, 0.022025]

[Heterozygote excess]
HE_Neb_mean_Pop1        = [86.1, 62.0, 71.0, 71.0]
HE_weighted_D_mean_Pop1 = [0.00584, 0.00813, 0.00709, 0.00709]
HE_Neb_mean_Pop2        = [11.1, 11.5, 12.2, 12.2]
HE_weighted_D_mean_Pop2 = [0.04711, 0.04545, 0.0425, 0.0425]

[Molecular Coancestry]
Coan_Neb_n_Pop1 = 4.8
Coan_f1_Pop1    = 0.10356
Coan_Neb_n_Pop2 = 3.9
Coan_f1_Pop2    = 0.12877

[Ne Estimates - Temporal - Decreasing critical values (0.050, 0.020, 0.010, 0+)]

[Pollak]
P_Ne     = [294.9, 378.3, 378.3, 432.4]
P_Fk     = [0.03696, 0.03322, 0.03322, 0.03156]
P_Fprime = [0.01696, 0.01322, 0.01322, 0.01156]

[Nei/Tajima]
N_Ne     = [276.4, 349.9, 349.9, 388.1]
N_Fc     = [0.03809, 0.03429, 0.03429, 0.03288]
N_Fprime = [0.01809, 0.01429, 0.01429, 0.01288]

[Jorde/Ryman]
J_Ne     = [260.6, 272.4, 272.4, 273.3]
J_Fs     = [0.03938, 0.03854, 0.03854, 0.03848]
J_Fprime = [0.01918, 0.01836, 0.01836, 0.0183]

[Genetic Diversity - Heterozygosity]
mean_exp_het_pop1 = 0.3142
mean_obs_het_pop1 = 0.3152
mean_exp_het_pop2 = 0.333
mean_obs_het_pop2 = 0.355

[Genetic Diversity - Allele Counts]
mean_alleles_pop1 = 2.81
var_alleles_pop1  = 0.56
sum_alleles_pop1  = 59
mean_alleles_pop2 = 2.9
var_alleles_pop2  = 0.72
sum_alleles_pop2  = 122

[Genetic Diversity - Allelic Size Variance]
var_allele_size_pop1 = 0.2101
var_allele_size_pop2 = 0.1902

[Per-locus summary - Population 1]
Locus | Num_Alleles | Alleles             | Frequencies                      | Variance | Obs_Het | Exp_Het
------+-------------+---------------------+----------------------------------+----------+---------+--------
1     | 4           | [99, 100, 101, 102] | [0.0100, 0.0200, 0.9600, 0.0100] | 0.0691   | 0.0800  | 0.0786 
2     | 3           | [99, 100, 102]      | [0.1400, 0.6800, 0.1800]         | 0.8116   | 0.4600  | 0.4905 
3     | 2           | [100, 101]          | [0.7300, 0.2700]                 | 0.1971   | 0.4200  | 0.3982 
4     | 3           | [99, 100, 101]      | [0.1800, 0.8000, 0.0200]         | 0.1744   | 0.3200  | 0.3305 
5     | 3           | [99, 100, 101]      | [0.0200, 0.9700, 0.0100]         | 0.0299   | 0.0600  | 0.0592 
6     | 3           | [100, 101, 102]     | [0.8000, 0.1900, 0.0100]         | 0.1859   | 0.3400  | 0.3271 
7     | 2           | [99, 100]           | [0.0600, 0.9400]                 | 0.0564   | 0.1200  | 0.1139 
8     | 4           | [99, 100, 101, 102] | [0.1600, 0.5100, 0.2600, 0.0700] | 0.6424   | 0.6800  | 0.6483 
9     | 3           | [99, 100, 101]      | [0.0100, 0.9600, 0.0300]         | 0.0396   | 0.0800  | 0.0782 
10    | 3           | [99, 100, 101]      | [0.2000, 0.7900, 0.0100]         | 0.1739   | 0.3000  | 0.3392 
11    | 3           | [99, 100, 101]      | [0.1100, 0.8100, 0.0800]         | 0.1891   | 0.3400  | 0.3287 
12    | 2           | [100, 101]          | [0.5700, 0.4300]                 | 0.2451   | 0.5000  | 0.4951 
13    | 3           | [98, 99, 100]       | [0.0200, 0.6200, 0.3600]         | 0.2644   | 0.4200  | 0.4905 
14    | 4           | [98, 99, 100, 101]  | [0.0100, 0.1200, 0.8200, 0.0500] | 0.2019   | 0.3400  | 0.3137 
15    | 4           | [98, 99, 100, 101]  | [0.0100, 0.6500, 0.3300, 0.0100] | 0.2644   | 0.4600  | 0.4731 
16    | 2           | [99, 100]           | [0.5300, 0.4700]                 | 0.2491   | 0.5400  | 0.5032 
17    | 2           | [100, 101]          | [0.8700, 0.1300]                 | 0.1131   | 0.2200  | 0.2285 
18    | 2           | [99, 100]           | [0.0400, 0.9600]                 | 0.0384   | 0.0800  | 0.0776 
19    | 3           | [99, 100, 101]      | [0.1600, 0.7200, 0.1200]         | 0.2784   | 0.4600  | 0.4461 
20    | 2           | [100, 101]          | [0.2300, 0.7700]                 | 0.1771   | 0.3800  | 0.3578 
21    | 2           | [99, 100]           | [0.0100, 0.9900]                 | 0.0099   | 0.0200  | 0.0200 

[Per-locus summary - Population 2]
Locus | Num_Alleles | Alleles                 | Frequencies                              | Variance | Obs_Het | Exp_Het
------+-------------+-------------------------+------------------------------------------+----------+---------+--------
1     | 3           | [100, 101, 102]         | [0.0300, 0.9000, 0.0700]                 | 0.0984   | 0.2000  | 0.1861 
2     | 5           | [98, 99, 100, 101, 102] | [0.0100, 0.1800, 0.6700, 0.0100, 0.1300] | 0.7451   | 0.4800  | 0.5067 
3     | 2           | [100, 101]              | [0.6700, 0.3300]                         | 0.2211   | 0.5000  | 0.4467 
4     | 3           | [99, 100, 101]          | [0.0900, 0.8800, 0.0300]                 | 0.1164   | 0.2400  | 0.2188 
5     | 3           | [99, 100, 101]          | [0.0400, 0.9500, 0.0100]                 | 0.0491   | 0.1000  | 0.0968 
6     | 3           | [99, 100, 101]          | [0.0100, 0.7300, 0.2600]                 | 0.2075   | 0.4200  | 0.4034 
7     | 2           | [99, 100]               | [0.2600, 0.7400]                         | 0.1924   | 0.4400  | 0.3887 
8     | 4           | [99, 100, 101, 102]     | [0.0500, 0.6400, 0.3000, 0.0100]         | 0.3171   | 0.5600  | 0.5028 
9     | 2           | [100, 101]              | [0.9600, 0.0400]                         | 0.0384   | 0.0800  | 0.0776 
10    | 2           | [99, 100]               | [0.2000, 0.8000]                         | 0.1600   | 0.3200  | 0.3232 
11    | 3           | [99, 100, 101]          | [0.0800, 0.8700, 0.0500]                 | 0.1291   | 0.2200  | 0.2366 
12    | 3           | [99, 100, 101]          | [0.0100, 0.6500, 0.3400]                 | 0.2411   | 0.6200  | 0.4665 
13    | 3           | [98, 99, 100]           | [0.0200, 0.6200, 0.3600]                 | 0.2644   | 0.5400  | 0.4905 
14    | 3           | [99, 100, 101]          | [0.1900, 0.7800, 0.0300]                 | 0.1944   | 0.3600  | 0.3582 
15    | 2           | [99, 100]               | [0.5700, 0.4300]                         | 0.2451   | 0.4600  | 0.4951 
16    | 2           | [99, 100]               | [0.4200, 0.5800]                         | 0.2436   | 0.6000  | 0.4921 
17    | 3           | [99, 100, 101]          | [0.0100, 0.9000, 0.0900]                 | 0.0936   | 0.2000  | 0.1836 
18    | 2           | [99, 100]               | [0.0100, 0.9900]                         | 0.0099   | 0.0200  | 0.0200 
19    | 3           | [99, 100, 101]          | [0.1100, 0.8100, 0.0800]                 | 0.1891   | 0.3200  | 0.3287 
20    | 3           | [99, 100, 101]          | [0.0100, 0.3000, 0.6900]                 | 0.2376   | 0.4200  | 0.4382 
21    | 1           | [100]                   | [1.0000]                                 | 0.0000   | NA      | NA     
