
[Simulation Info]
simulation_id = sim_0006219
timestamp     = 20250428_095048
seed          = 65361
output_folder = /home/lejeunet/Bureau/simulations/Ref_table/sim_0006219

[Model Parameters]
pop_size           = 3142
num_loci           = 20
sample1_generation = 30
sample2_generation = 10
low_repeats        = 1
high_repeats       = 200
mutation_rate      = 0.001
recap_Ne           = 3142

[Sampling Design]
sample1_size_Ne  = 50
sample2_size_Ne  = 50
sample1_size_CMR = 50
sample2_size_CMR = 50

[Capture-Marquage-Recapture]
census_N   =  2601
MatchCount =  1

[Ne Estimates - One Sample - Decreasing critical values [0.050, 0.020, 0.010, 0+]]

[Linkage Desequilibrium]
LD_Ne_Pop1 = [5672.5, 1478.4, 997.8, 997.8]
LD_r2_Pop1 = [0.021335, 0.021501, 0.021609, 0.021609]
LD_Ne_Pop2 = [594.9, 1237.7, 70194.5, 70194.5]
LD_r2_Pop2 = [0.021834, 0.021545, 0.021281, 0.021281]

[Heterozygote excess]
HE_Neb_mean_Pop1        = [None, None, None, None]
HE_weighted_D_mean_Pop1 = [-0.01352, -0.01327, -0.013, -0.013]
HE_Neb_mean_Pop2        = [None, None, None, None]
HE_weighted_D_mean_Pop2 = [-0.02601, -0.02299, -0.02278, -0.02278]

[Molecular Coancestry]
Coan_Neb_n_Pop1 = 23.4
Coan_f1_Pop1    = 0.0214
Coan_Neb_n_Pop2 = 291.5
Coan_f1_Pop2    = 0.00172

[Ne Estimates - Temporal - Decreasing critical values (0.050, 0.020, 0.010, 0+)]

[Pollak]
P_Ne     = [2689.5, 2160.1, 2469.4, 2494.5]
P_Fk     = [0.02186, 0.02231, 0.02202, 0.022]
P_Fprime = [0.00186, 0.00231, 0.00202, 0.002]

[Nei/Tajima]
N_Ne     = [2433.1, 2094.9, 2370.3, 2394.5]
N_Fc     = [0.02205, 0.02239, 0.02211, 0.02209]
N_Fprime = [0.00206, 0.00239, 0.00211, 0.00209]

[Jorde/Ryman]
J_Ne     = [1195.1, 1186.5, 1223.5, 1220.0]
J_Fs     = [0.02429, 0.02432, 0.02419, 0.0242]
J_Fprime = [0.00418, 0.00421, 0.00409, 0.0041]

[Genetic Diversity - Heterozygosity]
mean_exp_het_pop1 = 0.7912
mean_obs_het_pop1 = 0.7905
mean_exp_het_pop2 = 0.7914
mean_obs_het_pop2 = 0.7629

[Genetic Diversity - Allele Counts]
mean_alleles_pop1 = 8.48
var_alleles_pop1  = 6.36
sum_alleles_pop1  = 178
mean_alleles_pop2 = 8.69
var_alleles_pop2  = 5.15
sum_alleles_pop2  = 365

[Genetic Diversity - Allelic Size Variance]
var_allele_size_pop1 = 7.1104
var_allele_size_pop2 = 7.1337

[Per-locus summary - Population 1]
Locus | Num_Alleles | Alleles                                                       | Frequencies                                                                                                      | Variance | Obs_Het | Exp_Het
------+-------------+---------------------------------------------------------------+------------------------------------------------------------------------------------------------------------------+----------+---------+--------
1     | 6           | [99, 100, 101, 102, 103, 104]                                 | [0.0800, 0.2000, 0.2600, 0.3200, 0.1300, 0.0100]                                                                 | 1.3875   | 0.7800  | 0.7743 
2     | 7           | [97, 98, 99, 100, 101, 102, 103]                              | [0.1100, 0.0500, 0.2100, 0.0800, 0.3800, 0.1300, 0.0400]                                                         | 2.6456   | 0.7000  | 0.7798 
3     | 10          | [97, 99, 100, 102, 103, 104, 105, 106, 107, 108]              | [0.0200, 0.1000, 0.0800, 0.1400, 0.2000, 0.0600, 0.0400, 0.0600, 0.2100, 0.0900]                                 | 9.0459   | 0.8200  | 0.8713 
4     | 8           | [92, 93, 94, 95, 98, 99, 100, 101]                            | [0.0300, 0.1400, 0.4300, 0.1100, 0.0300, 0.0900, 0.0200, 0.1500]                                                 | 8.4475   | 0.7600  | 0.7582 
5     | 11          | [93, 95, 96, 97, 98, 99, 100, 101, 102, 103, 104]             | [0.0100, 0.0900, 0.1700, 0.0100, 0.0300, 0.0300, 0.0700, 0.1000, 0.3700, 0.0800, 0.0400]                         | 8.6336   | 0.9000  | 0.8093 
6     | 9           | [97, 98, 99, 100, 101, 102, 103, 104, 107]                    | [0.1700, 0.0600, 0.0400, 0.2400, 0.0700, 0.0300, 0.1700, 0.1100, 0.1100]                                         | 9.2876   | 0.8600  | 0.8580 
7     | 10          | [99, 100, 101, 102, 103, 104, 105, 107, 108, 109]             | [0.1100, 0.1500, 0.2200, 0.1300, 0.0100, 0.0300, 0.0800, 0.0900, 0.1700, 0.0100]                                 | 10.5200  | 0.9200  | 0.8642 
8     | 11          | [99, 100, 101, 102, 103, 104, 105, 106, 109, 110, 111]        | [0.0500, 0.0500, 0.0700, 0.0800, 0.2300, 0.0600, 0.0900, 0.0700, 0.0200, 0.2700, 0.0100]                         | 13.3691  | 0.8400  | 0.8493 
9     | 14          | [91, 92, 93, 94, 95, 96, 97, 98, 99, 106, 107, 108, 109, 110] | [0.0400, 0.0600, 0.1200, 0.1500, 0.0200, 0.0200, 0.0900, 0.1100, 0.0300, 0.0100, 0.0600, 0.1900, 0.0800, 0.0200] | 44.2704  | 0.9600  | 0.8984 
10    | 11          | [96, 97, 98, 99, 100, 101, 102, 103, 104, 106, 107]           | [0.0100, 0.0200, 0.0900, 0.1500, 0.1000, 0.1600, 0.1200, 0.1500, 0.1200, 0.0100, 0.0700]                         | 6.4475   | 0.9000  | 0.8859 
11    | 6           | [97, 98, 99, 100, 101, 102]                                   | [0.0500, 0.1400, 0.1200, 0.4500, 0.1800, 0.0600]                                                                 | 1.4875   | 0.6600  | 0.7323 
12    | 4           | [98, 99, 100, 101]                                            | [0.2900, 0.2900, 0.2700, 0.1500]                                                                                 | 1.0816   | 0.7800  | 0.7438 
13    | 7           | [95, 96, 97, 98, 99, 100, 101]                                | [0.0100, 0.2100, 0.1900, 0.0300, 0.0500, 0.3900, 0.1200]                                                         | 3.5075   | 0.7000  | 0.7574 
14    | 7           | [95, 96, 97, 98, 99, 100, 101]                                | [0.0400, 0.0600, 0.2900, 0.4600, 0.1000, 0.0300, 0.0200]                                                         | 1.1939   | 0.6800  | 0.6947 
15    | 5           | [95, 96, 97, 98, 99]                                          | [0.0300, 0.2100, 0.4500, 0.1300, 0.1800]                                                                         | 1.1316   | 0.7400  | 0.7103 
16    | 10          | [97, 98, 99, 100, 101, 102, 103, 104, 105, 107]               | [0.0400, 0.2600, 0.1900, 0.1100, 0.1400, 0.0400, 0.0200, 0.0900, 0.1000, 0.0100]                                 | 6.3556   | 0.8600  | 0.8513 
17    | 6           | [98, 99, 100, 101, 102, 103]                                  | [0.0100, 0.0200, 0.0500, 0.2600, 0.5500, 0.1100]                                                                 | 0.7875   | 0.5600  | 0.6210 
18    | 10          | [91, 92, 93, 94, 95, 96, 97, 98, 99, 100]                     | [0.0500, 0.1900, 0.0600, 0.0300, 0.0300, 0.1500, 0.1300, 0.3100, 0.0300, 0.0200]                                 | 6.8104   | 0.8000  | 0.8275 
19    | 10          | [100, 101, 102, 103, 104, 105, 106, 107, 108, 109]            | [0.0600, 0.1200, 0.2700, 0.1300, 0.1100, 0.0300, 0.0300, 0.0500, 0.1900, 0.0100]                                 | 7.0916   | 0.7800  | 0.8481 
20    | 10          | [96, 97, 98, 99, 100, 101, 102, 103, 106, 107]                | [0.0100, 0.0200, 0.2100, 0.0700, 0.1200, 0.3700, 0.1000, 0.0200, 0.0700, 0.0100]                                 | 4.9291   | 0.8600  | 0.7917 
21    | 6           | [100, 101, 102, 103, 104, 105]                                | [0.0100, 0.0100, 0.0600, 0.4200, 0.3300, 0.1700]                                                                 | 0.8864   | 0.7400  | 0.6889 

[Per-locus summary - Population 2]
Locus | Num_Alleles | Alleles                                                | Frequencies                                                                                      | Variance | Obs_Het | Exp_Het
------+-------------+--------------------------------------------------------+--------------------------------------------------------------------------------------------------+----------+---------+--------
1     | 5           | [99, 100, 101, 102, 103]                               | [0.0600, 0.2700, 0.3900, 0.1700, 0.1100]                                                         | 1.1200   | 0.8000  | 0.7378 
2     | 7           | [97, 98, 99, 100, 101, 102, 103]                       | [0.0300, 0.0800, 0.1500, 0.0600, 0.6000, 0.0700, 0.0100]                                         | 1.5731   | 0.6600  | 0.6077 
3     | 9           | [99, 100, 102, 103, 104, 105, 106, 107, 108]           | [0.1900, 0.0500, 0.1600, 0.1400, 0.0500, 0.0300, 0.0600, 0.2400, 0.0800]                         | 9.8636   | 0.9000  | 0.8537 
4     | 9           | [92, 93, 94, 95, 98, 99, 100, 101, 102]                | [0.0800, 0.1200, 0.3000, 0.1200, 0.0300, 0.1300, 0.0100, 0.1800, 0.0300]                         | 10.6811  | 0.7400  | 0.8319 
5     | 9           | [93, 95, 96, 98, 100, 101, 102, 103, 104]              | [0.0200, 0.1900, 0.1700, 0.0400, 0.0900, 0.0800, 0.3400, 0.0200, 0.0500]                         | 10.3411  | 0.8000  | 0.8081 
6     | 11          | [96, 97, 98, 99, 100, 101, 102, 103, 104, 105, 107]    | [0.0100, 0.1700, 0.0200, 0.0700, 0.2500, 0.0700, 0.0200, 0.1800, 0.1200, 0.0100, 0.0800]         | 8.5336   | 0.7600  | 0.8531 
7     | 11          | [99, 100, 101, 102, 103, 104, 105, 106, 107, 108, 109] | [0.0900, 0.1600, 0.2000, 0.1000, 0.0200, 0.0300, 0.0500, 0.0100, 0.1400, 0.1800, 0.0200]         | 11.4000  | 0.8000  | 0.8687 
8     | 10          | [98, 100, 101, 102, 103, 104, 105, 106, 109, 110]      | [0.0200, 0.0300, 0.0800, 0.1000, 0.2700, 0.0500, 0.1000, 0.0600, 0.0100, 0.2800]                 | 12.2600  | 0.7200  | 0.8230 
9     | 12          | [91, 92, 93, 94, 95, 96, 97, 98, 99, 107, 108, 109]    | [0.0600, 0.0500, 0.1200, 0.1400, 0.0100, 0.1000, 0.1200, 0.0900, 0.0100, 0.0400, 0.1800, 0.0800] | 40.8476  | 0.8600  | 0.8958 
10    | 10          | [97, 98, 99, 100, 101, 102, 103, 104, 105, 107]        | [0.0300, 0.1100, 0.1700, 0.0800, 0.1100, 0.1900, 0.1200, 0.1300, 0.0100, 0.0500]                 | 5.9459   | 0.8800  | 0.8784 
11    | 6           | [97, 98, 99, 100, 101, 102]                            | [0.0100, 0.1400, 0.1500, 0.5100, 0.1400, 0.0500]                                                 | 1.0916   | 0.7200  | 0.6824 
12    | 7           | [96, 97, 98, 99, 100, 101, 102]                        | [0.0100, 0.0200, 0.2400, 0.2800, 0.2800, 0.1400, 0.0300]                                         | 1.4044   | 0.7600  | 0.7723 
13    | 7           | [95, 96, 97, 98, 99, 100, 101]                         | [0.0100, 0.0800, 0.1700, 0.0900, 0.0900, 0.4200, 0.1400]                                         | 2.6299   | 0.7800  | 0.7600 
14    | 6           | [95, 96, 97, 98, 99, 101]                              | [0.0600, 0.0100, 0.3900, 0.3400, 0.1500, 0.0500]                                                 | 1.4859   | 0.6800  | 0.7107 
15    | 6           | [95, 96, 97, 98, 99, 100]                              | [0.0400, 0.3600, 0.4000, 0.1100, 0.0800, 0.0100]                                                 | 1.0204   | 0.6400  | 0.6972 
16    | 10          | [97, 98, 99, 100, 101, 102, 103, 104, 105, 106]        | [0.0200, 0.2200, 0.1600, 0.1200, 0.1200, 0.0500, 0.0600, 0.1100, 0.1000, 0.0400]                 | 6.9336   | 0.8800  | 0.8758 
17    | 6           | [99, 100, 101, 102, 103, 104]                          | [0.0200, 0.0800, 0.2300, 0.4900, 0.1500, 0.0300]                                                 | 0.9424   | 0.5800  | 0.6836 
18    | 9           | [91, 92, 93, 94, 95, 96, 97, 98, 99]                   | [0.0600, 0.1900, 0.0400, 0.1000, 0.0400, 0.1600, 0.0600, 0.2900, 0.0600]                         | 6.7400   | 0.7600  | 0.8386 
19    | 9           | [100, 101, 102, 103, 104, 105, 106, 107, 108]          | [0.1200, 0.0300, 0.2400, 0.1200, 0.1300, 0.0400, 0.0200, 0.0900, 0.2100]                         | 7.5596   | 0.7400  | 0.8501 
20    | 9           | [97, 98, 99, 100, 101, 102, 103, 105, 106]             | [0.0300, 0.2300, 0.1100, 0.1900, 0.2100, 0.0900, 0.0100, 0.0100, 0.1200]                         | 6.2491   | 0.8600  | 0.8396 
21    | 6           | [100, 101, 102, 103, 104, 105]                         | [0.0100, 0.0200, 0.1600, 0.3400, 0.2800, 0.1900]                                                 | 1.1851   | 0.7000  | 0.7513 
