
[Simulation Info]
simulation_id = sim_0011000
timestamp     = 20250429_085819
seed          = 903112
output_folder = /home/lejeunet/Bureau/simulations/Ref_table/sim_0011000

[Model Parameters]
pop_size           = 273
num_loci           = 20
sample1_generation = 30
sample2_generation = 10
low_repeats        = 1
high_repeats       = 200
mutation_rate      = 0.001
recap_Ne           = 273

[Sampling Design]
sample1_size_Ne  = 50
sample2_size_Ne  = 50
sample1_size_CMR = 50
sample2_size_CMR = 50

[Capture-Marquage-Recapture]
census_N   =  371
MatchCount =  7

[Ne Estimates - One Sample - Decreasing critical values [0.050, 0.020, 0.010, 0+]]

[Linkage Desequilibrium]
LD_Ne_Pop1 = [None, 1050.6, None, None]
LD_r2_Pop1 = [0.021061, 0.021593, 0.019212, 0.019212]
LD_Ne_Pop2 = [626.6, 529.6, 347.3, 347.3]
LD_r2_Pop2 = [0.021806, 0.021903, 0.02223, 0.02223]

[Heterozygote excess]
HE_Neb_mean_Pop1        = [145.2, 138.0, 138.0, 138.0]
HE_weighted_D_mean_Pop1 = [0.00346, 0.00364, 0.00364, 0.00364]
HE_Neb_mean_Pop2        = [11.5, 13.5, 13.9, 13.9]
HE_weighted_D_mean_Pop2 = [0.0454, 0.03843, 0.0373, 0.0373]

[Molecular Coancestry]
Coan_Neb_n_Pop1 = 67.0
Coan_f1_Pop1    = 0.00746
Coan_Neb_n_Pop2 = 7.8
Coan_f1_Pop2    = 0.0638

[Ne Estimates - Temporal - Decreasing critical values (0.050, 0.020, 0.010, 0+)]

[Pollak]
P_Ne     = [873.7, 967.9, 1109.3, 1136.3]
P_Fk     = [0.02572, 0.02517, 0.02451, 0.0244]
P_Fprime = [0.00572, 0.00517, 0.00451, 0.0044]

[Nei/Tajima]
N_Ne     = [1047.2, 992.1, 1088.0, 1124.3]
N_Fc     = [0.02477, 0.02504, 0.0246, 0.02445]
N_Fprime = [0.00477, 0.00504, 0.0046, 0.00445]

[Jorde/Ryman]
J_Ne     = [967.9, 933.1, 944.1, 945.5]
J_Fs     = [0.02527, 0.02547, 0.0254, 0.0254]
J_Fprime = [0.00517, 0.00536, 0.0053, 0.00529]

[Genetic Diversity - Heterozygosity]
mean_exp_het_pop1 = 0.3229
mean_obs_het_pop1 = 0.32
mean_exp_het_pop2 = 0.3196
mean_obs_het_pop2 = 0.3362

[Genetic Diversity - Allele Counts]
mean_alleles_pop1 = 2.76
var_alleles_pop1  = 0.29
sum_alleles_pop1  = 58
mean_alleles_pop2 = 2.79
var_alleles_pop2  = 0.37
sum_alleles_pop2  = 117

[Genetic Diversity - Allelic Size Variance]
var_allele_size_pop1 = 0.2002
var_allele_size_pop2 = 0.2042

[Per-locus summary - Population 1]
Locus | Num_Alleles | Alleles         | Frequencies              | Variance | Obs_Het | Exp_Het
------+-------------+-----------------+--------------------------+----------+---------+--------
1     | 3           | [99, 100, 101]  | [0.0400, 0.9500, 0.0100] | 0.0491   | 0.1000  | 0.0968 
2     | 3           | [99, 100, 101]  | [0.3200, 0.6300, 0.0500] | 0.2971   | 0.4600  | 0.5032 
3     | 3           | [99, 100, 101]  | [0.0800, 0.8600, 0.0600] | 0.1396   | 0.2800  | 0.2529 
4     | 3           | [98, 99, 100]   | [0.2700, 0.3300, 0.4000] | 0.6531   | 0.7400  | 0.6649 
5     | 3           | [99, 100, 101]  | [0.0900, 0.9000, 0.0100] | 0.0936   | 0.1600  | 0.1836 
6     | 3           | [99, 100, 101]  | [0.0100, 0.6800, 0.3100] | 0.2300   | 0.4600  | 0.4459 
7     | 3           | [100, 101, 102] | [0.9100, 0.0700, 0.0200] | 0.1379   | 0.1800  | 0.1683 
8     | 3           | [98, 99, 100]   | [0.0100, 0.2200, 0.7700] | 0.2024   | 0.3800  | 0.3622 
9     | 3           | [99, 100, 101]  | [0.0500, 0.6800, 0.2700] | 0.2716   | 0.4600  | 0.4669 
10    | 3           | [98, 100, 101]  | [0.1000, 0.8900, 0.0100] | 0.3739   | 0.1600  | 0.1998 
11    | 2           | [99, 100]       | [0.2900, 0.7100]         | 0.2059   | 0.3800  | 0.4160 
12    | 3           | [99, 100, 101]  | [0.0700, 0.8200, 0.1100] | 0.1784   | 0.2800  | 0.3137 
13    | 3           | [99, 100, 101]  | [0.0200, 0.9300, 0.0500] | 0.0691   | 0.1400  | 0.1335 
14    | 2           | [100, 101]      | [0.8500, 0.1500]         | 0.1275   | 0.3000  | 0.2576 
15    | 3           | [99, 100, 101]  | [0.4100, 0.5800, 0.0100] | 0.2600   | 0.5600  | 0.5004 
16    | 1           | [100]           | [1.0000]                 | 0.0000   | NA      | NA     
17    | 3           | [100, 101, 102] | [0.5100, 0.4300, 0.0600] | 0.3675   | 0.4400  | 0.5570 
18    | 3           | [99, 100, 101]  | [0.0400, 0.8100, 0.1500] | 0.1779   | 0.3600  | 0.3230 
19    | 2           | [99, 100]       | [0.7800, 0.2200]         | 0.1716   | 0.2800  | 0.3467 
20    | 3           | [99, 100, 101]  | [0.0400, 0.9500, 0.0100] | 0.0491   | 0.1000  | 0.0968 
21    | 3           | [99, 100, 102]  | [0.0700, 0.9100, 0.0200] | 0.1491   | 0.1800  | 0.1683 

[Per-locus summary - Population 2]
Locus | Num_Alleles | Alleles             | Frequencies                      | Variance | Obs_Het | Exp_Het
------+-------------+---------------------+----------------------------------+----------+---------+--------
1     | 3           | [99, 100, 101]      | [0.0400, 0.9400, 0.0200]         | 0.0596   | 0.1200  | 0.1156 
2     | 3           | [99, 100, 101]      | [0.3300, 0.5800, 0.0900]         | 0.3624   | 0.6000  | 0.5521 
3     | 3           | [99, 100, 101]      | [0.0500, 0.8200, 0.1300]         | 0.1736   | 0.3400  | 0.3113 
4     | 3           | [98, 99, 100]       | [0.3400, 0.3400, 0.3200]         | 0.6596   | 0.7600  | 0.6731 
5     | 3           | [99, 100, 101]      | [0.1300, 0.8600, 0.0100]         | 0.1256   | 0.2800  | 0.2459 
6     | 2           | [100, 101]          | [0.5300, 0.4700]                 | 0.2491   | 0.5400  | 0.5032 
7     | 2           | [100, 101]          | [0.9000, 0.1000]                 | 0.0900   | 0.1600  | 0.1818 
8     | 2           | [99, 100]           | [0.2700, 0.7300]                 | 0.1971   | 0.4200  | 0.3982 
9     | 3           | [99, 100, 101]      | [0.0400, 0.6300, 0.3300]         | 0.2859   | 0.5600  | 0.4976 
10    | 4           | [98, 99, 100, 101]  | [0.1300, 0.0300, 0.8300, 0.0100] | 0.4816   | 0.3200  | 0.2962 
11    | 2           | [99, 100]           | [0.3100, 0.6900]                 | 0.2139   | 0.5000  | 0.4321 
12    | 3           | [99, 100, 101]      | [0.1600, 0.6800, 0.1600]         | 0.3200   | 0.6000  | 0.4913 
13    | 2           | [100, 101]          | [0.9800, 0.0200]                 | 0.0196   | 0.0400  | 0.0396 
14    | 4           | [99, 100, 101, 102] | [0.0200, 0.8700, 0.1000, 0.0100] | 0.1500   | 0.2200  | 0.2349 
15    | 2           | [99, 100]           | [0.3100, 0.6900]                 | 0.2139   | 0.4200  | 0.4321 
16    | 2           | [100, 101]          | [0.9900, 0.0100]                 | 0.0099   | 0.0200  | 0.0200 
17    | 3           | [100, 101, 102]     | [0.5700, 0.4200, 0.0100]         | 0.2664   | 0.4000  | 0.5036 
18    | 3           | [99, 100, 101]      | [0.0600, 0.8100, 0.1300]         | 0.1851   | 0.2800  | 0.3267 
19    | 2           | [99, 100]           | [0.7700, 0.2300]                 | 0.1771   | 0.3800  | 0.3578 
20    | 2           | [99, 100]           | [0.0200, 0.9800]                 | 0.0196   | 0.0400  | 0.0396 
21    | 2           | [99, 100]           | [0.0300, 0.9700]                 | 0.0291   | 0.0600  | 0.0588 
