
[Simulation Info]
simulation_id = sim_0012245
timestamp     = 20250429_094644
seed          = 341665
output_folder = /home/lejeunet/Bureau/simulations/Ref_table/sim_0012245

[Model Parameters]
pop_size           = 75
num_loci           = 20
sample1_generation = 30
sample2_generation = 10
low_repeats        = 1
high_repeats       = 200
mutation_rate      = 0.001
recap_Ne           = 75

[Sampling Design]
sample1_size_Ne  = 50
sample2_size_Ne  = 50
sample1_size_CMR = 50
sample2_size_CMR = 50

[Capture-Marquage-Recapture]
census_N   =  81
MatchCount =  32

[Ne Estimates - One Sample - Decreasing critical values [0.050, 0.020, 0.010, 0+]]

[Linkage Desequilibrium]
LD_Ne_Pop1 = [99.7, 122.7, 177.4, 177.4]
LD_r2_Pop1 = [0.02455, 0.023947, 0.023133, 0.023133]
LD_Ne_Pop2 = [42.5, 67.8, 67.8, 67.8]
LD_r2_Pop2 = [0.028735, 0.026044, 0.026044, 0.026044]

[Heterozygote excess]
HE_Neb_mean_Pop1        = [398.7, 159.0, 159.0, 159.0]
HE_weighted_D_mean_Pop1 = [0.00126, 0.00315, 0.00315, 0.00315]
HE_Neb_mean_Pop2        = [None, None, None, None]
HE_weighted_D_mean_Pop2 = [-0.02517, -0.01543, -0.01543, -0.01543]

[Molecular Coancestry]
Coan_Neb_n_Pop1 = 6.6
Coan_f1_Pop1    = 0.07587
Coan_Neb_n_Pop2 = 2.5
Coan_f1_Pop2    = 0.20193

[Ne Estimates - Temporal - Decreasing critical values (0.050, 0.020, 0.010, 0+)]

[Pollak]
P_Ne     = [102.1, 111.1, 106.9, 106.9]
P_Fk     = [0.06895, 0.06501, 0.06678, 0.06678]
P_Fprime = [0.04895, 0.04501, 0.04678, 0.04678]

[Nei/Tajima]
N_Ne     = [98.9, 115.0, 112.0, 112.0]
N_Fc     = [0.07057, 0.06349, 0.06464, 0.06464]
N_Fprime = [0.05057, 0.04349, 0.04464, 0.04464]

[Jorde/Ryman]
J_Ne     = [111.3, 116.6, 115.6, 115.6]
J_Fs     = [0.06551, 0.06345, 0.06383, 0.06383]
J_Fprime = [0.04491, 0.04289, 0.04326, 0.04326]

[Genetic Diversity - Heterozygosity]
mean_exp_het_pop1 = 0.2782
mean_obs_het_pop1 = 0.2756
mean_exp_het_pop2 = 0.2565
mean_obs_het_pop2 = 0.2482

[Genetic Diversity - Allele Counts]
mean_alleles_pop1 = 2.44
var_alleles_pop1  = 0.26
sum_alleles_pop1  = 44
mean_alleles_pop2 = 2.56
var_alleles_pop2  = 0.43
sum_alleles_pop2  = 92

[Genetic Diversity - Allelic Size Variance]
var_allele_size_pop1 = 0.206
var_allele_size_pop2 = 0.1847

[Per-locus summary - Population 1]
Locus | Num_Alleles | Alleles        | Frequencies              | Variance | Obs_Het | Exp_Het
------+-------------+----------------+--------------------------+----------+---------+--------
1     | 2           | [99, 100]      | [0.0400, 0.9600]         | 0.0384   | 0.0800  | 0.0776 
2     | 2           | [99, 100]      | [0.3100, 0.6900]         | 0.2139   | 0.4200  | 0.4321 
3     | 2           | [100, 101]     | [0.9500, 0.0500]         | 0.0475   | 0.1000  | 0.0960 
4     | 3           | [99, 100, 101] | [0.3800, 0.4100, 0.2100] | 0.5611   | 0.6400  | 0.6499 
5     | 2           | [100, 101]     | [0.1900, 0.8100]         | 0.1539   | 0.2200  | 0.3109 
6     | 3           | [99, 100, 101] | [0.2100, 0.6100, 0.1800] | 0.3891   | 0.5800  | 0.5570 
7     | 3           | [99, 100, 101] | [0.1200, 0.8500, 0.0300] | 0.1419   | 0.2600  | 0.2648 
8     | 2           | [99, 101]      | [0.8200, 0.1800]         | 0.5904   | 0.2800  | 0.2982 
9     | 3           | [99, 100, 101] | [0.0100, 0.8000, 0.1900] | 0.1676   | 0.3200  | 0.3271 
10    | 3           | [99, 100, 101] | [0.1200, 0.8600, 0.0200] | 0.1300   | 0.2200  | 0.2481 
11    | 3           | [99, 100, 101] | [0.0100, 0.9400, 0.0500] | 0.0584   | 0.1200  | 0.1149 
12    | 2           | [99, 100]      | [0.0300, 0.9700]         | 0.0291   | 0.0600  | 0.0588 
13    | 2           | [99, 100]      | [0.1200, 0.8800]         | 0.1056   | 0.2000  | 0.2133 
14    | 2           | [99, 100]      | [0.0500, 0.9500]         | 0.0475   | 0.1000  | 0.0960 
15    | 2           | [98, 99]       | [0.0500, 0.9500]         | 0.0475   | 0.1000  | 0.0960 
16    | 3           | [99, 100, 101] | [0.1900, 0.2200, 0.5900] | 0.6200   | 0.6400  | 0.5731 
17    | 3           | [99, 100, 101] | [0.1700, 0.6900, 0.1400] | 0.3091   | 0.5000  | 0.4802 
18    | 2           | [99, 100]      | [0.0600, 0.9400]         | 0.0564   | 0.1200  | 0.1139 

[Per-locus summary - Population 2]
Locus | Num_Alleles | Alleles            | Frequencies                      | Variance | Obs_Het | Exp_Het
------+-------------+--------------------+----------------------------------+----------+---------+--------
1     | 1           | [100]              | [1.0000]                         | 0.0000   | NA      | NA     
2     | 3           | [99, 100, 101]     | [0.2100, 0.7700, 0.0200]         | 0.1939   | 0.3200  | 0.3663 
3     | 2           | [100, 101]         | [0.9800, 0.0200]                 | 0.0196   | 0.0400  | 0.0396 
4     | 4           | [98, 99, 100, 101] | [0.0200, 0.3600, 0.5400, 0.0800] | 0.4176   | 0.6400  | 0.5778 
5     | 2           | [100, 101]         | [0.2700, 0.7300]                 | 0.1971   | 0.4200  | 0.3982 
6     | 3           | [99, 100, 101]     | [0.0900, 0.7200, 0.1900]         | 0.2700   | 0.4000  | 0.4418 
7     | 2           | [99, 100]          | [0.0700, 0.9300]                 | 0.0651   | 0.1400  | 0.1315 
8     | 3           | [99, 100, 101]     | [0.7700, 0.0900, 0.1400]         | 0.5131   | 0.3000  | 0.3832 
9     | 2           | [100, 101]         | [0.7300, 0.2700]                 | 0.1971   | 0.3800  | 0.3982 
10    | 2           | [99, 100]          | [0.0300, 0.9700]                 | 0.0291   | 0.0600  | 0.0588 
11    | 3           | [99, 100, 101]     | [0.0800, 0.8000, 0.1200]         | 0.1984   | 0.3400  | 0.3426 
12    | 2           | [100, 101]         | [0.9700, 0.0300]                 | 0.0291   | 0.0600  | 0.0588 
13    | 2           | [99, 100]          | [0.0200, 0.9800]                 | 0.0196   | 0.0400  | 0.0396 
14    | 2           | [99, 100]          | [0.0200, 0.9800]                 | 0.0196   | 0.0400  | 0.0396 
15    | 2           | [99, 101]          | [0.9700, 0.0300]                 | 0.1164   | 0.0600  | 0.0588 
16    | 3           | [99, 100, 101]     | [0.3400, 0.1500, 0.5100]         | 0.8211   | 0.5400  | 0.6079 
17    | 3           | [99, 100, 101]     | [0.0500, 0.8800, 0.0700]         | 0.1196   | 0.2200  | 0.2204 
18    | 2           | [99, 100]          | [0.1100, 0.8900]                 | 0.0979   | 0.2200  | 0.1978 
