
[Simulation Info]
simulation_id = sim_0004379
timestamp     = 20250428_090711
seed          = 821039
output_folder = /home/lejeunet/Bureau/simulations/Ref_table/sim_0004379

[Model Parameters]
pop_size           = 1393
num_loci           = 20
sample1_generation = 30
sample2_generation = 10
low_repeats        = 1
high_repeats       = 200
mutation_rate      = 0.001
recap_Ne           = 1393

[Sampling Design]
sample1_size_Ne  = 50
sample2_size_Ne  = 50
sample1_size_CMR = 50
sample2_size_CMR = 50

[Capture-Marquage-Recapture]
census_N   =  867
MatchCount =  3

[Ne Estimates - One Sample - Decreasing critical values [0.050, 0.020, 0.010, 0+]]

[Linkage Desequilibrium]
LD_Ne_Pop1 = [None, None, None, None]
LD_r2_Pop1 = [0.020942, 0.020784, 0.020779, 0.020779]
LD_Ne_Pop2 = [None, None, None, None]
LD_r2_Pop2 = [0.021182, 0.021144, 0.021087, 0.021087]

[Heterozygote excess]
HE_Neb_mean_Pop1        = [None, None, None, None]
HE_weighted_D_mean_Pop1 = [-0.02379, -0.01955, -0.01955, -0.01955]
HE_Neb_mean_Pop2        = [47.3, 115.3, 125.5, 125.5]
HE_weighted_D_mean_Pop2 = [0.01067, 0.00435, 0.004, 0.004]

[Molecular Coancestry]
Coan_Neb_n_Pop1 = None
Coan_f1_Pop1    = -0.00402
Coan_Neb_n_Pop2 = 35.6
Coan_f1_Pop2    = 0.01404

[Ne Estimates - Temporal - Decreasing critical values (0.050, 0.020, 0.010, 0+)]

[Pollak]
P_Ne     = [-1839.4, -1871.4, -2547.1, -2190.8]
P_Fk     = [0.01728, 0.01733, 0.01804, 0.01772]
P_Fprime = [-0.00272, -0.00267, -0.00196, -0.00228]

[Nei/Tajima]
N_Ne     = [-1544.4, -1578.1, -1946.1, -1767.1]
N_Fc     = [0.01676, 0.01683, 0.01743, 0.01717]
N_Fprime = [-0.00324, -0.00317, -0.00257, -0.00283]

[Jorde/Ryman]
J_Ne     = [-1125.0, -1067.8, -1086.4, -1080.1]
J_Fs     = [0.01566, 0.01542, 0.0155, 0.01548]
J_Fprime = [-0.00444, -0.00468, -0.0046, -0.00463]

[Genetic Diversity - Heterozygosity]
mean_exp_het_pop1 = 0.7115
mean_obs_het_pop1 = 0.7048
mean_exp_het_pop2 = 0.7213
mean_obs_het_pop2 = 0.7295

[Genetic Diversity - Allele Counts]
mean_alleles_pop1 = 5.81
var_alleles_pop1  = 1.46
sum_alleles_pop1  = 122
mean_alleles_pop2 = 6.33
var_alleles_pop2  = 1.98
sum_alleles_pop2  = 266

[Genetic Diversity - Allelic Size Variance]
var_allele_size_pop1 = 3.6977
var_allele_size_pop2 = 3.6815

[Per-locus summary - Population 1]
Locus | Num_Alleles | Alleles                               | Frequencies                                                      | Variance | Obs_Het | Exp_Het
------+-------------+---------------------------------------+------------------------------------------------------------------+----------+---------+--------
1     | 4           | [101, 102, 103, 104]                  | [0.1000, 0.4700, 0.4000, 0.0300]                                 | 0.4904   | 0.6200  | 0.6143 
2     | 5           | [97, 98, 99, 100, 101]                | [0.0800, 0.5300, 0.3500, 0.0200, 0.0200]                         | 0.5531   | 0.6200  | 0.5954 
3     | 7           | [97, 98, 99, 100, 101, 102, 103]      | [0.0200, 0.1200, 0.4300, 0.1300, 0.0400, 0.2200, 0.0400]         | 2.3531   | 0.7600  | 0.7392 
4     | 6           | [99, 100, 101, 102, 103, 104]         | [0.1000, 0.1600, 0.2300, 0.3500, 0.1100, 0.0500]                 | 1.6704   | 0.7400  | 0.7822 
5     | 5           | [99, 100, 101, 102, 103]              | [0.0600, 0.0600, 0.2700, 0.3500, 0.2600]                         | 1.2139   | 0.7200  | 0.7372 
6     | 6           | [98, 99, 100, 102, 103, 104]          | [0.0600, 0.2100, 0.0400, 0.1700, 0.4500, 0.0700]                 | 3.6104   | 0.7200  | 0.7216 
7     | 4           | [100, 101, 102, 103]                  | [0.1900, 0.6300, 0.1600, 0.0200]                                 | 0.4299   | 0.5000  | 0.5465 
8     | 5           | [101, 102, 103, 104, 105]             | [0.0600, 0.4300, 0.2000, 0.2100, 0.1000]                         | 1.2604   | 0.7200  | 0.7247 
9     | 6           | [96, 97, 98, 99, 100, 101]            | [0.0200, 0.2200, 0.3500, 0.1500, 0.0400, 0.2200]                 | 2.1931   | 0.7400  | 0.7638 
10    | 4           | [100, 101, 102, 103]                  | [0.4300, 0.3100, 0.2300, 0.0300]                                 | 0.7604   | 0.6600  | 0.6719 
11    | 7           | [95, 96, 97, 98, 99, 100, 101]        | [0.0600, 0.1000, 0.5100, 0.0800, 0.2000, 0.0100, 0.0400]         | 1.7475   | 0.7200  | 0.6851 
12    | 7           | [95, 96, 97, 98, 99, 100, 102]        | [0.0100, 0.0300, 0.1900, 0.4300, 0.1500, 0.1700, 0.0200]         | 1.4659   | 0.6400  | 0.7335 
13    | 6           | [95, 96, 99, 100, 101, 102]           | [0.0300, 0.3200, 0.0500, 0.1000, 0.3100, 0.1900]                 | 6.3659   | 0.8000  | 0.7596 
14    | 6           | [100, 101, 103, 104, 105, 106]        | [0.2000, 0.0200, 0.2700, 0.3600, 0.0900, 0.0600]                 | 3.1336   | 0.8000  | 0.7529 
15    | 7           | [95, 96, 97, 98, 107, 108, 109]       | [0.0600, 0.4900, 0.0500, 0.0700, 0.0300, 0.1900, 0.1100]         | 32.5811  | 0.5000  | 0.7069 
16    | 7           | [94, 95, 96, 97, 98, 99, 100]         | [0.0300, 0.1200, 0.1600, 0.1200, 0.3200, 0.2100, 0.0400]         | 2.2931   | 0.8800  | 0.8046 
17    | 7           | [97, 98, 99, 100, 101, 102, 103]      | [0.0200, 0.0700, 0.4900, 0.1300, 0.0500, 0.2200, 0.0200]         | 2.0404   | 0.6800  | 0.6933 
18    | 4           | [100, 101, 102, 103]                  | [0.1600, 0.4400, 0.3200, 0.0800]                                 | 0.6976   | 0.7200  | 0.6788 
19    | 6           | [102, 103, 104, 105, 106, 107]        | [0.1100, 0.4600, 0.0200, 0.1100, 0.2500, 0.0500]                 | 2.4536   | 0.7000  | 0.7059 
20    | 8           | [97, 98, 99, 100, 101, 102, 104, 105] | [0.2100, 0.2200, 0.1000, 0.0800, 0.0900, 0.0300, 0.0700, 0.2000] | 9.1324   | 0.8200  | 0.8457 
21    | 5           | [98, 99, 100, 101, 102]               | [0.0200, 0.4100, 0.3600, 0.0400, 0.1700]                         | 1.2051   | 0.7400  | 0.6782 

[Per-locus summary - Population 2]
Locus | Num_Alleles | Alleles                                       | Frequencies                                                                      | Variance | Obs_Het | Exp_Het
------+-------------+-----------------------------------------------+----------------------------------------------------------------------------------+----------+---------+--------
1     | 4           | [101, 102, 103, 104]                          | [0.1200, 0.3700, 0.5000, 0.0100]                                                 | 0.5000   | 0.4800  | 0.6047 
2     | 5           | [97, 98, 99, 100, 101]                        | [0.1400, 0.4800, 0.3200, 0.0500, 0.0100]                                         | 0.6539   | 0.6200  | 0.6515 
3     | 7           | [97, 98, 99, 100, 101, 102, 103]              | [0.0200, 0.1100, 0.3400, 0.1600, 0.0400, 0.3000, 0.0300]                         | 2.4579   | 0.8000  | 0.7614 
4     | 7           | [98, 99, 100, 101, 102, 103, 104]             | [0.0100, 0.0300, 0.2400, 0.1800, 0.3700, 0.0900, 0.0800]                         | 1.6884   | 0.8000  | 0.7652 
5     | 6           | [99, 100, 101, 102, 103, 104]                 | [0.0500, 0.0900, 0.3600, 0.3300, 0.1500, 0.0200]                                 | 1.1500   | 0.8400  | 0.7353 
6     | 6           | [98, 99, 100, 102, 103, 104]                  | [0.0700, 0.1800, 0.0300, 0.2600, 0.3500, 0.1100]                                 | 3.5539   | 0.8000  | 0.7673 
7     | 5           | [100, 101, 102, 103, 104]                     | [0.1700, 0.5700, 0.2100, 0.0400, 0.0100]                                         | 0.6075   | 0.7000  | 0.6065 
8     | 5           | [101, 102, 103, 104, 105]                     | [0.0600, 0.4600, 0.1800, 0.1800, 0.1200]                                         | 1.3344   | 0.7200  | 0.7127 
9     | 7           | [96, 97, 98, 99, 100, 101, 103]               | [0.0500, 0.1400, 0.3800, 0.1400, 0.0200, 0.2500, 0.0200]                         | 2.6859   | 0.7200  | 0.7582 
10    | 6           | [99, 100, 101, 102, 103, 104]                 | [0.0400, 0.4300, 0.2900, 0.1900, 0.0300, 0.0200]                                 | 1.0400   | 0.6400  | 0.6990 
11    | 8           | [95, 96, 97, 98, 99, 100, 101, 102]           | [0.0500, 0.0800, 0.4900, 0.1400, 0.1600, 0.0300, 0.0300, 0.0200]                 | 1.9619   | 0.7400  | 0.7107 
12    | 7           | [95, 96, 97, 98, 99, 100, 102]                | [0.0100, 0.0100, 0.1800, 0.4600, 0.1700, 0.1500, 0.0200]                         | 1.2976   | 0.7400  | 0.7111 
13    | 8           | [95, 96, 97, 98, 99, 100, 101, 102]           | [0.0700, 0.2200, 0.0100, 0.0100, 0.0600, 0.0800, 0.3700, 0.1800]                 | 6.1779   | 0.7200  | 0.7750 
14    | 6           | [100, 102, 103, 104, 105, 106]                | [0.1900, 0.0300, 0.1600, 0.3900, 0.1100, 0.1200]                                 | 3.5131   | 0.7400  | 0.7665 
15    | 6           | [95, 96, 97, 98, 108, 109]                    | [0.0100, 0.4400, 0.1200, 0.1200, 0.2300, 0.0800]                                 | 30.0275  | 0.7400  | 0.7255 
16    | 7           | [94, 95, 96, 97, 98, 99, 100]                 | [0.0400, 0.1100, 0.1500, 0.0900, 0.3500, 0.2000, 0.0600]                         | 2.4464   | 0.8800  | 0.7976 
17    | 7           | [97, 98, 99, 100, 101, 102, 103]              | [0.0400, 0.1100, 0.5000, 0.1000, 0.0700, 0.1500, 0.0300]                         | 2.0956   | 0.7000  | 0.7050 
18    | 4           | [100, 101, 102, 103]                          | [0.1100, 0.5500, 0.2700, 0.0700]                                                 | 0.5700   | 0.6600  | 0.6137 
19    | 6           | [102, 103, 104, 105, 106, 107]                | [0.1200, 0.4800, 0.0400, 0.0900, 0.2300, 0.0400]                                 | 2.3275   | 0.6800  | 0.6980 
20    | 10          | [95, 96, 97, 98, 99, 100, 101, 102, 104, 105] | [0.0100, 0.0100, 0.2200, 0.2400, 0.0900, 0.0800, 0.0500, 0.0200, 0.0800, 0.2000] | 9.8419   | 0.8600  | 0.8384 
21    | 5           | [98, 99, 100, 101, 102]                       | [0.0900, 0.3500, 0.3200, 0.0900, 0.1500]                                         | 1.3804   | 0.7400  | 0.7438 
