                  model         RMSE  RMSE_rel          Bias      Bias_rel           R2
1       res_N_all_train 5.544463e+02 0.2550426  5.461310e-01  2.512176e-04 9.510279e-01
2         res_N_all_ref 5.667621e+02 0.2585065  2.287345e+00  1.043284e-03 9.493853e-01
3       res_N_CMR_train 6.026111e+02 0.2771982 -1.502873e+00 -6.913141e-04 9.421360e-01
4         res_N_CMR_ref 6.209641e+02 0.2832286  4.439127e+00  2.024735e-03 9.392699e-01
5       res_N_gen_train 5.568207e+02 0.2561348 -2.143832e-01 -9.861525e-05 9.506094e-01
6         res_N_gen_ref 1.665148e+03 0.7594925  3.956565e+00  1.804633e-03 5.636429e-01
7      res_Ne_all_train 2.213951e+02 1.7958310  2.879583e-01  2.335754e-03 7.278086e-01
8        res_Ne_all_ref 2.131416e+02 1.6665397  1.989138e+00  1.555294e-02 7.474437e-01
9      res_Ne_CMR_train 2.220096e+02 1.8008152 -3.843827e-01 -3.117893e-03 7.268535e-01
10       res_Ne_CMR_ref 4.138430e+02 3.2358105  1.112847e+01  8.701276e-02 7.664649e-02
11     res_Ne_gen_train 2.274504e+02 1.8449482 -1.900346e-01 -1.541453e-03 7.127015e-01
12       res_Ne_gen_ref 2.167072e+02 1.6944192  2.095427e+00  1.638400e-02 7.392648e-01
13  res_ratio_all_train 4.114140e-02 0.7142608  5.619164e-05  9.755500e-04 8.877221e-01
14    res_ratio_all_ref 4.044232e-02 0.6788374  8.333253e-05  1.398763e-03 8.918671e-01
15  res_ratio_CMR_train 4.111817e-02 0.7138576 -6.516211e-05 -1.131287e-03 8.880606e-01
16    res_ratio_CMR_ref 1.262616e-01 2.1193424  4.862612e-03  8.162051e-02 7.694749e-05
17  res_ratio_gen_train 4.108959e-02 0.7133614  5.672711e-05  9.848463e-04 8.880639e-01
18    res_ratio_gen_ref 9.992147e-02 1.6772140  4.703580e-03  7.895111e-02 3.450806e-01
19 ratio_post_all_train 5.054585e-02 0.8775327  1.270549e-03  2.205816e-02 8.539329e-01
20   ratio_post_all_ref 5.006903e-02 0.8404249  1.159223e-03  1.945793e-02 8.543472e-01
21 ratio_post_CMR_train 5.371005e-02 0.9324667  2.392637e-03  4.153886e-02 8.493055e-01
22   ratio_post_CMR_ref 1.273662e-01 2.1378822  5.419583e-03  9.096944e-02 1.045721e-04
23 ratio_post_gen_train 5.595430e-02 0.9714295  1.940330e-03  3.368631e-02 8.345546e-01
24   ratio_post_gen_ref 1.030299e-01 1.7293899 -2.325714e-02 -3.903785e-01 3.322020e-01
