
[Simulation Info]
simulation_id = sim_0006052
timestamp     = 20250428_094700
seed          = 489280
output_folder = /home/lejeunet/Bureau/simulations/Ref_table/sim_0006052

[Model Parameters]
pop_size           = 232
num_loci           = 20
sample1_generation = 30
sample2_generation = 10
low_repeats        = 1
high_repeats       = 200
mutation_rate      = 0.001
recap_Ne           = 232

[Sampling Design]
sample1_size_Ne  = 50
sample2_size_Ne  = 50
sample1_size_CMR = 50
sample2_size_CMR = 50

[Capture-Marquage-Recapture]
census_N   =  371
MatchCount =  7

[Ne Estimates - One Sample - Decreasing critical values [0.050, 0.020, 0.010, 0+]]

[Linkage Desequilibrium]
LD_Ne_Pop1 = [67.2, 69.1, 70.2, 70.2]
LD_r2_Pop1 = [0.026086, 0.025956, 0.025887, 0.025887]
LD_Ne_Pop2 = [155.7, 226.2, 239.0, 239.0]
LD_r2_Pop2 = [0.023389, 0.022736, 0.022659, 0.022659]

[Heterozygote excess]
HE_Neb_mean_Pop1        = [None, None, None, None]
HE_weighted_D_mean_Pop1 = [-0.01309, -0.00971, -0.00958, -0.00958]
HE_Neb_mean_Pop2        = [37.7, 38.1, 38.1, 38.1]
HE_weighted_D_mean_Pop2 = [0.01342, 0.01329, 0.01329, 0.01329]

[Molecular Coancestry]
Coan_Neb_n_Pop1 = 85.8
Coan_f1_Pop1    = 0.00583
Coan_Neb_n_Pop2 = 24.0
Coan_f1_Pop2    = 0.02087

[Ne Estimates - Temporal - Decreasing critical values (0.050, 0.020, 0.010, 0+)]

[Pollak]
P_Ne     = [546.0, 578.3, 615.2, 582.5]
P_Fk     = [0.02916, 0.02865, 0.02813, 0.02858]
P_Fprime = [0.00916, 0.00865, 0.00813, 0.00858]

[Nei/Tajima]
N_Ne     = [547.1, 593.6, 620.3, 596.2]
N_Fc     = [0.02914, 0.02842, 0.02806, 0.02839]
N_Fprime = [0.00914, 0.00842, 0.00806, 0.00839]

[Jorde/Ryman]
J_Ne     = [431.3, 436.4, 436.5, 434.9]
J_Fs     = [0.03173, 0.03159, 0.03159, 0.03163]
J_Fprime = [0.01159, 0.01146, 0.01146, 0.0115]

[Genetic Diversity - Heterozygosity]
mean_exp_het_pop1 = 0.4627
mean_obs_het_pop1 = 0.4552
mean_exp_het_pop2 = 0.4751
mean_obs_het_pop2 = 0.4829

[Genetic Diversity - Allele Counts]
mean_alleles_pop1 = 3.33
var_alleles_pop1  = 0.43
sum_alleles_pop1  = 70
mean_alleles_pop2 = 3.38
var_alleles_pop2  = 0.49
sum_alleles_pop2  = 142

[Genetic Diversity - Allelic Size Variance]
var_allele_size_pop1 = 0.5821
var_allele_size_pop2 = 0.5838

[Per-locus summary - Population 1]
Locus | Num_Alleles | Alleles                | Frequencies                              | Variance | Obs_Het | Exp_Het
------+-------------+------------------------+------------------------------------------+----------+---------+--------
1     | 3           | [99, 100, 101]         | [0.1300, 0.6900, 0.1800]                 | 0.3075   | 0.4000  | 0.4794 
2     | 4           | [98, 99, 100, 101]     | [0.0800, 0.6900, 0.0700, 0.1600]         | 0.6939   | 0.5600  | 0.4919 
3     | 3           | [99, 100, 101]         | [0.0700, 0.7000, 0.2300]                 | 0.2744   | 0.5000  | 0.4568 
4     | 5           | [96, 98, 99, 100, 102] | [0.2300, 0.2000, 0.4400, 0.1100, 0.0200] | 2.0416   | 0.6800  | 0.7081 
5     | 4           | [99, 100, 101, 102]    | [0.2300, 0.7300, 0.0300, 0.0100]         | 0.2676   | 0.2400  | 0.4174 
6     | 3           | [99, 100, 101]         | [0.7100, 0.2500, 0.0400]                 | 0.3011   | 0.4800  | 0.4362 
7     | 3           | [99, 100, 101]         | [0.2600, 0.6200, 0.1200]                 | 0.3604   | 0.5200  | 0.5390 
8     | 4           | [98, 99, 100, 101]     | [0.0300, 0.0400, 0.1700, 0.7600]         | 0.4844   | 0.4200  | 0.3950 
9     | 3           | [99, 100, 101]         | [0.3000, 0.6700, 0.0300]                 | 0.2571   | 0.4400  | 0.4648 
10    | 4           | [98, 99, 100, 101]     | [0.1200, 0.0100, 0.7700, 0.1000]         | 0.5675   | 0.4200  | 0.3865 
11    | 3           | [99, 100, 101]         | [0.0900, 0.5300, 0.3800]                 | 0.3859   | 0.4400  | 0.5723 
12    | 3           | [99, 100, 101]         | [0.0900, 0.6500, 0.2600]                 | 0.3211   | 0.4400  | 0.5069 
13    | 3           | [100, 101, 102]        | [0.5100, 0.4500, 0.0400]                 | 0.3291   | 0.5600  | 0.5412 
14    | 3           | [100, 101, 102]        | [0.8500, 0.1400, 0.0100]                 | 0.1544   | 0.3000  | 0.2604 
15    | 3           | [100, 101, 102]        | [0.9800, 0.0100, 0.0100]                 | 0.0491   | 0.0400  | 0.0398 
16    | 3           | [97, 100, 101]         | [0.3100, 0.2800, 0.4100]                 | 2.9296   | 0.5400  | 0.6640 
17    | 2           | [99, 100]              | [0.8200, 0.1800]                         | 0.1476   | 0.3600  | 0.2982 
18    | 3           | [99, 100, 101]         | [0.1500, 0.2700, 0.5800]                 | 0.5451   | 0.6200  | 0.5739 
19    | 4           | [99, 100, 101, 102]    | [0.0400, 0.3400, 0.1600, 0.4600]         | 0.9584   | 0.7000  | 0.6521 
20    | 4           | [99, 100, 101, 102]    | [0.2000, 0.6800, 0.0100, 0.1100]         | 0.6491   | 0.5000  | 0.4903 
21    | 3           | [99, 100, 101]         | [0.1200, 0.8000, 0.0800]                 | 0.1984   | 0.4000  | 0.3426 

[Per-locus summary - Population 2]
Locus | Num_Alleles | Alleles             | Frequencies                      | Variance | Obs_Het | Exp_Het
------+-------------+---------------------+----------------------------------+----------+---------+--------
1     | 3           | [99, 100, 101]      | [0.0800, 0.7100, 0.2100]         | 0.2731   | 0.4200  | 0.4499 
2     | 4           | [98, 99, 100, 101]  | [0.0800, 0.6600, 0.0900, 0.1700] | 0.7275   | 0.5200  | 0.5263 
3     | 3           | [99, 100, 101]      | [0.0700, 0.6400, 0.2900]         | 0.3116   | 0.5000  | 0.5065 
4     | 4           | [96, 98, 99, 100]   | [0.2200, 0.1300, 0.5200, 0.1300] | 1.8044   | 0.6200  | 0.6539 
5     | 4           | [99, 100, 101, 102] | [0.1900, 0.7000, 0.0900, 0.0200] | 0.3564   | 0.4800  | 0.4701 
6     | 3           | [99, 100, 101]      | [0.7000, 0.2700, 0.0300]         | 0.2811   | 0.4400  | 0.4406 
7     | 3           | [99, 100, 101]      | [0.1900, 0.6300, 0.1800]         | 0.3699   | 0.4400  | 0.5400 
8     | 4           | [98, 99, 100, 101]  | [0.0400, 0.1100, 0.1500, 0.7000] | 0.7099   | 0.5200  | 0.4786 
9     | 3           | [99, 100, 101]      | [0.3800, 0.5200, 0.1000]         | 0.4016   | 0.7600  | 0.5810 
10    | 4           | [98, 99, 100, 101]  | [0.1100, 0.0700, 0.5100, 0.3100] | 0.8196   | 0.6200  | 0.6331 
11    | 3           | [99, 100, 101]      | [0.0100, 0.6700, 0.3200]         | 0.2339   | 0.5000  | 0.4531 
12    | 3           | [99, 100, 101]      | [0.1300, 0.6200, 0.2500]         | 0.3656   | 0.6000  | 0.5416 
13    | 3           | [100, 101, 102]     | [0.6500, 0.3300, 0.0200]         | 0.2731   | 0.5200  | 0.4729 
14    | 2           | [100, 101]          | [0.8000, 0.2000]                 | 0.1600   | 0.2400  | 0.3232 
15    | 3           | [100, 102, 103]     | [0.9700, 0.0200, 0.0100]         | 0.1651   | 0.0600  | 0.0592 
16    | 3           | [97, 100, 101]      | [0.2500, 0.3600, 0.3900]         | 2.5104   | 0.6000  | 0.6624 
17    | 2           | [99, 100]           | [0.8600, 0.1400]                 | 0.1204   | 0.2800  | 0.2432 
18    | 4           | [99, 100, 101, 102] | [0.2400, 0.1900, 0.5600, 0.0100] | 0.7244   | 0.6800  | 0.5986 
19    | 4           | [99, 100, 101, 102] | [0.0200, 0.3400, 0.1400, 0.5000] | 0.9056   | 0.6200  | 0.6206 
20    | 4           | [98, 99, 100, 102]  | [0.0100, 0.2200, 0.6800, 0.0900] | 0.6164   | 0.4600  | 0.4859 
21    | 3           | [99, 100, 101]      | [0.0800, 0.8700, 0.0500]         | 0.1291   | 0.2600  | 0.2366 
