
[Simulation Info]
simulation_id = sim_0005449
timestamp     = 20250428_093245
seed          = 935460
output_folder = /home/lejeunet/Bureau/simulations/Ref_table/sim_0005449

[Model Parameters]
pop_size           = 3517
num_loci           = 20
sample1_generation = 30
sample2_generation = 10
low_repeats        = 1
high_repeats       = 200
mutation_rate      = 0.001
recap_Ne           = 3517

[Sampling Design]
sample1_size_Ne  = 50
sample2_size_Ne  = 50
sample1_size_CMR = 50
sample2_size_CMR = 50

[Capture-Marquage-Recapture]
census_N   =  2601
MatchCount =  1

[Ne Estimates - One Sample - Decreasing critical values [0.050, 0.020, 0.010, 0+]]

[Linkage Desequilibrium]
LD_Ne_Pop1 = [None, None, None, None]
LD_r2_Pop1 = [0.020729, 0.020827, 0.021165, 0.021165]
LD_Ne_Pop2 = [316.1, 688.7, 587.7, 587.7]
LD_r2_Pop2 = [0.022324, 0.021759, 0.021841, 0.021841]

[Heterozygote excess]
HE_Neb_mean_Pop1        = [None, None, None, None]
HE_weighted_D_mean_Pop1 = [-0.01492, -0.01471, -0.01062, -0.01062]
HE_Neb_mean_Pop2        = [None, None, None, None]
HE_weighted_D_mean_Pop2 = [-0.00365, -0.00086, -0.00155, -0.00155]

[Molecular Coancestry]
Coan_Neb_n_Pop1 = None
Coan_f1_Pop1    = -0.01478
Coan_Neb_n_Pop2 = 25.5
Coan_f1_Pop2    = 0.01964

[Ne Estimates - Temporal - Decreasing critical values (0.050, 0.020, 0.010, 0+)]

[Pollak]
P_Ne     = [38945.3, -6852.5, -32247.9, -136462.3]
P_Fk     = [0.02013, 0.01927, 0.01984, 0.01996]
P_Fprime = [0.00013, -0.00073, -0.00016, -4e-05]

[Nei/Tajima]
N_Ne     = [-15905.4, -5060.5, -11077.6, -15055.5]
N_Fc     = [0.01969, 0.01901, 0.01955, 0.01967]
N_Fprime = [-0.00031, -0.00099, -0.00045, -0.00033]

[Jorde/Ryman]
J_Ne     = [-6493.2, -7324.5, -11888.8, -11865.6]
J_Fs     = [0.01933, 0.01942, 0.01968, 0.01968]
J_Fprime = [-0.00077, -0.00068, -0.00042, -0.00042]

[Genetic Diversity - Heterozygosity]
mean_exp_het_pop1 = 0.8068
mean_obs_het_pop1 = 0.8048
mean_exp_het_pop2 = 0.7985
mean_obs_het_pop2 = 0.7905

[Genetic Diversity - Allele Counts]
mean_alleles_pop1 = 8.95
var_alleles_pop1  = 3.75
sum_alleles_pop1  = 188
mean_alleles_pop2 = 9.29
var_alleles_pop2  = 5.77
sum_alleles_pop2  = 390

[Genetic Diversity - Allelic Size Variance]
var_allele_size_pop1 = 5.9588
var_allele_size_pop2 = 5.2539

[Per-locus summary - Population 1]
Locus | Num_Alleles | Alleles                                                           | Frequencies                                                                                                      | Variance | Obs_Het | Exp_Het
------+-------------+-------------------------------------------------------------------+------------------------------------------------------------------------------------------------------------------+----------+---------+--------
1     | 9           | [103, 104, 105, 106, 107, 108, 109, 111, 112]                     | [0.0100, 0.1300, 0.0900, 0.0900, 0.2700, 0.2200, 0.0900, 0.0800, 0.0200]                                         | 4.1256   | 0.7800  | 0.8390 
2     | 10          | [88, 89, 90, 91, 92, 93, 94, 95, 100, 101]                        | [0.0100, 0.0300, 0.2200, 0.1800, 0.1000, 0.1300, 0.2700, 0.0400, 0.0100, 0.0100]                                 | 4.4659   | 0.7800  | 0.8248 
3     | 9           | [95, 96, 97, 98, 99, 100, 101, 102, 106]                          | [0.0500, 0.1300, 0.0300, 0.1100, 0.2300, 0.3300, 0.0600, 0.0100, 0.0500]                                         | 5.3051   | 0.8600  | 0.8077 
4     | 14          | [95, 96, 97, 98, 99, 100, 101, 102, 104, 110, 111, 112, 113, 114] | [0.1700, 0.0900, 0.0200, 0.1400, 0.0600, 0.2200, 0.0900, 0.0700, 0.0600, 0.0100, 0.0100, 0.0200, 0.0300, 0.0100] | 19.9144  | 0.8800  | 0.8816 
5     | 13          | [93, 94, 95, 96, 97, 99, 100, 101, 102, 104, 105, 106, 107]       | [0.0400, 0.2000, 0.1700, 0.1100, 0.1700, 0.1600, 0.0300, 0.0500, 0.0200, 0.0100, 0.0200, 0.0100, 0.0100]         | 9.0136   | 0.9400  | 0.8671 
6     | 9           | [94, 96, 97, 98, 99, 100, 101, 102, 103]                          | [0.0100, 0.1000, 0.1200, 0.1600, 0.0800, 0.1700, 0.1800, 0.1500, 0.0300]                                         | 4.3875   | 0.8400  | 0.8675 
7     | 8           | [91, 92, 93, 94, 95, 96, 105, 106]                                | [0.0300, 0.2500, 0.1400, 0.4000, 0.0800, 0.0400, 0.0100, 0.0500]                                                 | 10.0404  | 0.8200  | 0.7539 
8     | 11          | [97, 98, 99, 100, 102, 103, 104, 105, 106, 107, 108]              | [0.0400, 0.0700, 0.0700, 0.0500, 0.0900, 0.0600, 0.0500, 0.0600, 0.3900, 0.1000, 0.0200]                         | 10.2171  | 0.8400  | 0.8139 
9     | 11          | [97, 99, 100, 103, 104, 105, 106, 107, 108, 109, 110]             | [0.0100, 0.0100, 0.0300, 0.0800, 0.0800, 0.0200, 0.0700, 0.2700, 0.1100, 0.1800, 0.1400]                         | 7.3211   | 0.8600  | 0.8523 
10    | 7           | [96, 97, 98, 99, 100, 101, 102]                                   | [0.0100, 0.0700, 0.1800, 0.1600, 0.1600, 0.2500, 0.1700]                                                         | 2.5676   | 0.7400  | 0.8283 
11    | 8           | [96, 97, 98, 99, 100, 101, 104, 105]                              | [0.0500, 0.3300, 0.0900, 0.3000, 0.1500, 0.0300, 0.0200, 0.0300]                                                 | 3.5419   | 0.7800  | 0.7735 
12    | 8           | [98, 99, 100, 101, 102, 103, 104, 106]                            | [0.0300, 0.2000, 0.1600, 0.1200, 0.1800, 0.1300, 0.1400, 0.0400]                                                 | 4.0219   | 0.7400  | 0.8572 
13    | 7           | [91, 92, 93, 94, 95, 96, 97]                                      | [0.1800, 0.0800, 0.2900, 0.2000, 0.0100, 0.2300, 0.0100]                                                         | 3.0099   | 0.7800  | 0.7919 
14    | 7           | [91, 92, 93, 94, 95, 96, 107]                                     | [0.0200, 0.1500, 0.2100, 0.2800, 0.2700, 0.0200, 0.0500]                                                         | 9.6379   | 0.8800  | 0.7867 
15    | 9           | [98, 99, 100, 101, 102, 103, 104, 105, 106]                       | [0.0100, 0.0200, 0.0100, 0.2300, 0.3800, 0.0500, 0.2400, 0.0200, 0.0400]                                         | 2.2800   | 0.7800  | 0.7475 
16    | 7           | [98, 99, 100, 101, 102, 103, 104]                                 | [0.1200, 0.2700, 0.4400, 0.1200, 0.0300, 0.0100, 0.0100]                                                         | 1.1724   | 0.7400  | 0.7107 
17    | 9           | [94, 95, 96, 97, 98, 99, 100, 101, 102]                           | [0.0300, 0.0900, 0.1700, 0.1700, 0.2100, 0.2300, 0.0400, 0.0500, 0.0100]                                         | 2.9800   | 0.8200  | 0.8404 
18    | 9           | [90, 91, 92, 93, 94, 95, 96, 100, 101]                            | [0.0100, 0.1300, 0.2700, 0.1700, 0.1300, 0.2300, 0.0100, 0.0400, 0.0100]                                         | 4.4436   | 0.8200  | 0.8178 
19    | 8           | [92, 93, 94, 95, 96, 97, 98, 99]                                  | [0.0800, 0.0800, 0.1700, 0.3000, 0.0700, 0.1900, 0.0900, 0.0200]                                                 | 3.1171   | 0.8400  | 0.8271 
20    | 7           | [96, 97, 98, 99, 104, 107, 108]                                   | [0.0600, 0.5900, 0.1900, 0.0500, 0.0100, 0.0400, 0.0600]                                                         | 10.3504  | 0.6200  | 0.6105 
21    | 8           | [94, 97, 98, 99, 100, 101, 102, 103]                              | [0.0300, 0.1600, 0.1600, 0.2200, 0.2000, 0.1300, 0.0900, 0.0100]                                                 | 3.2204   | 0.7600  | 0.8428 

[Per-locus summary - Population 2]
Locus | Num_Alleles | Alleles                                                         | Frequencies                                                                                                      | Variance | Obs_Het | Exp_Het
------+-------------+-----------------------------------------------------------------+------------------------------------------------------------------------------------------------------------------+----------+---------+--------
1     | 8           | [103, 104, 105, 106, 107, 108, 109, 111]                        | [0.0200, 0.1300, 0.0600, 0.1600, 0.2100, 0.3200, 0.0700, 0.0300]                                                 | 2.9411   | 0.7600  | 0.8093 
2     | 8           | [88, 89, 90, 91, 92, 93, 94, 95]                                | [0.0200, 0.0100, 0.1100, 0.1900, 0.1300, 0.1500, 0.3800, 0.0100]                                                 | 2.6236   | 0.7400  | 0.7752 
3     | 11          | [95, 96, 97, 98, 99, 100, 101, 104, 105, 106, 107]              | [0.0200, 0.0800, 0.0900, 0.1800, 0.1800, 0.3400, 0.0500, 0.0100, 0.0100, 0.0300, 0.0100]                         | 4.8144   | 0.8400  | 0.8091 
4     | 14          | [93, 94, 95, 96, 97, 98, 99, 100, 101, 102, 104, 110, 111, 113] | [0.0100, 0.0400, 0.1400, 0.1500, 0.0200, 0.1900, 0.0400, 0.1300, 0.1000, 0.0900, 0.0400, 0.0100, 0.0200, 0.0200] | 15.5651  | 0.9000  | 0.8895 
5     | 13          | [92, 93, 94, 95, 96, 97, 99, 100, 101, 103, 104, 105, 106]      | [0.0100, 0.0300, 0.2500, 0.1300, 0.1500, 0.1500, 0.1700, 0.0200, 0.0300, 0.0200, 0.0100, 0.0100, 0.0200]         | 8.3304   | 0.9200  | 0.8519 
6     | 9           | [95, 96, 97, 98, 99, 100, 101, 102, 103]                        | [0.0200, 0.0600, 0.1200, 0.1800, 0.0200, 0.1500, 0.2500, 0.1100, 0.0900]                                         | 4.6644   | 0.8600  | 0.8521 
7     | 8           | [91, 92, 93, 94, 95, 96, 105, 106]                              | [0.0600, 0.2700, 0.1500, 0.3900, 0.0700, 0.0400, 0.0100, 0.0100]                                                 | 4.4099   | 0.7400  | 0.7497 
8     | 11          | [97, 98, 99, 100, 102, 103, 104, 105, 106, 107, 108]            | [0.0800, 0.0300, 0.1300, 0.0500, 0.0500, 0.1500, 0.0300, 0.0300, 0.3200, 0.0900, 0.0400]                         | 11.6124  | 0.8400  | 0.8428 
9     | 13          | [96, 97, 98, 99, 103, 104, 105, 106, 107, 108, 109, 110, 111]   | [0.0100, 0.0100, 0.0100, 0.0100, 0.0400, 0.0600, 0.0100, 0.1100, 0.2200, 0.1500, 0.2200, 0.1400, 0.0100]         | 7.4000   | 0.8200  | 0.8517 
10    | 7           | [96, 97, 98, 99, 100, 101, 102]                                 | [0.0400, 0.0600, 0.3200, 0.1500, 0.1400, 0.1800, 0.1100]                                                         | 2.6971   | 0.8000  | 0.8139 
11    | 8           | [96, 97, 98, 99, 100, 101, 104, 105]                            | [0.0400, 0.3200, 0.2200, 0.2300, 0.1200, 0.0300, 0.0300, 0.0100]                                                 | 2.8619   | 0.8000  | 0.7863 
12    | 8           | [98, 99, 100, 101, 102, 103, 104, 106]                          | [0.0400, 0.2200, 0.1400, 0.0900, 0.1900, 0.1400, 0.1600, 0.0200]                                                 | 3.9475   | 0.7400  | 0.8491 
13    | 7           | [91, 92, 93, 94, 95, 96, 97]                                    | [0.2400, 0.0400, 0.3700, 0.1100, 0.0600, 0.1300, 0.0500]                                                         | 3.2300   | 0.7600  | 0.7766 
14    | 9           | [91, 92, 93, 94, 95, 96, 105, 107, 108]                         | [0.0300, 0.2200, 0.2000, 0.2800, 0.2000, 0.0100, 0.0200, 0.0300, 0.0100]                                         | 10.9824  | 0.8200  | 0.7988 
15    | 8           | [99, 100, 101, 102, 103, 104, 105, 106]                         | [0.0400, 0.0100, 0.2700, 0.4000, 0.0900, 0.1300, 0.0500, 0.0100]                                                 | 1.8731   | 0.7200  | 0.7452 
16    | 6           | [98, 99, 100, 101, 102, 103]                                    | [0.1400, 0.2300, 0.4600, 0.1300, 0.0300, 0.0100]                                                                 | 1.0459   | 0.7800  | 0.7050 
17    | 8           | [94, 95, 96, 97, 98, 99, 100, 101]                              | [0.0400, 0.0700, 0.2500, 0.1300, 0.2600, 0.1600, 0.0100, 0.0800]                                                 | 2.9836   | 0.7200  | 0.8226 
18    | 9           | [90, 91, 92, 93, 94, 95, 96, 100, 101]                          | [0.0100, 0.1300, 0.2000, 0.1800, 0.1900, 0.1900, 0.0600, 0.0200, 0.0200]                                         | 4.2464   | 0.7800  | 0.8424 
19    | 7           | [92, 93, 94, 95, 96, 97, 98]                                    | [0.0300, 0.0600, 0.2000, 0.3500, 0.1100, 0.1600, 0.0900]                                                         | 2.1859   | 0.8400  | 0.7952 
20    | 7           | [96, 97, 98, 99, 100, 107, 108]                                 | [0.0800, 0.6200, 0.1900, 0.0200, 0.0100, 0.0400, 0.0400]                                                         | 8.2396   | 0.5400  | 0.5752 
21    | 8           | [94, 95, 97, 98, 99, 100, 101, 102]                             | [0.0400, 0.0100, 0.1900, 0.1500, 0.2900, 0.1200, 0.0600, 0.1400]                                                 | 3.6779   | 0.8800  | 0.8263 
