
[Simulation Info]
simulation_id = sim_0003637
timestamp     = 20250428_084821
seed          = 871443
output_folder = /home/lejeunet/Bureau/simulations/Ref_table/sim_0003637

[Model Parameters]
pop_size           = 1914
num_loci           = 20
sample1_generation = 30
sample2_generation = 10
low_repeats        = 1
high_repeats       = 200
mutation_rate      = 0.001
recap_Ne           = 1914

[Sampling Design]
sample1_size_Ne  = 50
sample2_size_Ne  = 50
sample1_size_CMR = 50
sample2_size_CMR = 50

[Capture-Marquage-Recapture]
census_N   =  0
MatchCount =  0
# There were no match between sampling of individuals during CMR.

[Ne Estimates - One Sample - Decreasing critical values [0.050, 0.020, 0.010, 0+]]

[Linkage Desequilibrium]
LD_Ne_Pop1 = [None, None, None, None]
LD_r2_Pop1 = [0.020933, 0.021267, 0.021138, 0.021138]
LD_Ne_Pop2 = [None, None, None, None]
LD_r2_Pop2 = [0.021239, 0.021192, 0.020976, 0.020976]

[Heterozygote excess]
HE_Neb_mean_Pop1        = [47.0, 42.4, 45.4, 45.4]
HE_weighted_D_mean_Pop1 = [0.01076, 0.01194, 0.01112, 0.01112]
HE_Neb_mean_Pop2        = [633.3, 569.4, 569.4, 569.4]
HE_weighted_D_mean_Pop2 = [0.00079, 0.00088, 0.00088, 0.00088]

[Molecular Coancestry]
Coan_Neb_n_Pop1 = 17.5
Coan_f1_Pop1    = 0.02859
Coan_Neb_n_Pop2 = 126.9
Coan_f1_Pop2    = 0.00394

[Ne Estimates - Temporal - Decreasing critical values (0.050, 0.020, 0.010, 0+)]

[Pollak]
P_Ne     = [-12046.2, 47813.8, 41028.0, 13827.8]
P_Fk     = [0.01958, 0.0201, 0.02012, 0.02036]
P_Fprime = [-0.00042, 0.0001, 0.00012, 0.00036]

[Nei/Tajima]
N_Ne     = [-30254.4, 22594.9, 21292.7, 11477.1]
N_Fc     = [0.01983, 0.02022, 0.02023, 0.02044]
N_Fprime = [-0.00017, 0.00022, 0.00023, 0.00044]

[Jorde/Ryman]
J_Ne     = [2546.1, 2482.4, 2515.7, 2485.3]
J_Fs     = [0.02207, 0.02212, 0.02209, 0.02211]
J_Fprime = [0.00196, 0.00201, 0.00199, 0.00201]

[Genetic Diversity - Heterozygosity]
mean_exp_het_pop1 = 0.7686
mean_obs_het_pop1 = 0.7781
mean_exp_het_pop2 = 0.7595
mean_obs_het_pop2 = 0.7505

[Genetic Diversity - Allele Counts]
mean_alleles_pop1 = 7.14
var_alleles_pop1  = 2.63
sum_alleles_pop1  = 150
mean_alleles_pop2 = 7.17
var_alleles_pop2  = 2.68
sum_alleles_pop2  = 301

[Genetic Diversity - Allelic Size Variance]
var_allele_size_pop1 = 4.056
var_allele_size_pop2 = 4.0726

[Per-locus summary - Population 1]
Locus | Num_Alleles | Alleles                                           | Frequencies                                                                      | Variance | Obs_Het | Exp_Het
------+-------------+---------------------------------------------------+----------------------------------------------------------------------------------+----------+---------+--------
1     | 10          | [90, 91, 92, 93, 98, 99, 100, 101, 102, 103]      | [0.0100, 0.1000, 0.0200, 0.1400, 0.0100, 0.0300, 0.3000, 0.1600, 0.1900, 0.0400] | 16.2491  | 0.8200  | 0.8238 
2     | 8           | [91, 92, 93, 94, 95, 96, 97, 99]                  | [0.0100, 0.1700, 0.2000, 0.0600, 0.2700, 0.1300, 0.1500, 0.0100]                 | 3.1484   | 0.8600  | 0.8232 
3     | 6           | [95, 96, 97, 98, 99, 100]                         | [0.0100, 0.0200, 0.1200, 0.5300, 0.2200, 0.1000]                                 | 0.8571   | 0.6600  | 0.6523 
4     | 8           | [94, 95, 96, 97, 99, 100, 101, 102]               | [0.0300, 0.0700, 0.2200, 0.3100, 0.0800, 0.1400, 0.0200, 0.1300]                 | 5.1804   | 0.7600  | 0.8145 
5     | 5           | [96, 97, 98, 99, 101]                             | [0.0900, 0.1200, 0.3900, 0.3700, 0.0300]                                         | 1.0944   | 0.7400  | 0.6946 
6     | 7           | [93, 94, 95, 96, 97, 98, 99]                      | [0.0100, 0.1200, 0.2000, 0.5400, 0.0800, 0.0400, 0.0100]                         | 1.0216   | 0.6800  | 0.6523 
7     | 8           | [95, 96, 97, 98, 99, 100, 101, 102]               | [0.0100, 0.1500, 0.1400, 0.1000, 0.1000, 0.1200, 0.0700, 0.3100]                 | 5.2576   | 0.8400  | 0.8307 
8     | 5           | [95, 96, 97, 98, 99]                              | [0.0500, 0.0400, 0.1600, 0.3300, 0.4200]                                         | 1.1891   | 0.6800  | 0.6919 
9     | 6           | [98, 99, 100, 101, 102, 103]                      | [0.0100, 0.1500, 0.3500, 0.2300, 0.2300, 0.0300]                                 | 1.2379   | 0.7600  | 0.7558 
10    | 7           | [96, 97, 98, 99, 100, 101, 102]                   | [0.0400, 0.2700, 0.3400, 0.1100, 0.1800, 0.0200, 0.0400]                         | 1.9644   | 0.7200  | 0.7711 
11    | 10          | [99, 100, 101, 102, 103, 104, 105, 106, 107, 109] | [0.0100, 0.2500, 0.0200, 0.0100, 0.2200, 0.2400, 0.0500, 0.1600, 0.0300, 0.0100] | 5.1944   | 0.8200  | 0.8099 
12    | 7           | [93, 94, 95, 96, 97, 98, 99]                      | [0.0200, 0.2000, 0.2000, 0.1500, 0.1700, 0.1700, 0.0900]                         | 2.8256   | 0.8600  | 0.8396 
13    | 5           | [98, 99, 100, 101, 102]                           | [0.0100, 0.3100, 0.2300, 0.2400, 0.2100]                                         | 1.3211   | 0.7600  | 0.7568 
14    | 8           | [99, 100, 101, 102, 103, 104, 105, 106]           | [0.0600, 0.1300, 0.1300, 0.2200, 0.2200, 0.1000, 0.1200, 0.0200]                 | 3.1259   | 0.7800  | 0.8495 
15    | 8           | [92, 93, 94, 96, 99, 100, 101, 102]               | [0.0600, 0.0100, 0.1600, 0.1200, 0.0100, 0.0900, 0.5000, 0.0500]                 | 10.7600  | 0.7400  | 0.7026 
16    | 6           | [96, 97, 98, 99, 100, 101]                        | [0.2600, 0.1300, 0.0300, 0.4300, 0.1100, 0.0400]                                 | 2.3856   | 0.7800  | 0.7232 
17    | 6           | [95, 96, 99, 100, 101, 102]                       | [0.1200, 0.2100, 0.0600, 0.2000, 0.3600, 0.0500]                                 | 5.8984   | 0.7000  | 0.7735 
18    | 7           | [96, 97, 98, 99, 100, 101, 102]                   | [0.0100, 0.1600, 0.1300, 0.1800, 0.2500, 0.2500, 0.0200]                         | 2.1811   | 0.8600  | 0.8077 
19    | 5           | [94, 95, 96, 97, 98]                              | [0.0300, 0.3000, 0.4000, 0.1600, 0.1100]                                         | 1.0196   | 0.8000  | 0.7186 
20    | 10          | [95, 96, 97, 98, 99, 100, 101, 102, 103, 105]     | [0.0500, 0.1500, 0.1900, 0.0100, 0.0200, 0.0900, 0.0500, 0.3300, 0.0900, 0.0200] | 7.9556   | 0.9200  | 0.8186 
21    | 8           | [98, 99, 100, 101, 102, 103, 104, 105]            | [0.1500, 0.0100, 0.2600, 0.1700, 0.0700, 0.0200, 0.2000, 0.1200]                 | 5.3084   | 0.8000  | 0.8295 

[Per-locus summary - Population 2]
Locus | Num_Alleles | Alleles                                  | Frequencies                                                              | Variance | Obs_Het | Exp_Het
------+-------------+------------------------------------------+--------------------------------------------------------------------------+----------+---------+--------
1     | 9           | [90, 91, 92, 93, 99, 100, 101, 102, 103] | [0.0700, 0.1000, 0.0300, 0.1500, 0.0900, 0.2600, 0.1000, 0.1700, 0.0300] | 19.5075  | 0.8600  | 0.8548 
2     | 7           | [92, 93, 94, 95, 96, 97, 99]             | [0.1200, 0.2100, 0.0500, 0.2200, 0.2500, 0.1300, 0.0200]                 | 3.0024   | 0.8000  | 0.8190 
3     | 6           | [95, 96, 97, 98, 99, 100]                | [0.0100, 0.0500, 0.0800, 0.5600, 0.2100, 0.0900]                         | 0.9076   | 0.5800  | 0.6315 
4     | 9           | [94, 95, 96, 97, 98, 99, 100, 101, 102]  | [0.0500, 0.0300, 0.1900, 0.4500, 0.0300, 0.0500, 0.1100, 0.0400, 0.0500] | 3.6491   | 0.7600  | 0.7459 
5     | 7           | [96, 97, 98, 99, 101, 102, 103]          | [0.0700, 0.1200, 0.3000, 0.3900, 0.0700, 0.0200, 0.0300]                 | 2.1651   | 0.6400  | 0.7398 
6     | 6           | [93, 94, 95, 96, 97, 98]                 | [0.0300, 0.1200, 0.2700, 0.4800, 0.0800, 0.0200]                         | 0.9496   | 0.5400  | 0.6814 
7     | 8           | [96, 97, 98, 99, 100, 101, 102, 103]     | [0.2500, 0.1800, 0.0600, 0.0600, 0.1700, 0.0800, 0.1900, 0.0100]         | 5.3371   | 0.8800  | 0.8347 
8     | 5           | [95, 96, 97, 98, 99]                     | [0.0500, 0.0900, 0.2300, 0.3100, 0.3200]                                 | 1.3024   | 0.7400  | 0.7454 
9     | 5           | [99, 100, 101, 102, 103]                 | [0.1700, 0.2300, 0.2800, 0.3000, 0.0200]                                 | 1.2371   | 0.7400  | 0.7570 
10    | 6           | [96, 97, 98, 99, 100, 102]               | [0.0300, 0.3700, 0.3700, 0.0700, 0.1400, 0.0200]                         | 1.4400   | 0.6200  | 0.7075 
11    | 8           | [100, 101, 103, 104, 105, 106, 107, 108] | [0.2600, 0.0300, 0.2000, 0.1800, 0.0300, 0.2700, 0.0200, 0.0100]         | 5.6444   | 0.8600  | 0.7927 
12    | 7           | [93, 94, 95, 96, 97, 98, 99]             | [0.0400, 0.2400, 0.1800, 0.1200, 0.2100, 0.1700, 0.0400]                 | 2.7379   | 0.8200  | 0.8277 
13    | 5           | [98, 99, 100, 101, 102]                  | [0.0100, 0.5200, 0.1700, 0.1200, 0.1800]                                 | 1.3964   | 0.7400  | 0.6604 
14    | 8           | [99, 100, 101, 102, 103, 104, 105, 106]  | [0.1100, 0.1400, 0.1100, 0.1800, 0.2300, 0.0600, 0.1600, 0.0100]         | 3.7075   | 0.8800  | 0.8501 
15    | 8           | [92, 94, 95, 96, 97, 100, 101, 102]      | [0.0400, 0.1100, 0.0100, 0.1700, 0.0200, 0.0800, 0.4900, 0.0800]         | 9.2256   | 0.7000  | 0.7111 
16    | 5           | [96, 97, 99, 100, 101]                   | [0.2600, 0.1300, 0.4000, 0.1300, 0.0800]                                 | 2.7475   | 0.7600  | 0.7396 
17    | 6           | [95, 96, 99, 100, 101, 102]              | [0.1100, 0.2200, 0.0400, 0.2900, 0.3000, 0.0400]                         | 5.5819   | 0.7600  | 0.7699 
18    | 7           | [96, 97, 98, 99, 100, 101, 102]          | [0.0200, 0.1200, 0.1500, 0.2900, 0.1800, 0.2200, 0.0200]                 | 1.9971   | 0.8200  | 0.8054 
19    | 5           | [94, 95, 96, 97, 98]                     | [0.0300, 0.3000, 0.4900, 0.1300, 0.0500]                                 | 0.7331   | 0.6800  | 0.6562 
20    | 9           | [95, 96, 97, 98, 99, 100, 101, 102, 103] | [0.1000, 0.1100, 0.2000, 0.0400, 0.0700, 0.0500, 0.0100, 0.3300, 0.0900] | 7.8675   | 0.7800  | 0.8200 
21    | 8           | [98, 99, 100, 101, 102, 103, 104, 105]   | [0.1200, 0.0200, 0.3500, 0.1900, 0.0700, 0.0100, 0.1500, 0.0900]         | 4.3875   | 0.8000  | 0.7990 
