
[Simulation Info]
simulation_id = sim_0003994
timestamp     = 20250428_085813
seed          = 490651
output_folder = /home/lejeunet/Bureau/simulations/Ref_table/sim_0003994

[Model Parameters]
pop_size           = 319
num_loci           = 20
sample1_generation = 30
sample2_generation = 10
low_repeats        = 1
high_repeats       = 200
mutation_rate      = 0.001
recap_Ne           = 319

[Sampling Design]
sample1_size_Ne  = 50
sample2_size_Ne  = 50
sample1_size_CMR = 50
sample2_size_CMR = 50

[Capture-Marquage-Recapture]
census_N   =  216
MatchCount =  12

[Ne Estimates - One Sample - Decreasing critical values [0.050, 0.020, 0.010, 0+]]

[Linkage Desequilibrium]
LD_Ne_Pop1 = [885.4, 904.3, 417.6, 417.6]
LD_r2_Pop1 = [0.021652, 0.021644, 0.02207, 0.02207]
LD_Ne_Pop2 = [295.1, 178.3, 347.4, 347.4]
LD_r2_Pop2 = [0.022398, 0.023124, 0.02223, 0.02223]

[Heterozygote excess]
HE_Neb_mean_Pop1        = [None, None, None, None]
HE_weighted_D_mean_Pop1 = [-0.00576, -0.00177, -0.00177, -0.00177]
HE_Neb_mean_Pop2        = [None, 189.4, 189.4, 189.4]
HE_weighted_D_mean_Pop2 = [-0.00218, 0.00265, 0.00265, 0.00265]

[Molecular Coancestry]
Coan_Neb_n_Pop1 = None
Coan_f1_Pop1    = -0.04067
Coan_Neb_n_Pop2 = 12.0
Coan_f1_Pop2    = 0.04157

[Ne Estimates - Temporal - Decreasing critical values (0.050, 0.020, 0.010, 0+)]

[Pollak]
P_Ne     = [1097.4, 807.9, 807.9, 807.9]
P_Fk     = [0.02456, 0.02619, 0.02619, 0.02619]
P_Fprime = [0.00456, 0.00619, 0.00619, 0.00619]

[Nei/Tajima]
N_Ne     = [1476.0, 1090.8, 1090.8, 1090.8]
N_Fc     = [0.02339, 0.02458, 0.02458, 0.02458]
N_Fprime = [0.00339, 0.00458, 0.00458, 0.00458]

[Jorde/Ryman]
J_Ne     = [2732.7, 2411.2, 2411.2, 2411.2]
J_Fs     = [0.02193, 0.02218, 0.02218, 0.02218]
J_Fprime = [0.00183, 0.00207, 0.00207, 0.00207]

[Genetic Diversity - Heterozygosity]
mean_exp_het_pop1 = 0.4694
mean_obs_het_pop1 = 0.4657
mean_exp_het_pop2 = 0.4633
mean_obs_het_pop2 = 0.4667

[Genetic Diversity - Allele Counts]
mean_alleles_pop1 = 3.29
var_alleles_pop1  = 0.51
sum_alleles_pop1  = 69
mean_alleles_pop2 = 3.45
var_alleles_pop2  = 0.45
sum_alleles_pop2  = 145

[Genetic Diversity - Allelic Size Variance]
var_allele_size_pop1 = 0.4181
var_allele_size_pop2 = 0.4494

[Per-locus summary - Population 1]
Locus | Num_Alleles | Alleles             | Frequencies                      | Variance | Obs_Het | Exp_Het
------+-------------+---------------------+----------------------------------+----------+---------+--------
1     | 4           | [98, 99, 100, 101]  | [0.0400, 0.5400, 0.0300, 0.3900] | 1.0371   | 0.6200  | 0.5594 
2     | 3           | [99, 100, 101]      | [0.0500, 0.6600, 0.2900]         | 0.2824   | 0.5400  | 0.4826 
3     | 2           | [100, 101]          | [0.0800, 0.9200]                 | 0.0736   | 0.1200  | 0.1487 
4     | 4           | [97, 98, 99, 100]   | [0.0100, 0.6200, 0.2300, 0.1400] | 0.5500   | 0.6000  | 0.5485 
5     | 3           | [97, 98, 99]        | [0.0900, 0.3500, 0.5600]         | 0.4291   | 0.5800  | 0.5614 
6     | 4           | [98, 99, 100, 101]  | [0.7300, 0.0900, 0.0700, 0.1100] | 1.0464   | 0.4400  | 0.4465 
7     | 4           | [98, 99, 100, 101]  | [0.1300, 0.4500, 0.4100, 0.0100] | 0.4900   | 0.5400  | 0.6186 
8     | 4           | [99, 100, 101, 102] | [0.0100, 0.1000, 0.8100, 0.0800] | 0.2184   | 0.3800  | 0.3307 
9     | 4           | [97, 98, 99, 100]   | [0.0500, 0.2800, 0.6200, 0.0500] | 0.4211   | 0.5000  | 0.5376 
10    | 3           | [99, 100, 101]      | [0.2100, 0.4600, 0.3300]         | 0.5256   | 0.6200  | 0.6418 
11    | 3           | [99, 100, 101]      | [0.0800, 0.8300, 0.0900]         | 0.1699   | 0.3200  | 0.2996 
12    | 3           | [97, 98, 99]        | [0.0600, 0.6800, 0.2600]         | 0.2800   | 0.5000  | 0.4711 
13    | 3           | [100, 101, 102]     | [0.2500, 0.4400, 0.3100]         | 0.5564   | 0.6600  | 0.6543 
14    | 3           | [99, 100, 101]      | [0.2000, 0.4300, 0.3700]         | 0.5411   | 0.6400  | 0.6446 
15    | 3           | [99, 100, 101]      | [0.1700, 0.8200, 0.0100]         | 0.1544   | 0.2800  | 0.3016 
16    | 4           | [99, 100, 101, 102] | [0.6000, 0.3600, 0.0300, 0.0100] | 0.3675   | 0.4200  | 0.5145 
17    | 2           | [99, 100]           | [0.1900, 0.8100]                 | 0.1539   | 0.3000  | 0.3109 
18    | 4           | [98, 99, 100, 101]  | [0.0800, 0.3800, 0.5000, 0.0400] | 0.4900   | 0.5800  | 0.6036 
19    | 4           | [99, 100, 101, 102] | [0.1400, 0.0600, 0.7700, 0.0300] | 0.5539   | 0.4000  | 0.3869 
20    | 3           | [100, 101, 102]     | [0.7800, 0.2000, 0.0200]         | 0.2224   | 0.3000  | 0.3548 
21    | 2           | [100, 101]          | [0.3200, 0.6800]                 | 0.2176   | 0.4400  | 0.4396 

[Per-locus summary - Population 2]
Locus | Num_Alleles | Alleles                | Frequencies                              | Variance | Obs_Het | Exp_Het
------+-------------+------------------------+------------------------------------------+----------+---------+--------
1     | 3           | [98, 99, 101]          | [0.1000, 0.4900, 0.4100]                 | 1.2216   | 0.5200  | 0.5877 
2     | 3           | [99, 100, 101]         | [0.0100, 0.7100, 0.2800]                 | 0.2171   | 0.4600  | 0.4216 
3     | 3           | [100, 101, 102]        | [0.1200, 0.8700, 0.0100]                 | 0.1179   | 0.2600  | 0.2309 
4     | 4           | [97, 98, 99, 100]      | [0.0500, 0.6400, 0.2200, 0.0900]         | 0.5075   | 0.5800  | 0.5368 
5     | 4           | [96, 97, 98, 99]       | [0.0100, 0.0700, 0.2900, 0.6300]         | 0.4484   | 0.6000  | 0.5192 
6     | 5           | [97, 98, 99, 100, 101] | [0.0200, 0.7600, 0.0400, 0.0500, 0.1300] | 1.1699   | 0.3400  | 0.4051 
7     | 3           | [98, 99, 100]          | [0.1200, 0.4000, 0.4800]                 | 0.4704   | 0.5800  | 0.6012 
8     | 4           | [99, 100, 101, 102]    | [0.0600, 0.0400, 0.8200, 0.0800]         | 0.3536   | 0.3000  | 0.3192 
9     | 4           | [97, 98, 99, 100]      | [0.0300, 0.3500, 0.5700, 0.0500]         | 0.3904   | 0.6600  | 0.5547 
10    | 3           | [99, 100, 101]         | [0.2900, 0.4700, 0.2400]                 | 0.5275   | 0.6000  | 0.6438 
11    | 3           | [99, 100, 101]         | [0.0700, 0.8700, 0.0600]                 | 0.1299   | 0.2600  | 0.2370 
12    | 3           | [97, 98, 99]           | [0.0300, 0.5600, 0.4100]                 | 0.2956   | 0.5800  | 0.5226 
13    | 3           | [100, 101, 102]        | [0.2500, 0.4400, 0.3100]                 | 0.5564   | 0.6800  | 0.6543 
14    | 3           | [99, 100, 101]         | [0.2400, 0.4400, 0.3200]                 | 0.5536   | 0.7000  | 0.6529 
15    | 3           | [99, 100, 101]         | [0.1000, 0.8900, 0.0100]                 | 0.1019   | 0.1600  | 0.1998 
16    | 3           | [99, 100, 102]         | [0.5800, 0.3700, 0.0500]                 | 0.5496   | 0.4600  | 0.5295 
17    | 3           | [99, 100, 101]         | [0.1800, 0.8000, 0.0200]                 | 0.1744   | 0.3600  | 0.3305 
18    | 4           | [98, 99, 100, 101]     | [0.0400, 0.2300, 0.7200, 0.0100]         | 0.3100   | 0.4200  | 0.4313 
19    | 4           | [99, 100, 101, 102]    | [0.1800, 0.0600, 0.7100, 0.0500]         | 0.6931   | 0.4600  | 0.4620 
20    | 4           | [99, 100, 101, 102]    | [0.0300, 0.7200, 0.1700, 0.0800]         | 0.4300   | 0.4200  | 0.4499 
21    | 2           | [100, 101]             | [0.3200, 0.6800]                         | 0.2176   | 0.4000  | 0.4396 
