
[Simulation Info]
simulation_id = sim_0005813
timestamp     = 20250428_094124
seed          = 331739
output_folder = /home/lejeunet/Bureau/simulations/Ref_table/sim_0005813

[Model Parameters]
pop_size           = 907
num_loci           = 20
sample1_generation = 30
sample2_generation = 10
low_repeats        = 1
high_repeats       = 200
mutation_rate      = 0.001
recap_Ne           = 907

[Sampling Design]
sample1_size_Ne  = 50
sample2_size_Ne  = 50
sample1_size_CMR = 50
sample2_size_CMR = 50

[Capture-Marquage-Recapture]
census_N   =  650
MatchCount =  4

[Ne Estimates - One Sample - Decreasing critical values [0.050, 0.020, 0.010, 0+]]

[Linkage Desequilibrium]
LD_Ne_Pop1 = [1930.2, 939.2, 1207.7, 1207.7]
LD_r2_Pop1 = [0.021449, 0.02163, 0.021552, 0.021552]
LD_Ne_Pop2 = [2452.5, None, None, None]
LD_r2_Pop2 = [0.021412, 0.020948, 0.020865, 0.020865]

[Heterozygote excess]
HE_Neb_mean_Pop1        = [None, None, None, None]
HE_weighted_D_mean_Pop1 = [-0.0049, -0.00719, -0.00719, -0.00719]
HE_Neb_mean_Pop2        = [None, None, None, None]
HE_weighted_D_mean_Pop2 = [-0.03803, -0.04187, -0.04109, -0.04109]

[Molecular Coancestry]
Coan_Neb_n_Pop1 = None
Coan_f1_Pop1    = -0.00163
Coan_Neb_n_Pop2 = 166.2
Coan_f1_Pop2    = 0.00301

[Ne Estimates - Temporal - Decreasing critical values (0.050, 0.020, 0.010, 0+)]

[Pollak]
P_Ne     = [1647.0, 1014.0, 1032.1, 1032.1]
P_Fk     = [0.02304, 0.02493, 0.02484, 0.02484]
P_Fprime = [0.00304, 0.00493, 0.00484, 0.00484]

[Nei/Tajima]
N_Ne     = [1962.1, 1192.7, 1210.6, 1210.6]
N_Fc     = [0.02255, 0.02419, 0.02413, 0.02413]
N_Fprime = [0.00255, 0.00419, 0.00413, 0.00413]

[Jorde/Ryman]
J_Ne     = [1964.7, 1639.2, 1632.1, 1632.1]
J_Fs     = [0.02265, 0.02315, 0.02317, 0.02317]
J_Fprime = [0.00254, 0.00305, 0.00306, 0.00306]

[Genetic Diversity - Heterozygosity]
mean_exp_het_pop1 = 0.7082
mean_obs_het_pop1 = 0.701
mean_exp_het_pop2 = 0.6972
mean_obs_het_pop2 = 0.6648

[Genetic Diversity - Allele Counts]
mean_alleles_pop1 = 6.0
var_alleles_pop1  = 2.8
sum_alleles_pop1  = 126
mean_alleles_pop2 = 6.26
var_alleles_pop2  = 3.08
sum_alleles_pop2  = 263

[Genetic Diversity - Allelic Size Variance]
var_allele_size_pop1 = 2.0609
var_allele_size_pop2 = 2.1489

[Per-locus summary - Population 1]
Locus | Num_Alleles | Alleles                                   | Frequencies                                                              | Variance | Obs_Het | Exp_Het
------+-------------+-------------------------------------------+--------------------------------------------------------------------------+----------+---------+--------
1     | 6           | [98, 99, 100, 102, 103, 104]              | [0.0500, 0.1300, 0.1500, 0.3100, 0.1900, 0.1700]                         | 3.3104   | 0.7200  | 0.8051 
2     | 8           | [97, 99, 100, 101, 102, 103, 104, 105]    | [0.0500, 0.0200, 0.0200, 0.0500, 0.1000, 0.2600, 0.4000, 0.1000]         | 3.3984   | 0.7400  | 0.7541 
3     | 4           | [98, 99, 100, 101]                        | [0.2200, 0.0600, 0.2700, 0.4500]                                         | 1.3875   | 0.6200  | 0.6794 
4     | 6           | [98, 99, 100, 101, 102, 103]              | [0.0900, 0.0600, 0.5200, 0.2600, 0.0500, 0.0200]                         | 1.0276   | 0.6200  | 0.6539 
5     | 6           | [94, 96, 97, 98, 99, 100]                 | [0.0400, 0.1100, 0.2400, 0.3500, 0.2300, 0.0300]                         | 1.5611   | 0.6800  | 0.7600 
6     | 7           | [99, 100, 101, 102, 104, 105, 106]        | [0.0800, 0.1600, 0.1700, 0.0100, 0.3700, 0.0500, 0.1600]                 | 5.3800   | 0.8000  | 0.7818 
7     | 5           | [98, 99, 100, 101, 102]                   | [0.1800, 0.4200, 0.1700, 0.2200, 0.0100]                                 | 1.1084   | 0.7600  | 0.7210 
8     | 5           | [99, 100, 101, 102, 103]                  | [0.0400, 0.4400, 0.2100, 0.3000, 0.0100]                                 | 0.9000   | 0.7400  | 0.6774 
9     | 8           | [96, 97, 98, 99, 100, 101, 102, 104]      | [0.0500, 0.1400, 0.1300, 0.3700, 0.0100, 0.2100, 0.0600, 0.0300]         | 3.2400   | 0.7000  | 0.7832 
10    | 8           | [98, 99, 100, 101, 102, 103, 104, 105]    | [0.0200, 0.1800, 0.0900, 0.0900, 0.2100, 0.1700, 0.2200, 0.0200]         | 3.5716   | 0.8400  | 0.8376 
11    | 4           | [99, 100, 101, 102]                       | [0.2400, 0.4800, 0.2000, 0.0800]                                         | 0.7456   | 0.6400  | 0.6723 
12    | 8           | [97, 98, 99, 100, 101, 102, 103, 104]     | [0.0600, 0.3600, 0.0500, 0.0900, 0.2000, 0.0700, 0.1500, 0.0200]         | 4.1736   | 0.8200  | 0.7964 
13    | 4           | [98, 99, 100, 101]                        | [0.0500, 0.3600, 0.5200, 0.0700]                                         | 0.4779   | 0.6200  | 0.5986 
14    | 5           | [99, 100, 101, 102, 103]                  | [0.2200, 0.2800, 0.3200, 0.1600, 0.0200]                                 | 1.1296   | 0.9000  | 0.7523 
15    | 5           | [97, 98, 99, 100, 101]                    | [0.0500, 0.1300, 0.2700, 0.2100, 0.3400]                                 | 1.4644   | 0.7800  | 0.7556 
16    | 7           | [98, 99, 100, 101, 102, 103, 104]         | [0.0300, 0.3000, 0.4700, 0.0600, 0.0500, 0.0100, 0.0800]                 | 2.0275   | 0.7000  | 0.6824 
17    | 5           | [98, 99, 100, 101, 103]                   | [0.0200, 0.0600, 0.6900, 0.1700, 0.0600]                                 | 0.7875   | 0.4600  | 0.4923 
18    | 4           | [97, 98, 99, 101]                         | [0.0500, 0.2800, 0.6000, 0.0700]                                         | 0.7024   | 0.5600  | 0.5598 
19    | 4           | [98, 99, 100, 101]                        | [0.0100, 0.0800, 0.3900, 0.5200]                                         | 0.4636   | 0.5400  | 0.5768 
20    | 9           | [96, 97, 98, 99, 100, 101, 102, 103, 104] | [0.0200, 0.0700, 0.0700, 0.0400, 0.5100, 0.0100, 0.0900, 0.0800, 0.1100] | 3.9600   | 0.7000  | 0.7085 
21    | 8           | [96, 97, 98, 99, 100, 101, 102, 103]      | [0.0200, 0.0400, 0.1000, 0.1500, 0.2200, 0.2400, 0.2100, 0.0200]         | 2.4611   | 0.7800  | 0.8232 

[Per-locus summary - Population 2]
Locus | Num_Alleles | Alleles                                         | Frequencies                                                                      | Variance | Obs_Het | Exp_Het
------+-------------+-------------------------------------------------+----------------------------------------------------------------------------------+----------+---------+--------
1     | 7           | [98, 99, 100, 102, 103, 104, 105]               | [0.0300, 0.0800, 0.2400, 0.3100, 0.2000, 0.1300, 0.0100]                         | 2.8475   | 0.8200  | 0.7899 
2     | 10          | [96, 97, 99, 100, 101, 102, 103, 104, 105, 106] | [0.0500, 0.0400, 0.0300, 0.0100, 0.0800, 0.0900, 0.2700, 0.4000, 0.0200, 0.0100] | 5.1696   | 0.7400  | 0.7546 
3     | 5           | [98, 99, 100, 101, 102]                         | [0.1400, 0.0900, 0.3200, 0.4300, 0.0200]                                         | 1.1500   | 0.7200  | 0.6915 
4     | 5           | [98, 99, 100, 101, 102]                         | [0.1200, 0.0300, 0.5500, 0.2100, 0.0900]                                         | 1.0656   | 0.7000  | 0.6364 
5     | 6           | [94, 96, 97, 98, 99, 100]                       | [0.0200, 0.0500, 0.2400, 0.3300, 0.3200, 0.0400]                                 | 1.2396   | 0.5600  | 0.7339 
6     | 8           | [99, 100, 101, 102, 104, 105, 106, 107]         | [0.0300, 0.0900, 0.2700, 0.0100, 0.4200, 0.0100, 0.1600, 0.0100]                 | 4.4396   | 0.6600  | 0.7230 
7     | 4           | [98, 99, 100, 101]                              | [0.0600, 0.5600, 0.1500, 0.2300]                                                 | 0.8275   | 0.5200  | 0.6135 
8     | 4           | [99, 100, 101, 102]                             | [0.0900, 0.3500, 0.1700, 0.3900]                                                 | 1.0804   | 0.6000  | 0.6954 
9     | 7           | [97, 98, 99, 100, 101, 102, 104]                | [0.3100, 0.1300, 0.2800, 0.0200, 0.1300, 0.0800, 0.0500]                         | 3.8796   | 0.6800  | 0.7903 
10    | 8           | [98, 99, 100, 101, 102, 103, 104, 105]          | [0.0700, 0.2200, 0.0600, 0.0900, 0.1800, 0.2100, 0.1600, 0.0100]                 | 4.0219   | 0.9200  | 0.8412 
11    | 5           | [99, 100, 101, 102, 103]                        | [0.2200, 0.4600, 0.2300, 0.0700, 0.0200]                                         | 0.8659   | 0.6600  | 0.6887 
12    | 8           | [97, 98, 99, 100, 101, 102, 103, 104]           | [0.0700, 0.3100, 0.0300, 0.0600, 0.3500, 0.0200, 0.1100, 0.0500]                 | 4.1164   | 0.7800  | 0.7647 
13    | 4           | [98, 99, 100, 101]                              | [0.0400, 0.3100, 0.5200, 0.1300]                                                 | 0.5324   | 0.5600  | 0.6212 
14    | 6           | [98, 99, 100, 101, 102, 103]                    | [0.0100, 0.2500, 0.2400, 0.3400, 0.1200, 0.0400]                                 | 1.2851   | 0.8600  | 0.7558 
15    | 5           | [98, 99, 100, 101, 102]                         | [0.1000, 0.3300, 0.1900, 0.3400, 0.0400]                                         | 1.2179   | 0.6800  | 0.7351 
16    | 6           | [98, 99, 100, 101, 102, 104]                    | [0.0100, 0.1900, 0.6300, 0.0500, 0.0300, 0.0900]                                 | 1.7724   | 0.5600  | 0.5610 
17    | 4           | [99, 100, 101, 103]                             | [0.0200, 0.6700, 0.2200, 0.0900]                                                 | 0.8291   | 0.4400  | 0.4992 
18    | 5           | [97, 98, 99, 100, 101]                          | [0.0500, 0.2900, 0.5600, 0.0100, 0.0900]                                         | 0.8200   | 0.5800  | 0.5976 
19    | 4           | [98, 99, 100, 101]                              | [0.0200, 0.0700, 0.4200, 0.4900]                                                 | 0.4956   | 0.5000  | 0.5840 
20    | 9           | [96, 97, 98, 99, 100, 101, 102, 103, 104]       | [0.0700, 0.1600, 0.0300, 0.0300, 0.4100, 0.0200, 0.1100, 0.0800, 0.0900]         | 5.3299   | 0.6200  | 0.7804 
21    | 8           | [96, 97, 98, 99, 100, 101, 102, 103]            | [0.0500, 0.0200, 0.0500, 0.1700, 0.3000, 0.3000, 0.1000, 0.0100]                 | 2.1400   | 0.8000  | 0.7834 
