
[Simulation Info]
simulation_id = sim_0005513
timestamp     = 20250428_093425
seed          = 330887
output_folder = /home/lejeunet/Bureau/simulations/Ref_table/sim_0005513

[Model Parameters]
pop_size           = 3096
num_loci           = 20
sample1_generation = 30
sample2_generation = 10
low_repeats        = 1
high_repeats       = 200
mutation_rate      = 0.001
recap_Ne           = 3096

[Sampling Design]
sample1_size_Ne  = 50
sample2_size_Ne  = 50
sample1_size_CMR = 50
sample2_size_CMR = 50

[Capture-Marquage-Recapture]
census_N   =  0
MatchCount =  0
# There were no match between sampling of individuals during CMR.

[Ne Estimates - One Sample - Decreasing critical values [0.050, 0.020, 0.010, 0+]]

[Linkage Desequilibrium]
LD_Ne_Pop1 = [3062.2, None, 1250.1, 1250.1]
LD_r2_Pop1 = [0.021385, 0.021264, 0.021542, 0.021542]
LD_Ne_Pop2 = [2034.6, 1282.4, 1963.1, 1963.1]
LD_r2_Pop2 = [0.02144, 0.021536, 0.021446, 0.021446]

[Heterozygote excess]
HE_Neb_mean_Pop1        = [39.0, 50.1, 53.3, 53.3]
HE_weighted_D_mean_Pop1 = [0.01298, 0.01008, 0.00946, 0.00946]
HE_Neb_mean_Pop2        = [None, None, None, None]
HE_weighted_D_mean_Pop2 = [-0.02305, -0.01949, -0.01923, -0.01923]

[Molecular Coancestry]
Coan_Neb_n_Pop1 = 167.0
Coan_f1_Pop1    = 0.00299
Coan_Neb_n_Pop2 = 20.6
Coan_f1_Pop2    = 0.02425

[Ne Estimates - Temporal - Decreasing critical values (0.050, 0.020, 0.010, 0+)]

[Pollak]
P_Ne     = [2261.6, 1618.8, 1676.8, 1555.2]
P_Fk     = [0.02221, 0.02309, 0.02298, 0.02321]
P_Fprime = [0.00221, 0.00309, 0.00298, 0.00321]

[Nei/Tajima]
N_Ne     = [2567.8, 1849.3, 1910.1, 1769.4]
N_Fc     = [0.02195, 0.0227, 0.02262, 0.02283]
N_Fprime = [0.00195, 0.0027, 0.00262, 0.00283]

[Jorde/Ryman]
J_Ne     = [1992.5, 1901.3, 1912.0, 1894.5]
J_Fs     = [0.02261, 0.02273, 0.02272, 0.02274]
J_Fprime = [0.00251, 0.00263, 0.00262, 0.00264]

[Genetic Diversity - Heterozygosity]
mean_exp_het_pop1 = 0.7891
mean_obs_het_pop1 = 0.8019
mean_exp_het_pop2 = 0.7865
mean_obs_het_pop2 = 0.7619

[Genetic Diversity - Allele Counts]
mean_alleles_pop1 = 7.71
var_alleles_pop1  = 2.11
sum_alleles_pop1  = 162
mean_alleles_pop2 = 7.67
var_alleles_pop2  = 1.54
sum_alleles_pop2  = 322

[Genetic Diversity - Allelic Size Variance]
var_allele_size_pop1 = 3.3894
var_allele_size_pop2 = 3.3484

[Per-locus summary - Population 1]
Locus | Num_Alleles | Alleles                                       | Frequencies                                                                      | Variance | Obs_Het | Exp_Het
------+-------------+-----------------------------------------------+----------------------------------------------------------------------------------+----------+---------+--------
1     | 9           | [97, 98, 99, 100, 101, 102, 103, 104, 105]    | [0.0100, 0.1000, 0.2700, 0.1900, 0.0100, 0.2700, 0.0800, 0.0600, 0.0100]         | 3.4436   | 0.9000  | 0.8059 
2     | 9           | [96, 97, 98, 99, 100, 101, 102, 104, 105]     | [0.0200, 0.0900, 0.1200, 0.5400, 0.1200, 0.0600, 0.0300, 0.0100, 0.0100]         | 1.8936   | 0.7000  | 0.6731 
3     | 7           | [97, 98, 99, 100, 101, 102, 103]              | [0.1000, 0.0900, 0.2500, 0.1400, 0.2800, 0.0900, 0.0500]                         | 2.5856   | 0.8400  | 0.8190 
4     | 10          | [95, 96, 97, 98, 99, 100, 101, 102, 103, 104] | [0.0100, 0.2400, 0.1400, 0.0200, 0.0400, 0.0600, 0.2000, 0.1400, 0.1200, 0.0300] | 7.4875   | 0.8800  | 0.8507 
5     | 7           | [95, 96, 97, 98, 99, 100, 101]                | [0.0100, 0.1000, 0.0700, 0.0900, 0.4100, 0.2800, 0.0400]                         | 1.8259   | 0.8000  | 0.7362 
6     | 8           | [96, 97, 98, 99, 100, 101, 102, 103]          | [0.0200, 0.0100, 0.1400, 0.2100, 0.3300, 0.1600, 0.1100, 0.0200]                 | 1.9344   | 0.7600  | 0.7968 
7     | 9           | [97, 98, 99, 100, 101, 102, 103, 104, 105]    | [0.1300, 0.1600, 0.0400, 0.1200, 0.1200, 0.0900, 0.2800, 0.0500, 0.0100]         | 5.4904   | 0.8400  | 0.8465 
8     | 8           | [97, 98, 99, 100, 101, 102, 103, 104]         | [0.0900, 0.3600, 0.0500, 0.1300, 0.0700, 0.1800, 0.1100, 0.0100]                 | 4.1824   | 0.7200  | 0.8014 
9     | 5           | [97, 98, 99, 100, 101]                        | [0.0600, 0.2000, 0.5300, 0.1700, 0.0400]                                         | 0.7651   | 0.7400  | 0.6515 
10    | 8           | [96, 97, 98, 99, 100, 101, 102, 103]          | [0.0200, 0.2600, 0.1000, 0.0300, 0.1000, 0.1700, 0.1500, 0.1700]                 | 5.3779   | 0.8200  | 0.8392 
11    | 6           | [97, 98, 99, 100, 101, 102]                   | [0.0700, 0.1100, 0.1500, 0.2600, 0.3300, 0.0800]                                 | 1.8619   | 0.7800  | 0.7854 
12    | 6           | [96, 97, 98, 99, 100, 101]                    | [0.1600, 0.2100, 0.2500, 0.2000, 0.1500, 0.0300]                                 | 1.9164   | 0.8600  | 0.8125 
13    | 8           | [98, 99, 100, 101, 102, 103, 104, 105]        | [0.0100, 0.1300, 0.0600, 0.0300, 0.1500, 0.2400, 0.3200, 0.0600]                 | 3.4296   | 0.7800  | 0.8004 
14    | 6           | [97, 98, 99, 100, 101, 102]                   | [0.0300, 0.2300, 0.1400, 0.2600, 0.1900, 0.1500]                                 | 2.0800   | 0.9000  | 0.8085 
15    | 10          | [95, 96, 97, 98, 99, 100, 101, 102, 103, 104] | [0.0200, 0.1200, 0.2200, 0.0600, 0.0200, 0.0100, 0.2600, 0.1100, 0.1000, 0.0800] | 7.4616   | 0.8800  | 0.8450 
16    | 8           | [97, 98, 99, 100, 101, 102, 103, 104]         | [0.1000, 0.1600, 0.0400, 0.0700, 0.2800, 0.1900, 0.0800, 0.0800]                 | 4.3064   | 0.8000  | 0.8390 
17    | 8           | [94, 95, 96, 97, 98, 99, 100, 101]            | [0.0100, 0.0200, 0.2600, 0.1100, 0.1800, 0.1500, 0.1400, 0.1300]                 | 3.3619   | 0.8800  | 0.8368 
18    | 7           | [97, 98, 99, 100, 101, 102, 103]              | [0.0200, 0.2000, 0.0800, 0.0100, 0.1100, 0.3600, 0.2200]                         | 3.6875   | 0.7400  | 0.7707 
19    | 6           | [96, 97, 98, 99, 100, 101]                    | [0.0100, 0.3700, 0.2800, 0.0200, 0.2100, 0.1100]                                 | 2.1156   | 0.7600  | 0.7353 
20    | 7           | [98, 99, 100, 101, 102, 103, 104]             | [0.0200, 0.0500, 0.1200, 0.4300, 0.3000, 0.0500, 0.0300]                         | 1.2259   | 0.7200  | 0.7115 
21    | 10          | [94, 95, 96, 97, 98, 99, 100, 101, 102, 103]  | [0.0100, 0.0100, 0.3100, 0.0200, 0.0900, 0.1200, 0.2600, 0.0800, 0.0900, 0.0100] | 4.7436   | 0.7400  | 0.8067 

[Per-locus summary - Population 2]
Locus | Num_Alleles | Alleles                                      | Frequencies                                                                      | Variance | Obs_Het | Exp_Het
------+-------------+----------------------------------------------+----------------------------------------------------------------------------------+----------+---------+--------
1     | 8           | [97, 98, 99, 100, 101, 102, 103, 104]        | [0.0300, 0.1100, 0.2900, 0.1400, 0.0600, 0.1600, 0.0700, 0.1400]                 | 4.2675   | 0.8800  | 0.8380 
2     | 8           | [96, 97, 98, 99, 100, 101, 104, 105]         | [0.0300, 0.0500, 0.1000, 0.5700, 0.1500, 0.0500, 0.0400, 0.0100]                 | 2.2316   | 0.5800  | 0.6414 
3     | 7           | [97, 98, 99, 100, 101, 102, 103]             | [0.0400, 0.1600, 0.1700, 0.2200, 0.2800, 0.0500, 0.0800]                         | 2.3699   | 0.8000  | 0.8164 
4     | 8           | [96, 97, 99, 100, 101, 102, 103, 104]        | [0.2100, 0.1300, 0.0400, 0.0200, 0.2300, 0.1700, 0.1000, 0.1000]                 | 7.9800   | 0.8800  | 0.8436 
5     | 7           | [96, 97, 98, 99, 100, 101, 102]              | [0.0500, 0.0400, 0.1700, 0.3800, 0.3400, 0.0100, 0.0100]                         | 1.2499   | 0.7800  | 0.7139 
6     | 8           | [96, 98, 99, 100, 101, 102, 103, 104]        | [0.0100, 0.1400, 0.1600, 0.3300, 0.1900, 0.1000, 0.0600, 0.0100]                 | 2.1531   | 0.7000  | 0.8040 
7     | 8           | [97, 98, 99, 100, 101, 102, 103, 104]        | [0.1100, 0.2200, 0.0500, 0.0900, 0.1200, 0.1100, 0.2400, 0.0600]                 | 5.3696   | 0.8200  | 0.8497 
8     | 7           | [97, 98, 99, 100, 101, 102, 103]             | [0.0500, 0.3300, 0.0700, 0.2000, 0.0700, 0.1800, 0.1000]                         | 3.5075   | 0.7200  | 0.8044 
9     | 5           | [97, 98, 99, 100, 101]                       | [0.0500, 0.2700, 0.4100, 0.2100, 0.0600]                                         | 0.9184   | 0.6600  | 0.7160 
10    | 8           | [96, 97, 98, 99, 100, 101, 102, 103]         | [0.0100, 0.2300, 0.1000, 0.0900, 0.0800, 0.1500, 0.2700, 0.0700]                 | 4.5656   | 0.8200  | 0.8305 
11    | 6           | [97, 98, 99, 100, 101, 102]                  | [0.0400, 0.0700, 0.1200, 0.3600, 0.3200, 0.0900]                                 | 1.4256   | 0.7400  | 0.7465 
12    | 7           | [96, 97, 98, 99, 100, 101, 103]              | [0.1800, 0.1600, 0.3400, 0.1400, 0.1300, 0.0400, 0.0100]                         | 2.1475   | 0.8200  | 0.7962 
13    | 8           | [98, 99, 100, 101, 102, 103, 104, 105]       | [0.0500, 0.3000, 0.0400, 0.0100, 0.1500, 0.2100, 0.2300, 0.0100]                 | 4.6499   | 0.8000  | 0.7941 
14    | 6           | [98, 99, 100, 101, 102, 103]                 | [0.1300, 0.2100, 0.2700, 0.2600, 0.1200, 0.0100]                                 | 1.5564   | 0.8200  | 0.7919 
15    | 8           | [96, 97, 98, 100, 101, 102, 103, 104]        | [0.1800, 0.1100, 0.0500, 0.0100, 0.3200, 0.1600, 0.1400, 0.0300]                 | 6.7691   | 0.7800  | 0.8125 
16    | 8           | [97, 98, 99, 100, 101, 102, 103, 104]        | [0.0700, 0.2400, 0.0300, 0.0800, 0.2900, 0.1700, 0.0900, 0.0300]                 | 3.7900   | 0.7400  | 0.8164 
17    | 8           | [94, 95, 96, 97, 98, 99, 100, 101]           | [0.0100, 0.0100, 0.3000, 0.0500, 0.1800, 0.2400, 0.1000, 0.1100]                 | 3.1275   | 0.7800  | 0.8032 
18    | 7           | [96, 98, 99, 100, 101, 102, 103]             | [0.0100, 0.2700, 0.0800, 0.0800, 0.0800, 0.3600, 0.1200]                         | 3.6700   | 0.7200  | 0.7715 
19    | 6           | [96, 97, 98, 99, 100, 101]                   | [0.0300, 0.3300, 0.3000, 0.0800, 0.2300, 0.0300]                                 | 1.6624   | 0.6400  | 0.7475 
20    | 7           | [98, 99, 100, 101, 102, 103, 104]            | [0.0100, 0.0600, 0.1500, 0.2700, 0.3900, 0.0700, 0.0500]                         | 1.4556   | 0.7000  | 0.7489 
21    | 10          | [94, 95, 96, 97, 98, 99, 100, 101, 102, 103] | [0.0300, 0.0500, 0.2700, 0.0100, 0.0700, 0.1600, 0.2500, 0.0500, 0.0800, 0.0300] | 5.4484   | 0.8200  | 0.8291 
