
[Simulation Info]
simulation_id = sim_0003088
timestamp     = 20250428_083636
seed          = 792901
output_folder = /home/lejeunet/Bureau/simulations/Ref_table/sim_0003088

[Model Parameters]
pop_size           = 2191
num_loci           = 20
sample1_generation = 30
sample2_generation = 10
low_repeats        = 1
high_repeats       = 200
mutation_rate      = 0.001
recap_Ne           = 2191

[Sampling Design]
sample1_size_Ne  = 50
sample2_size_Ne  = 50
sample1_size_CMR = 50
sample2_size_CMR = 50

[Capture-Marquage-Recapture]
census_N   =  2601
MatchCount =  1

[Ne Estimates - One Sample - Decreasing critical values [0.050, 0.020, 0.010, 0+]]

[Linkage Desequilibrium]
LD_Ne_Pop1 = [608.0, 427.1, 589.9, 589.9]
LD_r2_Pop1 = [0.021822, 0.022053, 0.021839, 0.021839]
LD_Ne_Pop2 = [27511.6, 3225.8, None, None]
LD_r2_Pop2 = [0.021288, 0.021379, 0.021276, 0.021276]

[Heterozygote excess]
HE_Neb_mean_Pop1        = [None, 180.2, 210.7, 210.7]
HE_weighted_D_mean_Pop1 = [-0.00234, 0.00278, 0.00238, 0.00238]
HE_Neb_mean_Pop2        = [47.3, 57.6, 61.6, 61.6]
HE_weighted_D_mean_Pop2 = [0.01068, 0.00876, 0.00818, 0.00818]

[Molecular Coancestry]
Coan_Neb_n_Pop1 = 27.3
Coan_f1_Pop1    = 0.01831
Coan_Neb_n_Pop2 = None
Coan_f1_Pop2    = -0.02182

[Ne Estimates - Temporal - Decreasing critical values (0.050, 0.020, 0.010, 0+)]

[Pollak]
P_Ne     = [4083.4, 4854.6, 3372.8, 3626.0]
P_Fk     = [0.02122, 0.02103, 0.02148, 0.02138]
P_Fprime = [0.00122, 0.00103, 0.00148, 0.00138]

[Nei/Tajima]
N_Ne     = [4153.1, 4824.8, 3521.5, 3754.9]
N_Fc     = [0.0212, 0.02104, 0.02142, 0.02133]
N_Fprime = [0.0012, 0.00104, 0.00142, 0.00133]

[Jorde/Ryman]
J_Ne     = [1424.4, 1357.0, 1317.7, 1317.8]
J_Fs     = [0.02361, 0.02379, 0.0239, 0.0239]
J_Fprime = [0.00351, 0.00368, 0.00379, 0.00379]

[Genetic Diversity - Heterozygosity]
mean_exp_het_pop1 = 0.7443
mean_obs_het_pop1 = 0.7457
mean_exp_het_pop2 = 0.7394
mean_obs_het_pop2 = 0.7533

[Genetic Diversity - Allele Counts]
mean_alleles_pop1 = 6.9
var_alleles_pop1  = 2.89
sum_alleles_pop1  = 145
mean_alleles_pop2 = 7.29
var_alleles_pop2  = 2.4
sum_alleles_pop2  = 306

[Genetic Diversity - Allelic Size Variance]
var_allele_size_pop1 = 2.431
var_allele_size_pop2 = 2.4348

[Per-locus summary - Population 1]
Locus | Num_Alleles | Alleles                                         | Frequencies                                                                      | Variance | Obs_Het | Exp_Het
------+-------------+-------------------------------------------------+----------------------------------------------------------------------------------+----------+---------+--------
1     | 8           | [96, 97, 98, 99, 100, 101, 102, 103]            | [0.0100, 0.0600, 0.1900, 0.1200, 0.2600, 0.2400, 0.0800, 0.0400]                 | 2.4600   | 0.8400  | 0.8208 
2     | 5           | [96, 97, 98, 99, 100]                           | [0.0300, 0.1900, 0.4400, 0.2200, 0.1200]                                         | 0.9659   | 0.8400  | 0.7137 
3     | 7           | [99, 100, 101, 102, 103, 104, 105]              | [0.0200, 0.2700, 0.3900, 0.2700, 0.0200, 0.0100, 0.0200]                         | 1.0979   | 0.7000  | 0.7079 
4     | 7           | [97, 98, 99, 100, 101, 102, 103]                | [0.0400, 0.1000, 0.2600, 0.2200, 0.2200, 0.1200, 0.0400]                         | 2.0800   | 0.7600  | 0.8162 
5     | 7           | [98, 99, 100, 101, 102, 103, 104]               | [0.1300, 0.1800, 0.0600, 0.0600, 0.1700, 0.3700, 0.0300]                         | 3.8339   | 0.8600  | 0.7846 
6     | 7           | [96, 97, 98, 99, 100, 101, 102]                 | [0.1000, 0.1300, 0.2600, 0.0700, 0.0900, 0.1500, 0.2000]                         | 4.1411   | 0.8200  | 0.8384 
7     | 6           | [98, 99, 100, 101, 102, 103]                    | [0.0500, 0.0300, 0.2700, 0.4900, 0.1200, 0.0400]                                 | 1.0416   | 0.6800  | 0.6743 
8     | 5           | [97, 98, 99, 100, 102]                          | [0.0200, 0.2800, 0.3500, 0.2900, 0.0600]                                         | 1.1675   | 0.7600  | 0.7182 
9     | 4           | [95, 96, 97, 98]                                | [0.1800, 0.4700, 0.2900, 0.0600]                                                 | 0.6571   | 0.7000  | 0.6657 
10    | 8           | [94, 95, 97, 98, 99, 100, 101, 102]             | [0.0500, 0.0200, 0.0500, 0.2500, 0.2400, 0.2200, 0.1400, 0.0300]                 | 3.0619   | 0.7000  | 0.8137 
11    | 10          | [95, 96, 97, 98, 99, 100, 101, 102, 103, 104]   | [0.0200, 0.0900, 0.1300, 0.0200, 0.2800, 0.0800, 0.1800, 0.1800, 0.0100, 0.0100] | 4.3064   | 0.7800  | 0.8327 
12    | 5           | [95, 96, 97, 98, 99]                            | [0.0600, 0.2100, 0.3200, 0.3900, 0.0200]                                         | 0.9100   | 0.6800  | 0.7044 
13    | 7           | [99, 100, 101, 102, 103, 104, 105]              | [0.2200, 0.2200, 0.2000, 0.0400, 0.0500, 0.1700, 0.1000]                         | 4.3179   | 0.7800  | 0.8285 
14    | 6           | [96, 97, 98, 99, 100, 101]                      | [0.0500, 0.0900, 0.3600, 0.3000, 0.0700, 0.1300]                                 | 1.6304   | 0.7400  | 0.7556 
15    | 5           | [100, 101, 102, 103, 104]                       | [0.0800, 0.5300, 0.2900, 0.0200, 0.0800]                                         | 0.9299   | 0.5200  | 0.6281 
16    | 6           | [99, 100, 101, 102, 103, 105]                   | [0.0100, 0.7700, 0.0400, 0.0800, 0.0900, 0.0100]                                 | 1.1699   | 0.4400  | 0.3947 
17    | 7           | [96, 97, 98, 99, 100, 101, 102]                 | [0.0500, 0.2600, 0.2000, 0.1500, 0.2300, 0.0700, 0.0400]                         | 2.4156   | 0.9000  | 0.8162 
18    | 10          | [94, 95, 97, 98, 99, 100, 101, 102, 103, 104]   | [0.0200, 0.0100, 0.2600, 0.0100, 0.1700, 0.0500, 0.1600, 0.2600, 0.0300, 0.0300] | 5.4075   | 0.8400  | 0.8135 
19    | 10          | [97, 98, 99, 100, 101, 102, 103, 104, 105, 106] | [0.0100, 0.0100, 0.0400, 0.0100, 0.0900, 0.0700, 0.1300, 0.2000, 0.3500, 0.0900] | 3.7956   | 0.8000  | 0.8057 
20    | 7           | [97, 98, 99, 100, 101, 103, 104]                | [0.0500, 0.0300, 0.3800, 0.4300, 0.0500, 0.0100, 0.0500]                         | 1.7939   | 0.7000  | 0.6689 
21    | 8           | [95, 96, 97, 98, 99, 100, 102, 103]             | [0.1400, 0.2600, 0.0800, 0.2500, 0.1000, 0.1100, 0.0400, 0.0200]                 | 3.8664   | 0.8200  | 0.8281 

[Per-locus summary - Population 2]
Locus | Num_Alleles | Alleles                                       | Frequencies                                                                      | Variance | Obs_Het | Exp_Het
------+-------------+-----------------------------------------------+----------------------------------------------------------------------------------+----------+---------+--------
1     | 7           | [97, 98, 99, 100, 101, 102, 103]              | [0.1100, 0.2100, 0.1300, 0.1800, 0.2300, 0.1000, 0.0400]                         | 2.8411   | 0.8400  | 0.8384 
2     | 5           | [96, 97, 98, 99, 100]                         | [0.0100, 0.1600, 0.4800, 0.2700, 0.0800]                                         | 0.7275   | 0.6000  | 0.6713 
3     | 6           | [99, 100, 101, 102, 103, 105]                 | [0.0300, 0.3000, 0.4200, 0.2100, 0.0300, 0.0100]                                 | 0.9075   | 0.6000  | 0.6946 
4     | 8           | [95, 97, 98, 99, 100, 101, 102, 103]          | [0.0100, 0.0900, 0.1600, 0.1900, 0.1800, 0.2100, 0.1500, 0.0100]                 | 2.7059   | 0.8200  | 0.8394 
5     | 7           | [98, 99, 100, 101, 102, 103, 104]             | [0.1200, 0.2400, 0.0600, 0.1100, 0.0600, 0.3700, 0.0400]                         | 3.9996   | 0.6000  | 0.7780 
6     | 7           | [96, 97, 98, 99, 100, 101, 102]               | [0.1100, 0.0900, 0.2200, 0.0400, 0.1200, 0.3500, 0.0700]                         | 3.6300   | 0.7800  | 0.7960 
7     | 6           | [98, 99, 100, 101, 102, 103]                  | [0.0600, 0.0600, 0.3000, 0.4100, 0.1300, 0.0400]                                 | 1.2179   | 0.8200  | 0.7234 
8     | 6           | [97, 98, 99, 100, 101, 102]                   | [0.0200, 0.2900, 0.4400, 0.1900, 0.0100, 0.0500]                                 | 1.0491   | 0.7400  | 0.6901 
9     | 6           | [94, 95, 96, 97, 98, 99]                      | [0.0100, 0.2500, 0.4000, 0.2900, 0.0400, 0.0100]                                 | 0.8131   | 0.7200  | 0.6986 
10    | 7           | [94, 97, 98, 99, 100, 101, 102]               | [0.0600, 0.0100, 0.3900, 0.2800, 0.1800, 0.0400, 0.0400]                         | 2.5211   | 0.8000  | 0.7376 
11    | 10          | [95, 96, 97, 98, 99, 100, 101, 102, 103, 104] | [0.0200, 0.1200, 0.0500, 0.0200, 0.2500, 0.0400, 0.3300, 0.1300, 0.0200, 0.0200] | 4.4659   | 0.8800  | 0.7996 
12    | 5           | [95, 96, 97, 98, 99]                          | [0.0100, 0.3700, 0.2900, 0.3000, 0.0300]                                         | 0.8291   | 0.7800  | 0.6949 
13    | 7           | [99, 100, 101, 102, 103, 104, 105]            | [0.2500, 0.1900, 0.1400, 0.0500, 0.0100, 0.2600, 0.1000]                         | 4.9064   | 0.8200  | 0.8097 
14    | 6           | [96, 97, 98, 99, 100, 101]                    | [0.1000, 0.0800, 0.3000, 0.2700, 0.1100, 0.1400]                                 | 2.0531   | 0.8600  | 0.7970 
15    | 7           | [98, 100, 101, 102, 103, 104, 105]            | [0.0100, 0.0800, 0.4300, 0.3100, 0.0700, 0.0900, 0.0100]                         | 1.3075   | 0.7800  | 0.7065 
16    | 6           | [98, 99, 100, 101, 102, 103]                  | [0.0100, 0.0300, 0.7800, 0.0100, 0.0500, 0.1200]                                 | 1.1836   | 0.3400  | 0.3774 
17    | 8           | [96, 97, 98, 99, 100, 101, 102, 103]          | [0.0600, 0.2500, 0.2800, 0.1100, 0.1700, 0.0900, 0.0300, 0.0100]                 | 2.5496   | 0.8400  | 0.8135 
18    | 10          | [94, 95, 96, 97, 98, 99, 100, 101, 102, 104]  | [0.0100, 0.0500, 0.0200, 0.1900, 0.0200, 0.2100, 0.0600, 0.1800, 0.2300, 0.0300] | 5.3075   | 0.8600  | 0.8349 
19    | 9           | [96, 99, 100, 101, 102, 103, 104, 105, 106]   | [0.0100, 0.0200, 0.0100, 0.1200, 0.0500, 0.1000, 0.1600, 0.4400, 0.0900]         | 3.4544   | 0.7800  | 0.7527 
20    | 8           | [97, 98, 99, 100, 101, 102, 103, 104]         | [0.0400, 0.0400, 0.4300, 0.3700, 0.0400, 0.0200, 0.0200, 0.0400]                 | 1.7811   | 0.7800  | 0.6778 
21    | 8           | [95, 96, 97, 98, 99, 100, 101, 102]           | [0.1300, 0.3700, 0.1200, 0.1600, 0.1000, 0.0800, 0.0300, 0.0100]                 | 2.8804   | 0.7800  | 0.7968 
