
[Simulation Info]
simulation_id = sim_0009112
timestamp     = 20250428_111057
seed          = 859311
output_folder = /home/lejeunet/Bureau/simulations/Ref_table/sim_0009112

[Model Parameters]
pop_size           = 4723
num_loci           = 20
sample1_generation = 30
sample2_generation = 10
low_repeats        = 1
high_repeats       = 200
mutation_rate      = 0.001
recap_Ne           = 4723

[Sampling Design]
sample1_size_Ne  = 50
sample2_size_Ne  = 50
sample1_size_CMR = 50
sample2_size_CMR = 50

[Capture-Marquage-Recapture]
census_N   =  2601
MatchCount =  1

[Ne Estimates - One Sample - Decreasing critical values [0.050, 0.020, 0.010, 0+]]

[Linkage Desequilibrium]
LD_Ne_Pop1 = [None, None, 401495.1, 401495.1]
LD_r2_Pop1 = [0.020876, 0.020901, 0.021277, 0.021277]
LD_Ne_Pop2 = [None, None, None, None]
LD_r2_Pop2 = [0.021011, 0.021099, 0.021133, 0.021133]

[Heterozygote excess]
HE_Neb_mean_Pop1        = [29.4, 36.8, 40.3, 40.3]
HE_weighted_D_mean_Pop1 = [0.01731, 0.01379, 0.01256, 0.01256]
HE_Neb_mean_Pop2        = [126.3, 65.0, 67.0, 67.0]
HE_weighted_D_mean_Pop2 = [0.00398, 0.00775, 0.00752, 0.00752]

[Molecular Coancestry]
Coan_Neb_n_Pop1 = None
Coan_f1_Pop1    = -0.00384
Coan_Neb_n_Pop2 = None
Coan_f1_Pop2    = -0.01521

[Ne Estimates - Temporal - Decreasing critical values (0.050, 0.020, 0.010, 0+)]

[Pollak]
P_Ne     = [-3408.0, -10856.9, -6230.2, -6919.3]
P_Fk     = [0.01853, 0.01954, 0.0192, 0.01928]
P_Fprime = [-0.00147, -0.00046, -0.0008, -0.00072]

[Nei/Tajima]
N_Ne     = [-3069.2, -6951.0, -4856.5, -5244.4]
N_Fc     = [0.01837, 0.01928, 0.01897, 0.01905]
N_Fprime = [-0.00163, -0.00072, -0.00103, -0.00095]

[Jorde/Ryman]
J_Ne     = [-5503.9, -7392.4, -5870.8, -5948.4]
J_Fs     = [0.01919, 0.01942, 0.01925, 0.01926]
J_Fprime = [-0.00091, -0.00068, -0.00085, -0.00084]

[Genetic Diversity - Heterozygosity]
mean_exp_het_pop1 = 0.8422
mean_obs_het_pop1 = 0.859
mean_exp_het_pop2 = 0.8409
mean_obs_het_pop2 = 0.8448

[Genetic Diversity - Allele Counts]
mean_alleles_pop1 = 10.29
var_alleles_pop1  = 3.31
sum_alleles_pop1  = 216
mean_alleles_pop2 = 10.6
var_alleles_pop2  = 4.93
sum_alleles_pop2  = 445

[Genetic Diversity - Allelic Size Variance]
var_allele_size_pop1 = 7.1379
var_allele_size_pop2 = 7.2515

[Per-locus summary - Population 1]
Locus | Num_Alleles | Alleles                                                           | Frequencies                                                                                                      | Variance | Obs_Het | Exp_Het
------+-------------+-------------------------------------------------------------------+------------------------------------------------------------------------------------------------------------------+----------+---------+--------
1     | 7           | [98, 99, 100, 101, 102, 103, 104]                                 | [0.0300, 0.1000, 0.2200, 0.1200, 0.3000, 0.2000, 0.0300]                                                         | 2.1816   | 0.8400  | 0.8034 
2     | 14          | [91, 92, 93, 94, 95, 96, 97, 98, 99, 100, 101, 102, 105, 106]     | [0.0100, 0.1300, 0.0400, 0.0700, 0.1000, 0.0300, 0.0100, 0.2800, 0.1300, 0.0800, 0.0200, 0.0300, 0.0600, 0.0100] | 12.4771  | 0.7600  | 0.8675 
3     | 12          | [91, 93, 94, 95, 96, 97, 98, 99, 100, 101, 102, 103]              | [0.0100, 0.0500, 0.0700, 0.2800, 0.1100, 0.0500, 0.0300, 0.0500, 0.1100, 0.1000, 0.1200, 0.0200]                 | 9.3664   | 0.9200  | 0.8679 
4     | 10          | [100, 101, 102, 103, 104, 105, 106, 107, 108, 109]                | [0.0400, 0.3700, 0.0700, 0.0200, 0.0100, 0.1100, 0.1400, 0.0700, 0.0900, 0.0800]                                 | 9.0051   | 0.8400  | 0.8131 
5     | 12          | [94, 95, 96, 97, 98, 99, 100, 101, 103, 104, 105, 106]            | [0.1800, 0.2900, 0.0400, 0.0100, 0.1400, 0.0300, 0.0500, 0.1000, 0.0500, 0.0900, 0.0100, 0.0100]                 | 12.3139  | 0.8800  | 0.8465 
6     | 10          | [96, 97, 98, 99, 100, 101, 102, 103, 104, 105]                    | [0.1100, 0.0700, 0.2000, 0.1200, 0.1000, 0.0900, 0.0600, 0.1000, 0.1000, 0.0500]                                 | 7.3899   | 0.9000  | 0.8933 
7     | 8           | [97, 98, 99, 100, 101, 102, 103, 104]                             | [0.0200, 0.1400, 0.1200, 0.2100, 0.2300, 0.1600, 0.0600, 0.0600]                                                 | 2.9699   | 0.8800  | 0.8442 
8     | 10          | [94, 95, 96, 97, 98, 99, 100, 101, 102, 103]                      | [0.0200, 0.0500, 0.0500, 0.1600, 0.0500, 0.3600, 0.1600, 0.0500, 0.0600, 0.0400]                                 | 3.9316   | 0.8000  | 0.8117 
9     | 14          | [95, 96, 97, 98, 99, 100, 101, 102, 103, 104, 105, 106, 107, 108] | [0.0700, 0.1400, 0.1700, 0.1000, 0.0500, 0.0700, 0.0300, 0.0400, 0.0900, 0.0100, 0.0300, 0.0300, 0.1100, 0.0600] | 18.0811  | 0.9200  | 0.9101 
10    | 10          | [98, 99, 100, 101, 102, 103, 104, 105, 106, 107]                  | [0.0100, 0.0400, 0.3200, 0.1600, 0.0600, 0.0500, 0.1400, 0.1100, 0.0900, 0.0200]                                 | 5.4744   | 0.8600  | 0.8323 
11    | 10          | [94, 95, 96, 98, 99, 100, 101, 102, 103, 104]                     | [0.0500, 0.1400, 0.0100, 0.0600, 0.1600, 0.1400, 0.1300, 0.2300, 0.0700, 0.0100]                                 | 7.4696   | 0.8400  | 0.8628 
12    | 9           | [98, 99, 100, 101, 102, 103, 104, 107, 108]                       | [0.0100, 0.1000, 0.0700, 0.1600, 0.2700, 0.2000, 0.0400, 0.1300, 0.0200]                                         | 5.6619   | 0.8600  | 0.8360 
13    | 8           | [94, 96, 97, 98, 99, 100, 101, 102]                               | [0.0200, 0.0400, 0.1900, 0.1400, 0.2900, 0.1700, 0.1300, 0.0200]                                                 | 2.5675   | 0.8400  | 0.8202 
14    | 11          | [95, 96, 97, 98, 99, 100, 101, 102, 103, 104, 105]                | [0.0200, 0.0800, 0.0600, 0.1300, 0.0800, 0.1100, 0.0600, 0.2100, 0.1100, 0.1100, 0.0300]                         | 7.1084   | 0.9400  | 0.8903 
15    | 11          | [96, 97, 98, 99, 100, 101, 102, 103, 104, 105, 106]               | [0.0200, 0.0200, 0.0600, 0.1200, 0.2000, 0.0900, 0.0400, 0.3000, 0.0600, 0.0700, 0.0200]                         | 5.2800   | 0.9000  | 0.8410 
16    | 10          | [94, 95, 96, 97, 98, 101, 102, 103, 104, 105]                     | [0.0300, 0.0400, 0.2100, 0.1900, 0.0700, 0.1400, 0.2200, 0.0800, 0.0100, 0.0100]                                 | 8.5396   | 0.8800  | 0.8463 
17    | 8           | [96, 97, 98, 99, 100, 101, 102, 103]                              | [0.0400, 0.1400, 0.0800, 0.0500, 0.1400, 0.2300, 0.2100, 0.1100]                                                 | 4.2939   | 0.8600  | 0.8497 
18    | 12          | [90, 91, 92, 93, 94, 95, 96, 98, 99, 100, 101, 102]               | [0.0100, 0.0700, 0.1100, 0.0300, 0.1100, 0.1100, 0.0800, 0.1200, 0.1400, 0.0400, 0.0600, 0.1200]                 | 12.5651  | 0.9400  | 0.9069 
19    | 10          | [94, 96, 97, 98, 99, 100, 101, 102, 103, 104]                     | [0.0600, 0.0100, 0.0200, 0.0200, 0.0800, 0.2100, 0.3400, 0.1200, 0.1100, 0.0300]                                 | 4.7475   | 0.8400  | 0.8101 
20    | 10          | [97, 98, 99, 100, 101, 102, 103, 104, 105, 106]                   | [0.0100, 0.0200, 0.3400, 0.1900, 0.0800, 0.0700, 0.1100, 0.0400, 0.0100, 0.1300]                                 | 6.1531   | 0.8400  | 0.8139 
21    | 10          | [94, 95, 96, 97, 98, 99, 100, 101, 102, 103]                      | [0.0100, 0.0600, 0.1400, 0.4900, 0.1000, 0.0800, 0.0900, 0.0100, 0.0100, 0.0100]                                 | 2.3179   | 0.7000  | 0.7190 

[Per-locus summary - Population 2]
Locus | Num_Alleles | Alleles                                                                    | Frequencies                                                                                                                      | Variance | Obs_Het | Exp_Het
------+-------------+----------------------------------------------------------------------------+----------------------------------------------------------------------------------------------------------------------------------+----------+---------+--------
1     | 8           | [98, 99, 100, 101, 102, 103, 104, 105]                                     | [0.0600, 0.1000, 0.1800, 0.1200, 0.2600, 0.2000, 0.0600, 0.0200]                                                                 | 2.9104   | 0.8400  | 0.8364 
2     | 15          | [91, 92, 93, 94, 95, 96, 97, 98, 99, 100, 101, 102, 103, 105, 106]         | [0.0100, 0.0800, 0.0100, 0.0500, 0.0700, 0.0300, 0.0600, 0.3200, 0.0900, 0.1300, 0.0200, 0.0600, 0.0200, 0.0300, 0.0200]         | 10.2299  | 0.8200  | 0.8570 
3     | 12          | [91, 93, 94, 95, 96, 97, 98, 99, 100, 101, 102, 103]                       | [0.0300, 0.0100, 0.0700, 0.3300, 0.1300, 0.0500, 0.0300, 0.0400, 0.0500, 0.0700, 0.1700, 0.0200]                                 | 9.9659   | 0.8800  | 0.8349 
4     | 10          | [100, 101, 102, 103, 104, 105, 106, 107, 108, 109]                         | [0.0600, 0.3100, 0.0700, 0.0200, 0.0600, 0.1600, 0.1500, 0.0700, 0.0300, 0.0700]                                                 | 7.6339   | 0.8600  | 0.8410 
5     | 12          | [94, 95, 96, 97, 98, 99, 100, 101, 104, 105, 106, 107]                     | [0.1700, 0.3900, 0.0800, 0.0100, 0.0900, 0.0300, 0.0300, 0.0700, 0.0500, 0.0400, 0.0200, 0.0200]                                 | 13.3600  | 0.8000  | 0.8008 
6     | 10          | [96, 97, 98, 99, 100, 101, 102, 103, 104, 105]                             | [0.0900, 0.0600, 0.2400, 0.1000, 0.0700, 0.1000, 0.0600, 0.2100, 0.0500, 0.0200]                                                 | 6.5691   | 0.8600  | 0.8638 
7     | 8           | [97, 98, 99, 100, 101, 102, 103, 104]                                      | [0.0300, 0.1500, 0.1200, 0.1800, 0.1800, 0.1100, 0.1800, 0.0500]                                                                 | 3.6331   | 0.9200  | 0.8590 
8     | 10          | [94, 95, 96, 97, 98, 99, 100, 101, 102, 103]                               | [0.0100, 0.0400, 0.1000, 0.1800, 0.0700, 0.1700, 0.2600, 0.0800, 0.0600, 0.0300]                                                 | 4.1316   | 0.8400  | 0.8521 
9     | 16          | [94, 95, 96, 97, 98, 99, 100, 101, 102, 103, 104, 105, 106, 107, 108, 110] | [0.0300, 0.1300, 0.1400, 0.1300, 0.1000, 0.0700, 0.0300, 0.0200, 0.0200, 0.0700, 0.0200, 0.0200, 0.0300, 0.0500, 0.1200, 0.0200] | 22.9619  | 0.9000  | 0.9143 
10    | 8           | [99, 100, 101, 102, 103, 104, 105, 106]                                    | [0.0900, 0.3300, 0.1200, 0.0600, 0.0700, 0.1700, 0.0900, 0.0700]                                                                 | 4.9219   | 0.8400  | 0.8265 
11    | 9           | [94, 95, 96, 98, 99, 100, 101, 102, 103]                                   | [0.0400, 0.1300, 0.0400, 0.0900, 0.1300, 0.1500, 0.1300, 0.2300, 0.0600]                                                         | 7.0619   | 0.8800  | 0.8677 
12    | 9           | [98, 99, 100, 101, 102, 103, 104, 107, 108]                                | [0.0200, 0.1300, 0.0700, 0.1300, 0.2600, 0.2900, 0.0200, 0.0500, 0.0300]                                                         | 4.5996   | 0.6800  | 0.8135 
13    | 8           | [95, 96, 97, 98, 99, 100, 101, 102]                                        | [0.0200, 0.0300, 0.2100, 0.1600, 0.3500, 0.1400, 0.0800, 0.0100]                                                                 | 1.9636   | 0.8400  | 0.7883 
14    | 11          | [95, 96, 97, 98, 99, 100, 101, 102, 103, 104, 105]                         | [0.0100, 0.1100, 0.0700, 0.1200, 0.0400, 0.0800, 0.0300, 0.2600, 0.1500, 0.0900, 0.0400]                                         | 7.6836   | 0.9000  | 0.8685 
15    | 13          | [94, 95, 96, 97, 98, 99, 100, 101, 102, 103, 104, 105, 106]                | [0.0200, 0.0100, 0.0400, 0.0500, 0.1000, 0.0500, 0.1200, 0.1300, 0.0700, 0.2100, 0.0500, 0.1000, 0.0500]                         | 8.5411   | 0.8800  | 0.8966 
16    | 8           | [94, 96, 97, 98, 99, 101, 102, 103]                                        | [0.0300, 0.3200, 0.2100, 0.0700, 0.0100, 0.1200, 0.1800, 0.0600]                                                                 | 7.2636   | 0.8600  | 0.8053 
17    | 9           | [96, 97, 98, 99, 100, 101, 102, 103, 105]                                  | [0.0100, 0.1100, 0.0400, 0.0600, 0.1700, 0.3000, 0.2500, 0.0400, 0.0200]                                                         | 3.2699   | 0.7600  | 0.8073 
18    | 12          | [91, 92, 93, 94, 95, 96, 97, 98, 99, 100, 101, 102]                        | [0.1500, 0.1400, 0.0200, 0.1100, 0.0200, 0.0800, 0.0100, 0.1200, 0.1400, 0.0600, 0.1000, 0.0500]                                 | 13.6300  | 0.8800  | 0.8974 
19    | 11          | [94, 95, 96, 97, 98, 99, 100, 101, 102, 103, 104]                          | [0.0100, 0.0100, 0.0400, 0.0200, 0.0200, 0.0900, 0.2300, 0.2500, 0.1000, 0.1700, 0.0600]                                         | 4.1924   | 0.9200  | 0.8398 
20    | 10          | [97, 98, 99, 100, 101, 102, 103, 104, 105, 106]                            | [0.0100, 0.0300, 0.3000, 0.1700, 0.1400, 0.1100, 0.1200, 0.0100, 0.0200, 0.0900]                                                 | 5.0499   | 0.8600  | 0.8337 
21    | 8           | [94, 95, 96, 97, 98, 99, 100, 102]                                         | [0.0100, 0.0700, 0.1000, 0.4400, 0.0800, 0.1200, 0.1500, 0.0300]                                                                 | 2.7075   | 0.7200  | 0.7548 
