
[Simulation Info]
simulation_id = sim_0004907
timestamp     = 20250428_091933
seed          = 597525
output_folder = /home/lejeunet/Bureau/simulations/Ref_table/sim_0004907

[Model Parameters]
pop_size           = 2329
num_loci           = 20
sample1_generation = 30
sample2_generation = 10
low_repeats        = 1
high_repeats       = 200
mutation_rate      = 0.001
recap_Ne           = 2329

[Sampling Design]
sample1_size_Ne  = 50
sample2_size_Ne  = 50
sample1_size_CMR = 50
sample2_size_CMR = 50

[Capture-Marquage-Recapture]
census_N   =  2601
MatchCount =  1

[Ne Estimates - One Sample - Decreasing critical values [0.050, 0.020, 0.010, 0+]]

[Linkage Desequilibrium]
LD_Ne_Pop1 = [864.7, 955.5, 2413.2, 2413.2]
LD_r2_Pop1 = [0.021661, 0.021624, 0.021414, 0.021414]
LD_Ne_Pop2 = [556.8, 684.2, 1020.7, 1020.7]
LD_r2_Pop2 = [0.021872, 0.021762, 0.021602, 0.021602]

[Heterozygote excess]
HE_Neb_mean_Pop1        = [127.7, 125.2, 132.9, 132.9]
HE_weighted_D_mean_Pop1 = [0.00393, 0.00401, 0.00378, 0.00378]
HE_Neb_mean_Pop2        = [111.0, 146.8, 162.1, 162.1]
HE_weighted_D_mean_Pop2 = [0.00453, 0.00342, 0.00309, 0.00309]

[Molecular Coancestry]
Coan_Neb_n_Pop1 = 23.4
Coan_f1_Pop1    = 0.02138
Coan_Neb_n_Pop2 = 821.3
Coan_f1_Pop2    = 0.00061

[Ne Estimates - Temporal - Decreasing critical values (0.050, 0.020, 0.010, 0+)]

[Pollak]
P_Ne     = [2809.9, 2364.9, 2135.8, 1868.3]
P_Fk     = [0.02178, 0.02211, 0.02234, 0.02268]
P_Fprime = [0.00178, 0.00211, 0.00234, 0.00268]

[Nei/Tajima]
N_Ne     = [4300.5, 3321.2, 2884.1, 2451.2]
N_Fc     = [0.02116, 0.02151, 0.02173, 0.02204]
N_Fprime = [0.00116, 0.00151, 0.00173, 0.00204]

[Jorde/Ryman]
J_Ne     = [25788.3, 79281.3, 41941.9, 32225.4]
J_Fs     = [0.02029, 0.02016, 0.02022, 0.02026]
J_Fprime = [0.00019, 6e-05, 0.00012, 0.00016]

[Genetic Diversity - Heterozygosity]
mean_exp_het_pop1 = 0.7925
mean_obs_het_pop1 = 0.7981
mean_exp_het_pop2 = 0.7971
mean_obs_het_pop2 = 0.7971

[Genetic Diversity - Allele Counts]
mean_alleles_pop1 = 7.86
var_alleles_pop1  = 3.33
sum_alleles_pop1  = 165
mean_alleles_pop2 = 8.33
var_alleles_pop2  = 3.69
sum_alleles_pop2  = 350

[Genetic Diversity - Allelic Size Variance]
var_allele_size_pop1 = 5.4001
var_allele_size_pop2 = 5.3475

[Per-locus summary - Population 1]
Locus | Num_Alleles | Alleles                                                | Frequencies                                                                                      | Variance | Obs_Het | Exp_Het
------+-------------+--------------------------------------------------------+--------------------------------------------------------------------------------------------------+----------+---------+--------
1     | 10          | [98, 99, 100, 101, 102, 103, 104, 105, 106, 107]       | [0.1300, 0.2000, 0.0200, 0.0300, 0.2100, 0.0200, 0.1800, 0.1600, 0.0400, 0.0100]                 | 7.0456   | 0.8600  | 0.8461 
2     | 6           | [95, 96, 97, 98, 99, 100]                              | [0.0100, 0.0300, 0.3500, 0.2000, 0.2200, 0.1900]                                                 | 1.5144   | 0.7000  | 0.7596 
3     | 10          | [92, 93, 94, 96, 97, 98, 99, 100, 102, 103]            | [0.0100, 0.0600, 0.0900, 0.1200, 0.1600, 0.0700, 0.2200, 0.0600, 0.1900, 0.0200]                 | 7.9336   | 0.9000  | 0.8634 
4     | 8           | [96, 97, 98, 103, 104, 105, 106, 107]                  | [0.0100, 0.1100, 0.1400, 0.2300, 0.2300, 0.1500, 0.1200, 0.0100]                                 | 9.7700   | 0.8200  | 0.8337 
5     | 8           | [94, 95, 96, 97, 98, 102, 103, 104]                    | [0.0700, 0.0600, 0.1900, 0.4100, 0.0500, 0.0200, 0.1500, 0.0500]                                 | 8.6856   | 0.7600  | 0.7671 
6     | 10          | [94, 95, 96, 97, 98, 99, 100, 105, 106, 107]           | [0.0800, 0.2800, 0.1400, 0.1000, 0.0700, 0.1200, 0.0300, 0.0200, 0.1100, 0.0500]                 | 16.7579  | 0.8400  | 0.8590 
7     | 7           | [98, 99, 100, 101, 102, 103, 104]                      | [0.1200, 0.2400, 0.0800, 0.1900, 0.2400, 0.1000, 0.0300]                                         | 2.8779   | 0.9400  | 0.8253 
8     | 7           | [92, 93, 94, 95, 96, 98, 99]                           | [0.0100, 0.2900, 0.2300, 0.1600, 0.0500, 0.0500, 0.2100]                                         | 5.3000   | 0.8000  | 0.7962 
9     | 6           | [96, 97, 98, 99, 100, 102]                             | [0.0200, 0.2600, 0.1900, 0.4100, 0.0900, 0.0300]                                                 | 1.4219   | 0.6400  | 0.7261 
10    | 8           | [101, 102, 103, 104, 105, 106, 107, 108]               | [0.0200, 0.0600, 0.0900, 0.0500, 0.0500, 0.4200, 0.2600, 0.0500]                                 | 2.8200   | 0.7400  | 0.7438 
11    | 10          | [98, 99, 101, 102, 103, 104, 105, 107, 109, 110]       | [0.0800, 0.1900, 0.0100, 0.0200, 0.3200, 0.1600, 0.0100, 0.0100, 0.1600, 0.0400]                 | 13.1124  | 0.8400  | 0.8097 
12    | 7           | [101, 102, 103, 104, 105, 106, 107]                    | [0.0900, 0.1200, 0.3600, 0.0400, 0.0800, 0.2000, 0.1100]                                         | 3.5164   | 0.7600  | 0.7958 
13    | 12          | [94, 95, 96, 97, 98, 99, 100, 101, 102, 103, 104, 105] | [0.0200, 0.0100, 0.0800, 0.2200, 0.1600, 0.1400, 0.0700, 0.0700, 0.0500, 0.1000, 0.0600, 0.0200] | 7.0000   | 0.8600  | 0.8820 
14    | 5           | [95, 96, 97, 98, 99]                                   | [0.0300, 0.1800, 0.2400, 0.2300, 0.3200]                                                         | 1.4131   | 0.8200  | 0.7614 
15    | 7           | [96, 97, 98, 99, 100, 101, 102]                        | [0.1000, 0.0100, 0.0200, 0.1300, 0.4000, 0.1700, 0.1700]                                         | 2.7419   | 0.7600  | 0.7624 
16    | 6           | [93, 95, 96, 97, 98, 99]                               | [0.0300, 0.1500, 0.2000, 0.2100, 0.3700, 0.0400]                                                 | 1.7811   | 0.7200  | 0.7616 
17    | 9           | [94, 95, 96, 97, 98, 100, 101, 102, 103]               | [0.0100, 0.0200, 0.0500, 0.0600, 0.0200, 0.0500, 0.2000, 0.4700, 0.1200]                         | 4.5936   | 0.7400  | 0.7224 
18    | 9           | [97, 99, 101, 102, 103, 104, 105, 106, 107]            | [0.0900, 0.2000, 0.0500, 0.2400, 0.1200, 0.0600, 0.0900, 0.1300, 0.0200]                         | 7.8491   | 0.8400  | 0.8570 
19    | 6           | [97, 98, 99, 100, 101, 102]                            | [0.0100, 0.2400, 0.4100, 0.1400, 0.1000, 0.1000]                                                 | 1.5756   | 0.8200  | 0.7420 
20    | 6           | [95, 96, 97, 98, 99, 100]                              | [0.0100, 0.0700, 0.4800, 0.2900, 0.1400, 0.0100]                                                 | 0.7899   | 0.7400  | 0.6675 
21    | 8           | [94, 95, 96, 97, 98, 99, 100, 101]                     | [0.0700, 0.1300, 0.2000, 0.0400, 0.1700, 0.1600, 0.0700, 0.1600]                                 | 4.9011   | 0.8600  | 0.8602 

[Per-locus summary - Population 2]
Locus | Num_Alleles | Alleles                                                | Frequencies                                                                                      | Variance | Obs_Het | Exp_Het
------+-------------+--------------------------------------------------------+--------------------------------------------------------------------------------------------------+----------+---------+--------
1     | 10          | [97, 98, 99, 100, 101, 102, 103, 104, 105, 106]        | [0.0100, 0.0300, 0.1500, 0.1000, 0.0200, 0.1300, 0.0300, 0.2100, 0.2400, 0.0800]                 | 6.3875   | 0.8200  | 0.8487 
2     | 6           | [95, 96, 97, 98, 99, 100]                              | [0.0100, 0.0300, 0.2700, 0.2000, 0.3500, 0.1400]                                                 | 1.3171   | 0.7600  | 0.7515 
3     | 11          | [92, 93, 94, 95, 96, 97, 98, 99, 100, 102, 103]        | [0.0200, 0.0700, 0.0400, 0.0200, 0.0400, 0.2900, 0.0300, 0.2400, 0.0400, 0.2000, 0.0100]         | 7.5779   | 0.7400  | 0.8149 
4     | 8           | [97, 98, 99, 103, 104, 105, 106, 107]                  | [0.1500, 0.0700, 0.0100, 0.2600, 0.2800, 0.1500, 0.0500, 0.0300]                                 | 8.9264   | 0.8200  | 0.8087 
5     | 9           | [94, 95, 96, 97, 98, 99, 102, 103, 104]                | [0.0300, 0.0500, 0.2000, 0.3600, 0.1000, 0.0200, 0.0200, 0.1900, 0.0300]                         | 8.2200   | 0.7400  | 0.7871 
6     | 8           | [94, 95, 96, 97, 98, 99, 106, 107]                     | [0.0900, 0.3500, 0.0900, 0.1200, 0.1000, 0.0700, 0.1600, 0.0200]                                 | 16.9676  | 0.7600  | 0.8141 
7     | 7           | [98, 99, 100, 101, 102, 103, 104]                      | [0.0900, 0.2600, 0.1100, 0.1600, 0.2400, 0.0700, 0.0700]                                         | 3.0139   | 0.8600  | 0.8275 
8     | 8           | [92, 93, 94, 95, 96, 97, 98, 99]                       | [0.0300, 0.2100, 0.2700, 0.2200, 0.0100, 0.0200, 0.0900, 0.1500]                                 | 4.6604   | 0.8400  | 0.8107 
9     | 6           | [95, 96, 97, 98, 99, 100]                              | [0.0300, 0.1000, 0.2800, 0.1600, 0.3800, 0.0500]                                                 | 1.5219   | 0.7400  | 0.7457 
10    | 8           | [101, 102, 103, 104, 105, 106, 107, 108]               | [0.1000, 0.0300, 0.0800, 0.1300, 0.0700, 0.4000, 0.1400, 0.0500]                                 | 3.7275   | 0.7400  | 0.7867 
11    | 10          | [98, 99, 100, 102, 103, 104, 105, 107, 109, 110]       | [0.0400, 0.2300, 0.0600, 0.0200, 0.3100, 0.1400, 0.0100, 0.0100, 0.1600, 0.0200]                 | 12.3196  | 0.7800  | 0.8077 
12    | 7           | [101, 102, 103, 104, 105, 106, 107]                    | [0.1000, 0.1500, 0.3800, 0.0600, 0.0500, 0.1600, 0.1000]                                         | 3.3739   | 0.8000  | 0.7893 
13    | 12          | [94, 95, 96, 97, 98, 99, 100, 101, 102, 103, 104, 105] | [0.0100, 0.0100, 0.0500, 0.2300, 0.1700, 0.1600, 0.0700, 0.1000, 0.0600, 0.0600, 0.0600, 0.0200] | 6.0824   | 0.8400  | 0.8725 
14    | 6           | [95, 96, 97, 98, 99, 100]                              | [0.0100, 0.0800, 0.2500, 0.2400, 0.4000, 0.0200]                                                 | 1.1400   | 0.7400  | 0.7202 
15    | 9           | [95, 96, 97, 98, 99, 100, 101, 102, 103]               | [0.0100, 0.1200, 0.0600, 0.0300, 0.0700, 0.2500, 0.1800, 0.2300, 0.0500]                         | 4.4475   | 0.8600  | 0.8341 
16    | 7           | [93, 95, 96, 97, 98, 99, 101]                          | [0.0400, 0.1300, 0.2700, 0.2400, 0.3000, 0.0100, 0.0100]                                         | 1.8211   | 0.8200  | 0.7685 
17    | 9           | [95, 96, 97, 98, 100, 101, 102, 103, 104]              | [0.0200, 0.1100, 0.0800, 0.0500, 0.0300, 0.2000, 0.4100, 0.0900, 0.0100]                         | 5.7875   | 0.7400  | 0.7691 
18    | 11          | [96, 97, 98, 99, 101, 102, 103, 104, 105, 106, 107]    | [0.0100, 0.0500, 0.0300, 0.1600, 0.0300, 0.2300, 0.1700, 0.0600, 0.1100, 0.1400, 0.0100]         | 7.3659   | 0.8000  | 0.8614 
19    | 6           | [97, 98, 99, 100, 101, 102]                            | [0.0300, 0.1800, 0.3200, 0.2400, 0.1100, 0.1200]                                                 | 1.7236   | 0.8200  | 0.7881 
20    | 5           | [95, 96, 97, 98, 99]                                   | [0.0100, 0.0600, 0.4200, 0.3200, 0.1900]                                                         | 0.7956   | 0.7800  | 0.6883 
21    | 8           | [94, 95, 96, 97, 98, 99, 100, 101]                     | [0.1000, 0.0500, 0.2300, 0.0500, 0.1500, 0.1800, 0.0400, 0.2000]                                 | 5.1200   | 0.9400  | 0.8440 
