
[Simulation Info]
simulation_id = sim_0001059
timestamp     = 20250428_075428
seed          = 523220
output_folder = /home/lejeunet/Bureau/simulations/Ref_table/sim_0001059

[Model Parameters]
pop_size           = 2177
num_loci           = 20
sample1_generation = 30
sample2_generation = 10
low_repeats        = 1
high_repeats       = 200
mutation_rate      = 0.001
recap_Ne           = 2177

[Sampling Design]
sample1_size_Ne  = 50
sample2_size_Ne  = 50
sample1_size_CMR = 50
sample2_size_CMR = 50

[Capture-Marquage-Recapture]
census_N   =  2601
MatchCount =  1

[Ne Estimates - One Sample - Decreasing critical values [0.050, 0.020, 0.010, 0+]]

[Linkage Desequilibrium]
LD_Ne_Pop1 = [None, None, None, None]
LD_r2_Pop1 = [0.021133, 0.021202, 0.02111, 0.02111]
LD_Ne_Pop2 = [917.3, 5490.9, 807.7, 807.7]
LD_r2_Pop2 = [0.021639, 0.021337, 0.021688, 0.021688]

[Heterozygote excess]
HE_Neb_mean_Pop1        = [32.5, 60.4, 66.8, 66.8]
HE_weighted_D_mean_Pop1 = [0.01562, 0.00835, 0.00754, 0.00754]
HE_Neb_mean_Pop2        = [None, 121.5, 126.7, 126.7]
HE_weighted_D_mean_Pop2 = [-0.0051, 0.00413, 0.00396, 0.00396]

[Molecular Coancestry]
Coan_Neb_n_Pop1 = None
Coan_f1_Pop1    = -0.01307
Coan_Neb_n_Pop2 = 159.8
Coan_f1_Pop2    = 0.00313

[Ne Estimates - Temporal - Decreasing critical values (0.050, 0.020, 0.010, 0+)]

[Pollak]
P_Ne     = [1272.1, 2034.6, 2359.5, 1972.7]
P_Fk     = [0.02393, 0.02246, 0.02212, 0.02253]
P_Fprime = [0.00393, 0.00246, 0.00212, 0.00253]

[Nei/Tajima]
N_Ne     = [1358.5, 2078.6, 2371.1, 2021.7]
N_Fc     = [0.02368, 0.02241, 0.02211, 0.02247]
N_Fprime = [0.00368, 0.00241, 0.00211, 0.00247]

[Jorde/Ryman]
J_Ne     = [1012.7, 1001.2, 999.1, 989.5]
J_Fs     = [0.02504, 0.0251, 0.02511, 0.02516]
J_Fprime = [0.00494, 0.00499, 0.005, 0.00505]

[Genetic Diversity - Heterozygosity]
mean_exp_het_pop1 = 0.7771
mean_obs_het_pop1 = 0.781
mean_exp_het_pop2 = 0.7792
mean_obs_het_pop2 = 0.781

[Genetic Diversity - Allele Counts]
mean_alleles_pop1 = 7.86
var_alleles_pop1  = 3.13
sum_alleles_pop1  = 165
mean_alleles_pop2 = 7.88
var_alleles_pop2  = 3.57
sum_alleles_pop2  = 331

[Genetic Diversity - Allelic Size Variance]
var_allele_size_pop1 = 3.7737
var_allele_size_pop2 = 3.6751

[Per-locus summary - Population 1]
Locus | Num_Alleles | Alleles                                                      | Frequencies                                                                                              | Variance | Obs_Het | Exp_Het
------+-------------+--------------------------------------------------------------+----------------------------------------------------------------------------------------------------------+----------+---------+--------
1     | 6           | [98, 99, 100, 101, 102, 104]                                 | [0.0100, 0.0600, 0.1800, 0.3400, 0.3300, 0.0800]                                                         | 1.5024   | 0.6200  | 0.7404 
2     | 9           | [95, 96, 97, 98, 99, 100, 101, 102, 103]                     | [0.0100, 0.0200, 0.0400, 0.1000, 0.1800, 0.3300, 0.1800, 0.1300, 0.0100]                                 | 2.2744   | 0.8800  | 0.8053 
3     | 7           | [97, 98, 99, 100, 101, 102, 103]                             | [0.0400, 0.2600, 0.4200, 0.0900, 0.1200, 0.0600, 0.0100]                                                 | 1.6459   | 0.6800  | 0.7356 
4     | 8           | [97, 98, 99, 100, 101, 102, 103, 104]                        | [0.0400, 0.1100, 0.1600, 0.0300, 0.1400, 0.0600, 0.4400, 0.0200]                                         | 4.2744   | 0.7000  | 0.7501 
5     | 9           | [97, 98, 99, 100, 101, 102, 103, 104, 105]                   | [0.0200, 0.1400, 0.1300, 0.0300, 0.2900, 0.0100, 0.0200, 0.3300, 0.0300]                                 | 5.5331   | 0.8000  | 0.7756 
6     | 8           | [95, 96, 97, 98, 99, 100, 101, 102]                          | [0.0600, 0.0800, 0.1000, 0.2500, 0.2400, 0.0500, 0.1400, 0.0800]                                         | 3.5304   | 0.8800  | 0.8398 
7     | 8           | [97, 98, 99, 100, 101, 102, 103, 105]                        | [0.0300, 0.0600, 0.2400, 0.1000, 0.0900, 0.2500, 0.1800, 0.0500]                                         | 3.8451   | 0.7800  | 0.8307 
8     | 6           | [97, 98, 99, 100, 101, 104]                                  | [0.0600, 0.3700, 0.2000, 0.2100, 0.0100, 0.1500]                                                         | 4.3699   | 0.8000  | 0.7604 
9     | 9           | [95, 96, 97, 98, 99, 100, 102, 103, 104]                     | [0.0100, 0.1400, 0.2700, 0.1900, 0.0700, 0.0800, 0.1000, 0.0400, 0.1000]                                 | 6.7875   | 0.9200  | 0.8469 
10    | 10          | [96, 97, 98, 99, 100, 101, 102, 103, 104, 105]               | [0.0100, 0.3100, 0.3000, 0.1000, 0.0600, 0.0800, 0.0700, 0.0400, 0.0200, 0.0100]                         | 4.1000   | 0.8400  | 0.7947 
11    | 10          | [96, 97, 98, 99, 100, 101, 102, 103, 104, 106]               | [0.1200, 0.2300, 0.0200, 0.2200, 0.1200, 0.0700, 0.1600, 0.0100, 0.0400, 0.0100]                         | 5.4659   | 0.8600  | 0.8457 
12    | 6           | [98, 99, 100, 101, 102, 103]                                 | [0.1300, 0.0100, 0.3000, 0.1700, 0.2800, 0.1100]                                                         | 2.1859   | 0.7400  | 0.7814 
13    | 6           | [98, 99, 100, 101, 102, 103]                                 | [0.0600, 0.3700, 0.3000, 0.2400, 0.0100, 0.0200]                                                         | 1.0411   | 0.6800  | 0.7186 
14    | 6           | [96, 97, 98, 99, 100, 101]                                   | [0.0100, 0.2800, 0.2300, 0.3000, 0.0800, 0.1000]                                                         | 1.6284   | 0.7800  | 0.7699 
15    | 7           | [96, 97, 98, 99, 100, 101, 102]                              | [0.0100, 0.0100, 0.1000, 0.6000, 0.1000, 0.0300, 0.1500]                                                 | 1.5884   | 0.6400  | 0.6024 
16    | 9           | [95, 96, 98, 99, 100, 101, 102, 103, 104]                    | [0.0100, 0.0700, 0.0200, 0.2700, 0.1800, 0.0600, 0.2400, 0.1400, 0.0100]                                 | 4.0304   | 0.8200  | 0.8166 
17    | 13          | [92, 93, 94, 96, 97, 100, 101, 102, 103, 104, 105, 106, 107] | [0.0300, 0.1100, 0.0100, 0.0100, 0.0200, 0.0600, 0.1100, 0.2000, 0.0400, 0.1900, 0.1700, 0.0100, 0.0400] | 16.9019  | 0.8600  | 0.8711 
18    | 7           | [98, 99, 100, 101, 102, 103, 104]                            | [0.0700, 0.1500, 0.5000, 0.2300, 0.0300, 0.0100, 0.0100]                                                 | 1.0251   | 0.7400  | 0.6754 
19    | 7           | [97, 98, 99, 100, 101, 102, 103]                             | [0.0200, 0.3400, 0.2700, 0.1100, 0.0600, 0.1700, 0.0300]                                                 | 2.5496   | 0.8400  | 0.7733 
20    | 7           | [98, 99, 100, 101, 102, 103, 104]                            | [0.0300, 0.1300, 0.3100, 0.1100, 0.0600, 0.2600, 0.1000]                                                 | 3.0516   | 0.7200  | 0.8008 
21    | 7           | [96, 97, 98, 99, 100, 101, 102]                              | [0.0300, 0.3000, 0.2500, 0.1900, 0.1800, 0.0100, 0.0400]                                                 | 1.9156   | 0.8200  | 0.7842 

[Per-locus summary - Population 2]
Locus | Num_Alleles | Alleles                                                      | Frequencies                                                                                              | Variance | Obs_Het | Exp_Het
------+-------------+--------------------------------------------------------------+----------------------------------------------------------------------------------------------------------+----------+---------+--------
1     | 7           | [98, 99, 100, 101, 102, 103, 104]                            | [0.0100, 0.0800, 0.1600, 0.3500, 0.3200, 0.0100, 0.0700]                                                 | 1.5200   | 0.6800  | 0.7454 
2     | 7           | [97, 98, 99, 100, 101, 102, 103]                             | [0.0400, 0.1700, 0.1100, 0.3800, 0.1600, 0.1200, 0.0200]                                                 | 1.9579   | 0.7200  | 0.7804 
3     | 6           | [97, 98, 99, 100, 101, 102]                                  | [0.0100, 0.2600, 0.5200, 0.0800, 0.0900, 0.0400]                                                         | 1.0900   | 0.7200  | 0.6523 
4     | 8           | [97, 98, 99, 100, 101, 102, 103, 104]                        | [0.0100, 0.1400, 0.1100, 0.0400, 0.0700, 0.1300, 0.4400, 0.0600]                                         | 4.1091   | 0.7600  | 0.7551 
5     | 9           | [97, 98, 99, 100, 101, 102, 103, 104, 105]                   | [0.0400, 0.0800, 0.2100, 0.0800, 0.2900, 0.0200, 0.0200, 0.2300, 0.0300]                                 | 4.9291   | 0.7800  | 0.8109 
6     | 9           | [94, 95, 96, 97, 98, 99, 100, 101, 102]                      | [0.0100, 0.0400, 0.0700, 0.0400, 0.2000, 0.2700, 0.1200, 0.1700, 0.0800]                                 | 3.4000   | 0.8400  | 0.8376 
7     | 8           | [97, 98, 99, 100, 101, 102, 103, 105]                        | [0.0100, 0.0400, 0.2400, 0.1000, 0.0600, 0.3000, 0.2100, 0.0400]                                         | 3.3404   | 0.7600  | 0.7994 
8     | 6           | [97, 98, 99, 100, 101, 104]                                  | [0.0500, 0.2700, 0.2200, 0.2500, 0.0200, 0.1900]                                                         | 4.7931   | 0.8600  | 0.7851 
9     | 9           | [96, 97, 98, 99, 100, 101, 102, 103, 104]                    | [0.1700, 0.2400, 0.1300, 0.1000, 0.0900, 0.0100, 0.1400, 0.0700, 0.0500]                                 | 6.3764   | 0.9400  | 0.8600 
10    | 10          | [96, 97, 98, 99, 100, 101, 102, 103, 104, 105]               | [0.0100, 0.2900, 0.2100, 0.1200, 0.0600, 0.1500, 0.0700, 0.0300, 0.0400, 0.0200]                         | 4.9139   | 0.8400  | 0.8317 
11    | 10          | [96, 97, 98, 99, 100, 101, 102, 103, 104, 105]               | [0.0500, 0.2700, 0.0200, 0.2400, 0.1500, 0.0500, 0.1400, 0.0300, 0.0400, 0.0100]                         | 4.8844   | 0.8400  | 0.8277 
12    | 6           | [98, 99, 100, 101, 102, 103]                                 | [0.1400, 0.0800, 0.1700, 0.1000, 0.3500, 0.1600]                                                         | 2.7336   | 0.8000  | 0.7950 
13    | 5           | [99, 100, 101, 102, 103]                                     | [0.2300, 0.2900, 0.4200, 0.0300, 0.0300]                                                                 | 0.9244   | 0.7000  | 0.6917 
14    | 6           | [96, 97, 98, 99, 100, 101]                                   | [0.0500, 0.1700, 0.2300, 0.2100, 0.2000, 0.1400]                                                         | 2.0624   | 0.8600  | 0.8202 
15    | 7           | [97, 98, 99, 100, 101, 102, 103]                             | [0.0800, 0.1200, 0.5200, 0.1300, 0.0300, 0.1100, 0.0100]                                                 | 1.7616   | 0.6600  | 0.6857 
16    | 8           | [96, 98, 99, 100, 101, 102, 103, 104]                        | [0.0900, 0.0200, 0.0900, 0.2700, 0.0900, 0.1800, 0.2500, 0.0100]                                         | 4.2675   | 0.8000  | 0.8156 
17    | 13          | [92, 93, 94, 96, 97, 100, 101, 102, 103, 104, 105, 106, 107] | [0.0500, 0.0700, 0.0300, 0.0200, 0.0200, 0.0400, 0.1100, 0.2400, 0.0500, 0.2200, 0.1200, 0.0100, 0.0200] | 16.1259  | 0.8200  | 0.8624 
18    | 6           | [97, 98, 99, 100, 101, 102]                                  | [0.0100, 0.0600, 0.1000, 0.5000, 0.2800, 0.0500]                                                         | 0.8931   | 0.6400  | 0.6620 
19    | 6           | [98, 99, 100, 101, 102, 103]                                 | [0.2800, 0.3300, 0.0500, 0.1700, 0.1400, 0.0300]                                                         | 2.3275   | 0.8200  | 0.7685 
20    | 8           | [98, 99, 100, 101, 102, 103, 104, 105]                       | [0.0700, 0.1800, 0.2600, 0.1300, 0.0800, 0.1300, 0.1400, 0.0100]                                         | 3.6291   | 0.8600  | 0.8436 
21    | 5           | [96, 97, 98, 99, 100]                                        | [0.0200, 0.3700, 0.2800, 0.2100, 0.1200]                                                                 | 1.1384   | 0.7000  | 0.7331 
