
[Simulation Info]
simulation_id = sim_0005282
timestamp     = 20250428_092904
seed          = 160981
output_folder = /home/lejeunet/Bureau/simulations/Ref_table/sim_0005282

[Model Parameters]
pop_size           = 123
num_loci           = 20
sample1_generation = 30
sample2_generation = 10
low_repeats        = 1
high_repeats       = 200
mutation_rate      = 0.001
recap_Ne           = 123

[Sampling Design]
sample1_size_Ne  = 50
sample2_size_Ne  = 50
sample1_size_CMR = 50
sample2_size_CMR = 50

[Capture-Marquage-Recapture]
census_N   =  144
MatchCount =  18

[Ne Estimates - One Sample - Decreasing critical values [0.050, 0.020, 0.010, 0+]]

[Linkage Desequilibrium]
LD_Ne_Pop1 = [58.2, 69.3, 57.8, 57.8]
LD_r2_Pop1 = [0.0268, 0.025943, 0.026839, 0.026839]
LD_Ne_Pop2 = [52.9, 59.9, 128.3, 128.3]
LD_r2_Pop2 = [0.027335, 0.026645, 0.023832, 0.023832]

[Heterozygote excess]
HE_Neb_mean_Pop1        = [45.6, 45.9, 49.5, 49.5]
HE_weighted_D_mean_Pop1 = [0.0111, 0.01101, 0.01021, 0.01021]
HE_Neb_mean_Pop2        = [None, None, None, None]
HE_weighted_D_mean_Pop2 = [-0.022, -0.0178, -0.01719, -0.01719]

[Molecular Coancestry]
Coan_Neb_n_Pop1 = 4.8
Coan_f1_Pop1    = 0.10311
Coan_Neb_n_Pop2 = 13.0
Coan_f1_Pop2    = 0.03861

[Ne Estimates - Temporal - Decreasing critical values (0.050, 0.020, 0.010, 0+)]

[Pollak]
P_Ne     = [173.9, 197.8, 197.7, 209.0]
P_Fk     = [0.04876, 0.04528, 0.04529, 0.04393]
P_Fprime = [0.02876, 0.02528, 0.02529, 0.02393]

[Nei/Tajima]
N_Ne     = [158.9, 187.4, 195.0, 202.1]
N_Fc     = [0.05147, 0.04668, 0.04563, 0.04474]
N_Fprime = [0.03147, 0.02668, 0.02563, 0.02474]

[Jorde/Ryman]
J_Ne     = [124.8, 128.9, 129.1, 129.1]
J_Fs     = [0.06058, 0.05927, 0.05921, 0.0592]
J_Fprime = [0.04007, 0.03879, 0.03873, 0.03873]

[Genetic Diversity - Heterozygosity]
mean_exp_het_pop1 = 0.2964
mean_obs_het_pop1 = 0.3011
mean_exp_het_pop2 = 0.3152
mean_obs_het_pop2 = 0.305

[Genetic Diversity - Allele Counts]
mean_alleles_pop1 = 2.6
var_alleles_pop1  = 0.57
sum_alleles_pop1  = 52
mean_alleles_pop2 = 2.65
var_alleles_pop2  = 0.44
sum_alleles_pop2  = 106

[Genetic Diversity - Allelic Size Variance]
var_allele_size_pop1 = 0.1817
var_allele_size_pop2 = 0.1821

[Per-locus summary - Population 1]
Locus | Num_Alleles | Alleles             | Frequencies                      | Variance | Obs_Het | Exp_Het
------+-------------+---------------------+----------------------------------+----------+---------+--------
1     | 1           | [100]               | [1.0000]                         | 0.0000   | NA      | NA     
2     | 3           | [99, 100, 102]      | [0.0100, 0.9800, 0.0100]         | 0.0499   | 0.0400  | 0.0398 
3     | 4           | [99, 100, 101, 102] | [0.0900, 0.3800, 0.5200, 0.0100] | 0.4475   | 0.5600  | 0.5828 
4     | 2           | [99, 100]           | [0.0200, 0.9800]                 | 0.0196   | 0.0400  | 0.0396 
5     | 3           | [100, 101, 102]     | [0.7500, 0.2400, 0.0100]         | 0.2124   | 0.4000  | 0.3836 
6     | 2           | [99, 100]           | [0.3500, 0.6500]                 | 0.2275   | 0.4600  | 0.4596 
7     | 3           | [100, 101, 102]     | [0.6300, 0.3600, 0.0100]         | 0.2556   | 0.3400  | 0.4782 
8     | 3           | [99, 100, 101]      | [0.0700, 0.9100, 0.0200]         | 0.0875   | 0.1800  | 0.1683 
9     | 2           | [100, 101]          | [0.9800, 0.0200]                 | 0.0196   | 0.0400  | 0.0396 
10    | 4           | [99, 100, 101, 102] | [0.2800, 0.2800, 0.4300, 0.0100] | 0.7211   | 0.7200  | 0.6649 
11    | 2           | [99, 100]           | [0.6400, 0.3600]                 | 0.2304   | 0.4800  | 0.4654 
12    | 2           | [100, 101]          | [0.7900, 0.2100]                 | 0.1659   | 0.4200  | 0.3352 
13    | 2           | [99, 100]           | [0.0600, 0.9400]                 | 0.0564   | 0.1200  | 0.1139 
14    | 3           | [99, 100, 101]      | [0.2000, 0.7900, 0.0100]         | 0.1739   | 0.2800  | 0.3392 
15    | 2           | [99, 100]           | [0.0700, 0.9300]                 | 0.0651   | 0.1000  | 0.1315 
16    | 3           | [99, 100, 101]      | [0.0100, 0.9000, 0.0900]         | 0.0936   | 0.2000  | 0.1836 
17    | 3           | [98, 99, 100]       | [0.0100, 0.8600, 0.1300]         | 0.1256   | 0.2400  | 0.2459 
18    | 3           | [100, 101, 102]     | [0.6600, 0.2400, 0.1000]         | 0.4464   | 0.5600  | 0.5018 
19    | 2           | [100, 101]          | [0.9900, 0.0100]                 | 0.0099   | 0.0200  | 0.0200 
20    | 3           | [99, 100, 101]      | [0.0100, 0.6900, 0.3000]         | 0.2259   | 0.5200  | 0.4382 

[Per-locus summary - Population 2]
Locus | Num_Alleles | Alleles         | Frequencies              | Variance | Obs_Het | Exp_Het
------+-------------+-----------------+--------------------------+----------+---------+--------
1     | 2           | [99, 100]       | [0.0200, 0.9800]         | 0.0196   | 0.0400  | 0.0396 
2     | 2           | [100, 101]      | [0.9700, 0.0300]         | 0.0291   | 0.0600  | 0.0588 
3     | 3           | [99, 100, 101]  | [0.0800, 0.5000, 0.4200] | 0.3844   | 0.5400  | 0.5729 
4     | 2           | [99, 100]       | [0.0300, 0.9700]         | 0.0291   | 0.0600  | 0.0588 
5     | 2           | [100, 101]      | [0.6900, 0.3100]         | 0.2139   | 0.3400  | 0.4321 
6     | 2           | [99, 100]       | [0.4200, 0.5800]         | 0.2436   | 0.5600  | 0.4921 
7     | 3           | [99, 100, 101]  | [0.0100, 0.8400, 0.1500] | 0.1404   | 0.3200  | 0.2746 
8     | 3           | [99, 100, 101]  | [0.0200, 0.8900, 0.0900] | 0.1051   | 0.1800  | 0.2014 
9     | 2           | [100, 101]      | [0.9500, 0.0500]         | 0.0475   | 0.1000  | 0.0960 
10    | 3           | [99, 100, 101]  | [0.2600, 0.4300, 0.3100] | 0.5675   | 0.6000  | 0.6580 
11    | 2           | [99, 100]       | [0.6000, 0.4000]         | 0.2400   | 0.4800  | 0.4849 
12    | 3           | [99, 100, 101]  | [0.0400, 0.8500, 0.1100] | 0.1451   | 0.2600  | 0.2665 
13    | 2           | [99, 100]       | [0.1600, 0.8400]         | 0.1344   | 0.3200  | 0.2715 
14    | 3           | [99, 100, 101]  | [0.3700, 0.6100, 0.0200] | 0.2675   | 0.5800  | 0.4956 
15    | 3           | [99, 100, 101]  | [0.1300, 0.8300, 0.0400] | 0.1619   | 0.3200  | 0.2956 
16    | 3           | [99, 100, 101]  | [0.0100, 0.8900, 0.1000] | 0.1019   | 0.1800  | 0.1998 
17    | 2           | [99, 100]       | [0.7200, 0.2800]         | 0.2016   | 0.3600  | 0.4073 
18    | 3           | [100, 101, 102] | [0.6400, 0.3000, 0.0600] | 0.3636   | 0.4200  | 0.5018 
19    | 2           | [100, 101]      | [0.9900, 0.0100]         | 0.0099   | 0.0200  | 0.0200 
20    | 2           | [100, 101]      | [0.6200, 0.3800]         | 0.2356   | 0.3600  | 0.4760 
