
[Simulation Info]
simulation_id = sim_0012366
timestamp     = 20250429_095013
seed          = 694659
output_folder = /home/lejeunet/Bureau/simulations/Ref_table/sim_0012366

[Model Parameters]
pop_size           = 8016
num_loci           = 20
sample1_generation = 30
sample2_generation = 10
low_repeats        = 1
high_repeats       = 200
mutation_rate      = 0.001
recap_Ne           = 8016

[Sampling Design]
sample1_size_Ne  = 50
sample2_size_Ne  = 50
sample1_size_CMR = 50
sample2_size_CMR = 50

[Capture-Marquage-Recapture]
census_N   =  0
MatchCount =  0
# There were no match between sampling of individuals during CMR.

[Ne Estimates - One Sample - Decreasing critical values [0.050, 0.020, 0.010, 0+]]

[Linkage Desequilibrium]
LD_Ne_Pop1 = [4558.4, 3390.0, 6670.8, 6670.8]
LD_r2_Pop1 = [0.021349, 0.021374, 0.021326, 0.021326]
LD_Ne_Pop2 = [449.8, 753.0, 794.7, 794.7]
LD_r2_Pop2 = [0.022014, 0.021717, 0.021694, 0.021694]

[Heterozygote excess]
HE_Neb_mean_Pop1        = [None, 1459.1, 22723.2, 22723.2]
HE_weighted_D_mean_Pop1 = [-0.00188, 0.00034, 2e-05, 2e-05]
HE_Neb_mean_Pop2        = [None, None, None, None]
HE_weighted_D_mean_Pop2 = [-0.00507, -0.0037, -0.00402, -0.00402]

[Molecular Coancestry]
Coan_Neb_n_Pop1 = None
Coan_f1_Pop1    = -0.00305
Coan_Neb_n_Pop2 = 51.0
Coan_f1_Pop2    = 0.0098

[Ne Estimates - Temporal - Decreasing critical values (0.050, 0.020, 0.010, 0+)]

[Pollak]
P_Ne     = [-1675.5, -3563.2, -18168.2, -22759.4]
P_Fk     = [0.01702, 0.0186, 0.01972, 0.01978]
P_Fprime = [-0.00298, -0.0014, -0.00028, -0.00022]

[Nei/Tajima]
N_Ne     = [-1640.7, -2945.9, -7704.5, -8437.4]
N_Fc     = [0.01695, 0.0183, 0.01935, 0.01941]
N_Fprime = [-0.00305, -0.0017, -0.00065, -0.00059]

[Jorde/Ryman]
J_Ne     = [-2550.6, -2091.6, -2281.1, -2292.2]
J_Fs     = [0.01814, 0.01771, 0.01791, 0.01792]
J_Fprime = [-0.00196, -0.00239, -0.00219, -0.00218]

[Genetic Diversity - Heterozygosity]
mean_exp_het_pop1 = 0.8809
mean_obs_het_pop1 = 0.8781
mean_exp_het_pop2 = 0.8837
mean_obs_het_pop2 = 0.881

[Genetic Diversity - Allele Counts]
mean_alleles_pop1 = 12.57
var_alleles_pop1  = 5.26
sum_alleles_pop1  = 264
mean_alleles_pop2 = 12.88
var_alleles_pop2  = 5.72
sum_alleles_pop2  = 541

[Genetic Diversity - Allelic Size Variance]
var_allele_size_pop1 = 11.577
var_allele_size_pop2 = 12.0196

[Per-locus summary - Population 1]
Locus | Num_Alleles | Alleles                                                                               | Frequencies                                                                                                                                      | Variance | Obs_Het | Exp_Het
------+-------------+---------------------------------------------------------------------------------------+--------------------------------------------------------------------------------------------------------------------------------------------------+----------+---------+--------
1     | 12          | [95, 98, 99, 100, 101, 102, 106, 107, 108, 109, 110, 111]                             | [0.0100, 0.0200, 0.0300, 0.0800, 0.1200, 0.0900, 0.0900, 0.0600, 0.0600, 0.2300, 0.1800, 0.0300]                                                 | 17.2476  | 0.8600  | 0.8770 
2     | 18          | [95, 96, 97, 98, 99, 100, 101, 102, 104, 105, 106, 107, 108, 109, 110, 111, 112, 113] | [0.0100, 0.0900, 0.0200, 0.0200, 0.0200, 0.0100, 0.0300, 0.0700, 0.0200, 0.0700, 0.0600, 0.0700, 0.3200, 0.0700, 0.0200, 0.0700, 0.0100, 0.0200] | 21.5684  | 0.9200  | 0.8665 
3     | 13          | [91, 92, 93, 94, 96, 97, 98, 99, 100, 101, 102, 103, 104]                             | [0.0300, 0.0700, 0.1300, 0.0200, 0.0200, 0.0800, 0.0500, 0.1200, 0.0900, 0.1500, 0.1200, 0.0700, 0.0500]                                         | 14.8600  | 0.8400  | 0.9099 
4     | 10          | [99, 100, 101, 102, 103, 104, 105, 106, 107, 109]                                     | [0.0100, 0.0200, 0.0600, 0.1600, 0.1700, 0.1100, 0.2000, 0.1500, 0.1000, 0.0200]                                                                 | 4.1100   | 0.8600  | 0.8650 
5     | 9           | [95, 96, 97, 98, 99, 100, 101, 102, 103]                                              | [0.0100, 0.1000, 0.1300, 0.1600, 0.2300, 0.1000, 0.1000, 0.0800, 0.0900]                                                                         | 4.3804   | 0.8400  | 0.8687 
6     | 15          | [95, 96, 97, 98, 99, 100, 101, 102, 103, 104, 105, 106, 107, 108, 109]                | [0.0100, 0.0500, 0.0200, 0.0900, 0.0600, 0.0200, 0.0200, 0.1100, 0.1000, 0.1800, 0.0800, 0.0900, 0.1400, 0.0200, 0.0100]                         | 11.7856  | 0.9600  | 0.9044 
7     | 12          | [96, 97, 98, 99, 100, 101, 102, 103, 104, 105, 107, 108]                              | [0.0300, 0.0900, 0.1200, 0.1100, 0.1800, 0.1600, 0.0400, 0.0200, 0.1100, 0.0600, 0.0400, 0.0400]                                                 | 9.3500   | 0.8600  | 0.8945 
8     | 12          | [92, 93, 95, 96, 97, 98, 99, 100, 101, 102, 103, 104]                                 | [0.0300, 0.0100, 0.0600, 0.3600, 0.1100, 0.0200, 0.0300, 0.0800, 0.0700, 0.0600, 0.1000, 0.0700]                                                 | 10.2776  | 0.8200  | 0.8309 
9     | 13          | [94, 95, 96, 97, 98, 99, 100, 101, 102, 103, 104, 105, 106]                           | [0.0100, 0.0300, 0.1300, 0.0700, 0.1400, 0.1100, 0.1600, 0.0700, 0.0400, 0.1200, 0.0500, 0.0500, 0.0200]                                         | 8.5075   | 0.8600  | 0.9026 
10    | 16          | [91, 92, 93, 94, 95, 96, 97, 98, 99, 100, 101, 102, 104, 105, 106, 107]               | [0.0400, 0.1100, 0.0100, 0.0600, 0.0800, 0.0900, 0.1400, 0.1200, 0.0700, 0.0400, 0.0200, 0.0100, 0.0700, 0.1000, 0.0100, 0.0300]                 | 19.4051  | 0.9000  | 0.9204 
11    | 12          | [96, 97, 98, 99, 100, 101, 102, 103, 104, 105, 106, 107]                              | [0.0500, 0.0400, 0.1100, 0.1200, 0.1500, 0.0800, 0.0700, 0.0400, 0.0500, 0.1700, 0.1100, 0.0100]                                                 | 9.8084   | 0.8800  | 0.8994 
12    | 13          | [88, 89, 90, 91, 96, 98, 99, 100, 101, 102, 103, 104, 105]                            | [0.0200, 0.0200, 0.1600, 0.0500, 0.0500, 0.0100, 0.0800, 0.1700, 0.0400, 0.2200, 0.1500, 0.0200, 0.0100]                                         | 26.0475  | 0.8400  | 0.8689 
13    | 14          | [92, 93, 94, 95, 96, 97, 98, 99, 100, 101, 102, 103, 104, 105]                        | [0.0200, 0.0100, 0.0500, 0.2400, 0.0600, 0.0600, 0.0900, 0.0900, 0.0600, 0.0900, 0.0600, 0.0200, 0.1400, 0.0100]                                 | 12.1484  | 0.9000  | 0.8895 
14    | 13          | [96, 97, 98, 99, 101, 102, 103, 105, 106, 107, 108, 109, 110]                         | [0.0300, 0.0800, 0.0700, 0.0200, 0.0400, 0.0600, 0.0300, 0.1300, 0.2800, 0.0900, 0.0400, 0.1200, 0.0100]                                         | 15.5139  | 0.8800  | 0.8705 
15    | 13          | [92, 93, 94, 95, 96, 97, 98, 99, 100, 101, 102, 103, 104]                             | [0.0100, 0.0500, 0.0100, 0.0200, 0.0900, 0.1700, 0.1000, 0.0900, 0.1200, 0.1100, 0.0200, 0.1600, 0.0500]                                         | 8.9936   | 0.8800  | 0.8958 
16    | 12          | [96, 97, 98, 99, 100, 101, 102, 103, 104, 105, 108, 109]                              | [0.0600, 0.0200, 0.0600, 0.0700, 0.2100, 0.1300, 0.2500, 0.0200, 0.0100, 0.0600, 0.0600, 0.0500]                                                 | 10.1491  | 0.8200  | 0.8624 
17    | 8           | [93, 95, 96, 97, 98, 99, 100, 101]                                                    | [0.0200, 0.0200, 0.0500, 0.1600, 0.1300, 0.1400, 0.2700, 0.2100]                                                                                 | 3.3579   | 0.8600  | 0.8259 
18    | 15          | [93, 94, 95, 96, 97, 98, 99, 100, 101, 102, 103, 104, 105, 106, 107]                  | [0.0400, 0.0400, 0.1300, 0.0200, 0.0300, 0.0700, 0.1100, 0.1200, 0.1400, 0.0400, 0.0400, 0.0500, 0.0100, 0.1300, 0.0300]                         | 15.4899  | 0.9400  | 0.9131 
19    | 10          | [95, 96, 98, 99, 100, 101, 102, 103, 104, 105]                                        | [0.0800, 0.1200, 0.0900, 0.1700, 0.2100, 0.1500, 0.0700, 0.0900, 0.0100, 0.0100]                                                                 | 5.7636   | 0.9200  | 0.8711 
20    | 12          | [97, 98, 99, 100, 101, 102, 103, 104, 105, 106, 107, 108]                             | [0.0100, 0.0300, 0.0200, 0.0900, 0.1400, 0.0800, 0.1400, 0.1000, 0.1600, 0.0900, 0.0400, 0.1000]                                                 | 7.3851   | 0.9400  | 0.8986 
21    | 12          | [90, 91, 92, 93, 94, 95, 96, 97, 98, 99, 100, 101]                                    | [0.0100, 0.0300, 0.0700, 0.0900, 0.0400, 0.0200, 0.0900, 0.2600, 0.2000, 0.0600, 0.0900, 0.0400]                                                 | 6.9684   | 0.8600  | 0.8636 

[Per-locus summary - Population 2]
Locus | Num_Alleles | Alleles                                                                          | Frequencies                                                                                                                              | Variance | Obs_Het | Exp_Het
------+-------------+----------------------------------------------------------------------------------+------------------------------------------------------------------------------------------------------------------------------------------+----------+---------+--------
1     | 11          | [98, 99, 100, 101, 102, 106, 107, 108, 109, 110, 111]                            | [0.0400, 0.0700, 0.0300, 0.2300, 0.0400, 0.0700, 0.0500, 0.0900, 0.2500, 0.1200, 0.0100]                                                 | 17.6659  | 0.8200  | 0.8541 
2     | 17          | [95, 96, 97, 98, 99, 100, 101, 102, 103, 104, 105, 106, 107, 108, 109, 110, 111] | [0.0100, 0.0700, 0.0500, 0.0600, 0.0200, 0.0600, 0.0300, 0.0200, 0.0400, 0.0100, 0.0500, 0.0400, 0.0600, 0.3500, 0.0600, 0.0200, 0.0500] | 22.3979  | 0.8800  | 0.8537 
3     | 13          | [92, 93, 94, 96, 97, 98, 99, 100, 101, 102, 103, 104, 105]                       | [0.0800, 0.0700, 0.0600, 0.0100, 0.0400, 0.0800, 0.2600, 0.1200, 0.0500, 0.1200, 0.0900, 0.0100, 0.0100]                                 | 11.5436  | 0.8800  | 0.8786 
4     | 10          | [99, 100, 101, 102, 103, 104, 105, 106, 107, 109]                                | [0.0300, 0.0200, 0.0400, 0.2600, 0.1300, 0.1000, 0.1600, 0.1800, 0.0500, 0.0300]                                                         | 4.6476   | 0.9000  | 0.8497 
5     | 8           | [96, 97, 98, 99, 100, 101, 102, 103]                                             | [0.1100, 0.1400, 0.2000, 0.1600, 0.1100, 0.1300, 0.0700, 0.0800]                                                                         | 4.2819   | 0.8400  | 0.8711 
6     | 16          | [95, 96, 97, 98, 99, 100, 101, 102, 103, 104, 105, 106, 107, 108, 109, 110]      | [0.0100, 0.0700, 0.0100, 0.0900, 0.0900, 0.0500, 0.0700, 0.0500, 0.0600, 0.1100, 0.0500, 0.1800, 0.0800, 0.0400, 0.0100, 0.0300]         | 14.8824  | 0.8400  | 0.9184 
7     | 12          | [97, 98, 99, 100, 101, 102, 103, 104, 105, 106, 107, 108]                        | [0.1600, 0.0700, 0.1100, 0.2000, 0.1500, 0.0700, 0.0300, 0.0600, 0.0400, 0.0300, 0.0300, 0.0500]                                         | 9.4656   | 0.8800  | 0.8885 
8     | 13          | [92, 94, 95, 96, 97, 98, 99, 100, 101, 102, 103, 104, 105]                       | [0.0300, 0.0400, 0.0800, 0.2400, 0.1200, 0.0100, 0.0100, 0.1000, 0.0700, 0.0800, 0.1500, 0.0500, 0.0200]                                 | 11.8075  | 0.9400  | 0.8810 
9     | 12          | [94, 95, 96, 97, 98, 99, 100, 101, 102, 103, 104, 105]                           | [0.0100, 0.0100, 0.0400, 0.0500, 0.1800, 0.1700, 0.1800, 0.0900, 0.0700, 0.0700, 0.0600, 0.0700]                                         | 6.2936   | 0.9200  | 0.8844 
10    | 16          | [91, 92, 93, 94, 95, 96, 97, 98, 99, 100, 101, 102, 104, 105, 106, 107]          | [0.0100, 0.0900, 0.0200, 0.0400, 0.0600, 0.1100, 0.1100, 0.1100, 0.0800, 0.0400, 0.0100, 0.0300, 0.0600, 0.1200, 0.0400, 0.0700]         | 21.8736  | 0.9400  | 0.9257 
11    | 10          | [96, 97, 98, 99, 100, 101, 102, 104, 105, 106]                                   | [0.0600, 0.0300, 0.0800, 0.1100, 0.2000, 0.0300, 0.0800, 0.0700, 0.2100, 0.1300]                                                         | 10.1700  | 0.7600  | 0.8725 
12    | 11          | [89, 90, 91, 96, 98, 99, 100, 101, 102, 103, 104]                                | [0.0700, 0.1600, 0.1200, 0.0100, 0.0100, 0.1200, 0.1400, 0.0600, 0.1600, 0.1300, 0.0200]                                                 | 28.9716  | 0.9400  | 0.8832 
13    | 13          | [92, 93, 94, 95, 96, 97, 98, 99, 100, 101, 102, 103, 104]                        | [0.0200, 0.0200, 0.0400, 0.1800, 0.1000, 0.0700, 0.1200, 0.0600, 0.0800, 0.0700, 0.0900, 0.0200, 0.1300]                                 | 11.3496  | 0.9400  | 0.9046 
14    | 14          | [96, 97, 98, 99, 100, 101, 102, 103, 104, 105, 106, 107, 108, 109]               | [0.0600, 0.0700, 0.0700, 0.0600, 0.0400, 0.0700, 0.1100, 0.0300, 0.0400, 0.1000, 0.2200, 0.0400, 0.0400, 0.0500]                         | 14.7224  | 0.9000  | 0.9069 
15    | 12          | [91, 93, 95, 96, 97, 98, 99, 100, 101, 102, 103, 104]                            | [0.0100, 0.0700, 0.0200, 0.0800, 0.1300, 0.0900, 0.0700, 0.1200, 0.1100, 0.0600, 0.1600, 0.0800]                                         | 10.3179  | 0.8000  | 0.9052 
16    | 12          | [96, 97, 98, 99, 100, 101, 102, 105, 106, 107, 108, 109]                         | [0.0500, 0.0400, 0.0500, 0.0600, 0.1500, 0.1800, 0.2300, 0.0200, 0.0100, 0.0700, 0.0700, 0.0700]                                         | 12.9600  | 0.8600  | 0.8756 
17    | 9           | [94, 95, 96, 97, 98, 99, 100, 101, 102]                                          | [0.0300, 0.0500, 0.0600, 0.1700, 0.0700, 0.1900, 0.2700, 0.1400, 0.0200]                                                                 | 3.7411   | 0.9600  | 0.8386 
18    | 16          | [93, 94, 95, 96, 97, 98, 99, 100, 101, 102, 103, 104, 105, 106, 107, 108]        | [0.0600, 0.0100, 0.0700, 0.0100, 0.0200, 0.1100, 0.1400, 0.1400, 0.1000, 0.0500, 0.0600, 0.0600, 0.0500, 0.0800, 0.0300, 0.0100]         | 13.8875  | 0.8200  | 0.9192 
19    | 10          | [94, 95, 96, 97, 98, 99, 100, 101, 102, 103]                                     | [0.0300, 0.0900, 0.1100, 0.0300, 0.0900, 0.0800, 0.2300, 0.1400, 0.1000, 0.1000]                                                         | 6.6316   | 0.8800  | 0.8798 
20    | 13          | [97, 98, 99, 100, 101, 102, 103, 104, 105, 106, 107, 108, 110]                   | [0.0300, 0.0500, 0.0200, 0.0700, 0.1800, 0.0600, 0.1600, 0.0900, 0.1000, 0.1000, 0.0400, 0.0900, 0.0100]                                 | 8.8131   | 0.9200  | 0.9008 
21    | 12          | [90, 91, 92, 93, 94, 95, 96, 97, 98, 99, 100, 101]                               | [0.0100, 0.0100, 0.0800, 0.0400, 0.0800, 0.0800, 0.0600, 0.2500, 0.2000, 0.0900, 0.0800, 0.0200]                                         | 5.9875   | 0.8800  | 0.8667 
