
[Simulation Info]
simulation_id = sim_0008493
timestamp     = 20250428_105320
seed          = 333650
output_folder = /home/lejeunet/Bureau/simulations/Ref_table/sim_0008493

[Model Parameters]
pop_size           = 8109
num_loci           = 20
sample1_generation = 30
sample2_generation = 10
low_repeats        = 1
high_repeats       = 200
mutation_rate      = 0.001
recap_Ne           = 8109

[Sampling Design]
sample1_size_Ne  = 50
sample2_size_Ne  = 50
sample1_size_CMR = 50
sample2_size_CMR = 50

[Capture-Marquage-Recapture]
census_N   =  0
MatchCount =  0
# There were no match between sampling of individuals during CMR.

[Ne Estimates - One Sample - Decreasing critical values [0.050, 0.020, 0.010, 0+]]

[Linkage Desequilibrium]
LD_Ne_Pop1 = [1169.0, 3218.9, None, None]
LD_r2_Pop1 = [0.021561, 0.021379, 0.021198, 0.021198]
LD_Ne_Pop2 = [None, None, None, None]
LD_r2_Pop2 = [0.021127, 0.02116, 0.021227, 0.021227]

[Heterozygote excess]
HE_Neb_mean_Pop1        = [None, None, None, None]
HE_weighted_D_mean_Pop1 = [-0.00786, -0.0023, -0.00307, -0.00307]
HE_Neb_mean_Pop2        = [481.6, 127.1, 178.7, 178.7]
HE_weighted_D_mean_Pop2 = [0.00104, 0.00395, 0.00281, 0.00281]

[Molecular Coancestry]
Coan_Neb_n_Pop1 = 206.6
Coan_f1_Pop1    = 0.00242
Coan_Neb_n_Pop2 = None
Coan_f1_Pop2    = -0.0009

[Ne Estimates - Temporal - Decreasing critical values (0.050, 0.020, 0.010, 0+)]

[Pollak]
P_Ne     = [-1911.9, -4816.4, -3666.2, -3532.8]
P_Fk     = [0.01738, 0.01896, 0.01864, 0.01858]
P_Fprime = [-0.00262, -0.00104, -0.00136, -0.00142]

[Nei/Tajima]
N_Ne     = [-1723.7, -3670.6, -3043.5, -2975.6]
N_Fc     = [0.0171, 0.01864, 0.01836, 0.01832]
N_Fprime = [-0.0029, -0.00136, -0.00164, -0.00168]

[Jorde/Ryman]
J_Ne     = [-1471.4, -2062.5, -2047.3, -2028.8]
J_Fs     = [0.01671, 0.01768, 0.01766, 0.01764]
J_Fprime = [-0.0034, -0.00242, -0.00244, -0.00246]

[Genetic Diversity - Heterozygosity]
mean_exp_het_pop1 = 0.8946
mean_obs_het_pop1 = 0.8857
mean_exp_het_pop2 = 0.8931
mean_obs_het_pop2 = 0.8924

[Genetic Diversity - Allele Counts]
mean_alleles_pop1 = 14.48
var_alleles_pop1  = 5.26
sum_alleles_pop1  = 304
mean_alleles_pop2 = 14.88
var_alleles_pop2  = 7.52
sum_alleles_pop2  = 625

[Genetic Diversity - Allelic Size Variance]
var_allele_size_pop1 = 23.1763
var_allele_size_pop2 = 22.2932

[Per-locus summary - Population 1]
Locus | Num_Alleles | Alleles                                                                                | Frequencies                                                                                                                                      | Variance | Obs_Het | Exp_Het
------+-------------+----------------------------------------------------------------------------------------+--------------------------------------------------------------------------------------------------------------------------------------------------+----------+---------+--------
1     | 12          | [89, 90, 91, 92, 93, 94, 95, 96, 97, 101, 102, 103]                                    | [0.0100, 0.0500, 0.0700, 0.0500, 0.2200, 0.1800, 0.1000, 0.1200, 0.1000, 0.0200, 0.0700, 0.0100]                                                 | 9.4275   | 0.8200  | 0.8782 
2     | 12          | [102, 104, 105, 106, 107, 108, 109, 110, 111, 112, 113, 114]                           | [0.0400, 0.0600, 0.1100, 0.0700, 0.0400, 0.0900, 0.2200, 0.1700, 0.1100, 0.0100, 0.0200, 0.0600]                                                 | 8.2600   | 0.8600  | 0.8834 
3     | 14          | [94, 95, 96, 97, 98, 99, 100, 101, 102, 103, 104, 106, 109, 110]                       | [0.0100, 0.0600, 0.1300, 0.1400, 0.2900, 0.0200, 0.0500, 0.0600, 0.1400, 0.0400, 0.0100, 0.0300, 0.0100, 0.0100]                                 | 9.3491   | 0.8400  | 0.8554 
4     | 18          | [96, 97, 98, 99, 100, 105, 106, 107, 108, 109, 110, 113, 114, 115, 116, 117, 118, 119] | [0.0100, 0.0500, 0.0900, 0.0900, 0.0100, 0.0100, 0.0100, 0.0500, 0.1000, 0.0200, 0.0100, 0.0100, 0.0400, 0.0600, 0.1900, 0.1300, 0.1100, 0.0100] | 59.8219  | 0.9200  | 0.9065 
5     | 12          | [84, 85, 86, 87, 88, 89, 93, 94, 95, 96, 97, 98]                                       | [0.0800, 0.0500, 0.2100, 0.1200, 0.0400, 0.0800, 0.0300, 0.0400, 0.1200, 0.0200, 0.1000, 0.1100]                                                 | 25.1684  | 0.8200  | 0.8941 
6     | 16          | [100, 101, 102, 103, 104, 105, 108, 109, 110, 111, 112, 115, 116, 117, 118, 119]       | [0.0800, 0.0700, 0.0600, 0.0300, 0.0600, 0.0100, 0.0300, 0.0900, 0.0500, 0.0800, 0.0400, 0.1300, 0.1400, 0.1000, 0.0200, 0.0100]                 | 37.1136  | 0.8800  | 0.9232 
7     | 14          | [94, 95, 96, 97, 98, 99, 100, 101, 102, 103, 104, 105, 106, 107]                       | [0.0500, 0.0200, 0.1400, 0.1300, 0.1700, 0.0900, 0.0900, 0.1000, 0.0600, 0.0400, 0.0200, 0.0400, 0.0300, 0.0200]                                 | 9.8544   | 0.9200  | 0.9061 
8     | 14          | [89, 91, 92, 93, 94, 95, 96, 97, 98, 99, 100, 101, 102, 103]                           | [0.0300, 0.0100, 0.0200, 0.0100, 0.1000, 0.1900, 0.2600, 0.1700, 0.0500, 0.0400, 0.0400, 0.0100, 0.0600, 0.0100]                                 | 6.9171   | 0.8200  | 0.8549 
9     | 11          | [94, 96, 97, 98, 99, 100, 101, 102, 104, 105, 106]                                     | [0.1400, 0.0400, 0.1600, 0.0900, 0.1600, 0.2100, 0.1100, 0.0300, 0.0100, 0.0300, 0.0200]                                                         | 7.7044   | 0.9000  | 0.8697 
10    | 12          | [99, 100, 102, 103, 104, 105, 106, 107, 108, 109, 110, 111]                            | [0.0500, 0.0700, 0.1600, 0.1300, 0.1000, 0.1100, 0.1900, 0.1100, 0.0100, 0.0200, 0.0400, 0.0100]                                                 | 7.5059   | 0.8600  | 0.8865 
11    | 18          | [92, 93, 94, 95, 96, 97, 98, 99, 101, 102, 103, 104, 105, 106, 107, 108, 111, 112]     | [0.0100, 0.0500, 0.0100, 0.0100, 0.0700, 0.0900, 0.1300, 0.0400, 0.0300, 0.0700, 0.0300, 0.1000, 0.2000, 0.0900, 0.0200, 0.0300, 0.0100, 0.0100] | 20.1436  | 0.9400  | 0.9085 
12    | 14          | [97, 98, 102, 103, 104, 105, 106, 107, 108, 109, 110, 111, 112, 113]                   | [0.0100, 0.0200, 0.0100, 0.0100, 0.0200, 0.0900, 0.0700, 0.1700, 0.0700, 0.0600, 0.0900, 0.1000, 0.1400, 0.1400]                                 | 11.9416  | 0.9000  | 0.9002 
13    | 17          | [88, 89, 90, 91, 92, 93, 94, 95, 96, 97, 98, 99, 100, 101, 103, 104, 105]              | [0.0200, 0.1200, 0.1000, 0.2300, 0.0900, 0.0300, 0.0300, 0.0500, 0.0500, 0.0500, 0.0400, 0.0100, 0.0900, 0.0400, 0.0300, 0.0100, 0.0100]         | 19.1659  | 0.8800  | 0.9014 
14    | 18          | [92, 93, 94, 95, 96, 97, 98, 99, 100, 101, 104, 111, 112, 114, 115, 116, 117, 121]     | [0.0400, 0.1600, 0.0100, 0.0700, 0.0400, 0.1300, 0.0900, 0.0700, 0.0300, 0.0300, 0.0500, 0.0100, 0.0100, 0.0400, 0.0500, 0.1200, 0.0400, 0.0100] | 80.2851  | 0.9600  | 0.9208 
15    | 13          | [98, 102, 103, 104, 105, 107, 108, 109, 110, 111, 112, 113, 114]                       | [0.0100, 0.0700, 0.1500, 0.0600, 0.0200, 0.0700, 0.0500, 0.1000, 0.1500, 0.2500, 0.0100, 0.0200, 0.0400]                                         | 13.5179  | 0.9000  | 0.8727 
16    | 15          | [89, 91, 92, 93, 94, 95, 96, 97, 98, 99, 100, 101, 102, 103, 110]                      | [0.0200, 0.1000, 0.0800, 0.0200, 0.0800, 0.0600, 0.0900, 0.1300, 0.1100, 0.0500, 0.0500, 0.0600, 0.1200, 0.0200, 0.0100]                         | 15.3224  | 0.9200  | 0.9214 
17    | 17          | [89, 91, 92, 93, 94, 95, 96, 97, 98, 99, 100, 101, 102, 103, 109, 110, 111]            | [0.0200, 0.0900, 0.0200, 0.1500, 0.0400, 0.1000, 0.0500, 0.0900, 0.0400, 0.0600, 0.0100, 0.0100, 0.0400, 0.0100, 0.0500, 0.0500, 0.1700]         | 53.5675  | 0.9400  | 0.9145 
18    | 14          | [98, 99, 101, 102, 103, 104, 105, 106, 107, 108, 109, 110, 111, 112]                   | [0.0200, 0.0100, 0.0400, 0.0800, 0.0200, 0.1200, 0.0900, 0.0700, 0.1800, 0.1400, 0.1000, 0.0700, 0.0300, 0.0300]                                 | 9.3371   | 0.8600  | 0.9040 
19    | 14          | [89, 90, 91, 92, 102, 104, 105, 106, 107, 108, 109, 110, 111, 112]                     | [0.0500, 0.0500, 0.1300, 0.0200, 0.0500, 0.0600, 0.0300, 0.1100, 0.0800, 0.1000, 0.2300, 0.0400, 0.0100, 0.0400]                                 | 58.4739  | 0.8400  | 0.8950 
20    | 17          | [95, 96, 97, 98, 99, 100, 101, 102, 103, 104, 105, 106, 107, 108, 109, 110, 111]       | [0.0200, 0.0700, 0.0800, 0.0400, 0.0100, 0.0100, 0.0400, 0.0300, 0.1100, 0.1000, 0.0500, 0.1100, 0.1200, 0.0900, 0.0700, 0.0400, 0.0100]         | 19.0771  | 0.9200  | 0.9275 
21    | 12          | [97, 99, 100, 101, 102, 103, 104, 105, 106, 107, 108, 109]                             | [0.0200, 0.0500, 0.1500, 0.1000, 0.2200, 0.2000, 0.1300, 0.0700, 0.0100, 0.0200, 0.0200, 0.0100]                                                 | 4.7475   | 0.9000  | 0.8620 

[Per-locus summary - Population 2]
Locus | Num_Alleles | Alleles                                                                                      | Frequencies                                                                                                                                                      | Variance | Obs_Het | Exp_Het
------+-------------+----------------------------------------------------------------------------------------------+------------------------------------------------------------------------------------------------------------------------------------------------------------------+----------+---------+--------
1     | 11          | [90, 91, 92, 93, 94, 95, 96, 97, 101, 102, 104]                                              | [0.0300, 0.1100, 0.0600, 0.2300, 0.1600, 0.1000, 0.1500, 0.0700, 0.0200, 0.0600, 0.0100]                                                                         | 8.8091   | 0.8800  | 0.8721 
2     | 12          | [102, 103, 104, 105, 106, 107, 108, 109, 110, 111, 113, 114]                                 | [0.0200, 0.0300, 0.0800, 0.1400, 0.0300, 0.0600, 0.0800, 0.1500, 0.1400, 0.1500, 0.1100, 0.0100]                                                                 | 9.2304   | 0.9200  | 0.8939 
3     | 13          | [94, 95, 96, 97, 98, 99, 100, 101, 102, 103, 106, 109, 110]                                  | [0.0300, 0.0400, 0.1300, 0.0600, 0.2800, 0.0700, 0.0700, 0.0900, 0.1100, 0.0300, 0.0500, 0.0300, 0.0100]                                                         | 11.5104  | 0.8000  | 0.8729 
4     | 18          | [96, 97, 98, 99, 100, 102, 105, 106, 107, 108, 109, 110, 113, 114, 115, 116, 117, 118]       | [0.0100, 0.0500, 0.1000, 0.1100, 0.0200, 0.0100, 0.0100, 0.0200, 0.0200, 0.1400, 0.0200, 0.0100, 0.0200, 0.0700, 0.0600, 0.1500, 0.1200, 0.0600]                 | 58.7779  | 0.9000  | 0.9135 
5     | 12          | [83, 84, 85, 86, 87, 89, 93, 94, 95, 96, 97, 98]                                             | [0.0200, 0.0600, 0.1000, 0.2600, 0.1300, 0.1000, 0.0100, 0.0500, 0.0500, 0.0500, 0.0600, 0.1100]                                                                 | 24.7875  | 0.8400  | 0.8770 
6     | 16          | [100, 101, 102, 103, 104, 105, 108, 109, 110, 111, 112, 114, 115, 116, 117, 118]             | [0.0400, 0.0300, 0.1400, 0.0600, 0.0300, 0.0300, 0.0700, 0.0900, 0.0300, 0.0500, 0.0100, 0.0100, 0.1400, 0.1800, 0.0800, 0.0100]                                 | 35.2624  | 0.9200  | 0.9065 
7     | 14          | [94, 95, 96, 97, 98, 99, 100, 101, 102, 103, 104, 105, 106, 107]                             | [0.0300, 0.0800, 0.1600, 0.1500, 0.2300, 0.0700, 0.0800, 0.0600, 0.0400, 0.0400, 0.0100, 0.0300, 0.0100, 0.0100]                                                 | 7.6956   | 0.8200  | 0.8812 
8     | 12          | [89, 90, 93, 94, 95, 96, 97, 98, 99, 100, 102, 103]                                          | [0.0500, 0.0100, 0.0300, 0.0600, 0.2900, 0.1500, 0.1300, 0.0400, 0.1300, 0.0500, 0.0300, 0.0300]                                                                 | 8.3416   | 0.8600  | 0.8551 
9     | 12          | [93, 94, 95, 96, 97, 98, 99, 100, 101, 102, 105, 106]                                        | [0.0300, 0.1700, 0.0500, 0.0100, 0.1400, 0.0700, 0.1100, 0.1900, 0.1200, 0.0400, 0.0100, 0.0600]                                                                 | 10.8436  | 0.9000  | 0.8840 
10    | 13          | [99, 100, 101, 102, 103, 104, 105, 106, 107, 108, 109, 110, 111]                             | [0.0300, 0.0200, 0.0200, 0.1300, 0.1500, 0.1100, 0.0900, 0.2200, 0.1100, 0.0500, 0.0200, 0.0400, 0.0100]                                                         | 6.5171   | 0.9400  | 0.8824 
11    | 17          | [93, 94, 95, 96, 97, 98, 99, 100, 101, 102, 103, 104, 105, 106, 107, 108, 112]               | [0.0300, 0.0300, 0.0100, 0.0400, 0.0500, 0.1200, 0.0600, 0.0300, 0.0200, 0.0500, 0.1000, 0.1000, 0.2500, 0.0500, 0.0200, 0.0200, 0.0200]                         | 16.8804  | 0.8800  | 0.8950 
12    | 12          | [97, 102, 104, 105, 106, 107, 108, 109, 110, 111, 112, 113]                                  | [0.0100, 0.0200, 0.0500, 0.1000, 0.0700, 0.1300, 0.1200, 0.0600, 0.0600, 0.1400, 0.1200, 0.1200]                                                                 | 10.0576  | 0.9000  | 0.9042 
13    | 13          | [88, 89, 90, 91, 92, 93, 94, 95, 96, 97, 98, 100, 101]                                       | [0.0300, 0.0800, 0.1600, 0.2100, 0.1300, 0.0600, 0.0300, 0.0300, 0.0100, 0.0400, 0.0500, 0.1200, 0.0500]                                                         | 15.5771  | 0.9000  | 0.8885 
14    | 20          | [92, 93, 94, 95, 96, 97, 98, 99, 100, 101, 104, 111, 112, 114, 115, 116, 117, 118, 119, 121] | [0.0400, 0.0900, 0.0400, 0.0700, 0.0200, 0.1400, 0.1500, 0.0900, 0.0500, 0.0200, 0.0100, 0.0100, 0.0100, 0.0300, 0.0700, 0.1200, 0.0100, 0.0100, 0.0100, 0.0100] | 77.7600  | 0.9600  | 0.9186 
15    | 11          | [102, 103, 104, 105, 107, 108, 109, 110, 111, 112, 114]                                      | [0.1300, 0.1300, 0.0600, 0.0400, 0.0900, 0.0600, 0.0700, 0.2300, 0.1200, 0.0600, 0.0100]                                                                         | 12.2539  | 0.8800  | 0.8822 
16    | 16          | [90, 91, 92, 93, 94, 95, 96, 97, 98, 99, 100, 101, 102, 103, 104, 110]                       | [0.0100, 0.0300, 0.0400, 0.0800, 0.1200, 0.0600, 0.1200, 0.1300, 0.1300, 0.0300, 0.0400, 0.0700, 0.0800, 0.0400, 0.0100, 0.0100]                                 | 12.6364  | 0.9000  | 0.9184 
17    | 20          | [89, 91, 92, 93, 94, 95, 96, 97, 98, 99, 100, 101, 102, 103, 109, 110, 111, 112, 113, 114]   | [0.0100, 0.0500, 0.0100, 0.1000, 0.0300, 0.0800, 0.0700, 0.0900, 0.0600, 0.0800, 0.0300, 0.0200, 0.0700, 0.0100, 0.0500, 0.0900, 0.1100, 0.0200, 0.0100, 0.0100] | 49.0619  | 0.9200  | 0.9368 
18    | 14          | [98, 99, 101, 102, 103, 104, 105, 106, 107, 108, 109, 110, 111, 112]                         | [0.0200, 0.0200, 0.0600, 0.0400, 0.0500, 0.0500, 0.0900, 0.0300, 0.2300, 0.2000, 0.1200, 0.0600, 0.0100, 0.0200]                                                 | 9.0900   | 0.8600  | 0.8774 
19    | 15          | [89, 90, 91, 92, 102, 104, 105, 106, 107, 108, 109, 110, 111, 112, 113]                      | [0.0100, 0.0700, 0.1100, 0.0800, 0.0500, 0.0500, 0.0500, 0.0500, 0.0900, 0.1600, 0.1600, 0.0400, 0.0200, 0.0500, 0.0100]                                         | 59.5379  | 0.9200  | 0.9117 
20    | 18          | [94, 95, 96, 97, 98, 99, 100, 101, 102, 103, 104, 105, 106, 107, 108, 109, 110, 111]         | [0.0100, 0.0100, 0.0600, 0.0200, 0.0200, 0.0400, 0.0300, 0.0200, 0.0600, 0.1800, 0.0500, 0.0600, 0.1400, 0.0800, 0.0700, 0.1200, 0.0100, 0.0200]                 | 16.2275  | 0.9400  | 0.9137 
21    | 12          | [97, 98, 99, 100, 101, 102, 103, 104, 105, 107, 108, 109]                                    | [0.0100, 0.0100, 0.0600, 0.0900, 0.0700, 0.2500, 0.1900, 0.1100, 0.0700, 0.0300, 0.0400, 0.0700]                                                                 | 7.2996   | 0.9000  | 0.8689 
