
[Simulation Info]
simulation_id = sim_0008321
timestamp     = 20250428_104827
seed          = 499520
output_folder = /home/lejeunet/Bureau/simulations/Ref_table/sim_0008321

[Model Parameters]
pop_size           = 1106
num_loci           = 20
sample1_generation = 30
sample2_generation = 10
low_repeats        = 1
high_repeats       = 200
mutation_rate      = 0.001
recap_Ne           = 1106

[Sampling Design]
sample1_size_Ne  = 50
sample2_size_Ne  = 50
sample1_size_CMR = 50
sample2_size_CMR = 50

[Capture-Marquage-Recapture]
census_N   =  2601
MatchCount =  1

[Ne Estimates - One Sample - Decreasing critical values [0.050, 0.020, 0.010, 0+]]

[Linkage Desequilibrium]
LD_Ne_Pop1 = [1352.1, 827.6, 1504.9, 1504.9]
LD_r2_Pop1 = [0.021522, 0.021678, 0.021497, 0.021497]
LD_Ne_Pop2 = [659.3, 685.2, 665.5, 665.5]
LD_r2_Pop2 = [0.02178, 0.021761, 0.021775, 0.021775]

[Heterozygote excess]
HE_Neb_mean_Pop1        = [None, None, None, None]
HE_weighted_D_mean_Pop1 = [-0.00029, -0.00246, -0.00249, -0.00249]
HE_Neb_mean_Pop2        = [None, None, None, None]
HE_weighted_D_mean_Pop2 = [-0.00918, -0.00628, -0.00635, -0.00635]

[Molecular Coancestry]
Coan_Neb_n_Pop1 = None
Coan_f1_Pop1    = -0.00471
Coan_Neb_n_Pop2 = 67.6
Coan_f1_Pop2    = 0.00739

[Ne Estimates - Temporal - Decreasing critical values (0.050, 0.020, 0.010, 0+)]

[Pollak]
P_Ne     = [3083.6, 2928.1, 3068.0, 2823.2]
P_Fk     = [0.02162, 0.02171, 0.02163, 0.02177]
P_Fprime = [0.00162, 0.00171, 0.00163, 0.00177]

[Nei/Tajima]
N_Ne     = [6455.5, 5101.4, 5330.8, 4698.5]
N_Fc     = [0.02077, 0.02098, 0.02094, 0.02106]
N_Fprime = [0.00077, 0.00098, 0.00094, 0.00106]

[Jorde/Ryman]
J_Ne     = [-5843.0, -7466.8, -6898.6, -7026.1]
J_Fs     = [0.01924, 0.01943, 0.01938, 0.01939]
J_Fprime = [-0.00086, -0.00067, -0.00072, -0.00071]

[Genetic Diversity - Heterozygosity]
mean_exp_het_pop1 = 0.7354
mean_obs_het_pop1 = 0.7495
mean_exp_het_pop2 = 0.7143
mean_obs_het_pop2 = 0.7114

[Genetic Diversity - Allele Counts]
mean_alleles_pop1 = 6.86
var_alleles_pop1  = 2.53
sum_alleles_pop1  = 144
mean_alleles_pop2 = 6.95
var_alleles_pop2  = 2.49
sum_alleles_pop2  = 292

[Genetic Diversity - Allelic Size Variance]
var_allele_size_pop1 = 4.935
var_allele_size_pop2 = 4.5865

[Per-locus summary - Population 1]
Locus | Num_Alleles | Alleles                                   | Frequencies                                                              | Variance | Obs_Het | Exp_Het
------+-------------+-------------------------------------------+--------------------------------------------------------------------------+----------+---------+--------
1     | 7           | [96, 98, 99, 100, 101, 102, 103]          | [0.1000, 0.0500, 0.2500, 0.2800, 0.0400, 0.2600, 0.0200]                 | 3.2931   | 0.8600  | 0.7849 
2     | 6           | [101, 102, 103, 104, 105, 106]            | [0.0100, 0.5100, 0.1600, 0.0400, 0.1800, 0.1000]                         | 2.1811   | 0.7600  | 0.6770 
3     | 9           | [96, 97, 98, 99, 100, 101, 102, 103, 104] | [0.0800, 0.0300, 0.1500, 0.1700, 0.1800, 0.0300, 0.2600, 0.0900, 0.0100] | 4.3596   | 0.8400  | 0.8406 
4     | 9           | [92, 93, 94, 95, 96, 97, 101, 104, 105]   | [0.0200, 0.1200, 0.1400, 0.1200, 0.0900, 0.2200, 0.1000, 0.1800, 0.0100] | 15.1419  | 0.8600  | 0.8608 
5     | 7           | [96, 97, 98, 99, 100, 101, 102]           | [0.0300, 0.3300, 0.2700, 0.1600, 0.1000, 0.0900, 0.0200]                 | 2.0376   | 0.8000  | 0.7810 
6     | 9           | [96, 97, 98, 99, 100, 101, 102, 103, 104] | [0.0100, 0.1100, 0.0800, 0.1100, 0.1800, 0.0300, 0.1100, 0.3500, 0.0200] | 4.9724   | 0.9000  | 0.8091 
7     | 6           | [93, 94, 95, 96, 97, 98]                  | [0.0400, 0.0900, 0.1800, 0.5400, 0.1400, 0.0100]                         | 0.9776   | 0.6000  | 0.6531 
8     | 7           | [95, 96, 97, 99, 100, 101, 102]           | [0.0500, 0.2300, 0.0900, 0.0200, 0.4300, 0.1400, 0.0400]                 | 4.5224   | 0.8200  | 0.7374 
9     | 6           | [95, 96, 100, 101, 102, 103]              | [0.1500, 0.0100, 0.1200, 0.4400, 0.2500, 0.0300]                         | 5.5624   | 0.6200  | 0.7131 
10    | 7           | [97, 98, 99, 100, 102, 103, 105]          | [0.0300, 0.4100, 0.1600, 0.3000, 0.0600, 0.0200, 0.0200]                 | 2.3659   | 0.7200  | 0.7182 
11    | 4           | [95, 96, 97, 98]                          | [0.0500, 0.1700, 0.7000, 0.0800]                                         | 0.4139   | 0.4600  | 0.4770 
12    | 8           | [96, 97, 98, 99, 100, 102, 103, 104]      | [0.1200, 0.1500, 0.0400, 0.2500, 0.0200, 0.0700, 0.3100, 0.0400]         | 7.3891   | 0.8800  | 0.8040 
13    | 9           | [92, 93, 94, 95, 96, 97, 98, 99, 100]     | [0.0100, 0.0900, 0.0900, 0.0600, 0.0300, 0.1700, 0.1800, 0.3500, 0.0200] | 4.5179   | 0.8400  | 0.8030 
14    | 7           | [98, 99, 100, 101, 102, 105, 106]         | [0.0200, 0.0500, 0.0100, 0.3500, 0.2900, 0.2000, 0.0800]                 | 4.1376   | 0.7400  | 0.7515 
15    | 5           | [96, 97, 98, 99, 100]                     | [0.0400, 0.0600, 0.3600, 0.2800, 0.2600]                                 | 1.1044   | 0.7200  | 0.7265 
16    | 8           | [90, 91, 92, 94, 98, 99, 100, 101]        | [0.0200, 0.0400, 0.1400, 0.0800, 0.0300, 0.1900, 0.4000, 0.1000]         | 12.1539  | 0.8200  | 0.7727 
17    | 5           | [96, 97, 98, 99, 101]                     | [0.0100, 0.2100, 0.2000, 0.2500, 0.3300]                                 | 2.4499   | 0.7200  | 0.7519 
18    | 9           | [93, 94, 95, 96, 97, 98, 102, 103, 105]   | [0.0400, 0.0500, 0.4400, 0.1000, 0.0100, 0.1000, 0.0300, 0.2100, 0.0200] | 12.4956  | 0.7600  | 0.7442 
19    | 5           | [100, 101, 102, 103, 104]                 | [0.0600, 0.4600, 0.4600, 0.0100, 0.0100]                                 | 0.4475   | 0.5800  | 0.5788 
20    | 5           | [97, 98, 99, 104, 105]                    | [0.2800, 0.1400, 0.0200, 0.3900, 0.1700]                                 | 11.9771  | 0.7600  | 0.7279 
21    | 6           | [97, 98, 99, 100, 101, 102]               | [0.0600, 0.1400, 0.2900, 0.4000, 0.1000, 0.0100]                         | 1.1331   | 0.6800  | 0.7299 

[Per-locus summary - Population 2]
Locus | Num_Alleles | Alleles                                      | Frequencies                                                                      | Variance | Obs_Het | Exp_Het
------+-------------+----------------------------------------------+----------------------------------------------------------------------------------+----------+---------+--------
1     | 7           | [96, 98, 99, 100, 101, 102, 103]             | [0.2100, 0.0400, 0.2400, 0.2000, 0.0400, 0.2200, 0.0500]                         | 4.8491   | 0.8000  | 0.8123 
2     | 6           | [101, 102, 103, 104, 105, 106]               | [0.0300, 0.5600, 0.1300, 0.0300, 0.1800, 0.0700]                                 | 2.0596   | 0.7600  | 0.6368 
3     | 8           | [96, 97, 98, 99, 100, 101, 102, 103]         | [0.0600, 0.0200, 0.2100, 0.2400, 0.2000, 0.0200, 0.1800, 0.0700]                 | 3.4531   | 0.9000  | 0.8248 
4     | 9           | [93, 94, 95, 96, 97, 98, 101, 104, 105]      | [0.1100, 0.1700, 0.0400, 0.0800, 0.1600, 0.0200, 0.1600, 0.2500, 0.0100]         | 17.0956  | 0.8600  | 0.8452 
5     | 6           | [97, 98, 99, 100, 101, 102]                  | [0.3400, 0.2800, 0.1000, 0.0700, 0.1800, 0.0300]                                 | 2.5064   | 0.6800  | 0.7654 
6     | 8           | [97, 98, 99, 100, 101, 102, 103, 104]        | [0.1500, 0.1000, 0.0300, 0.1700, 0.0500, 0.1600, 0.2900, 0.0500]                 | 5.3024   | 0.9000  | 0.8313 
7     | 6           | [93, 94, 95, 96, 97, 98]                     | [0.0100, 0.0700, 0.0900, 0.6200, 0.1800, 0.0300]                                 | 0.7596   | 0.6000  | 0.5749 
8     | 6           | [96, 97, 99, 100, 101, 102]                  | [0.1700, 0.0900, 0.0400, 0.4700, 0.2100, 0.0200]                                 | 3.3124   | 0.6600  | 0.7030 
9     | 6           | [95, 96, 100, 101, 102, 103]                 | [0.0400, 0.0100, 0.1300, 0.5100, 0.2900, 0.0200]                                 | 2.1819   | 0.6600  | 0.6432 
10    | 6           | [97, 98, 99, 100, 102, 103]                  | [0.0100, 0.4400, 0.1300, 0.3000, 0.1000, 0.0200]                                 | 1.9516   | 0.8200  | 0.6960 
11    | 4           | [95, 96, 97, 98]                             | [0.0400, 0.2000, 0.6900, 0.0700]                                                 | 0.3859   | 0.4800  | 0.4822 
12    | 9           | [95, 96, 97, 98, 99, 100, 102, 103, 104]     | [0.0100, 0.2000, 0.1100, 0.0800, 0.1900, 0.0100, 0.0200, 0.3500, 0.0300]         | 8.5576   | 0.7800  | 0.7893 
13    | 7           | [93, 94, 95, 97, 98, 99, 100]                | [0.0300, 0.0200, 0.0800, 0.1800, 0.3300, 0.3500, 0.0100]                         | 2.2816   | 0.7600  | 0.7358 
14    | 7           | [98, 99, 101, 102, 104, 105, 106]            | [0.0400, 0.0400, 0.3800, 0.3400, 0.0100, 0.1400, 0.0500]                         | 3.4796   | 0.8000  | 0.7218 
15    | 5           | [96, 97, 98, 99, 100]                        | [0.0400, 0.1100, 0.2600, 0.2700, 0.3200]                                         | 1.3016   | 0.6400  | 0.7509 
16    | 7           | [91, 92, 94, 98, 99, 100, 101]               | [0.0100, 0.1600, 0.0700, 0.0300, 0.1800, 0.4800, 0.0700]                         | 10.0984  | 0.6000  | 0.7079 
17    | 6           | [96, 97, 98, 99, 100, 101]                   | [0.0100, 0.2800, 0.2500, 0.1900, 0.0200, 0.2500]                                 | 2.3776   | 0.6600  | 0.7677 
18    | 10          | [93, 94, 95, 96, 97, 98, 102, 103, 104, 105] | [0.0300, 0.0200, 0.5500, 0.0700, 0.0400, 0.0800, 0.0100, 0.1700, 0.0100, 0.0200] | 11.1491  | 0.5800  | 0.6604 
19    | 5           | [100, 101, 102, 103, 104]                    | [0.0300, 0.5200, 0.3600, 0.0700, 0.0200]                                         | 0.5691   | 0.6200  | 0.5998 
20    | 7           | [96, 97, 98, 99, 103, 104, 105]              | [0.0200, 0.2600, 0.1700, 0.0400, 0.0100, 0.3700, 0.1300]                         | 11.7936  | 0.6800  | 0.7551 
21    | 6           | [97, 98, 99, 100, 101, 102]                  | [0.0100, 0.1400, 0.3100, 0.4300, 0.1000, 0.0100]                                 | 0.8500   | 0.7000  | 0.6962 
