
[Simulation Info]
simulation_id = sim_0001423
timestamp     = 20250428_080211
seed          = 113771
output_folder = /home/lejeunet/Bureau/simulations/Ref_table/sim_0001423

[Model Parameters]
pop_size           = 739
num_loci           = 20
sample1_generation = 30
sample2_generation = 10
low_repeats        = 1
high_repeats       = 200
mutation_rate      = 0.001
recap_Ne           = 739

[Sampling Design]
sample1_size_Ne  = 50
sample2_size_Ne  = 50
sample1_size_CMR = 50
sample2_size_CMR = 50

[Capture-Marquage-Recapture]
census_N   =  867
MatchCount =  3

[Ne Estimates - One Sample - Decreasing critical values [0.050, 0.020, 0.010, 0+]]

[Linkage Desequilibrium]
LD_Ne_Pop1 = [187.5, 248.8, 340.2, 340.2]
LD_r2_Pop1 = [0.023034, 0.022604, 0.02225, 0.02225]
LD_Ne_Pop2 = [146.8, 168.7, 216.3, 216.3]
LD_r2_Pop2 = [0.023514, 0.023227, 0.022803, 0.022803]

[Heterozygote excess]
HE_Neb_mean_Pop1        = [123.7, None, None, None]
HE_weighted_D_mean_Pop1 = [0.00406, -0.0032, -0.00348, -0.00348]
HE_Neb_mean_Pop2        = [68.9, 86.1, 91.0, 91.0]
HE_weighted_D_mean_Pop2 = [0.00731, 0.00584, 0.00553, 0.00553]

[Molecular Coancestry]
Coan_Neb_n_Pop1 = None
Coan_f1_Pop1    = -0.03999
Coan_Neb_n_Pop2 = 14.0
Coan_f1_Pop2    = 0.03566

[Ne Estimates - Temporal - Decreasing critical values (0.050, 0.020, 0.010, 0+)]

[Pollak]
P_Ne     = [3019.9, 1620.8, 1977.1, 2189.0]
P_Fk     = [0.02166, 0.02308, 0.02253, 0.02228]
P_Fprime = [0.00166, 0.00308, 0.00253, 0.00228]

[Nei/Tajima]
N_Ne     = [3724.8, 2001.7, 2426.1, 2679.9]
N_Fc     = [0.02134, 0.0225, 0.02206, 0.02187]
N_Fprime = [0.00134, 0.0025, 0.00206, 0.00187]

[Jorde/Ryman]
J_Ne     = [1349.9, 1330.3, 1330.7, 1336.3]
J_Fs     = [0.02381, 0.02386, 0.02386, 0.02385]
J_Fprime = [0.0037, 0.00376, 0.00376, 0.00374]

[Genetic Diversity - Heterozygosity]
mean_exp_het_pop1 = 0.6114
mean_obs_het_pop1 = 0.6152
mean_exp_het_pop2 = 0.6069
mean_obs_het_pop2 = 0.6143

[Genetic Diversity - Allele Counts]
mean_alleles_pop1 = 5.1
var_alleles_pop1  = 1.19
sum_alleles_pop1  = 107
mean_alleles_pop2 = 5.21
var_alleles_pop2  = 1.44
sum_alleles_pop2  = 219

[Genetic Diversity - Allelic Size Variance]
var_allele_size_pop1 = 1.301
var_allele_size_pop2 = 1.2534

[Per-locus summary - Population 1]
Locus | Num_Alleles | Alleles                              | Frequencies                                                      | Variance | Obs_Het | Exp_Het
------+-------------+--------------------------------------+------------------------------------------------------------------+----------+---------+--------
1     | 4           | [99, 101, 102, 103]                  | [0.1000, 0.1000, 0.7900, 0.0100]                                 | 0.8579   | 0.3200  | 0.3594 
2     | 8           | [96, 97, 98, 99, 100, 101, 102, 103] | [0.0600, 0.0200, 0.1200, 0.1300, 0.0100, 0.0100, 0.6400, 0.0100] | 3.9875   | 0.5800  | 0.5604 
3     | 5           | [100, 101, 102, 103, 104]            | [0.0100, 0.5000, 0.3300, 0.0700, 0.0900]                         | 0.8971   | 0.6000  | 0.6343 
4     | 5           | [98, 100, 101, 102, 103]             | [0.2100, 0.0100, 0.6900, 0.0800, 0.0100]                         | 1.7284   | 0.4000  | 0.4780 
5     | 4           | [98, 99, 100, 101]                   | [0.0800, 0.3200, 0.5600, 0.0400]                                 | 0.4864   | 0.6200  | 0.5818 
6     | 4           | [99, 100, 101, 102]                  | [0.0500, 0.0900, 0.7200, 0.1400]                                 | 0.4275   | 0.4200  | 0.4560 
7     | 4           | [97, 98, 99, 100]                    | [0.0700, 0.5600, 0.1000, 0.2700]                                 | 0.9251   | 0.5800  | 0.6047 
8     | 4           | [98, 99, 100, 101]                   | [0.0200, 0.5100, 0.4600, 0.0100]                                 | 0.3084   | 0.6800  | 0.5331 
9     | 6           | [97, 98, 99, 100, 101, 102]          | [0.0300, 0.1300, 0.1100, 0.4500, 0.1700, 0.1100]                 | 1.5051   | 0.6800  | 0.7339 
10    | 5           | [98, 99, 100, 101, 102]              | [0.0100, 0.0900, 0.3400, 0.5300, 0.0300]                         | 0.5496   | 0.6000  | 0.6004 
11    | 6           | [97, 98, 99, 100, 101, 102]          | [0.0600, 0.1700, 0.0700, 0.3300, 0.3100, 0.0600]                 | 1.8144   | 0.8200  | 0.7616 
12    | 4           | [98, 99, 100, 101]                   | [0.2200, 0.2100, 0.3400, 0.2300]                                 | 1.1436   | 0.7400  | 0.7465 
13    | 4           | [100, 101, 102, 103]                 | [0.4000, 0.2500, 0.2300, 0.1200]                                 | 1.1051   | 0.8000  | 0.7174 
14    | 5           | [98, 99, 100, 101, 102]              | [0.0200, 0.3400, 0.4200, 0.1100, 0.1100]                         | 0.9675   | 0.7000  | 0.6903 
15    | 6           | [97, 98, 99, 100, 102, 103]          | [0.0400, 0.0400, 0.5900, 0.1600, 0.1300, 0.0400]                 | 1.8219   | 0.6200  | 0.6107 
16    | 5           | [97, 98, 99, 102, 103]               | [0.0100, 0.5900, 0.2500, 0.0700, 0.0800]                         | 2.5336   | 0.6200  | 0.5838 
17    | 6           | [100, 101, 102, 103, 104, 105]       | [0.1800, 0.1600, 0.3200, 0.2800, 0.0500, 0.0100]                 | 1.4379   | 0.7600  | 0.7663 
18    | 5           | [99, 100, 101, 102, 103]             | [0.3000, 0.2300, 0.4000, 0.0600, 0.0100]                         | 0.9675   | 0.6200  | 0.7004 
19    | 7           | [97, 98, 99, 101, 102, 103, 104]     | [0.0900, 0.1000, 0.7000, 0.0300, 0.0500, 0.0100, 0.0200]         | 1.6851   | 0.4800  | 0.4929 
20    | 5           | [100, 101, 102, 103, 104]            | [0.0400, 0.0600, 0.1300, 0.5900, 0.1800]                         | 0.8739   | 0.6600  | 0.6034 
21    | 5           | [98, 99, 100, 101, 102]              | [0.0800, 0.1100, 0.0500, 0.5700, 0.1900]                         | 1.2976   | 0.6200  | 0.6242 

[Per-locus summary - Population 2]
Locus | Num_Alleles | Alleles                               | Frequencies                                                      | Variance | Obs_Het | Exp_Het
------+-------------+---------------------------------------+------------------------------------------------------------------+----------+---------+--------
1     | 3           | [99, 101, 102]                        | [0.1000, 0.1100, 0.7900]                                         | 0.8419   | 0.3800  | 0.3574 
2     | 6           | [96, 97, 98, 99, 101, 102]            | [0.0500, 0.0200, 0.1000, 0.0900, 0.0500, 0.6900]                 | 3.5056   | 0.4800  | 0.5054 
3     | 4           | [101, 102, 103, 104]                  | [0.4000, 0.4400, 0.0700, 0.0900]                                 | 0.8075   | 0.7400  | 0.6398 
4     | 4           | [98, 100, 101, 102]                   | [0.2700, 0.0500, 0.6100, 0.0700]                                 | 1.9259   | 0.5600  | 0.5531 
5     | 4           | [98, 99, 100, 101]                    | [0.1000, 0.2300, 0.6300, 0.0400]                                 | 0.5179   | 0.5400  | 0.5440 
6     | 5           | [98, 99, 100, 101, 102]               | [0.0400, 0.0300, 0.1400, 0.6800, 0.1100]                         | 0.6859   | 0.4600  | 0.5085 
7     | 4           | [97, 98, 99, 100]                     | [0.1300, 0.6000, 0.1100, 0.1600]                                 | 0.7900   | 0.6000  | 0.5913 
8     | 4           | [98, 99, 100, 101]                    | [0.0100, 0.4600, 0.5200, 0.0100]                                 | 0.2891   | 0.5400  | 0.5230 
9     | 6           | [97, 98, 99, 100, 101, 102]           | [0.0500, 0.1400, 0.0600, 0.5300, 0.1500, 0.0700]                 | 1.4600   | 0.7000  | 0.6727 
10    | 4           | [99, 100, 101, 102]                   | [0.0800, 0.3900, 0.5200, 0.0100]                                 | 0.4284   | 0.5800  | 0.5768 
11    | 6           | [97, 98, 99, 100, 101, 102]           | [0.0700, 0.1300, 0.0600, 0.2000, 0.4600, 0.0800]                 | 1.9819   | 0.6600  | 0.7238 
12    | 4           | [98, 99, 100, 101]                    | [0.2700, 0.2000, 0.3500, 0.1800]                                 | 1.1464   | 0.7200  | 0.7396 
13    | 5           | [99, 100, 101, 102, 103]              | [0.0100, 0.4100, 0.2100, 0.3200, 0.0500]                         | 0.9699   | 0.7000  | 0.6897 
14    | 6           | [97, 98, 99, 100, 101, 102]           | [0.0500, 0.0600, 0.1900, 0.5000, 0.1800, 0.0200]                 | 1.0824   | 0.7200  | 0.6818 
15    | 7           | [97, 98, 99, 100, 101, 102, 103]      | [0.0300, 0.0200, 0.5700, 0.1400, 0.0100, 0.1300, 0.1000]         | 2.3331   | 0.5800  | 0.6335 
16    | 5           | [97, 98, 99, 102, 103]                | [0.0200, 0.6300, 0.2300, 0.0600, 0.0600]                         | 2.1475   | 0.6400  | 0.5481 
17    | 5           | [100, 101, 102, 103, 104]             | [0.1300, 0.2000, 0.4200, 0.2100, 0.0400]                         | 1.0611   | 0.7000  | 0.7283 
18    | 6           | [98, 99, 100, 101, 102, 103]          | [0.0100, 0.2600, 0.2800, 0.3600, 0.0800, 0.0100]                 | 0.9971   | 0.7800  | 0.7250 
19    | 8           | [97, 98, 99, 100, 101, 102, 103, 104] | [0.0700, 0.1700, 0.6100, 0.0400, 0.0200, 0.0700, 0.0100, 0.0100] | 1.6051   | 0.6400  | 0.5929 
20    | 5           | [100, 101, 102, 103, 104]             | [0.0200, 0.0600, 0.3100, 0.5300, 0.0800]                         | 0.6419   | 0.6200  | 0.6188 
21    | 5           | [98, 99, 100, 101, 102]               | [0.0500, 0.1200, 0.0400, 0.6000, 0.1900]                         | 1.1024   | 0.5600  | 0.5913 
