
[Simulation Info]
simulation_id = sim_0007807
timestamp     = 20250428_103321
seed          = 596252
output_folder = /home/lejeunet/Bureau/simulations/Ref_table/sim_0007807

[Model Parameters]
pop_size           = 51
num_loci           = 20
sample1_generation = 30
sample2_generation = 10
low_repeats        = 1
high_repeats       = 200
mutation_rate      = 0.001
recap_Ne           = 51

[Sampling Design]
sample1_size_Ne  = 50
sample2_size_Ne  = 50
sample1_size_CMR = 50
sample2_size_CMR = 50

[Capture-Marquage-Recapture]
census_N   =  53
MatchCount =  49

[Ne Estimates - One Sample - Decreasing critical values [0.050, 0.020, 0.010, 0+]]

[Linkage Desequilibrium]
LD_Ne_Pop1 = [42.2, 52.7, 46.2, 46.2]
LD_r2_Pop1 = [0.028794, 0.027358, 0.028174, 0.028174]
LD_Ne_Pop2 = [178.7, 40.8, 44.6, 44.6]
LD_r2_Pop2 = [0.02312, 0.029026, 0.028401, 0.028401]

[Heterozygote excess]
HE_Neb_mean_Pop1        = [9.1, 10.0, 10.9, 10.9]
HE_weighted_D_mean_Pop1 = [0.05772, 0.05261, 0.04803, 0.04803]
HE_Neb_mean_Pop2        = [None, None, None, None]
HE_weighted_D_mean_Pop2 = [-0.04288, -0.03744, -0.03744, -0.03744]

[Molecular Coancestry]
Coan_Neb_n_Pop1 = 35.7
Coan_f1_Pop1    = 0.01399
Coan_Neb_n_Pop2 = 37.4
Coan_f1_Pop2    = 0.01338

[Ne Estimates - Temporal - Decreasing critical values (0.050, 0.020, 0.010, 0+)]

[Pollak]
P_Ne     = [89.0, 95.0, 101.5, 109.6]
P_Fk     = [0.07616, 0.07263, 0.06926, 0.06562]
P_Fprime = [0.05616, 0.05263, 0.04926, 0.04562]

[Nei/Tajima]
N_Ne     = [86.3, 90.8, 95.2, 104.5]
N_Fc     = [0.07795, 0.07508, 0.07251, 0.06785]
N_Fprime = [0.05795, 0.05508, 0.05251, 0.04785]

[Jorde/Ryman]
J_Ne     = [78.8, 79.2, 79.6, 79.9]
J_Fs     = [0.08455, 0.08424, 0.08393, 0.08364]
J_Fprime = [0.06343, 0.06313, 0.06284, 0.06255]

[Genetic Diversity - Heterozygosity]
mean_exp_het_pop1 = 0.26
mean_obs_het_pop1 = 0.2765
mean_exp_het_pop2 = 0.2688
mean_obs_het_pop2 = 0.2533

[Genetic Diversity - Allele Counts]
mean_alleles_pop1 = 2.28
var_alleles_pop1  = 0.33
sum_alleles_pop1  = 41
mean_alleles_pop2 = 2.28
var_alleles_pop2  = 0.38
sum_alleles_pop2  = 82

[Genetic Diversity - Allelic Size Variance]
var_allele_size_pop1 = 0.1283
var_allele_size_pop2 = 0.1155

[Per-locus summary - Population 1]
Locus | Num_Alleles | Alleles         | Frequencies              | Variance | Obs_Het | Exp_Het
------+-------------+-----------------+--------------------------+----------+---------+--------
1     | 3           | [99, 100, 101]  | [0.0100, 0.9600, 0.0300] | 0.0396   | 0.0800  | 0.0782 
2     | 2           | [100, 101]      | [0.7600, 0.2400]         | 0.1824   | 0.4000  | 0.3685 
3     | 2           | [99, 100]       | [0.0700, 0.9300]         | 0.0651   | 0.1400  | 0.1315 
4     | 1           | [100]           | [1.0000]                 | 0.0000   | NA      | NA     
5     | 2           | [100, 101]      | [0.8500, 0.1500]         | 0.1275   | 0.3000  | 0.2576 
6     | 2           | [99, 100]       | [0.0700, 0.9300]         | 0.0651   | 0.1400  | 0.1315 
7     | 2           | [99, 100]       | [0.4300, 0.5700]         | 0.2451   | 0.4600  | 0.4951 
8     | 2           | [99, 100]       | [0.5500, 0.4500]         | 0.2475   | 0.5000  | 0.5000 
9     | 3           | [100, 101, 102] | [0.4900, 0.4900, 0.0200] | 0.2891   | 0.6400  | 0.5246 
10    | 2           | [100, 101]      | [0.7500, 0.2500]         | 0.1875   | 0.4200  | 0.3788 
11    | 2           | [99, 100]       | [0.9600, 0.0400]         | 0.0384   | 0.0800  | 0.0776 
12    | 3           | [99, 100, 101]  | [0.0600, 0.9300, 0.0100] | 0.0675   | 0.1400  | 0.1327 
13    | 2           | [100, 101]      | [0.9900, 0.0100]         | 0.0099   | 0.0200  | 0.0200 
14    | 3           | [99, 100, 101]  | [0.0200, 0.8000, 0.1800] | 0.1744   | 0.3200  | 0.3305 
15    | 2           | [100, 101]      | [0.9900, 0.0100]         | 0.0099   | 0.0200  | 0.0200 
16    | 3           | [100, 101, 102] | [0.3900, 0.5500, 0.0600] | 0.3411   | 0.6000  | 0.5473 
17    | 3           | [99, 100, 101]  | [0.1400, 0.8400, 0.0200] | 0.1456   | 0.2800  | 0.2772 
18    | 2           | [100, 101]      | [0.9200, 0.0800]         | 0.0736   | 0.1600  | 0.1487 

[Per-locus summary - Population 2]
Locus | Num_Alleles | Alleles         | Frequencies              | Variance | Obs_Het | Exp_Het
------+-------------+-----------------+--------------------------+----------+---------+--------
1     | 1           | [100]           | [1.0000]                 | 0.0000   | NA      | NA     
2     | 2           | [100, 101]      | [0.9000, 0.1000]         | 0.0900   | 0.2000  | 0.1818 
3     | 2           | [99, 100]       | [0.0800, 0.9200]         | 0.0736   | 0.1600  | 0.1487 
4     | 2           | [99, 100]       | [0.0300, 0.9700]         | 0.0291   | 0.0600  | 0.0588 
5     | 3           | [99, 100, 101]  | [0.0400, 0.9300, 0.0300] | 0.0699   | 0.1000  | 0.1339 
6     | 3           | [99, 100, 101]  | [0.0200, 0.9600, 0.0200] | 0.0400   | 0.0800  | 0.0784 
7     | 2           | [99, 100]       | [0.5100, 0.4900]         | 0.2499   | 0.4600  | 0.5049 
8     | 2           | [99, 100]       | [0.5300, 0.4700]         | 0.2491   | 0.4600  | 0.5032 
9     | 2           | [100, 101]      | [0.7300, 0.2700]         | 0.1971   | 0.3400  | 0.3982 
10    | 2           | [100, 101]      | [0.6200, 0.3800]         | 0.2356   | 0.4800  | 0.4760 
11    | 3           | [99, 100, 101]  | [0.7600, 0.2300, 0.0100] | 0.2075   | 0.3600  | 0.3731 
12    | 2           | [99, 100]       | [0.0200, 0.9800]         | 0.0196   | 0.0400  | 0.0396 
13    | 1           | [100]           | [1.0000]                 | 0.0000   | NA      | NA     
14    | 2           | [100, 101]      | [0.7400, 0.2600]         | 0.1924   | 0.3600  | 0.3887 
15    | 1           | [100]           | [1.0000]                 | 0.0000   | NA      | NA     
16    | 3           | [100, 101, 102] | [0.4600, 0.5000, 0.0400] | 0.3236   | 0.4800  | 0.5422 
17    | 2           | [99, 100]       | [0.0200, 0.9800]         | 0.0196   | 0.0400  | 0.0396 
18    | 2           | [100, 101]      | [0.9100, 0.0900]         | 0.0819   | 0.1800  | 0.1655 
