
[Simulation Info]
simulation_id = sim_0007112
timestamp     = 20250428_101412
seed          = 125696
output_folder = /home/lejeunet/Bureau/simulations/Ref_table/sim_0007112

[Model Parameters]
pop_size           = 127
num_loci           = 20
sample1_generation = 30
sample2_generation = 10
low_repeats        = 1
high_repeats       = 200
mutation_rate      = 0.001
recap_Ne           = 127

[Sampling Design]
sample1_size_Ne  = 50
sample2_size_Ne  = 50
sample1_size_CMR = 50
sample2_size_CMR = 50

[Capture-Marquage-Recapture]
census_N   =  136
MatchCount =  19

[Ne Estimates - One Sample - Decreasing critical values [0.050, 0.020, 0.010, 0+]]

[Linkage Desequilibrium]
LD_Ne_Pop1 = [106.6, 101.1, 143.9, 143.9]
LD_r2_Pop1 = [0.024342, 0.024505, 0.023559, 0.023559]
LD_Ne_Pop2 = [57.1, 63.7, 64.1, 64.1]
LD_r2_Pop2 = [0.026902, 0.026337, 0.026306, 0.026306]

[Heterozygote excess]
HE_Neb_mean_Pop1        = [None, None, None, None]
HE_weighted_D_mean_Pop1 = [-0.00487, -0.00431, -0.00413, -0.00413]
HE_Neb_mean_Pop2        = [8.9, 8.9, 8.9, 8.9]
HE_weighted_D_mean_Pop2 = [0.05936, 0.05936, 0.05936, 0.05936]

[Molecular Coancestry]
Coan_Neb_n_Pop1 = None
Coan_f1_Pop1    = -0.04545
Coan_Neb_n_Pop2 = None
Coan_f1_Pop2    = -0.01207

[Ne Estimates - Temporal - Decreasing critical values (0.050, 0.020, 0.010, 0+)]

[Pollak]
P_Ne     = [616.8, 616.8, 588.1, 677.1]
P_Fk     = [0.02811, 0.02811, 0.0285, 0.02738]
P_Fprime = [0.00811, 0.00811, 0.0085, 0.00738]

[Nei/Tajima]
N_Ne     = [505.0, 505.0, 484.8, 535.7]
N_Fc     = [0.0299, 0.0299, 0.03031, 0.02933]
N_Fprime = [0.0099, 0.0099, 0.01031, 0.00933]

[Jorde/Ryman]
J_Ne     = [378.8, 378.8, 378.1, 379.7]
J_Fs     = [0.03334, 0.03334, 0.03337, 0.03331]
J_Fprime = [0.0132, 0.0132, 0.01322, 0.01317]

[Genetic Diversity - Heterozygosity]
mean_exp_het_pop1 = 0.316
mean_obs_het_pop1 = 0.3147
mean_exp_het_pop2 = 0.3367
mean_obs_het_pop2 = 0.36

[Genetic Diversity - Allele Counts]
mean_alleles_pop1 = 2.53
var_alleles_pop1  = 0.26
sum_alleles_pop1  = 48
mean_alleles_pop2 = 2.66
var_alleles_pop2  = 0.45
sum_alleles_pop2  = 101

[Genetic Diversity - Allelic Size Variance]
var_allele_size_pop1 = 0.1845
var_allele_size_pop2 = 0.1746

[Per-locus summary - Population 1]
Locus | Num_Alleles | Alleles         | Frequencies              | Variance | Obs_Het | Exp_Het
------+-------------+-----------------+--------------------------+----------+---------+--------
1     | 2           | [99, 100]       | [0.1600, 0.8400]         | 0.1344   | 0.3200  | 0.2715 
2     | 2           | [100, 101]      | [0.6800, 0.3200]         | 0.2176   | 0.5200  | 0.4396 
3     | 2           | [100, 101]      | [0.8900, 0.1100]         | 0.0979   | 0.2200  | 0.1978 
4     | 3           | [99, 100, 101]  | [0.0800, 0.8600, 0.0600] | 0.1396   | 0.2200  | 0.2529 
5     | 3           | [99, 100, 101]  | [0.0900, 0.8900, 0.0200] | 0.1051   | 0.2200  | 0.2014 
6     | 3           | [99, 100, 101]  | [0.3400, 0.5100, 0.1500] | 0.4539   | 0.6600  | 0.6079 
7     | 3           | [99, 100, 101]  | [0.0400, 0.8600, 0.1000] | 0.1364   | 0.2400  | 0.2513 
8     | 2           | [99, 100]       | [0.1600, 0.8400]         | 0.1344   | 0.3200  | 0.2715 
9     | 3           | [100, 101, 102] | [0.6500, 0.2200, 0.1300] | 0.5096   | 0.4600  | 0.5174 
10    | 3           | [100, 101, 102] | [0.2400, 0.7000, 0.0600] | 0.2676   | 0.4600  | 0.4533 
11    | 3           | [99, 100, 101]  | [0.0200, 0.6700, 0.3100] | 0.2459   | 0.4200  | 0.4592 
12    | 2           | [99, 100]       | [0.0100, 0.9900]         | 0.0099   | 0.0200  | 0.0200 
13    | 2           | [100, 101]      | [0.8000, 0.2000]         | 0.1600   | 0.3600  | 0.3232 
14    | 2           | [100, 101]      | [0.6100, 0.3900]         | 0.2379   | 0.4200  | 0.4806 
15    | 3           | [99, 100, 101]  | [0.0300, 0.7400, 0.2300] | 0.2200   | 0.3200  | 0.4026 
16    | 2           | [99, 100]       | [0.1100, 0.8900]         | 0.0979   | 0.2200  | 0.1978 
17    | 2           | [99, 100]       | [0.2000, 0.8000]         | 0.1600   | 0.2400  | 0.3232 
18    | 3           | [99, 100, 101]  | [0.0100, 0.9800, 0.0100] | 0.0200   | 0.0400  | 0.0398 
19    | 3           | [99, 100, 101]  | [0.0300, 0.8300, 0.1400] | 0.1579   | 0.3000  | 0.2935 

[Per-locus summary - Population 2]
Locus | Num_Alleles | Alleles            | Frequencies                      | Variance | Obs_Het | Exp_Het
------+-------------+--------------------+----------------------------------+----------+---------+--------
1     | 2           | [99, 100]          | [0.2000, 0.8000]                 | 0.1600   | 0.4000  | 0.3232 
2     | 3           | [100, 101, 102]    | [0.6400, 0.3500, 0.0100]         | 0.2531   | 0.4800  | 0.4725 
3     | 3           | [99, 100, 101]     | [0.0300, 0.8700, 0.1000]         | 0.1251   | 0.2400  | 0.2346 
4     | 3           | [99, 100, 101]     | [0.0700, 0.9000, 0.0300]         | 0.0984   | 0.2000  | 0.1861 
5     | 3           | [99, 100, 101]     | [0.0700, 0.9200, 0.0100]         | 0.0764   | 0.1600  | 0.1501 
6     | 4           | [98, 99, 100, 101] | [0.0100, 0.2800, 0.5300, 0.1800] | 0.4856   | 0.6600  | 0.6143 
7     | 3           | [99, 100, 101]     | [0.0800, 0.8600, 0.0600]         | 0.1396   | 0.2800  | 0.2529 
8     | 3           | [99, 100, 101]     | [0.2200, 0.7700, 0.0100]         | 0.1859   | 0.3800  | 0.3622 
9     | 3           | [100, 101, 102]    | [0.5700, 0.3300, 0.1000]         | 0.4491   | 0.6200  | 0.5618 
10    | 3           | [100, 101, 102]    | [0.1500, 0.8200, 0.0300]         | 0.1656   | 0.3200  | 0.3073 
11    | 3           | [99, 100, 101]     | [0.0200, 0.7100, 0.2700]         | 0.2275   | 0.4800  | 0.4269 
12    | 1           | [100]              | [1.0000]                         | 0.0000   | NA      | NA     
13    | 2           | [100, 101]         | [0.9200, 0.0800]                 | 0.0736   | 0.1600  | 0.1487 
14    | 2           | [100, 101]         | [0.7200, 0.2800]                 | 0.2016   | 0.4400  | 0.4073 
15    | 3           | [99, 100, 101]     | [0.0400, 0.8700, 0.0900]         | 0.1275   | 0.2600  | 0.2358 
16    | 2           | [99, 100]          | [0.1800, 0.8200]                 | 0.1476   | 0.2800  | 0.2982 
17    | 2           | [99, 100]          | [0.1900, 0.8100]                 | 0.1539   | 0.3000  | 0.3109 
18    | 1           | [100]              | [1.0000]                         | 0.0000   | NA      | NA     
19    | 3           | [99, 100, 101]     | [0.0500, 0.7200, 0.2300]         | 0.2476   | 0.4600  | 0.4305 
