
[Simulation Info]
simulation_id = sim_0011880
timestamp     = 20250429_092445
seed          = 288987
output_folder = /home/lejeunet/Bureau/simulations/Ref_table/sim_0011880

[Model Parameters]
pop_size           = 4153
num_loci           = 20
sample1_generation = 30
sample2_generation = 10
low_repeats        = 1
high_repeats       = 200
mutation_rate      = 0.001
recap_Ne           = 4153

[Sampling Design]
sample1_size_Ne  = 50
sample2_size_Ne  = 50
sample1_size_CMR = 50
sample2_size_CMR = 50

[Capture-Marquage-Recapture]
census_N   =  2601
MatchCount =  1

[Ne Estimates - One Sample - Decreasing critical values [0.050, 0.020, 0.010, 0+]]

[Linkage Desequilibrium]
LD_Ne_Pop1 = [857.5, 823.5, 1836.6, 1836.6]
LD_r2_Pop1 = [0.021664, 0.02168, 0.021457, 0.021457]
LD_Ne_Pop2 = [336.1, 497.6, 825.4, 825.4]
LD_r2_Pop2 = [0.022262, 0.021943, 0.021679, 0.021679]

[Heterozygote excess]
HE_Neb_mean_Pop1        = [148.6, None, None, None]
HE_weighted_D_mean_Pop1 = [0.00338, -8e-05, -0.00039, -0.00039]
HE_Neb_mean_Pop2        = [None, None, None, None]
HE_weighted_D_mean_Pop2 = [-0.00058, -0.00187, -0.00241, -0.00241]

[Molecular Coancestry]
Coan_Neb_n_Pop1 = 18.3
Coan_f1_Pop1    = 0.02739
Coan_Neb_n_Pop2 = 88.5
Coan_f1_Pop2    = 0.00565

[Ne Estimates - Temporal - Decreasing critical values (0.050, 0.020, 0.010, 0+)]

[Pollak]
P_Ne     = [-2052.7, -4549.5, -9253.2, -16433.5]
P_Fk     = [0.01756, 0.0189, 0.01946, 0.0197]
P_Fprime = [-0.00244, -0.0011, -0.00054, -0.0003]

[Nei/Tajima]
N_Ne     = [-1787.2, -3140.2, -4641.7, -5807.0]
N_Fc     = [0.0172, 0.01841, 0.01892, 0.01914]
N_Fprime = [-0.0028, -0.00159, -0.00108, -0.00086]

[Jorde/Ryman]
J_Ne     = [-1395.0, -1518.5, -1556.1, -1567.4]
J_Fs     = [0.01652, 0.01681, 0.01689, 0.01691]
J_Fprime = [-0.00358, -0.00329, -0.00321, -0.00319]

[Genetic Diversity - Heterozygosity]
mean_exp_het_pop1 = 0.8256
mean_obs_het_pop1 = 0.8286
mean_exp_het_pop2 = 0.8203
mean_obs_het_pop2 = 0.8286

[Genetic Diversity - Allele Counts]
mean_alleles_pop1 = 8.67
var_alleles_pop1  = 3.33
sum_alleles_pop1  = 182
mean_alleles_pop2 = 9.0
var_alleles_pop2  = 3.37
sum_alleles_pop2  = 378

[Genetic Diversity - Allelic Size Variance]
var_allele_size_pop1 = 5.0213
var_allele_size_pop2 = 4.893

[Per-locus summary - Population 1]
Locus | Num_Alleles | Alleles                                                        | Frequencies                                                                                              | Variance | Obs_Het | Exp_Het
------+-------------+----------------------------------------------------------------+----------------------------------------------------------------------------------------------------------+----------+---------+--------
1     | 8           | [97, 98, 99, 100, 101, 102, 104, 108]                          | [0.0300, 0.1600, 0.1100, 0.1500, 0.3200, 0.1200, 0.0200, 0.0900]                                         | 7.1944   | 0.8600  | 0.8218 
2     | 11          | [95, 96, 97, 98, 100, 101, 102, 103, 104, 105, 106]            | [0.0100, 0.0600, 0.0300, 0.1000, 0.0600, 0.2300, 0.2100, 0.1800, 0.0600, 0.0100, 0.0500]                 | 6.1400   | 0.9400  | 0.8548 
3     | 6           | [100, 101, 102, 103, 104, 105]                                 | [0.1400, 0.2500, 0.3700, 0.1100, 0.0900, 0.0400]                                                         | 1.6256   | 0.7400  | 0.7669 
4     | 8           | [94, 95, 96, 97, 98, 99, 100, 101]                             | [0.0500, 0.1600, 0.0300, 0.1300, 0.2200, 0.2900, 0.1100, 0.0100]                                         | 3.2011   | 0.7400  | 0.8176 
5     | 7           | [95, 96, 97, 98, 99, 102, 103]                                 | [0.0300, 0.1200, 0.2000, 0.4600, 0.0500, 0.0600, 0.0800]                                                 | 3.9344   | 0.7000  | 0.7279 
6     | 7           | [96, 97, 100, 101, 102, 103, 104]                              | [0.1000, 0.0400, 0.1700, 0.1500, 0.3200, 0.1800, 0.0400]                                                 | 4.7091   | 0.7400  | 0.8087 
7     | 13          | [97, 98, 99, 100, 101, 102, 103, 104, 105, 106, 107, 108, 109] | [0.0100, 0.0600, 0.1400, 0.0600, 0.1700, 0.0900, 0.0900, 0.1500, 0.0100, 0.0400, 0.0700, 0.0700, 0.0400] | 10.1331  | 0.9200  | 0.9014 
8     | 9           | [95, 96, 97, 98, 99, 100, 101, 102, 103]                       | [0.0100, 0.1400, 0.0500, 0.1400, 0.4400, 0.0800, 0.0100, 0.0700, 0.0600]                                 | 3.4475   | 0.7200  | 0.7572 
9     | 11          | [93, 94, 95, 96, 97, 98, 99, 100, 101, 102, 103]               | [0.0900, 0.0400, 0.1800, 0.1600, 0.0300, 0.0400, 0.0300, 0.0500, 0.1700, 0.1600, 0.0500]                 | 10.7491  | 0.9400  | 0.8782 
10    | 8           | [99, 100, 101, 102, 103, 104, 105, 106]                        | [0.0400, 0.2100, 0.2200, 0.2000, 0.1500, 0.1300, 0.0200, 0.0300]                                         | 2.7211   | 0.9600  | 0.8335 
11    | 10          | [90, 92, 93, 94, 95, 96, 97, 98, 99, 100]                      | [0.0700, 0.0600, 0.1100, 0.1400, 0.1100, 0.0800, 0.1500, 0.1200, 0.0700, 0.0900]                         | 7.6636   | 0.8200  | 0.9004 
12    | 9           | [100, 101, 102, 103, 104, 105, 106, 107, 108]                  | [0.0100, 0.2300, 0.2200, 0.2400, 0.1500, 0.0300, 0.0100, 0.0900, 0.0200]                                 | 3.5299   | 0.7400  | 0.8172 
13    | 10          | [96, 97, 98, 99, 100, 101, 102, 103, 104, 105]                 | [0.0600, 0.0400, 0.1000, 0.1100, 0.0200, 0.0500, 0.2700, 0.2000, 0.1400, 0.0100]                         | 5.9731   | 0.9000  | 0.8457 
14    | 9           | [96, 97, 98, 99, 102, 103, 104, 105, 106]                      | [0.0300, 0.0400, 0.0900, 0.1300, 0.2300, 0.1200, 0.1000, 0.1800, 0.0800]                                 | 8.1075   | 0.8800  | 0.8650 
15    | 9           | [96, 97, 98, 99, 100, 101, 102, 103, 104]                      | [0.0300, 0.0300, 0.1400, 0.2300, 0.1600, 0.1700, 0.1300, 0.1000, 0.0100]                                 | 3.2875   | 0.8800  | 0.8527 
16    | 7           | [96, 97, 98, 99, 100, 101, 102]                                | [0.0300, 0.1200, 0.1900, 0.1800, 0.2500, 0.1600, 0.0700]                                                 | 2.3924   | 0.8400  | 0.8315 
17    | 8           | [96, 97, 98, 99, 100, 101, 102, 103]                           | [0.0700, 0.1600, 0.2700, 0.1400, 0.0600, 0.0500, 0.2400, 0.0100]                                         | 4.1056   | 0.8200  | 0.8214 
18    | 11          | [93, 94, 95, 96, 97, 98, 99, 100, 101, 102, 103]               | [0.1100, 0.0900, 0.1400, 0.1700, 0.0700, 0.0700, 0.0600, 0.0200, 0.1200, 0.1300, 0.0200]                 | 9.5644   | 0.8600  | 0.8948 
19    | 6           | [97, 98, 99, 100, 101, 102]                                    | [0.0100, 0.0700, 0.2300, 0.4000, 0.2600, 0.0300]                                                         | 0.9736   | 0.8000  | 0.7208 
20    | 8           | [94, 95, 97, 98, 99, 100, 101, 102]                            | [0.0300, 0.0400, 0.1600, 0.1600, 0.3400, 0.1100, 0.0700, 0.0900]                                         | 3.3171   | 0.8400  | 0.8137 
21    | 7           | [97, 98, 99, 100, 101, 102, 103]                               | [0.0300, 0.2700, 0.1100, 0.1700, 0.1700, 0.2400, 0.0100]                                                 | 2.6764   | 0.7600  | 0.8067 

[Per-locus summary - Population 2]
Locus | Num_Alleles | Alleles                                                    | Frequencies                                                                                      | Variance | Obs_Het | Exp_Het
------+-------------+------------------------------------------------------------+--------------------------------------------------------------------------------------------------+----------+---------+--------
1     | 9           | [97, 98, 99, 100, 101, 102, 103, 104, 108]                 | [0.0100, 0.2000, 0.1800, 0.1700, 0.2000, 0.1100, 0.0300, 0.0100, 0.0900]                         | 7.4644   | 0.8400  | 0.8459 
2     | 11          | [96, 97, 98, 99, 100, 101, 102, 103, 104, 105, 106]        | [0.0700, 0.0100, 0.1000, 0.0100, 0.0500, 0.2100, 0.1900, 0.1600, 0.0400, 0.0800, 0.0800]         | 7.0219   | 0.8400  | 0.8709 
3     | 7           | [99, 100, 101, 102, 103, 104, 105]                         | [0.0100, 0.1300, 0.1500, 0.3700, 0.1600, 0.1700, 0.0100]                                         | 1.6819   | 0.7600  | 0.7768 
4     | 8           | [93, 94, 95, 96, 97, 98, 99, 100]                          | [0.0200, 0.1300, 0.2200, 0.0300, 0.1200, 0.1700, 0.2300, 0.0800]                                 | 4.2051   | 0.9200  | 0.8392 
5     | 7           | [95, 96, 97, 98, 99, 102, 103]                             | [0.0400, 0.1100, 0.3000, 0.3600, 0.0600, 0.0500, 0.0800]                                         | 3.9596   | 0.8400  | 0.7618 
6     | 8           | [94, 96, 97, 100, 101, 102, 103, 104]                      | [0.0100, 0.1000, 0.0400, 0.1300, 0.1700, 0.3800, 0.1400, 0.0300]                                 | 4.9579   | 0.8800  | 0.7854 
7     | 12          | [98, 99, 100, 101, 102, 103, 104, 105, 106, 107, 108, 109] | [0.0700, 0.1300, 0.0600, 0.2200, 0.1200, 0.0600, 0.0900, 0.0100, 0.0200, 0.1200, 0.0900, 0.0100] | 10.0075  | 0.8800  | 0.8859 
8     | 10          | [95, 96, 97, 98, 99, 100, 101, 102, 103, 104]              | [0.0100, 0.0400, 0.1100, 0.0900, 0.4500, 0.1200, 0.0300, 0.0500, 0.0900, 0.0100]                 | 3.3571   | 0.7400  | 0.7572 
9     | 9           | [93, 94, 95, 96, 98, 99, 100, 101, 102]                    | [0.0200, 0.1000, 0.2500, 0.1300, 0.0500, 0.1000, 0.0900, 0.1400, 0.1200]                         | 8.4011   | 0.7200  | 0.8642 
10    | 8           | [98, 99, 100, 101, 102, 103, 104, 106]                     | [0.0100, 0.0300, 0.1700, 0.2800, 0.1700, 0.1800, 0.1500, 0.0100]                                 | 2.2771   | 0.8400  | 0.8160 
11    | 11          | [90, 91, 92, 93, 94, 95, 96, 97, 98, 99, 100]              | [0.0200, 0.0100, 0.0700, 0.0700, 0.1100, 0.2200, 0.0400, 0.1100, 0.1700, 0.1200, 0.0600]         | 6.2075   | 0.9600  | 0.8774 
12    | 8           | [100, 101, 102, 103, 104, 105, 106, 107]                   | [0.0100, 0.3000, 0.2100, 0.2500, 0.0800, 0.0200, 0.0100, 0.1200]                                 | 3.6259   | 0.8000  | 0.7899 
13    | 11          | [95, 96, 97, 98, 99, 100, 101, 102, 103, 104, 105]         | [0.0100, 0.0600, 0.0700, 0.0800, 0.1600, 0.0200, 0.0200, 0.2400, 0.1900, 0.1300, 0.0200]         | 6.8331   | 0.8600  | 0.8562 
14    | 9           | [97, 98, 99, 101, 102, 103, 104, 105, 106]                 | [0.0700, 0.0900, 0.0900, 0.0100, 0.2100, 0.1500, 0.1200, 0.1300, 0.1300]                         | 7.7939   | 0.9200  | 0.8727 
15    | 8           | [96, 97, 98, 99, 100, 101, 102, 103]                       | [0.0100, 0.0300, 0.1400, 0.2100, 0.2100, 0.0700, 0.1800, 0.1500]                                 | 3.2724   | 0.7600  | 0.8398 
16    | 7           | [96, 97, 98, 99, 100, 101, 102]                            | [0.0100, 0.1200, 0.1800, 0.1200, 0.3100, 0.2200, 0.0400]                                         | 2.1236   | 0.7400  | 0.8006 
17    | 8           | [96, 97, 98, 99, 100, 101, 102, 103]                       | [0.0200, 0.1700, 0.2800, 0.1400, 0.0500, 0.0800, 0.2200, 0.0400]                                 | 4.0075   | 0.8800  | 0.8220 
18    | 11          | [93, 94, 95, 96, 97, 98, 99, 100, 101, 102, 103]           | [0.1000, 0.0500, 0.1900, 0.1700, 0.0900, 0.1200, 0.0100, 0.0100, 0.1100, 0.1200, 0.0300]         | 8.9859   | 0.9000  | 0.8812 
19    | 5           | [98, 99, 100, 101, 102]                                    | [0.1100, 0.1500, 0.4000, 0.3200, 0.0200]                                                         | 0.9899   | 0.7800  | 0.7097 
20    | 10          | [94, 95, 96, 97, 98, 99, 100, 101, 102, 103]               | [0.0200, 0.0100, 0.0100, 0.1100, 0.2000, 0.3700, 0.1100, 0.0300, 0.1200, 0.0200]                 | 3.0196   | 0.6400  | 0.7905 
21    | 6           | [98, 99, 100, 101, 102, 104]                               | [0.2600, 0.0800, 0.2100, 0.1500, 0.2900, 0.0100]                                                 | 2.5611   | 0.9000  | 0.7830 
