
[Simulation Info]
simulation_id = sim_0010433
timestamp     = 20250429_084119
seed          = 339410
output_folder = /home/lejeunet/Bureau/simulations/Ref_table/sim_0010433

[Model Parameters]
pop_size           = 5640
num_loci           = 20
sample1_generation = 30
sample2_generation = 10
low_repeats        = 1
high_repeats       = 200
mutation_rate      = 0.001
recap_Ne           = 5640

[Sampling Design]
sample1_size_Ne  = 50
sample2_size_Ne  = 50
sample1_size_CMR = 50
sample2_size_CMR = 50

[Capture-Marquage-Recapture]
census_N   =  2601
MatchCount =  1

[Ne Estimates - One Sample - Decreasing critical values [0.050, 0.020, 0.010, 0+]]

[Linkage Desequilibrium]
LD_Ne_Pop1 = [None, None, 13415.4, 13415.4]
LD_r2_Pop1 = [0.02125, 0.021165, 0.021301, 0.021301]
LD_Ne_Pop2 = [1926.6, 1249.2, 1466.3, 1466.3]
LD_r2_Pop2 = [0.021449, 0.021542, 0.021503, 0.021503]

[Heterozygote excess]
HE_Neb_mean_Pop1        = [None, None, None, None]
HE_weighted_D_mean_Pop1 = [-0.00286, -0.00122, -0.00155, -0.00155]
HE_Neb_mean_Pop2        = [48.9, 58.7, 52.6, 52.6]
HE_weighted_D_mean_Pop2 = [0.01032, 0.00859, 0.00959, 0.00959]

[Molecular Coancestry]
Coan_Neb_n_Pop1 = None
Coan_f1_Pop1    = -0.00833
Coan_Neb_n_Pop2 = None
Coan_f1_Pop2    = -0.01933

[Ne Estimates - Temporal - Decreasing critical values (0.050, 0.020, 0.010, 0+)]

[Pollak]
P_Ne     = [2605.9, 2186.0, 1967.6, 2067.8]
P_Fk     = [0.02192, 0.02229, 0.02254, 0.02242]
P_Fprime = [0.00192, 0.00229, 0.00254, 0.00242]

[Nei/Tajima]
N_Ne     = [2998.6, 2461.9, 2203.3, 2309.3]
N_Fc     = [0.02167, 0.02203, 0.02227, 0.02217]
N_Fprime = [0.00167, 0.00203, 0.00227, 0.00217]

[Jorde/Ryman]
J_Ne     = [2269.0, 1698.5, 1653.2, 1647.6]
J_Fs     = [0.02231, 0.02305, 0.02313, 0.02314]
J_Fprime = [0.0022, 0.00294, 0.00302, 0.00303]

[Genetic Diversity - Heterozygosity]
mean_exp_het_pop1 = 0.8648
mean_obs_het_pop1 = 0.8648
mean_exp_het_pop2 = 0.8664
mean_obs_het_pop2 = 0.8743

[Genetic Diversity - Allele Counts]
mean_alleles_pop1 = 11.52
var_alleles_pop1  = 6.26
sum_alleles_pop1  = 242
mean_alleles_pop2 = 12.02
var_alleles_pop2  = 5.63
sum_alleles_pop2  = 505

[Genetic Diversity - Allelic Size Variance]
var_allele_size_pop1 = 10.7204
var_allele_size_pop2 = 10.7008

[Per-locus summary - Population 1]
Locus | Num_Alleles | Alleles                                                                          | Frequencies                                                                                                                              | Variance | Obs_Het | Exp_Het
------+-------------+----------------------------------------------------------------------------------+------------------------------------------------------------------------------------------------------------------------------------------+----------+---------+--------
1     | 11          | [96, 97, 98, 99, 100, 101, 102, 103, 104, 105, 106]                              | [0.0100, 0.0600, 0.0700, 0.2600, 0.0900, 0.2000, 0.0500, 0.0600, 0.0200, 0.1500, 0.0300]                                                 | 6.5731   | 0.8000  | 0.8543 
2     | 11          | [93, 95, 96, 97, 98, 99, 100, 101, 102, 103, 104]                                | [0.0300, 0.0800, 0.0200, 0.0600, 0.1900, 0.0700, 0.2200, 0.2100, 0.0600, 0.0300, 0.0300]                                                 | 5.7516   | 0.8800  | 0.8584 
3     | 14          | [99, 100, 101, 102, 103, 104, 105, 106, 107, 108, 109, 110, 111, 113]            | [0.0200, 0.0600, 0.0900, 0.0600, 0.0400, 0.1900, 0.0600, 0.0200, 0.0500, 0.1900, 0.0900, 0.0800, 0.0300, 0.0200]                         | 11.9664  | 0.9200  | 0.8972 
4     | 12          | [96, 97, 98, 99, 100, 101, 102, 103, 104, 105, 106, 107]                         | [0.0200, 0.0400, 0.1900, 0.0500, 0.1000, 0.0600, 0.2100, 0.0900, 0.0900, 0.0600, 0.0500, 0.0400]                                         | 8.0504   | 0.9000  | 0.8867 
5     | 14          | [96, 97, 98, 101, 102, 103, 104, 107, 108, 109, 110, 111, 112, 113]              | [0.1300, 0.0800, 0.0300, 0.0900, 0.1800, 0.1600, 0.0100, 0.0200, 0.1000, 0.0400, 0.0200, 0.0400, 0.0400, 0.0600]                         | 27.4675  | 0.9200  | 0.8994 
6     | 15          | [86, 87, 88, 89, 97, 98, 99, 100, 101, 102, 103, 104, 105, 106, 107]             | [0.0100, 0.1200, 0.0400, 0.0400, 0.0200, 0.0800, 0.1000, 0.1600, 0.1900, 0.1200, 0.0300, 0.0400, 0.0300, 0.0100, 0.0100]                 | 32.6996  | 0.9000  | 0.8948 
7     | 12          | [99, 101, 102, 103, 104, 105, 106, 107, 108, 109, 110, 111]                      | [0.0100, 0.0400, 0.0200, 0.1000, 0.0300, 0.1800, 0.1700, 0.0500, 0.1000, 0.1100, 0.1800, 0.0100]                                         | 7.3684   | 0.8600  | 0.8774 
8     | 10          | [96, 97, 98, 99, 100, 101, 102, 103, 104, 105]                                   | [0.0300, 0.1500, 0.1700, 0.2700, 0.1400, 0.0500, 0.0600, 0.1000, 0.0200, 0.0100]                                                         | 4.2036   | 0.8400  | 0.8471 
9     | 8           | [96, 97, 98, 99, 100, 101, 102, 103]                                             | [0.0800, 0.0300, 0.0600, 0.0700, 0.1300, 0.1100, 0.4200, 0.1000]                                                                         | 4.1275   | 0.7000  | 0.7766 
10    | 9           | [92, 93, 94, 95, 96, 97, 98, 99, 100]                                            | [0.0400, 0.1600, 0.1600, 0.1100, 0.1200, 0.0400, 0.2000, 0.1600, 0.0100]                                                                 | 5.2579   | 0.8600  | 0.8620 
11    | 14          | [92, 93, 94, 95, 96, 97, 99, 100, 101, 102, 103, 104, 105, 106]                  | [0.0100, 0.0200, 0.1400, 0.0300, 0.0500, 0.0500, 0.0800, 0.1700, 0.1100, 0.1000, 0.0400, 0.0900, 0.1000, 0.0100]                         | 13.8259  | 0.8600  | 0.9059 
12    | 10          | [94, 95, 96, 97, 98, 99, 100, 102, 103, 104]                                     | [0.0500, 0.0700, 0.0900, 0.0700, 0.2300, 0.2000, 0.0500, 0.0900, 0.1100, 0.0400]                                                         | 7.2659   | 0.9000  | 0.8711 
13    | 15          | [88, 89, 90, 91, 92, 93, 94, 95, 96, 97, 98, 99, 102, 103, 104]                  | [0.0100, 0.0300, 0.0100, 0.1800, 0.0800, 0.0600, 0.0500, 0.2000, 0.0600, 0.0100, 0.0200, 0.0500, 0.1100, 0.0700, 0.0600]                 | 20.9116  | 0.8200  | 0.8958 
14    | 11          | [92, 93, 94, 95, 96, 97, 98, 99, 100, 101, 102]                                  | [0.0700, 0.0500, 0.0300, 0.1200, 0.1600, 0.1500, 0.0900, 0.2000, 0.0500, 0.0300, 0.0500]                                                 | 6.5291   | 0.8600  | 0.8840 
15    | 17          | [95, 96, 97, 98, 99, 100, 101, 102, 104, 105, 106, 107, 108, 109, 110, 113, 114] | [0.0300, 0.0500, 0.1100, 0.0700, 0.0400, 0.0400, 0.0100, 0.0200, 0.0200, 0.1000, 0.1800, 0.0400, 0.0600, 0.1400, 0.0600, 0.0100, 0.0200] | 25.9456  | 0.9400  | 0.9133 
16    | 11          | [91, 92, 93, 94, 95, 96, 98, 102, 103, 104, 105]                                 | [0.0200, 0.2500, 0.2500, 0.2000, 0.0700, 0.0600, 0.0500, 0.0400, 0.0100, 0.0400, 0.0100]                                                 | 10.8700  | 0.8200  | 0.8285 
17    | 11          | [94, 95, 96, 97, 98, 99, 100, 101, 102, 103, 104]                                | [0.0800, 0.0400, 0.0600, 0.0600, 0.1800, 0.1500, 0.2300, 0.1100, 0.0200, 0.0100, 0.0600]                                                 | 6.0739   | 0.9200  | 0.8695 
18    | 10          | [96, 97, 98, 99, 100, 101, 102, 103, 104, 105]                                   | [0.0800, 0.0900, 0.1500, 0.2200, 0.0900, 0.0600, 0.1000, 0.0400, 0.0400, 0.1300]                                                         | 7.6136   | 0.8800  | 0.8816 
19    | 7           | [100, 101, 102, 103, 104, 105, 106]                                              | [0.0400, 0.3100, 0.2500, 0.1300, 0.1600, 0.0900, 0.0200]                                                                                 | 2.2019   | 0.8400  | 0.7968 
20    | 10          | [96, 97, 98, 99, 100, 101, 102, 103, 104, 105]                                   | [0.0200, 0.0100, 0.1000, 0.1500, 0.0700, 0.1700, 0.2200, 0.1700, 0.0600, 0.0300]                                                         | 4.1475   | 0.8400  | 0.8600 
21    | 10          | [93, 94, 95, 96, 97, 98, 99, 101, 102, 103]                                      | [0.0900, 0.3400, 0.1700, 0.2200, 0.0500, 0.0200, 0.0200, 0.0100, 0.0300, 0.0500]                                                         | 6.2779   | 0.9000  | 0.8002 

[Per-locus summary - Population 2]
Locus | Num_Alleles | Alleles                                                                    | Frequencies                                                                                                                      | Variance | Obs_Het | Exp_Het
------+-------------+----------------------------------------------------------------------------+----------------------------------------------------------------------------------------------------------------------------------+----------+---------+--------
1     | 11          | [96, 97, 98, 99, 100, 101, 102, 103, 104, 105, 106]                        | [0.0100, 0.0700, 0.1500, 0.1900, 0.1000, 0.1900, 0.0800, 0.0700, 0.0400, 0.0500, 0.0500]                                         | 6.1291   | 0.8400  | 0.8812 
2     | 11          | [93, 94, 95, 97, 98, 99, 100, 101, 102, 103, 104]                          | [0.0400, 0.0200, 0.0900, 0.1100, 0.0900, 0.1100, 0.1600, 0.2000, 0.1200, 0.0500, 0.0100]                                         | 6.9744   | 0.8800  | 0.8838 
3     | 13          | [100, 101, 102, 103, 104, 105, 106, 107, 108, 109, 110, 111, 113]          | [0.0500, 0.2300, 0.0400, 0.0100, 0.1300, 0.0800, 0.0500, 0.0400, 0.1800, 0.0900, 0.0800, 0.0100, 0.0100]                         | 11.7131  | 0.8200  | 0.8772 
4     | 11          | [97, 98, 99, 100, 101, 102, 103, 104, 105, 106, 107]                       | [0.1100, 0.1800, 0.0200, 0.1300, 0.1100, 0.1900, 0.0200, 0.1200, 0.0600, 0.0200, 0.0400]                                         | 7.8396   | 0.9600  | 0.8784 
5     | 15          | [95, 96, 97, 98, 101, 102, 103, 104, 107, 108, 109, 110, 111, 112, 113]    | [0.0100, 0.0800, 0.0500, 0.0300, 0.0200, 0.2800, 0.1800, 0.0100, 0.0300, 0.0800, 0.0900, 0.0500, 0.0700, 0.0100, 0.0100]         | 21.3624  | 0.8400  | 0.8644 
6     | 13          | [86, 87, 88, 89, 97, 98, 99, 100, 101, 102, 103, 105, 106]                 | [0.0100, 0.0900, 0.1200, 0.0300, 0.0100, 0.1400, 0.0700, 0.1100, 0.0900, 0.1600, 0.0400, 0.0500, 0.0800]                         | 39.1800  | 0.8800  | 0.9046 
7     | 13          | [99, 100, 101, 102, 103, 104, 105, 106, 107, 108, 109, 110, 112]           | [0.0100, 0.0100, 0.0200, 0.0500, 0.0600, 0.0300, 0.1100, 0.1400, 0.0900, 0.0800, 0.1100, 0.2600, 0.0300]                         | 8.5196   | 0.9000  | 0.8743 
8     | 10          | [96, 97, 98, 99, 100, 101, 102, 103, 104, 105]                             | [0.0700, 0.1000, 0.1300, 0.3500, 0.0800, 0.0600, 0.0300, 0.1100, 0.0400, 0.0300]                                                 | 5.2651   | 0.7600  | 0.8285 
9     | 8           | [95, 96, 98, 99, 100, 101, 102, 103]                                       | [0.0100, 0.1000, 0.0500, 0.1100, 0.1500, 0.1100, 0.4000, 0.0700]                                                                 | 4.2884   | 0.7600  | 0.7836 
10    | 8           | [93, 94, 95, 96, 97, 98, 99, 100]                                          | [0.1600, 0.1400, 0.0800, 0.2100, 0.0700, 0.1100, 0.2200, 0.0100]                                                                 | 4.7075   | 0.7600  | 0.8473 
11    | 12          | [93, 94, 95, 96, 97, 98, 99, 100, 101, 102, 103, 105]                      | [0.0100, 0.1000, 0.0600, 0.0600, 0.0600, 0.0200, 0.1800, 0.2100, 0.1300, 0.0800, 0.0300, 0.0600]                                 | 8.7051   | 0.9400  | 0.8832 
12    | 10          | [94, 95, 96, 97, 98, 99, 100, 102, 103, 104]                               | [0.0100, 0.0500, 0.1000, 0.1600, 0.2500, 0.1100, 0.0800, 0.0700, 0.1000, 0.0700]                                                 | 6.8936   | 0.9200  | 0.8697 
13    | 15          | [88, 89, 90, 91, 92, 93, 94, 95, 96, 97, 98, 99, 102, 103, 104]            | [0.0200, 0.0200, 0.0700, 0.1800, 0.0500, 0.1000, 0.0800, 0.1500, 0.0600, 0.0200, 0.0200, 0.0300, 0.0900, 0.0500, 0.0600]         | 20.5219  | 0.9200  | 0.9101 
14    | 13          | [91, 92, 93, 94, 95, 96, 97, 98, 99, 100, 101, 102, 103]                   | [0.0100, 0.0900, 0.0900, 0.0400, 0.1000, 0.1200, 0.0900, 0.0600, 0.2300, 0.0400, 0.0600, 0.0600, 0.0100]                         | 9.0851   | 0.9600  | 0.8931 
15    | 16          | [94, 95, 96, 97, 98, 99, 100, 102, 104, 105, 106, 107, 108, 109, 110, 111] | [0.0100, 0.0800, 0.0300, 0.0400, 0.1100, 0.0600, 0.1000, 0.0300, 0.0300, 0.0500, 0.1700, 0.0500, 0.0500, 0.1100, 0.0700, 0.0100] | 25.3196  | 0.9800  | 0.9192 
16    | 13          | [91, 92, 93, 94, 95, 96, 97, 98, 100, 102, 103, 104, 105]                  | [0.0200, 0.2300, 0.3200, 0.1300, 0.0900, 0.0400, 0.0200, 0.0400, 0.0100, 0.0100, 0.0100, 0.0600, 0.0200]                         | 12.3600  | 0.8200  | 0.8196 
17    | 11          | [93, 94, 95, 96, 97, 98, 99, 100, 101, 103, 104]                           | [0.0100, 0.0700, 0.1100, 0.0500, 0.1500, 0.0800, 0.2200, 0.1500, 0.1000, 0.0200, 0.0400]                                         | 6.3075   | 0.9000  | 0.8774 
18    | 11          | [96, 97, 98, 99, 100, 101, 102, 103, 104, 105, 106]                        | [0.0300, 0.1500, 0.0700, 0.2000, 0.1100, 0.0900, 0.1400, 0.0700, 0.0500, 0.0800, 0.0100]                                         | 6.6411   | 0.8600  | 0.8869 
19    | 9           | [97, 99, 100, 101, 102, 103, 104, 105, 106]                                | [0.0100, 0.0100, 0.0700, 0.1800, 0.2400, 0.1800, 0.2100, 0.0800, 0.0200]                                                         | 2.5896   | 0.8800  | 0.8299 
20    | 10          | [97, 98, 99, 100, 101, 102, 103, 104, 105, 106]                            | [0.0300, 0.0800, 0.1600, 0.0900, 0.1200, 0.2500, 0.2100, 0.0100, 0.0400, 0.0100]                                                 | 3.9804   | 0.9000  | 0.8447 
21    | 11          | [92, 93, 94, 95, 96, 97, 98, 99, 100, 102, 103]                            | [0.0100, 0.1100, 0.2500, 0.2200, 0.1800, 0.1000, 0.0200, 0.0100, 0.0100, 0.0600, 0.0300]                                         | 6.3339   | 0.8800  | 0.8378 
