
[Simulation Info]
simulation_id = sim_0009080
timestamp     = 20250428_111012
seed          = 787211
output_folder = /home/lejeunet/Bureau/simulations/Ref_table/sim_0009080

[Model Parameters]
pop_size           = 810
num_loci           = 20
sample1_generation = 30
sample2_generation = 10
low_repeats        = 1
high_repeats       = 200
mutation_rate      = 0.001
recap_Ne           = 810

[Sampling Design]
sample1_size_Ne  = 50
sample2_size_Ne  = 50
sample1_size_CMR = 50
sample2_size_CMR = 50

[Capture-Marquage-Recapture]
census_N   =  650
MatchCount =  4

[Ne Estimates - One Sample - Decreasing critical values [0.050, 0.020, 0.010, 0+]]

[Linkage Desequilibrium]
LD_Ne_Pop1 = [1097.4, 1387.6, 359.2, 359.2]
LD_r2_Pop1 = [0.021579, 0.021516, 0.022199, 0.022199]
LD_Ne_Pop2 = [1313.5, 1077.8, 1284.2, 1284.2]
LD_r2_Pop2 = [0.021529, 0.021585, 0.021535, 0.021535]

[Heterozygote excess]
HE_Neb_mean_Pop1        = [None, 414.1, 529.2, 529.2]
HE_weighted_D_mean_Pop1 = [-0.00136, 0.00121, 0.00095, 0.00095]
HE_Neb_mean_Pop2        = [None, None, None, None]
HE_weighted_D_mean_Pop2 = [-0.01005, -0.01028, -0.01038, -0.01038]

[Molecular Coancestry]
Coan_Neb_n_Pop1 = 130.8
Coan_f1_Pop1    = 0.00382
Coan_Neb_n_Pop2 = None
Coan_f1_Pop2    = -0.03706

[Ne Estimates - Temporal - Decreasing critical values (0.050, 0.020, 0.010, 0+)]

[Pollak]
P_Ne     = [451.2, 617.1, 593.0, 584.4]
P_Fk     = [0.03108, 0.0281, 0.02843, 0.02856]
P_Fprime = [0.01108, 0.0081, 0.00843, 0.00856]

[Nei/Tajima]
N_Ne     = [544.3, 719.2, 689.8, 679.3]
N_Fc     = [0.02919, 0.02695, 0.02725, 0.02736]
N_Fprime = [0.00919, 0.00695, 0.00725, 0.00736]

[Jorde/Ryman]
J_Ne     = [812.4, 950.4, 942.6, 940.0]
J_Fs     = [0.02626, 0.02537, 0.02541, 0.02543]
J_Fprime = [0.00615, 0.00526, 0.0053, 0.00532]

[Genetic Diversity - Heterozygosity]
mean_exp_het_pop1 = 0.6334
mean_obs_het_pop1 = 0.6362
mean_exp_het_pop2 = 0.6343
mean_obs_het_pop2 = 0.6124

[Genetic Diversity - Allele Counts]
mean_alleles_pop1 = 4.9
var_alleles_pop1  = 0.79
sum_alleles_pop1  = 103
mean_alleles_pop2 = 5.33
var_alleles_pop2  = 1.01
sum_alleles_pop2  = 224

[Genetic Diversity - Allelic Size Variance]
var_allele_size_pop1 = 1.3944
var_allele_size_pop2 = 1.2616

[Per-locus summary - Population 1]
Locus | Num_Alleles | Alleles                       | Frequencies                                      | Variance | Obs_Het | Exp_Het
------+-------------+-------------------------------+--------------------------------------------------+----------+---------+--------
1     | 4           | [97, 98, 99, 100]             | [0.0500, 0.3100, 0.4600, 0.1800]                 | 0.6371   | 0.6800  | 0.6640 
2     | 4           | [97, 98, 99, 100]             | [0.1500, 0.3600, 0.4400, 0.0500]                 | 0.6379   | 0.6400  | 0.6584 
3     | 5           | [100, 101, 102, 103, 104]     | [0.0800, 0.3900, 0.4100, 0.0700, 0.0500]         | 0.8356   | 0.5000  | 0.6727 
4     | 5           | [98, 99, 101, 102, 103]       | [0.1000, 0.0600, 0.1500, 0.6300, 0.0600]         | 1.9011   | 0.5200  | 0.5691 
5     | 5           | [97, 99, 100, 102, 103]       | [0.0300, 0.6300, 0.2600, 0.0500, 0.0300]         | 1.0891   | 0.5600  | 0.5366 
6     | 5           | [98, 100, 101, 102, 103]      | [0.0100, 0.0600, 0.2300, 0.4700, 0.2300]         | 0.8344   | 0.7600  | 0.6764 
7     | 5           | [99, 100, 102, 103, 104]      | [0.0100, 0.1900, 0.4000, 0.3900, 0.0100]         | 1.2800   | 0.6000  | 0.6582 
8     | 5           | [97, 98, 99, 100, 102]        | [0.0400, 0.4900, 0.2100, 0.2400, 0.0200]         | 0.9971   | 0.7000  | 0.6628 
9     | 6           | [97, 98, 99, 100, 101, 102]   | [0.0700, 0.0900, 0.3800, 0.3200, 0.1200, 0.0200] | 1.1979   | 0.7400  | 0.7327 
10    | 3           | [100, 101, 102]               | [0.0100, 0.4300, 0.5600]                         | 0.2675   | 0.5400  | 0.5065 
11    | 5           | [99, 100, 101, 102, 103]      | [0.0900, 0.1400, 0.6200, 0.0300, 0.1200]         | 1.0075   | 0.5400  | 0.5784 
12    | 5           | [100, 101, 102, 103, 105]     | [0.1300, 0.4600, 0.3400, 0.0100, 0.0600]         | 1.2491   | 0.7200  | 0.6588 
13    | 5           | [98, 99, 100, 102, 103]       | [0.0200, 0.0100, 0.0300, 0.6200, 0.3200]         | 0.8275   | 0.4800  | 0.5170 
14    | 5           | [98, 99, 100, 101, 102]       | [0.1100, 0.0600, 0.6900, 0.1300, 0.0100]         | 0.6531   | 0.4800  | 0.4962 
15    | 6           | [99, 100, 101, 102, 103, 104] | [0.0200, 0.1500, 0.2600, 0.3500, 0.1200, 0.1000] | 1.4700   | 0.7400  | 0.7703 
16    | 6           | [98, 99, 102, 103, 104, 105]  | [0.0400, 0.1100, 0.1000, 0.0800, 0.2600, 0.4100] | 4.6444   | 0.7800  | 0.7416 
17    | 4           | [98, 101, 102, 103]           | [0.1000, 0.1300, 0.6600, 0.1100]                 | 1.6636   | 0.5800  | 0.5307 
18    | 6           | [96, 97, 98, 101, 102, 103]   | [0.0600, 0.4600, 0.3100, 0.0300, 0.0800, 0.0600] | 3.7331   | 0.6800  | 0.6846 
19    | 5           | [97, 98, 99, 100, 101]        | [0.2300, 0.0900, 0.3700, 0.2700, 0.0400]         | 1.4000   | 0.7600  | 0.7349 
20    | 3           | [100, 101, 102]               | [0.1100, 0.4600, 0.4300]                         | 0.4376   | 0.6800  | 0.5974 
21    | 6           | [93, 94, 95, 96, 98, 99]      | [0.0300, 0.3700, 0.4500, 0.0100, 0.0300, 0.1100] | 2.5179   | 0.6800  | 0.6531 

[Per-locus summary - Population 2]
Locus | Num_Alleles | Alleles                           | Frequencies                                              | Variance | Obs_Het | Exp_Het
------+-------------+-----------------------------------+----------------------------------------------------------+----------+---------+--------
1     | 4           | [97, 98, 99, 100]                 | [0.1200, 0.2400, 0.4000, 0.2400]                         | 0.9024   | 0.7000  | 0.7176 
2     | 4           | [97, 98, 99, 100]                 | [0.1400, 0.4800, 0.3700, 0.0100]                         | 0.4875   | 0.5600  | 0.6192 
3     | 5           | [100, 101, 102, 103, 104]         | [0.1000, 0.3800, 0.3700, 0.0400, 0.1100]                 | 1.1576   | 0.7400  | 0.7020 
4     | 5           | [98, 99, 101, 102, 103]           | [0.0800, 0.0100, 0.1900, 0.6400, 0.0800]                 | 1.4284   | 0.5800  | 0.5469 
5     | 6           | [96, 97, 99, 100, 102, 103]       | [0.0300, 0.0500, 0.5900, 0.2800, 0.0100, 0.0400]         | 1.4016   | 0.5600  | 0.5741 
6     | 6           | [98, 100, 101, 102, 103, 104]     | [0.0400, 0.0700, 0.2400, 0.4200, 0.2100, 0.0200]         | 1.3659   | 0.8000  | 0.7222 
7     | 6           | [98, 99, 100, 101, 102, 103]      | [0.0100, 0.0300, 0.2000, 0.0200, 0.3500, 0.3900]         | 1.6144   | 0.5400  | 0.6909 
8     | 5           | [97, 98, 99, 100, 102]            | [0.0400, 0.4000, 0.2200, 0.3100, 0.0300]                 | 1.1336   | 0.7200  | 0.7000 
9     | 6           | [97, 98, 99, 100, 101, 102]       | [0.1000, 0.1100, 0.4100, 0.2900, 0.0800, 0.0100]         | 1.1811   | 0.6800  | 0.7265 
10    | 4           | [100, 101, 102, 103]              | [0.0500, 0.5100, 0.4300, 0.0100]                         | 0.3600   | 0.5200  | 0.5580 
11    | 5           | [99, 100, 101, 103, 104]          | [0.0300, 0.2100, 0.6500, 0.0900, 0.0200]                 | 0.8691   | 0.4600  | 0.5293 
12    | 4           | [100, 101, 102, 105]              | [0.0900, 0.4600, 0.3600, 0.0900]                         | 1.4931   | 0.7000  | 0.6491 
13    | 7           | [97, 98, 99, 100, 101, 102, 103]  | [0.0100, 0.0500, 0.0100, 0.0500, 0.0300, 0.4800, 0.3700] | 1.7384   | 0.5000  | 0.6329 
14    | 6           | [97, 98, 99, 100, 101, 102]       | [0.0200, 0.0900, 0.1100, 0.6600, 0.0400, 0.0800]         | 0.9875   | 0.5400  | 0.5412 
15    | 6           | [99, 100, 101, 102, 103, 104]     | [0.0200, 0.1500, 0.2800, 0.4100, 0.1000, 0.0400]         | 1.1084   | 0.7000  | 0.7263 
16    | 7           | [98, 99, 100, 102, 103, 104, 105] | [0.0300, 0.0300, 0.0100, 0.1800, 0.0900, 0.2700, 0.3900] | 3.0051   | 0.7200  | 0.7400 
17    | 4           | [98, 101, 102, 103]               | [0.0600, 0.1700, 0.6500, 0.1200]                         | 1.1659   | 0.4400  | 0.5360 
18    | 5           | [96, 97, 98, 102, 103]            | [0.1100, 0.6600, 0.1600, 0.0600, 0.0100]                 | 1.9619   | 0.4800  | 0.5283 
19    | 5           | [97, 98, 99, 100, 101]            | [0.2500, 0.1700, 0.4800, 0.0700, 0.0300]                 | 1.0684   | 0.7400  | 0.6792 
20    | 4           | [99, 100, 101, 102]               | [0.0400, 0.1000, 0.3800, 0.4800]                         | 0.6500   | 0.5400  | 0.6198 
21    | 6           | [93, 94, 95, 96, 98, 99]          | [0.0200, 0.3600, 0.5400, 0.0100, 0.0200, 0.0500]         | 1.4131   | 0.6400  | 0.5812 
