
[Simulation Info]
simulation_id = sim_0009568
timestamp     = 20250428_112412
seed          = 738666
output_folder = /home/lejeunet/Bureau/simulations/Ref_table/sim_0009568

[Model Parameters]
pop_size           = 4457
num_loci           = 20
sample1_generation = 30
sample2_generation = 10
low_repeats        = 1
high_repeats       = 200
mutation_rate      = 0.001
recap_Ne           = 4457

[Sampling Design]
sample1_size_Ne  = 50
sample2_size_Ne  = 50
sample1_size_CMR = 50
sample2_size_CMR = 50

[Capture-Marquage-Recapture]
census_N   =  0
MatchCount =  0
# There were no match between sampling of individuals during CMR.

[Ne Estimates - One Sample - Decreasing critical values [0.050, 0.020, 0.010, 0+]]

[Linkage Desequilibrium]
LD_Ne_Pop1 = [24328.6, 30900.3, None, None]
LD_r2_Pop1 = [0.02129, 0.021287, 0.021255, 0.021255]
LD_Ne_Pop2 = [2671.5, 849.2, 2066.3, 2066.3]
LD_r2_Pop2 = [0.021401, 0.021668, 0.021437, 0.021437]

[Heterozygote excess]
HE_Neb_mean_Pop1        = [27.8, 31.6, 32.3, 32.3]
HE_weighted_D_mean_Pop1 = [0.01829, 0.01609, 0.0157, 0.0157]
HE_Neb_mean_Pop2        = [53.6, 66.2, 73.4, 73.4]
HE_weighted_D_mean_Pop2 = [0.00942, 0.00761, 0.00686, 0.00686]

[Molecular Coancestry]
Coan_Neb_n_Pop1 = None
Coan_f1_Pop1    = -0.01202
Coan_Neb_n_Pop2 = 40.5
Coan_f1_Pop2    = 0.01234

[Ne Estimates - Temporal - Decreasing critical values (0.050, 0.020, 0.010, 0+)]

[Pollak]
P_Ne     = [7892.6, 34627.7, 30120.4, 91598.0]
P_Fk     = [0.02063, 0.02014, 0.02017, 0.02005]
P_Fprime = [0.00063, 0.00014, 0.00017, 5e-05]

[Nei/Tajima]
N_Ne     = [10391.3, 260363.7, 119054.8, -87381.2]
N_Fc     = [0.02048, 0.02002, 0.02004, 0.01994]
N_Fprime = [0.00048, 2e-05, 4e-05, -6e-05]

[Jorde/Ryman]
J_Ne     = [3473.8, 3907.3, 3750.8, 3783.5]
J_Fs     = [0.02154, 0.02138, 0.02143, 0.02142]
J_Fprime = [0.00144, 0.00128, 0.00133, 0.00132]

[Genetic Diversity - Heterozygosity]
mean_exp_het_pop1 = 0.8327
mean_obs_het_pop1 = 0.8476
mean_exp_het_pop2 = 0.8342
mean_obs_het_pop2 = 0.841

[Genetic Diversity - Allele Counts]
mean_alleles_pop1 = 9.14
var_alleles_pop1  = 2.53
sum_alleles_pop1  = 192
mean_alleles_pop2 = 9.52
var_alleles_pop2  = 2.94
sum_alleles_pop2  = 400

[Genetic Diversity - Allelic Size Variance]
var_allele_size_pop1 = 5.079
var_allele_size_pop2 = 5.1936

[Per-locus summary - Population 1]
Locus | Num_Alleles | Alleles                                                     | Frequencies                                                                                              | Variance | Obs_Het | Exp_Het
------+-------------+-------------------------------------------------------------+----------------------------------------------------------------------------------------------------------+----------+---------+--------
1     | 11          | [96, 97, 98, 99, 102, 103, 104, 105, 106, 107, 108]         | [0.0100, 0.0700, 0.0500, 0.0500, 0.0400, 0.1300, 0.0700, 0.0500, 0.3400, 0.1000, 0.0900]                 | 11.1564  | 0.8000  | 0.8388 
2     | 9           | [92, 93, 94, 98, 99, 100, 101, 102, 104]                    | [0.0200, 0.0200, 0.1600, 0.0600, 0.2900, 0.0500, 0.2600, 0.0700, 0.0700]                                 | 9.2299   | 0.8200  | 0.8141 
3     | 10          | [96, 97, 98, 99, 100, 101, 102, 103, 104, 105]              | [0.0700, 0.1700, 0.1400, 0.0800, 0.1000, 0.2500, 0.0300, 0.1000, 0.0400, 0.0200]                         | 5.6216   | 0.8000  | 0.8634 
4     | 8           | [96, 97, 98, 99, 100, 101, 102, 103]                        | [0.0100, 0.0700, 0.3700, 0.2100, 0.1200, 0.0700, 0.1200, 0.0300]                                         | 2.6600   | 0.7600  | 0.7873 
5     | 8           | [96, 97, 98, 99, 100, 101, 102, 103]                        | [0.0200, 0.3200, 0.2500, 0.2100, 0.1000, 0.0200, 0.0200, 0.0600]                                         | 2.7699   | 0.7800  | 0.7840 
6     | 13          | [94, 95, 96, 97, 98, 99, 100, 101, 102, 103, 104, 105, 107] | [0.0100, 0.1200, 0.0100, 0.0600, 0.0400, 0.0900, 0.0900, 0.0900, 0.1000, 0.1100, 0.0800, 0.1900, 0.0100] | 11.4819  | 0.9400  | 0.9002 
7     | 8           | [99, 100, 101, 102, 103, 104, 105, 106]                     | [0.0600, 0.1600, 0.2700, 0.1000, 0.2300, 0.0500, 0.0700, 0.0600]                                         | 3.4699   | 0.8200  | 0.8323 
8     | 8           | [99, 100, 101, 102, 103, 104, 105, 106]                     | [0.0600, 0.1600, 0.1600, 0.2600, 0.1700, 0.0800, 0.0700, 0.0400]                                         | 3.0984   | 0.9400  | 0.8442 
9     | 9           | [95, 96, 97, 98, 99, 100, 101, 102, 103]                    | [0.0200, 0.0700, 0.0200, 0.0800, 0.0800, 0.2300, 0.2900, 0.1700, 0.0400]                                 | 3.5251   | 0.7400  | 0.8222 
10    | 8           | [97, 98, 99, 100, 101, 102, 103, 104]                       | [0.0100, 0.1600, 0.3100, 0.1800, 0.0400, 0.1400, 0.1500, 0.0100]                                         | 3.1275   | 0.8400  | 0.8101 
11    | 7           | [98, 99, 100, 101, 102, 103, 104]                           | [0.0400, 0.1700, 0.2400, 0.1700, 0.0500, 0.2900, 0.0400]                                                 | 2.8475   | 0.8800  | 0.8028 
12    | 11          | [94, 96, 97, 98, 99, 100, 101, 102, 103, 104, 105]          | [0.0400, 0.1100, 0.2200, 0.1900, 0.0900, 0.0800, 0.0300, 0.0100, 0.0500, 0.1400, 0.0400]                 | 9.0675   | 0.8400  | 0.8713 
13    | 8           | [95, 96, 97, 98, 99, 100, 101, 102]                         | [0.0300, 0.0700, 0.1500, 0.2800, 0.2200, 0.1200, 0.1100, 0.0200]                                         | 2.4699   | 0.8800  | 0.8263 
14    | 10          | [94, 96, 97, 98, 99, 100, 101, 102, 103, 105]               | [0.0400, 0.1200, 0.3700, 0.1700, 0.0400, 0.0200, 0.0800, 0.1000, 0.0500, 0.0100]                         | 5.5971   | 0.8600  | 0.8053 
15    | 9           | [96, 97, 98, 99, 100, 101, 102, 103, 104]                   | [0.0400, 0.0300, 0.0200, 0.2200, 0.3000, 0.1000, 0.1000, 0.1500, 0.0400]                                 | 3.5400   | 0.8600  | 0.8228 
16    | 9           | [96, 97, 98, 99, 100, 101, 102, 103, 104]                   | [0.0600, 0.1500, 0.2000, 0.1200, 0.1600, 0.1600, 0.0500, 0.0600, 0.0400]                                 | 4.3979   | 0.9200  | 0.8693 
17    | 6           | [98, 99, 100, 101, 102, 103]                                | [0.0200, 0.1200, 0.3500, 0.2700, 0.1500, 0.0900]                                                         | 1.4176   | 0.8000  | 0.7669 
18    | 11          | [93, 94, 95, 96, 97, 98, 99, 100, 101, 102, 103]            | [0.0200, 0.1500, 0.0400, 0.0200, 0.2300, 0.1200, 0.0500, 0.1000, 0.1100, 0.1100, 0.0500]                 | 7.9876   | 0.8800  | 0.8774 
19    | 10          | [96, 97, 98, 99, 100, 101, 102, 103, 104, 105]              | [0.0200, 0.0600, 0.0700, 0.1700, 0.2100, 0.2700, 0.1200, 0.0200, 0.0100, 0.0500]                         | 3.5659   | 0.9400  | 0.8362 
20    | 10          | [93, 94, 95, 96, 97, 98, 99, 100, 101, 102]                 | [0.0200, 0.0700, 0.1900, 0.1300, 0.2300, 0.0800, 0.0800, 0.0300, 0.0800, 0.0900]                         | 5.9500   | 0.8800  | 0.8693 
21    | 9           | [97, 98, 99, 100, 101, 102, 103, 104, 105]                  | [0.1000, 0.1000, 0.2300, 0.2500, 0.0600, 0.1100, 0.1200, 0.0200, 0.0100]                                 | 3.6784   | 0.8200  | 0.8424 

[Per-locus summary - Population 2]
Locus | Num_Alleles | Alleles                                                | Frequencies                                                                                      | Variance | Obs_Het | Exp_Het
------+-------------+--------------------------------------------------------+--------------------------------------------------------------------------------------------------+----------+---------+--------
1     | 10          | [97, 98, 99, 102, 103, 104, 105, 106, 107, 108]        | [0.0300, 0.0600, 0.0300, 0.1600, 0.1400, 0.0800, 0.0600, 0.2900, 0.0900, 0.0600]                 | 8.1491   | 0.8800  | 0.8521 
2     | 11          | [92, 93, 94, 98, 99, 100, 101, 102, 103, 104, 105]     | [0.0100, 0.0800, 0.0900, 0.0500, 0.1900, 0.1300, 0.2400, 0.0700, 0.0200, 0.0700, 0.0500]         | 11.0100  | 0.8600  | 0.8683 
3     | 11          | [95, 96, 97, 98, 99, 100, 101, 102, 103, 104, 105]     | [0.0100, 0.0600, 0.2200, 0.1300, 0.0900, 0.1300, 0.2100, 0.0200, 0.0700, 0.0500, 0.0100]         | 5.4219   | 0.8200  | 0.8626 
4     | 7           | [97, 98, 99, 100, 101, 102, 103]                       | [0.1800, 0.2400, 0.2500, 0.0900, 0.0500, 0.1800, 0.0100]                                         | 3.0011   | 0.7400  | 0.8125 
5     | 8           | [96, 97, 98, 99, 100, 101, 102, 103]                   | [0.0200, 0.3700, 0.2700, 0.1500, 0.1300, 0.0300, 0.0200, 0.0100]                                 | 1.9116   | 0.7800  | 0.7566 
6     | 12          | [94, 95, 96, 97, 98, 99, 100, 101, 102, 103, 104, 105] | [0.0100, 0.2300, 0.0300, 0.0600, 0.0400, 0.1000, 0.0300, 0.0800, 0.0900, 0.1400, 0.1000, 0.0900] | 12.9144  | 0.8800  | 0.8867 
7     | 8           | [99, 100, 101, 102, 103, 104, 105, 106]                | [0.0200, 0.2400, 0.2900, 0.0700, 0.2400, 0.0200, 0.0300, 0.0900]                                 | 3.4500   | 0.8400  | 0.7939 
8     | 9           | [98, 99, 100, 101, 102, 103, 104, 105, 106]            | [0.0400, 0.0700, 0.1000, 0.2100, 0.1700, 0.2800, 0.0500, 0.0600, 0.0200]                         | 3.2004   | 0.7800  | 0.8339 
9     | 10          | [95, 96, 97, 98, 99, 100, 101, 102, 103, 104]          | [0.0100, 0.1100, 0.0400, 0.0500, 0.1500, 0.1800, 0.2200, 0.1700, 0.0500, 0.0200]                 | 4.3851   | 0.9000  | 0.8572 
10    | 8           | [97, 98, 99, 100, 101, 102, 103, 104]                  | [0.0100, 0.1200, 0.3100, 0.1400, 0.0700, 0.2300, 0.0900, 0.0300]                                 | 3.0444   | 0.9400  | 0.8111 
11    | 7           | [98, 99, 100, 101, 102, 103, 104]                      | [0.0300, 0.1800, 0.3000, 0.2000, 0.0300, 0.2100, 0.0500]                                         | 2.5875   | 0.7400  | 0.7972 
12    | 12          | [94, 95, 96, 97, 98, 99, 100, 101, 102, 103, 104, 105] | [0.0100, 0.0100, 0.1100, 0.1800, 0.1700, 0.1000, 0.1000, 0.0700, 0.0200, 0.0300, 0.1400, 0.0600] | 8.7091   | 0.9400  | 0.8859 
13    | 8           | [95, 96, 97, 98, 99, 100, 101, 102]                    | [0.0200, 0.0900, 0.2100, 0.2600, 0.2100, 0.1400, 0.0400, 0.0300]                                 | 2.2816   | 0.7800  | 0.8218 
14    | 12          | [93, 94, 96, 97, 98, 99, 100, 101, 102, 103, 104, 105] | [0.0100, 0.0700, 0.1200, 0.2200, 0.1200, 0.0900, 0.0100, 0.1000, 0.1400, 0.0900, 0.0100, 0.0200] | 8.2411   | 0.8200  | 0.8802 
15    | 9           | [96, 97, 98, 99, 100, 101, 102, 103, 104]              | [0.0100, 0.0600, 0.0300, 0.1600, 0.3600, 0.1000, 0.1200, 0.1500, 0.0100]                         | 2.9179   | 0.7800  | 0.8012 
16    | 9           | [96, 97, 98, 99, 100, 101, 102, 103, 104]              | [0.0600, 0.1100, 0.1200, 0.1100, 0.2600, 0.1500, 0.1200, 0.0600, 0.0100]                         | 3.7739   | 0.9000  | 0.8582 
17    | 7           | [98, 99, 100, 101, 102, 103, 104]                      | [0.0100, 0.0900, 0.3800, 0.3900, 0.0400, 0.0800, 0.0100]                                         | 1.1504   | 0.7000  | 0.6941 
18    | 11          | [93, 94, 95, 96, 97, 98, 99, 100, 101, 102, 103]       | [0.0200, 0.1200, 0.0900, 0.0300, 0.1900, 0.1000, 0.0400, 0.1000, 0.1200, 0.1800, 0.0100]         | 8.1171   | 0.8800  | 0.8804 
19    | 10          | [96, 97, 98, 99, 100, 101, 102, 103, 104, 105]         | [0.0100, 0.1000, 0.1100, 0.2000, 0.2200, 0.2300, 0.0800, 0.0100, 0.0100, 0.0300]                 | 3.2275   | 0.9000  | 0.8374 
20    | 11          | [93, 94, 95, 96, 97, 98, 99, 100, 101, 102, 103]       | [0.0600, 0.0600, 0.2100, 0.1600, 0.2000, 0.0300, 0.0600, 0.0200, 0.0900, 0.0600, 0.0500]         | 7.6611   | 0.9000  | 0.8727 
21    | 8           | [97, 98, 99, 100, 101, 102, 103, 104]                  | [0.0900, 0.1400, 0.2400, 0.1400, 0.0800, 0.1400, 0.1500, 0.0200]                                 | 3.9100   | 0.9000  | 0.8548 
