
[Simulation Info]
simulation_id = sim_0002777
timestamp     = 20250428_082953
seed          = 511794
output_folder = /home/lejeunet/Bureau/simulations/Ref_table/sim_0002777

[Model Parameters]
pop_size           = 5789
num_loci           = 20
sample1_generation = 30
sample2_generation = 10
low_repeats        = 1
high_repeats       = 200
mutation_rate      = 0.001
recap_Ne           = 5789

[Sampling Design]
sample1_size_Ne  = 50
sample2_size_Ne  = 50
sample1_size_CMR = 50
sample2_size_CMR = 50

[Capture-Marquage-Recapture]
census_N   =  0
MatchCount =  0
# There were no match between sampling of individuals during CMR.

[Ne Estimates - One Sample - Decreasing critical values [0.050, 0.020, 0.010, 0+]]

[Linkage Desequilibrium]
LD_Ne_Pop1 = [None, None, None, None]
LD_r2_Pop1 = [0.02085, 0.020978, 0.021056, 0.021056]
LD_Ne_Pop2 = [604.4, 1973.9, 2735.6, 2735.6]
LD_r2_Pop2 = [0.021826, 0.021445, 0.021398, 0.021398]

[Heterozygote excess]
HE_Neb_mean_Pop1        = [None, 56.5, 56.3, 56.3]
HE_weighted_D_mean_Pop1 = [-0.00078, 0.00893, 0.00896, 0.00896]
HE_Neb_mean_Pop2        = [71.7, 69.0, 81.8, 81.8]
HE_weighted_D_mean_Pop2 = [0.00702, 0.0073, 0.00615, 0.00615]

[Molecular Coancestry]
Coan_Neb_n_Pop1 = None
Coan_f1_Pop1    = -0.00747
Coan_Neb_n_Pop2 = None
Coan_f1_Pop2    = -0.0044

[Ne Estimates - Temporal - Decreasing critical values (0.050, 0.020, 0.010, 0+)]

[Pollak]
P_Ne     = [-1921.0, -4391.7, -4277.7, -3921.9]
P_Fk     = [0.0174, 0.01886, 0.01883, 0.01873]
P_Fprime = [-0.0026, -0.00114, -0.00117, -0.00127]

[Nei/Tajima]
N_Ne     = [-1750.5, -3297.4, -3288.7, -3106.7]
N_Fc     = [0.01714, 0.01848, 0.01848, 0.01839]
N_Fprime = [-0.00286, -0.00152, -0.00152, -0.00161]

[Jorde/Ryman]
J_Ne     = [-1708.7, -1977.0, -1965.0, -1939.5]
J_Fs     = [0.01718, 0.01757, 0.01756, 0.01752]
J_Fprime = [-0.00293, -0.00253, -0.00254, -0.00258]

[Genetic Diversity - Heterozygosity]
mean_exp_het_pop1 = 0.8763
mean_obs_het_pop1 = 0.8781
mean_exp_het_pop2 = 0.8738
mean_obs_het_pop2 = 0.8819

[Genetic Diversity - Allele Counts]
mean_alleles_pop1 = 13.48
var_alleles_pop1  = 7.56
sum_alleles_pop1  = 283
mean_alleles_pop2 = 13.67
var_alleles_pop2  = 6.67
sum_alleles_pop2  = 574

[Genetic Diversity - Allelic Size Variance]
var_allele_size_pop1 = 13.8014
var_allele_size_pop2 = 13.1613

[Per-locus summary - Population 1]
Locus | Num_Alleles | Alleles                                                                                           | Frequencies                                                                                                                                                      | Variance | Obs_Het | Exp_Het
------+-------------+---------------------------------------------------------------------------------------------------+------------------------------------------------------------------------------------------------------------------------------------------------------------------+----------+---------+--------
1     | 16          | [91, 92, 93, 94, 95, 96, 97, 98, 99, 100, 101, 102, 103, 104, 105, 107]                           | [0.0100, 0.0300, 0.0300, 0.0300, 0.1500, 0.0600, 0.0400, 0.0500, 0.0700, 0.1900, 0.1500, 0.0600, 0.0400, 0.0300, 0.0500, 0.0100]                                 | 12.2211  | 0.8600  | 0.9038 
2     | 20          | [95, 96, 99, 100, 101, 102, 103, 104, 105, 107, 108, 109, 110, 111, 112, 113, 115, 116, 117, 119] | [0.1200, 0.0100, 0.0400, 0.0900, 0.1700, 0.0200, 0.0400, 0.0400, 0.0100, 0.0700, 0.0900, 0.1000, 0.0200, 0.0200, 0.0100, 0.0100, 0.0100, 0.0700, 0.0100, 0.0500] | 45.3491  | 0.9600  | 0.9208 
3     | 16          | [92, 93, 94, 95, 96, 97, 101, 102, 103, 106, 107, 108, 109, 110, 111, 112]                        | [0.0400, 0.1000, 0.0800, 0.1600, 0.0300, 0.0200, 0.1000, 0.0100, 0.0200, 0.0700, 0.0900, 0.1500, 0.0700, 0.0200, 0.0100, 0.0300]                                 | 43.4875  | 0.9400  | 0.9119 
4     | 12          | [91, 92, 93, 94, 95, 96, 97, 98, 99, 100, 101, 102]                                               | [0.0300, 0.0900, 0.1100, 0.0500, 0.0300, 0.1200, 0.0600, 0.2100, 0.1400, 0.1000, 0.0400, 0.0200]                                                                 | 8.4675   | 0.9200  | 0.8907 
5     | 15          | [97, 100, 101, 102, 103, 104, 105, 106, 107, 108, 109, 110, 111, 112, 113]                        | [0.0200, 0.0100, 0.0100, 0.0500, 0.0500, 0.1400, 0.2300, 0.0300, 0.1800, 0.1000, 0.0100, 0.0500, 0.0700, 0.0100, 0.0400]                                         | 9.7875   | 0.9000  | 0.8782 
6     | 13          | [94, 95, 96, 97, 98, 99, 100, 101, 102, 103, 104, 105, 107]                                       | [0.1100, 0.1200, 0.0500, 0.0200, 0.0100, 0.0300, 0.0500, 0.1700, 0.2300, 0.1200, 0.0400, 0.0100, 0.0400]                                                         | 13.0219  | 0.9000  | 0.8764 
7     | 16          | [89, 90, 91, 92, 93, 94, 95, 96, 97, 98, 99, 100, 101, 102, 103, 104]                             | [0.0300, 0.0800, 0.0300, 0.0100, 0.0700, 0.0700, 0.0200, 0.2100, 0.0300, 0.1100, 0.0700, 0.0100, 0.0800, 0.1100, 0.0400, 0.0300]                                 | 16.6011  | 0.9200  | 0.9075 
8     | 10          | [94, 95, 96, 97, 98, 99, 102, 103, 104, 105]                                                      | [0.0100, 0.0200, 0.1400, 0.5400, 0.2100, 0.0200, 0.0100, 0.0200, 0.0200, 0.0100]                                                                                 | 3.0051   | 0.6200  | 0.6493 
9     | 14          | [93, 94, 95, 97, 100, 101, 102, 103, 104, 105, 106, 107, 108, 109]                                | [0.0100, 0.0400, 0.0200, 0.0500, 0.0100, 0.1100, 0.1800, 0.0400, 0.1300, 0.1400, 0.0700, 0.1600, 0.0300, 0.0100]                                                 | 13.0056  | 0.9000  | 0.8901 
10    | 13          | [95, 96, 97, 98, 99, 100, 101, 102, 104, 105, 106, 107, 108]                                      | [0.0100, 0.0200, 0.0100, 0.0300, 0.1600, 0.2500, 0.1500, 0.0100, 0.0400, 0.0500, 0.1500, 0.1100, 0.0100]                                                         | 10.6475  | 0.8000  | 0.8576 
11    | 11          | [91, 92, 93, 94, 95, 96, 97, 98, 99, 100, 101]                                                    | [0.0300, 0.0700, 0.0300, 0.0300, 0.0900, 0.1900, 0.2700, 0.1600, 0.0700, 0.0300, 0.0300]                                                                         | 4.9600   | 0.8600  | 0.8515 
12    | 17          | [91, 92, 94, 95, 96, 97, 98, 99, 100, 101, 102, 103, 106, 107, 108, 109, 110]                     | [0.0100, 0.0200, 0.0700, 0.0300, 0.0800, 0.1800, 0.1800, 0.0800, 0.0300, 0.0300, 0.0100, 0.0500, 0.0200, 0.0500, 0.0900, 0.0600, 0.0100]                         | 24.3619  | 0.9800  | 0.9061 
13    | 16          | [94, 95, 96, 97, 98, 99, 100, 101, 102, 103, 104, 105, 106, 107, 108, 109]                        | [0.0400, 0.1600, 0.0800, 0.1800, 0.1100, 0.0100, 0.0400, 0.0100, 0.0300, 0.1000, 0.1300, 0.0300, 0.0200, 0.0400, 0.0100, 0.0100]                                 | 16.5096  | 0.8200  | 0.8982 
14    | 11          | [95, 96, 97, 98, 100, 101, 102, 103, 104, 105, 106]                                               | [0.0100, 0.1000, 0.1800, 0.0800, 0.0300, 0.0700, 0.1600, 0.1500, 0.1600, 0.0200, 0.0400]                                                                         | 9.9011   | 0.8400  | 0.8784 
15    | 14          | [91, 92, 93, 94, 95, 96, 97, 98, 99, 100, 101, 102, 103, 104]                                     | [0.0100, 0.0500, 0.1600, 0.0600, 0.1400, 0.1600, 0.0400, 0.0600, 0.0400, 0.0200, 0.1300, 0.0700, 0.0200, 0.0400]                                                 | 12.3300  | 0.8800  | 0.9010 
16    | 10          | [98, 99, 100, 101, 102, 103, 104, 105, 106, 107]                                                  | [0.0700, 0.0900, 0.0700, 0.0500, 0.2100, 0.2200, 0.0900, 0.0900, 0.1000, 0.0100]                                                                                 | 5.3556   | 0.8600  | 0.8695 
17    | 13          | [91, 92, 93, 94, 95, 96, 98, 99, 100, 101, 102, 103, 104]                                         | [0.0100, 0.0200, 0.0100, 0.0200, 0.0500, 0.0400, 0.1100, 0.1000, 0.2400, 0.2600, 0.0600, 0.0300, 0.0500]                                                         | 7.0500   | 0.9200  | 0.8491 
18    | 14          | [95, 96, 97, 98, 99, 100, 101, 102, 103, 104, 105, 106, 107, 108]                                 | [0.0400, 0.1400, 0.1200, 0.0800, 0.0900, 0.1600, 0.0500, 0.0100, 0.1000, 0.0500, 0.0300, 0.0800, 0.0200, 0.0300]                                                 | 13.0059  | 0.9200  | 0.9097 
19    | 11          | [93, 94, 95, 96, 97, 98, 99, 100, 102, 103, 106]                                                  | [0.0200, 0.0700, 0.0500, 0.1100, 0.1900, 0.2000, 0.1200, 0.0900, 0.0700, 0.0500, 0.0300]                                                                         | 7.4531   | 0.8600  | 0.8820 
20    | 12          | [91, 92, 93, 94, 95, 96, 97, 98, 99, 100, 101, 102]                                               | [0.0100, 0.0100, 0.0700, 0.0800, 0.1700, 0.2200, 0.1200, 0.0400, 0.0300, 0.1300, 0.0800, 0.0400]                                                                 | 6.9276   | 0.9200  | 0.8782 
21    | 9           | [94, 95, 96, 97, 98, 99, 100, 101, 102]                                                           | [0.1100, 0.1200, 0.1300, 0.1100, 0.1600, 0.0700, 0.0900, 0.1200, 0.0900]                                                                                         | 6.3800   | 0.8600  | 0.8923 

[Per-locus summary - Population 2]
Locus | Num_Alleles | Alleles                                                                            | Frequencies                                                                                                                              | Variance | Obs_Het | Exp_Het
------+-------------+------------------------------------------------------------------------------------+------------------------------------------------------------------------------------------------------------------------------------------+----------+---------+--------
1     | 14          | [92, 94, 95, 96, 97, 98, 99, 100, 101, 102, 103, 104, 105, 107]                    | [0.0300, 0.0300, 0.1100, 0.0700, 0.0100, 0.0300, 0.0900, 0.2500, 0.1800, 0.0300, 0.0600, 0.0300, 0.0400, 0.0400]                         | 11.2819  | 0.8600  | 0.8774 
2     | 17          | [95, 96, 99, 100, 101, 102, 103, 104, 106, 107, 108, 109, 111, 112, 116, 117, 119] | [0.0800, 0.0100, 0.0600, 0.1600, 0.1300, 0.0100, 0.0400, 0.0500, 0.0500, 0.1200, 0.0900, 0.0400, 0.0300, 0.0100, 0.0500, 0.0100, 0.0600] | 40.0875  | 0.8800  | 0.9186 
3     | 16          | [92, 93, 94, 95, 96, 97, 100, 101, 102, 103, 106, 107, 108, 109, 110, 112]         | [0.0300, 0.0900, 0.0800, 0.1700, 0.0100, 0.0500, 0.0100, 0.1200, 0.0200, 0.0500, 0.0200, 0.1100, 0.1000, 0.0800, 0.0100, 0.0500]         | 40.8491  | 0.8200  | 0.9133 
4     | 13          | [91, 92, 93, 94, 95, 96, 97, 98, 99, 100, 101, 102, 103]                           | [0.0100, 0.0600, 0.1400, 0.0800, 0.0800, 0.0500, 0.0600, 0.2800, 0.0700, 0.0700, 0.0300, 0.0600, 0.0100]                                 | 8.6524   | 0.8400  | 0.8737 
5     | 15          | [97, 98, 101, 102, 103, 104, 105, 106, 107, 108, 109, 110, 111, 112, 113]          | [0.0200, 0.0100, 0.0200, 0.0100, 0.0200, 0.1900, 0.2300, 0.0300, 0.1500, 0.0700, 0.0200, 0.0700, 0.1100, 0.0200, 0.0300]                 | 10.5664  | 0.8600  | 0.8713 
6     | 12          | [94, 95, 96, 98, 99, 100, 101, 102, 103, 104, 105, 107]                            | [0.0500, 0.1200, 0.0800, 0.0200, 0.0100, 0.0500, 0.1900, 0.1700, 0.1600, 0.0900, 0.0300, 0.0300]                                         | 11.9284  | 0.9000  | 0.8820 
7     | 16          | [89, 90, 91, 92, 93, 94, 95, 96, 97, 98, 99, 100, 101, 102, 103, 104]              | [0.0300, 0.1100, 0.0200, 0.0100, 0.0900, 0.0300, 0.0400, 0.1400, 0.0800, 0.1200, 0.1500, 0.0100, 0.0200, 0.0600, 0.0500, 0.0400]         | 16.4864  | 0.9800  | 0.9139 
8     | 8           | [94, 95, 96, 97, 98, 99, 102, 104]                                                 | [0.0200, 0.0500, 0.1100, 0.5100, 0.1800, 0.0600, 0.0600, 0.0100]                                                                         | 2.7400   | 0.6800  | 0.6921 
9     | 13          | [94, 95, 96, 97, 101, 102, 103, 104, 105, 106, 107, 108, 110]                      | [0.0400, 0.0300, 0.0200, 0.0400, 0.1300, 0.1400, 0.0700, 0.1200, 0.1200, 0.0900, 0.1200, 0.0700, 0.0100]                                 | 13.7875  | 0.9000  | 0.9069 
10    | 13          | [95, 97, 98, 99, 100, 101, 102, 103, 104, 105, 106, 107, 108]                      | [0.0200, 0.0100, 0.0600, 0.1400, 0.1900, 0.0900, 0.0400, 0.0900, 0.0300, 0.0900, 0.1200, 0.1100, 0.0100]                                 | 10.3139  | 0.9000  | 0.8958 
11    | 13          | [90, 91, 92, 93, 94, 95, 96, 97, 98, 99, 100, 101, 102]                            | [0.0100, 0.0200, 0.0400, 0.0300, 0.0200, 0.1600, 0.1400, 0.2800, 0.1700, 0.0400, 0.0300, 0.0400, 0.0200]                                 | 5.2051   | 0.9000  | 0.8481 
12    | 16          | [91, 92, 93, 94, 95, 96, 97, 98, 99, 100, 101, 102, 103, 106, 107, 108]            | [0.0100, 0.0200, 0.0200, 0.0500, 0.0400, 0.0900, 0.2100, 0.1900, 0.0800, 0.0200, 0.0600, 0.0400, 0.0300, 0.0100, 0.0300, 0.1000]         | 17.6784  | 0.9200  | 0.8917 
13    | 13          | [94, 95, 96, 97, 98, 99, 100, 101, 102, 103, 104, 105, 107]                        | [0.0300, 0.1000, 0.1500, 0.1200, 0.1400, 0.0300, 0.0200, 0.0100, 0.0100, 0.1000, 0.1000, 0.0500, 0.1400]                                 | 18.3099  | 0.9200  | 0.8980 
14    | 12          | [95, 96, 97, 98, 99, 100, 101, 102, 103, 104, 105, 106]                            | [0.0100, 0.2300, 0.1100, 0.0100, 0.0300, 0.0500, 0.0500, 0.1600, 0.1500, 0.1400, 0.0200, 0.0400]                                         | 11.0731  | 0.8200  | 0.8679 
15    | 14          | [91, 92, 93, 94, 95, 96, 97, 98, 99, 100, 101, 102, 103, 104]                      | [0.0100, 0.0400, 0.2800, 0.0500, 0.1400, 0.1300, 0.0300, 0.0300, 0.0400, 0.0400, 0.0900, 0.0900, 0.0100, 0.0200]                         | 12.0700  | 0.8600  | 0.8679 
16    | 11          | [97, 98, 99, 100, 101, 102, 103, 104, 105, 106, 107]                               | [0.0100, 0.1300, 0.0300, 0.0700, 0.0400, 0.2100, 0.1900, 0.1900, 0.0300, 0.0800, 0.0200]                                                 | 5.8624   | 0.9600  | 0.8602 
17    | 12          | [94, 95, 96, 97, 98, 99, 100, 101, 102, 103, 104, 105]                             | [0.0500, 0.0100, 0.0500, 0.0400, 0.1200, 0.0900, 0.3100, 0.2400, 0.0300, 0.0100, 0.0200, 0.0300]                                         | 5.1064   | 0.8200  | 0.8230 
18    | 14          | [94, 95, 96, 97, 98, 99, 100, 101, 102, 103, 104, 106, 107, 108]                   | [0.0200, 0.0200, 0.1800, 0.2100, 0.0500, 0.0600, 0.0700, 0.0800, 0.0300, 0.1300, 0.0600, 0.0700, 0.0100, 0.0100]                         | 12.0779  | 0.8800  | 0.8877 
19    | 12          | [93, 94, 95, 96, 97, 98, 99, 100, 101, 102, 103, 106]                              | [0.0400, 0.0800, 0.0500, 0.1200, 0.1800, 0.1800, 0.1100, 0.1200, 0.0200, 0.0400, 0.0300, 0.0300]                                         | 7.4531   | 0.9600  | 0.8889 
20    | 12          | [91, 92, 93, 94, 95, 96, 97, 98, 99, 100, 101, 102]                                | [0.0100, 0.0100, 0.0500, 0.1500, 0.1800, 0.1800, 0.0800, 0.0100, 0.0400, 0.1100, 0.1300, 0.0500]                                         | 8.1379   | 0.9400  | 0.8792 
21    | 9           | [94, 95, 96, 97, 98, 99, 100, 101, 102]                                            | [0.1000, 0.1200, 0.1100, 0.1300, 0.1400, 0.0900, 0.0500, 0.1400, 0.1200]                                                                 | 6.7196   | 0.9200  | 0.8913 
