
[Simulation Info]
simulation_id = sim_0011378
timestamp     = 20250429_090920
seed          = 356319
output_folder = /home/lejeunet/Bureau/simulations/Ref_table/sim_0011378

[Model Parameters]
pop_size           = 4399
num_loci           = 20
sample1_generation = 30
sample2_generation = 10
low_repeats        = 1
high_repeats       = 200
mutation_rate      = 0.001
recap_Ne           = 4399

[Sampling Design]
sample1_size_Ne  = 50
sample2_size_Ne  = 50
sample1_size_CMR = 50
sample2_size_CMR = 50

[Capture-Marquage-Recapture]
census_N   =  1300
MatchCount =  2

[Ne Estimates - One Sample - Decreasing critical values [0.050, 0.020, 0.010, 0+]]

[Linkage Desequilibrium]
LD_Ne_Pop1 = [None, 1742.9, 1360.3, 1360.3]
LD_r2_Pop1 = [0.021259, 0.021467, 0.021521, 0.021521]
LD_Ne_Pop2 = [None, None, None, None]
LD_r2_Pop2 = [0.021104, 0.021021, 0.021107, 0.021107]

[Heterozygote excess]
HE_Neb_mean_Pop1        = [105.4, 174.0, 200.6, 200.6]
HE_weighted_D_mean_Pop1 = [0.00476, 0.00288, 0.0025, 0.0025]
HE_Neb_mean_Pop2        = [None, None, None, None]
HE_weighted_D_mean_Pop2 = [-0.01614, -0.01405, -0.01402, -0.01402]

[Molecular Coancestry]
Coan_Neb_n_Pop1 = None
Coan_f1_Pop1    = -0.00169
Coan_Neb_n_Pop2 = 72.9
Coan_f1_Pop2    = 0.00685

[Ne Estimates - Temporal - Decreasing critical values (0.050, 0.020, 0.010, 0+)]

[Pollak]
P_Ne     = [1591.7, 8644.1, 5060.1, 3782.5]
P_Fk     = [0.02314, 0.02058, 0.02099, 0.02132]
P_Fprime = [0.00314, 0.00058, 0.00099, 0.00132]

[Nei/Tajima]
N_Ne     = [2064.6, 35819.3, 9478.9, 5926.8]
N_Fc     = [0.02242, 0.02014, 0.02053, 0.02084]
N_Fprime = [0.00242, 0.00014, 0.00053, 0.00084]

[Jorde/Ryman]
J_Ne     = [8173.4, -7977.3, -9910.1, -10890.1]
J_Fs     = [0.02071, 0.01947, 0.0196, 0.01964]
J_Fprime = [0.00061, -0.00063, -0.0005, -0.00046]

[Genetic Diversity - Heterozygosity]
mean_exp_het_pop1 = 0.8372
mean_obs_het_pop1 = 0.8514
mean_exp_het_pop2 = 0.8335
mean_obs_het_pop2 = 0.8095

[Genetic Diversity - Allele Counts]
mean_alleles_pop1 = 9.62
var_alleles_pop1  = 5.05
sum_alleles_pop1  = 202
mean_alleles_pop2 = 10.19
var_alleles_pop2  = 5.62
sum_alleles_pop2  = 428

[Genetic Diversity - Allelic Size Variance]
var_allele_size_pop1 = 6.8122
var_allele_size_pop2 = 6.7136

[Per-locus summary - Population 1]
Locus | Num_Alleles | Alleles                                                      | Frequencies                                                                                              | Variance | Obs_Het | Exp_Het
------+-------------+--------------------------------------------------------------+----------------------------------------------------------------------------------------------------------+----------+---------+--------
1     | 10          | [95, 96, 97, 98, 99, 100, 101, 102, 103, 105]                | [0.0300, 0.1900, 0.0100, 0.0100, 0.0100, 0.0900, 0.3200, 0.1000, 0.2200, 0.0200]                         | 7.0339   | 0.8200  | 0.8014 
2     | 11          | [98, 99, 100, 101, 102, 103, 104, 105, 106, 107, 108]        | [0.0200, 0.0300, 0.0900, 0.0800, 0.2800, 0.1400, 0.2700, 0.0200, 0.0400, 0.0200, 0.0100]                 | 3.5331   | 0.9400  | 0.8190 
3     | 7           | [97, 98, 99, 100, 101, 102, 103]                             | [0.0100, 0.1400, 0.0500, 0.2000, 0.3700, 0.2200, 0.0100]                                                 | 1.8096   | 0.8000  | 0.7600 
4     | 6           | [96, 97, 98, 99, 100, 101]                                   | [0.2200, 0.0900, 0.2500, 0.3000, 0.1200, 0.0200]                                                         | 1.9251   | 0.7800  | 0.7840 
5     | 12          | [96, 97, 98, 99, 100, 101, 102, 106, 107, 108, 109, 110]     | [0.0300, 0.2800, 0.1300, 0.0200, 0.0300, 0.0400, 0.0300, 0.0300, 0.0500, 0.2100, 0.1400, 0.0100]         | 27.1051  | 0.9000  | 0.8412 
6     | 11          | [99, 100, 101, 102, 103, 104, 105, 106, 107, 108, 109]       | [0.0500, 0.0100, 0.0500, 0.0800, 0.1700, 0.1400, 0.0500, 0.1000, 0.2000, 0.0800, 0.0700]                 | 7.0675   | 0.9200  | 0.8851 
7     | 13          | [95, 96, 97, 98, 99, 100, 101, 102, 103, 104, 105, 106, 108] | [0.0400, 0.0100, 0.1100, 0.1500, 0.1100, 0.2000, 0.0200, 0.0700, 0.0500, 0.1500, 0.0500, 0.0300, 0.0100] | 8.7864   | 0.9200  | 0.8867 
8     | 7           | [97, 98, 99, 101, 102, 103, 104]                             | [0.1300, 0.3000, 0.0700, 0.0900, 0.2700, 0.0800, 0.0600]                                                 | 5.2875   | 0.8600  | 0.8053 
9     | 8           | [96, 97, 98, 99, 100, 101, 102, 103]                         | [0.0100, 0.1700, 0.1700, 0.1400, 0.2000, 0.1000, 0.2000, 0.0100]                                         | 3.2500   | 0.8000  | 0.8408 
10    | 11          | [94, 95, 96, 97, 98, 99, 100, 101, 102, 103, 104]            | [0.0200, 0.0100, 0.1100, 0.0400, 0.1400, 0.2700, 0.2200, 0.1300, 0.0200, 0.0300, 0.0100]                 | 3.5996   | 0.9000  | 0.8349 
11    | 8           | [96, 97, 98, 99, 100, 101, 102, 103]                         | [0.0100, 0.1200, 0.1700, 0.2100, 0.2500, 0.1500, 0.0500, 0.0400]                                         | 2.5036   | 0.8800  | 0.8317 
12    | 8           | [95, 96, 97, 98, 99, 100, 101, 102]                          | [0.0100, 0.0600, 0.2700, 0.1300, 0.1200, 0.2500, 0.1200, 0.0400]                                         | 2.9216   | 0.8200  | 0.8218 
13    | 7           | [98, 99, 100, 101, 102, 103, 104]                            | [0.0100, 0.0300, 0.1500, 0.3000, 0.3200, 0.1200, 0.0700]                                                 | 1.5091   | 0.7600  | 0.7725 
14    | 9           | [95, 96, 97, 98, 99, 100, 101, 102, 103]                     | [0.0600, 0.0300, 0.0300, 0.1600, 0.1900, 0.2400, 0.1200, 0.1300, 0.0400]                                 | 3.8096   | 0.9000  | 0.8509 
15    | 13          | [92, 93, 94, 95, 96, 98, 99, 100, 101, 102, 103, 105, 106]   | [0.0400, 0.0100, 0.1800, 0.0300, 0.0300, 0.0300, 0.1600, 0.1400, 0.0900, 0.1100, 0.0800, 0.0800, 0.0200] | 14.2179  | 0.8400  | 0.8935 
16    | 7           | [94, 95, 97, 98, 99, 100, 101]                               | [0.0700, 0.1000, 0.1000, 0.2700, 0.2300, 0.2200, 0.0100]                                                 | 3.3196   | 0.8400  | 0.8089 
17    | 8           | [93, 94, 95, 96, 97, 98, 99, 103]                            | [0.0100, 0.1200, 0.2000, 0.1900, 0.2500, 0.1800, 0.0100, 0.0400]                                         | 3.5875   | 0.8400  | 0.8210 
18    | 11          | [93, 94, 95, 96, 97, 98, 99, 100, 101, 103, 104]             | [0.0400, 0.0900, 0.1000, 0.1400, 0.0600, 0.1100, 0.2200, 0.1600, 0.0200, 0.0100, 0.0500]                 | 6.9875   | 0.7600  | 0.8768 
19    | 12          | [96, 97, 98, 99, 100, 101, 102, 103, 104, 106, 107, 108]     | [0.0100, 0.0700, 0.0300, 0.0800, 0.0500, 0.1800, 0.1300, 0.1200, 0.0600, 0.0300, 0.1900, 0.0500]         | 10.7664  | 0.9200  | 0.8873 
20    | 12          | [95, 96, 97, 100, 101, 102, 103, 104, 105, 106, 107, 108]    | [0.0500, 0.1500, 0.0700, 0.0300, 0.0600, 0.0600, 0.1000, 0.1600, 0.1000, 0.1900, 0.0200, 0.0100]         | 15.3136  | 0.8200  | 0.8887 
21    | 11          | [94, 96, 97, 98, 99, 100, 101, 102, 103, 104, 105]           | [0.0400, 0.0600, 0.1800, 0.0800, 0.0100, 0.0600, 0.1000, 0.1600, 0.2300, 0.0400, 0.0400]                 | 8.7216   | 0.8600  | 0.8693 

[Per-locus summary - Population 2]
Locus | Num_Alleles | Alleles                                                         | Frequencies                                                                                                      | Variance | Obs_Het | Exp_Het
------+-------------+-----------------------------------------------------------------+------------------------------------------------------------------------------------------------------------------+----------+---------+--------
1     | 11          | [95, 96, 97, 99, 100, 101, 102, 103, 104, 105, 106]             | [0.0200, 0.1600, 0.0400, 0.0300, 0.1200, 0.3500, 0.0600, 0.1500, 0.0100, 0.0500, 0.0100]                         | 7.0156   | 0.7000  | 0.8139 
2     | 11          | [98, 99, 100, 101, 102, 103, 104, 105, 106, 107, 108]           | [0.0200, 0.0100, 0.0700, 0.0400, 0.2200, 0.1700, 0.3100, 0.0200, 0.1100, 0.0200, 0.0100]                         | 3.5944   | 0.7200  | 0.8147 
3     | 6           | [98, 99, 100, 101, 102, 103]                                    | [0.1500, 0.0900, 0.1600, 0.4200, 0.1600, 0.0200]                                                                 | 1.7619   | 0.7000  | 0.7489 
4     | 7           | [95, 96, 97, 98, 99, 100, 101]                                  | [0.0300, 0.1900, 0.1000, 0.1500, 0.3100, 0.1700, 0.0500]                                                         | 2.5171   | 0.7200  | 0.8111 
5     | 12          | [96, 97, 98, 99, 100, 101, 102, 106, 107, 108, 109, 110]        | [0.0400, 0.2200, 0.1900, 0.0300, 0.0800, 0.0400, 0.0300, 0.0400, 0.0500, 0.1700, 0.0500, 0.0600]                 | 24.8931  | 0.8600  | 0.8737 
6     | 11          | [99, 100, 101, 102, 103, 104, 105, 106, 107, 108, 109]          | [0.0700, 0.0400, 0.0200, 0.0900, 0.2600, 0.0900, 0.0300, 0.0300, 0.2600, 0.0800, 0.0300]                         | 7.6011   | 0.7800  | 0.8410 
7     | 13          | [95, 96, 97, 98, 99, 100, 101, 102, 103, 104, 105, 106, 107]    | [0.0400, 0.0200, 0.0800, 0.1100, 0.0800, 0.1600, 0.0800, 0.1300, 0.0800, 0.1600, 0.0300, 0.0200, 0.0100]         | 7.8524   | 0.8800  | 0.8998 
8     | 9           | [93, 97, 98, 99, 100, 101, 102, 103, 104]                       | [0.0100, 0.0500, 0.3100, 0.1500, 0.0100, 0.1200, 0.1600, 0.1400, 0.0500]                                         | 5.1451   | 0.7200  | 0.8248 
9     | 8           | [95, 97, 98, 99, 100, 101, 102, 103]                            | [0.0100, 0.0900, 0.1100, 0.1500, 0.2200, 0.1300, 0.2100, 0.0800]                                                 | 3.3300   | 0.8400  | 0.8499 
10    | 9           | [95, 96, 98, 99, 100, 101, 102, 103, 104]                       | [0.0200, 0.0300, 0.1500, 0.3100, 0.2900, 0.1100, 0.0200, 0.0500, 0.0200]                                         | 2.6475   | 0.8800  | 0.7885 
11    | 8           | [97, 98, 99, 100, 101, 102, 103, 104]                           | [0.1900, 0.2400, 0.1900, 0.2200, 0.0700, 0.0600, 0.0100, 0.0200]                                                 | 2.6964   | 0.8200  | 0.8210 
12    | 8           | [95, 96, 97, 98, 99, 100, 101, 102]                             | [0.0100, 0.0600, 0.3600, 0.1800, 0.0500, 0.2600, 0.0600, 0.0200]                                                 | 2.5376   | 0.7800  | 0.7679 
13    | 6           | [99, 100, 101, 102, 103, 104]                                   | [0.0100, 0.1200, 0.3500, 0.3100, 0.1300, 0.0800]                                                                 | 1.2611   | 0.6600  | 0.7511 
14    | 9           | [95, 96, 97, 98, 99, 100, 101, 102, 103]                        | [0.0600, 0.0400, 0.0600, 0.1500, 0.1700, 0.2200, 0.0800, 0.2000, 0.0200]                                         | 4.1851   | 0.8400  | 0.8531 
15    | 14          | [92, 93, 94, 95, 97, 98, 99, 100, 101, 102, 103, 104, 105, 106] | [0.0400, 0.0200, 0.0700, 0.0200, 0.0200, 0.0300, 0.1200, 0.1300, 0.0500, 0.2400, 0.0900, 0.0100, 0.1400, 0.0200] | 12.9864  | 0.9200  | 0.8806 
16    | 8           | [94, 95, 97, 98, 99, 100, 101, 102]                             | [0.1100, 0.1100, 0.1300, 0.2800, 0.2000, 0.1300, 0.0300, 0.0100]                                                 | 3.9339   | 0.8600  | 0.8309 
17    | 10          | [93, 94, 95, 96, 97, 98, 99, 102, 103, 104]                     | [0.0300, 0.0500, 0.2500, 0.2500, 0.2300, 0.1300, 0.0100, 0.0100, 0.0200, 0.0200]                                 | 3.9864   | 0.8200  | 0.8089 
18    | 12          | [93, 94, 95, 96, 97, 98, 99, 100, 101, 102, 103, 104]           | [0.0200, 0.1500, 0.1200, 0.1300, 0.0500, 0.0800, 0.1900, 0.1500, 0.0200, 0.0100, 0.0300, 0.0500]                 | 8.1211   | 0.8800  | 0.8832 
19    | 12          | [97, 98, 99, 100, 101, 102, 103, 104, 106, 107, 108, 109]       | [0.0400, 0.0100, 0.1000, 0.1300, 0.2100, 0.1400, 0.0700, 0.1000, 0.0200, 0.1400, 0.0300, 0.0100]                 | 8.5659   | 0.8600  | 0.8806 
20    | 11          | [95, 96, 97, 98, 100, 101, 103, 104, 105, 106, 107]             | [0.0200, 0.2200, 0.1000, 0.0100, 0.0200, 0.0700, 0.1400, 0.1700, 0.1000, 0.1300, 0.0200]                         | 15.5059  | 0.8000  | 0.8687 
21    | 13          | [93, 94, 95, 96, 97, 98, 99, 100, 101, 102, 103, 104, 105]      | [0.0200, 0.0500, 0.0500, 0.0800, 0.1400, 0.0900, 0.0400, 0.0600, 0.0200, 0.1800, 0.1900, 0.0500, 0.0300]         | 10.8475  | 0.9600  | 0.8919 
