
[Simulation Info]
simulation_id = sim_0003262
timestamp     = 20250428_084020
seed          = 537536
output_folder = /home/lejeunet/Bureau/simulations/Ref_table/sim_0003262

[Model Parameters]
pop_size           = 1848
num_loci           = 20
sample1_generation = 30
sample2_generation = 10
low_repeats        = 1
high_repeats       = 200
mutation_rate      = 0.001
recap_Ne           = 1848

[Sampling Design]
sample1_size_Ne  = 50
sample2_size_Ne  = 50
sample1_size_CMR = 50
sample2_size_CMR = 50

[Capture-Marquage-Recapture]
census_N   =  2601
MatchCount =  1

[Ne Estimates - One Sample - Decreasing critical values [0.050, 0.020, 0.010, 0+]]

[Linkage Desequilibrium]
LD_Ne_Pop1 = [1344.7, 1480.4, 1332.9, 1332.9]
LD_r2_Pop1 = [0.021523, 0.021501, 0.021526, 0.021526]
LD_Ne_Pop2 = [None, None, None, None]
LD_r2_Pop2 = [0.020655, 0.02081, 0.020906, 0.020906]

[Heterozygote excess]
HE_Neb_mean_Pop1        = [52.2, 82.5, 91.1, 91.1]
HE_weighted_D_mean_Pop1 = [0.00967, 0.0061, 0.00552, 0.00552]
HE_Neb_mean_Pop2        = [71.4, 60.9, 63.5, 63.5]
HE_weighted_D_mean_Pop2 = [0.00705, 0.00828, 0.00793, 0.00793]

[Molecular Coancestry]
Coan_Neb_n_Pop1 = None
Coan_f1_Pop1    = -0.0403
Coan_Neb_n_Pop2 = None
Coan_f1_Pop2    = -0.00336

[Ne Estimates - Temporal - Decreasing critical values (0.050, 0.020, 0.010, 0+)]

[Pollak]
P_Ne     = [2579.7, 1490.1, 1579.4, 2131.6]
P_Fk     = [0.02194, 0.02336, 0.02317, 0.02235]
P_Fprime = [0.00194, 0.00336, 0.00317, 0.00235]

[Nei/Tajima]
N_Ne     = [3950.6, 1992.0, 2121.1, 2958.8]
N_Fc     = [0.02127, 0.02251, 0.02236, 0.02169]
N_Fprime = [0.00127, 0.00251, 0.00236, 0.00169]

[Jorde/Ryman]
J_Ne     = [41041.0, 15271.8, 15291.9, 18479.4]
J_Fs     = [0.02022, 0.02043, 0.02043, 0.02037]
J_Fprime = [0.00012, 0.00033, 0.00033, 0.00027]

[Genetic Diversity - Heterozygosity]
mean_exp_het_pop1 = 0.6881
mean_obs_het_pop1 = 0.6933
mean_exp_het_pop2 = 0.6762
mean_obs_het_pop2 = 0.6838

[Genetic Diversity - Allele Counts]
mean_alleles_pop1 = 5.86
var_alleles_pop1  = 1.63
sum_alleles_pop1  = 123
mean_alleles_pop2 = 6.24
var_alleles_pop2  = 1.41
sum_alleles_pop2  = 262

[Genetic Diversity - Allelic Size Variance]
var_allele_size_pop1 = 1.5004
var_allele_size_pop2 = 1.515

[Per-locus summary - Population 1]
Locus | Num_Alleles | Alleles                               | Frequencies                                                      | Variance | Obs_Het | Exp_Het
------+-------------+---------------------------------------+------------------------------------------------------------------+----------+---------+--------
1     | 7           | [98, 99, 100, 101, 102, 103, 104]     | [0.0100, 0.0400, 0.3300, 0.1100, 0.4300, 0.0700, 0.0100]         | 1.3544   | 0.6000  | 0.6943 
2     | 5           | [99, 100, 101, 102, 103]              | [0.0500, 0.1600, 0.4200, 0.3400, 0.0300]                         | 0.8004   | 0.7400  | 0.6859 
3     | 3           | [98, 99, 100]                         | [0.1700, 0.6500, 0.1800]                                         | 0.3499   | 0.4400  | 0.5214 
4     | 5           | [100, 101, 102, 103, 104]             | [0.1200, 0.5600, 0.2700, 0.0400, 0.0100]                         | 0.5724   | 0.5600  | 0.6034 
5     | 6           | [97, 98, 99, 100, 101, 103]           | [0.0100, 0.1100, 0.3600, 0.4100, 0.1000, 0.0100]                 | 0.8496   | 0.6600  | 0.6869 
6     | 8           | [97, 98, 99, 100, 101, 102, 103, 104] | [0.0100, 0.0200, 0.1500, 0.0200, 0.3400, 0.1700, 0.1700, 0.1200] | 2.6875   | 0.8400  | 0.7968 
7     | 6           | [95, 96, 97, 98, 99, 100]             | [0.0300, 0.1300, 0.4400, 0.2900, 0.0700, 0.0400]                 | 1.0504   | 0.7400  | 0.7050 
8     | 7           | [98, 99, 100, 101, 102, 103, 104]     | [0.0800, 0.1500, 0.3900, 0.0700, 0.0200, 0.0800, 0.2100]         | 3.9256   | 0.8200  | 0.7709 
9     | 6           | [98, 99, 101, 102, 103, 104]          | [0.1100, 0.0200, 0.1900, 0.5700, 0.0900, 0.0200]                 | 1.9864   | 0.6600  | 0.6242 
10    | 4           | [99, 101, 102, 103]                   | [0.3100, 0.1800, 0.4700, 0.0400]                                 | 1.8651   | 0.7200  | 0.6556 
11    | 5           | [99, 101, 102, 103, 104]              | [0.0900, 0.4400, 0.2700, 0.1800, 0.0200]                         | 1.2699   | 0.6600  | 0.6996 
12    | 6           | [97, 98, 99, 100, 101, 102]           | [0.0600, 0.2300, 0.1100, 0.3000, 0.2500, 0.0500]                 | 1.8600   | 0.8000  | 0.7842 
13    | 5           | [97, 98, 99, 100, 101]                | [0.0400, 0.1100, 0.6300, 0.1400, 0.0800]                         | 0.7179   | 0.5400  | 0.5691 
14    | 5           | [98, 99, 100, 101, 102]               | [0.1400, 0.3400, 0.4100, 0.0900, 0.0200]                         | 0.8299   | 0.6000  | 0.6952 
15    | 7           | [99, 100, 101, 102, 103, 104, 105]    | [0.2000, 0.0400, 0.2800, 0.1100, 0.0800, 0.1100, 0.1800]         | 4.3656   | 0.8400  | 0.8253 
16    | 7           | [96, 97, 98, 99, 100, 101, 102]       | [0.0200, 0.0900, 0.1400, 0.4900, 0.2200, 0.0200, 0.0200]         | 1.1564   | 0.7200  | 0.6895 
17    | 5           | [99, 100, 101, 102, 103]              | [0.0100, 0.3500, 0.4700, 0.1500, 0.0200]                         | 0.5876   | 0.6600  | 0.6400 
18    | 5           | [97, 98, 99, 100, 101]                | [0.0100, 0.3100, 0.3300, 0.3400, 0.0100]                         | 0.7291   | 0.7200  | 0.6861 
19    | 8           | [97, 98, 99, 100, 101, 102, 103, 104] | [0.0400, 0.1500, 0.1200, 0.2000, 0.3100, 0.1600, 0.0100, 0.0100] | 2.2544   | 0.8400  | 0.8077 
20    | 6           | [95, 96, 97, 98, 99, 100]             | [0.0400, 0.6400, 0.2300, 0.0500, 0.0300, 0.0100]                 | 0.7236   | 0.6200  | 0.5378 
21    | 7           | [97, 98, 99, 100, 101, 102, 103]      | [0.0500, 0.1000, 0.3400, 0.2700, 0.1800, 0.0400, 0.0200]         | 1.5731   | 0.7800  | 0.7723 

[Per-locus summary - Population 2]
Locus | Num_Alleles | Alleles                               | Frequencies                                                      | Variance | Obs_Het | Exp_Het
------+-------------+---------------------------------------+------------------------------------------------------------------+----------+---------+--------
1     | 5           | [99, 100, 101, 102, 103]              | [0.0300, 0.4700, 0.0400, 0.3900, 0.0700]                         | 1.2600   | 0.5800  | 0.6259 
2     | 7           | [98, 99, 100, 101, 102, 103, 104]     | [0.0100, 0.0300, 0.0700, 0.5200, 0.3400, 0.0200, 0.0100]         | 0.7275   | 0.6800  | 0.6137 
3     | 4           | [98, 99, 100, 101]                    | [0.1000, 0.7200, 0.1600, 0.0200]                                 | 0.3300   | 0.4400  | 0.4501 
4     | 6           | [99, 100, 101, 102, 103, 104]         | [0.0300, 0.1000, 0.6200, 0.1800, 0.0200, 0.0500]                 | 0.8859   | 0.6200  | 0.5752 
5     | 5           | [98, 99, 100, 101, 102]               | [0.1600, 0.3400, 0.3400, 0.0900, 0.0700]                         | 1.1651   | 0.8000  | 0.7376 
6     | 7           | [98, 99, 100, 101, 102, 103, 104]     | [0.0700, 0.1000, 0.0500, 0.3400, 0.2500, 0.1100, 0.0800]         | 2.4275   | 0.8200  | 0.7939 
7     | 6           | [95, 96, 97, 98, 99, 100]             | [0.0200, 0.0700, 0.4700, 0.3000, 0.0600, 0.0800]                 | 1.1075   | 0.6200  | 0.6806 
8     | 8           | [97, 98, 99, 100, 101, 102, 103, 104] | [0.0100, 0.0600, 0.1700, 0.4800, 0.0400, 0.0300, 0.0200, 0.1900] | 3.5200   | 0.7000  | 0.7050 
9     | 7           | [98, 99, 100, 101, 102, 103, 104]     | [0.0700, 0.0300, 0.0100, 0.2600, 0.5500, 0.0500, 0.0300]         | 1.5684   | 0.8000  | 0.6269 
10    | 4           | [99, 101, 102, 103]                   | [0.3400, 0.1700, 0.4800, 0.0100]                                 | 1.8476   | 0.5600  | 0.6313 
11    | 7           | [98, 99, 100, 101, 102, 103, 104]     | [0.0100, 0.0400, 0.0100, 0.4300, 0.2900, 0.2000, 0.0200]         | 1.1331   | 0.5800  | 0.6958 
12    | 6           | [97, 98, 99, 100, 101, 102]           | [0.0300, 0.2700, 0.1800, 0.1700, 0.2900, 0.0600]                 | 1.9000   | 0.8200  | 0.7851 
13    | 7           | [96, 97, 98, 99, 100, 101, 102]       | [0.0200, 0.0300, 0.0500, 0.6300, 0.1200, 0.1100, 0.0400]         | 1.1859   | 0.6400  | 0.5770 
14    | 5           | [98, 99, 100, 101, 102]               | [0.0500, 0.3600, 0.4900, 0.0500, 0.0500]                         | 0.7139   | 0.6000  | 0.6291 
15    | 7           | [99, 100, 101, 102, 103, 104, 105]    | [0.1800, 0.0300, 0.1900, 0.2000, 0.0800, 0.1000, 0.2200]         | 4.3675   | 0.8400  | 0.8341 
16    | 6           | [97, 98, 99, 100, 101, 102]           | [0.0600, 0.1400, 0.5000, 0.2000, 0.0600, 0.0400]                 | 1.1476   | 0.6200  | 0.6885 
17    | 5           | [99, 100, 101, 102, 103]              | [0.0200, 0.2900, 0.4900, 0.1700, 0.0300]                         | 0.6500   | 0.7800  | 0.6521 
18    | 5           | [97, 98, 99, 100, 101]                | [0.0100, 0.3300, 0.2900, 0.3500, 0.0200]                         | 0.7984   | 0.7400  | 0.6909 
19    | 8           | [97, 98, 99, 100, 101, 102, 103, 104] | [0.0200, 0.1200, 0.0900, 0.1900, 0.2600, 0.2700, 0.0400, 0.0100] | 2.2851   | 0.7200  | 0.8069 
20    | 6           | [95, 96, 97, 98, 99, 100]             | [0.1000, 0.4900, 0.3000, 0.0300, 0.0500, 0.0300]                 | 1.1691   | 0.7200  | 0.6622 
21    | 7           | [97, 98, 99, 100, 101, 102, 103]      | [0.0600, 0.0700, 0.3100, 0.3900, 0.0900, 0.0400, 0.0400]         | 1.6244   | 0.6800  | 0.7394 
