
[Simulation Info]
simulation_id = sim_0009749
timestamp     = 20250428_112943
seed          = 951908
output_folder = /home/lejeunet/Bureau/simulations/Ref_table/sim_0009749

[Model Parameters]
pop_size           = 1341
num_loci           = 20
sample1_generation = 30
sample2_generation = 10
low_repeats        = 1
high_repeats       = 200
mutation_rate      = 0.001
recap_Ne           = 1341

[Sampling Design]
sample1_size_Ne  = 50
sample2_size_Ne  = 50
sample1_size_CMR = 50
sample2_size_CMR = 50

[Capture-Marquage-Recapture]
census_N   =  2601
MatchCount =  1

[Ne Estimates - One Sample - Decreasing critical values [0.050, 0.020, 0.010, 0+]]

[Linkage Desequilibrium]
LD_Ne_Pop1 = [None, 3327.5, 1042.2, 1042.2]
LD_r2_Pop1 = [0.021168, 0.021376, 0.021595, 0.021595]
LD_Ne_Pop2 = [389.9, 637.8, 697.6, 697.6]
LD_r2_Pop2 = [0.022126, 0.021797, 0.021752, 0.021752]

[Heterozygote excess]
HE_Neb_mean_Pop1        = [None, None, None, None]
HE_weighted_D_mean_Pop1 = [-0.00067, -0.0, -0.00039, -0.00039]
HE_Neb_mean_Pop2        = [258.7, None, None, None]
HE_weighted_D_mean_Pop2 = [0.00194, -0.00301, -0.00308, -0.00308]

[Molecular Coancestry]
Coan_Neb_n_Pop1 = None
Coan_f1_Pop1    = -0.00034
Coan_Neb_n_Pop2 = 24.5
Coan_f1_Pop2    = 0.02043

[Ne Estimates - Temporal - Decreasing critical values (0.050, 0.020, 0.010, 0+)]

[Pollak]
P_Ne     = [1154.5, 1575.7, 1545.9, 1545.9]
P_Fk     = [0.02433, 0.02317, 0.02323, 0.02323]
P_Fprime = [0.00433, 0.00317, 0.00323, 0.00323]

[Nei/Tajima]
N_Ne     = [1398.4, 1891.9, 1842.0, 1842.0]
N_Fc     = [0.02358, 0.02264, 0.02271, 0.02271]
N_Fprime = [0.00358, 0.00264, 0.00271, 0.00271]

[Jorde/Ryman]
J_Ne     = [1791.3, 2242.0, 2203.1, 2203.1]
J_Fs     = [0.02289, 0.02233, 0.02237, 0.02237]
J_Fprime = [0.00279, 0.00223, 0.00227, 0.00227]

[Genetic Diversity - Heterozygosity]
mean_exp_het_pop1 = 0.7103
mean_obs_het_pop1 = 0.7067
mean_exp_het_pop2 = 0.7
mean_obs_het_pop2 = 0.6981

[Genetic Diversity - Allele Counts]
mean_alleles_pop1 = 5.95
var_alleles_pop1  = 2.35
sum_alleles_pop1  = 125
mean_alleles_pop2 = 6.12
var_alleles_pop2  = 1.96
sum_alleles_pop2  = 257

[Genetic Diversity - Allelic Size Variance]
var_allele_size_pop1 = 2.1848
var_allele_size_pop2 = 2.0283

[Per-locus summary - Population 1]
Locus | Num_Alleles | Alleles                              | Frequencies                                                      | Variance | Obs_Het | Exp_Het
------+-------------+--------------------------------------+------------------------------------------------------------------+----------+---------+--------
1     | 7           | [93, 94, 95, 96, 99, 100, 101]       | [0.0600, 0.0900, 0.1100, 0.1700, 0.1200, 0.2200, 0.2300]         | 7.6736   | 0.8000  | 0.8400 
2     | 3           | [99, 100, 101]                       | [0.2500, 0.6500, 0.1000]                                         | 0.3275   | 0.5800  | 0.5101 
3     | 6           | [96, 97, 98, 99, 101, 102]           | [0.0800, 0.1800, 0.3300, 0.1300, 0.2700, 0.0100]                 | 2.8104   | 0.7000  | 0.7701 
4     | 8           | [96, 97, 98, 99, 100, 101, 102, 103] | [0.0100, 0.1400, 0.0500, 0.0700, 0.1100, 0.2400, 0.3700, 0.0100] | 3.3556   | 0.7000  | 0.7739 
5     | 8           | [96, 97, 98, 99, 100, 101, 102, 103] | [0.0200, 0.0100, 0.1800, 0.0100, 0.0200, 0.0800, 0.5500, 0.1300] | 3.4019   | 0.6200  | 0.6473 
6     | 6           | [98, 99, 100, 101, 102, 103]         | [0.0500, 0.4200, 0.3500, 0.0500, 0.1100, 0.0200]                 | 1.2539   | 0.6200  | 0.6905 
7     | 7           | [98, 99, 100, 101, 102, 103, 104]    | [0.1000, 0.0800, 0.2000, 0.0800, 0.0700, 0.4200, 0.0500]         | 3.4600   | 0.7800  | 0.7610 
8     | 4           | [97, 98, 99, 100]                    | [0.3000, 0.1500, 0.3100, 0.2400]                                 | 1.3299   | 0.7000  | 0.7412 
9     | 8           | [95, 96, 97, 98, 99, 100, 101, 102]  | [0.0400, 0.0300, 0.0900, 0.2000, 0.0400, 0.5300, 0.0500, 0.0200] | 2.3764   | 0.6600  | 0.6707 
10    | 6           | [97, 98, 99, 100, 101, 102]          | [0.0600, 0.0200, 0.1100, 0.3900, 0.2800, 0.1400]                 | 1.5171   | 0.7800  | 0.7412 
11    | 5           | [97, 99, 100, 101, 102]              | [0.0100, 0.1600, 0.4100, 0.3900, 0.0300]                         | 0.6924   | 0.6200  | 0.6598 
12    | 8           | [96, 97, 98, 99, 100, 101, 103, 104] | [0.1100, 0.1000, 0.3700, 0.0400, 0.1500, 0.0700, 0.0400, 0.1200] | 5.8075   | 0.8800  | 0.8040 
13    | 4           | [100, 101, 102, 103]                 | [0.2500, 0.3500, 0.3500, 0.0500]                                 | 0.7600   | 0.7200  | 0.6970 
14    | 4           | [99, 100, 101, 102]                  | [0.3600, 0.5300, 0.0700, 0.0400]                                 | 0.5459   | 0.6000  | 0.5889 
15    | 5           | [97, 98, 99, 100, 101]               | [0.0900, 0.1200, 0.1600, 0.4800, 0.1500]                         | 1.3296   | 0.7200  | 0.7061 
16    | 6           | [98, 99, 100, 101, 102, 103]         | [0.0100, 0.3000, 0.4500, 0.0600, 0.1600, 0.0200]                 | 1.2056   | 0.6800  | 0.6846 
17    | 6           | [97, 98, 99, 100, 101, 102]          | [0.0100, 0.1700, 0.4600, 0.1300, 0.2200, 0.0100]                 | 1.1419   | 0.6400  | 0.7010 
18    | 6           | [97, 98, 99, 100, 101, 102]          | [0.2100, 0.0100, 0.0400, 0.3500, 0.3200, 0.0700]                 | 2.5171   | 0.7600  | 0.7317 
19    | 7           | [96, 97, 98, 99, 100, 101, 102]      | [0.0100, 0.0400, 0.2200, 0.4000, 0.2400, 0.0600, 0.0300]         | 1.2056   | 0.7000  | 0.7351 
20    | 4           | [99, 100, 101, 102]                  | [0.1800, 0.3700, 0.3800, 0.0700]                                 | 0.7244   | 0.7200  | 0.6883 
21    | 7           | [98, 99, 100, 101, 102, 103, 104]    | [0.0400, 0.3900, 0.1100, 0.1800, 0.1400, 0.1300, 0.0100]         | 2.4436   | 0.8600  | 0.7729 

[Per-locus summary - Population 2]
Locus | Num_Alleles | Alleles                              | Frequencies                                                      | Variance | Obs_Het | Exp_Het
------+-------------+--------------------------------------+------------------------------------------------------------------+----------+---------+--------
1     | 8           | [93, 94, 95, 96, 98, 99, 100, 101]   | [0.0200, 0.0700, 0.1200, 0.1100, 0.0200, 0.1800, 0.2600, 0.2200] | 6.1800   | 0.8000  | 0.8277 
2     | 4           | [98, 99, 100, 101]                   | [0.0300, 0.2400, 0.6800, 0.0500]                                 | 0.3475   | 0.5400  | 0.4814 
3     | 6           | [96, 97, 98, 99, 101, 102]           | [0.0100, 0.2200, 0.4100, 0.1600, 0.1800, 0.0200]                 | 2.0684   | 0.6800  | 0.7323 
4     | 7           | [97, 98, 99, 100, 101, 102, 103]     | [0.1700, 0.0500, 0.1400, 0.1100, 0.1900, 0.3200, 0.0200]         | 3.5004   | 0.8000  | 0.8061 
5     | 8           | [96, 97, 98, 99, 100, 101, 102, 103] | [0.0300, 0.0100, 0.1800, 0.0100, 0.0300, 0.1100, 0.5200, 0.1100] | 3.5584   | 0.6600  | 0.6778 
6     | 6           | [97, 98, 99, 100, 101, 102]          | [0.0100, 0.0300, 0.3500, 0.4100, 0.0300, 0.1700]                 | 1.2651   | 0.7400  | 0.6855 
7     | 6           | [98, 99, 100, 102, 103, 104]         | [0.0300, 0.2100, 0.2200, 0.0200, 0.4600, 0.0600]                 | 3.5779   | 0.7000  | 0.6980 
8     | 6           | [96, 97, 98, 99, 100, 101]           | [0.0200, 0.3300, 0.1600, 0.2800, 0.2000, 0.0100]                 | 1.4644   | 0.6200  | 0.7541 
9     | 8           | [95, 96, 97, 98, 99, 100, 101, 102]  | [0.0700, 0.0300, 0.0700, 0.2900, 0.0400, 0.4300, 0.0500, 0.0200] | 2.7259   | 0.7200  | 0.7230 
10    | 5           | [97, 99, 100, 101, 102]              | [0.0100, 0.1600, 0.4900, 0.2300, 0.1100]                         | 0.8524   | 0.6400  | 0.6760 
11    | 4           | [99, 100, 101, 102]                  | [0.1200, 0.4700, 0.3600, 0.0500]                                 | 0.5644   | 0.7000  | 0.6390 
12    | 8           | [96, 97, 98, 99, 100, 101, 103, 104] | [0.0900, 0.1200, 0.3000, 0.0700, 0.1400, 0.0900, 0.0500, 0.1400] | 6.2219   | 0.8600  | 0.8412 
13    | 5           | [99, 100, 101, 102, 103]             | [0.0100, 0.1900, 0.2900, 0.4200, 0.0900]                         | 0.8579   | 0.6400  | 0.7022 
14    | 4           | [99, 100, 101, 102]                  | [0.2900, 0.6000, 0.0800, 0.0300]                                 | 0.4675   | 0.6400  | 0.5541 
15    | 5           | [97, 98, 99, 100, 101]               | [0.0400, 0.2100, 0.2500, 0.4100, 0.0900]                         | 1.0500   | 0.7400  | 0.7228 
16    | 5           | [98, 99, 100, 101, 102]              | [0.0200, 0.3700, 0.3500, 0.1100, 0.1500]                         | 1.1600   | 0.6800  | 0.7127 
17    | 5           | [98, 99, 100, 101, 102]              | [0.2100, 0.3900, 0.1600, 0.1800, 0.0600]                         | 1.3899   | 0.6600  | 0.7497 
18    | 7           | [96, 97, 98, 99, 100, 101, 102]      | [0.0100, 0.0700, 0.0300, 0.0400, 0.4400, 0.3800, 0.0300]         | 1.4419   | 0.6200  | 0.6602 
19    | 7           | [96, 97, 98, 99, 100, 101, 102]      | [0.0400, 0.0500, 0.1100, 0.5000, 0.2000, 0.0800, 0.0200]         | 1.3619   | 0.6600  | 0.6939 
20    | 4           | [99, 100, 101, 102]                  | [0.1800, 0.4700, 0.2900, 0.0600]                                 | 0.6571   | 0.7600  | 0.6657 
21    | 7           | [98, 99, 100, 101, 102, 103, 104]    | [0.0200, 0.4900, 0.1200, 0.2100, 0.0800, 0.0700, 0.0100]         | 1.8819   | 0.8000  | 0.6966 
