
[Simulation Info]
simulation_id = sim_0002797
timestamp     = 20250428_083018
seed          = 321805
output_folder = /home/lejeunet/Bureau/simulations/Ref_table/sim_0002797

[Model Parameters]
pop_size           = 2230
num_loci           = 20
sample1_generation = 30
sample2_generation = 10
low_repeats        = 1
high_repeats       = 200
mutation_rate      = 0.001
recap_Ne           = 2230

[Sampling Design]
sample1_size_Ne  = 50
sample2_size_Ne  = 50
sample1_size_CMR = 50
sample2_size_CMR = 50

[Capture-Marquage-Recapture]
census_N   =  1300
MatchCount =  2

[Ne Estimates - One Sample - Decreasing critical values [0.050, 0.020, 0.010, 0+]]

[Linkage Desequilibrium]
LD_Ne_Pop1 = [2366.5, 1372.4, 1525.6, 1525.6]
LD_r2_Pop1 = [0.021417, 0.021519, 0.021494, 0.021494]
LD_Ne_Pop2 = [1315.8, 748.9, 1368.3, 1368.3]
LD_r2_Pop2 = [0.021529, 0.02172, 0.021519, 0.021519]

[Heterozygote excess]
HE_Neb_mean_Pop1        = [None, None, None, None]
HE_weighted_D_mean_Pop1 = [-0.01224, -0.00615, -0.00047, -0.00047]
HE_Neb_mean_Pop2        = [63.4, 136.0, 139.3, 139.3]
HE_weighted_D_mean_Pop2 = [0.00795, 0.00369, 0.0036, 0.0036]

[Molecular Coancestry]
Coan_Neb_n_Pop1 = None
Coan_f1_Pop1    = -0.0286
Coan_Neb_n_Pop2 = None
Coan_f1_Pop2    = -0.00534

[Ne Estimates - Temporal - Decreasing critical values (0.050, 0.020, 0.010, 0+)]

[Pollak]
P_Ne     = [2402.3, 3705.9, 1481.5, 1481.5]
P_Fk     = [0.02208, 0.02135, 0.02337, 0.02337]
P_Fprime = [0.00208, 0.00135, 0.00337, 0.00337]

[Nei/Tajima]
N_Ne     = [2366.2, 3546.8, 1568.4, 1568.4]
N_Fc     = [0.02211, 0.02141, 0.02319, 0.02319]
N_Fprime = [0.00211, 0.00141, 0.00319, 0.00319]

[Jorde/Ryman]
J_Ne     = [1253.9, 1261.2, 1212.6, 1212.6]
J_Fs     = [0.02409, 0.02407, 0.02423, 0.02423]
J_Fprime = [0.00399, 0.00396, 0.00412, 0.00412]

[Genetic Diversity - Heterozygosity]
mean_exp_het_pop1 = 0.8124
mean_obs_het_pop1 = 0.8095
mean_exp_het_pop2 = 0.8128
mean_obs_het_pop2 = 0.821

[Genetic Diversity - Allele Counts]
mean_alleles_pop1 = 8.38
var_alleles_pop1  = 3.95
sum_alleles_pop1  = 176
mean_alleles_pop2 = 8.74
var_alleles_pop2  = 4.69
sum_alleles_pop2  = 367

[Genetic Diversity - Allelic Size Variance]
var_allele_size_pop1 = 7.937
var_allele_size_pop2 = 7.8511

[Per-locus summary - Population 1]
Locus | Num_Alleles | Alleles                                             | Frequencies                                                                              | Variance | Obs_Het | Exp_Het
------+-------------+-----------------------------------------------------+------------------------------------------------------------------------------------------+----------+---------+--------
1     | 9           | [95, 96, 97, 98, 99, 100, 102, 103, 104]            | [0.0400, 0.1600, 0.1700, 0.3300, 0.0500, 0.0500, 0.0500, 0.1300, 0.0200]                 | 5.9299   | 0.8200  | 0.8184 
2     | 7           | [100, 101, 102, 103, 104, 105, 106]                 | [0.0200, 0.1500, 0.4700, 0.3100, 0.0100, 0.0300, 0.0100]                                 | 0.9371   | 0.6400  | 0.6657 
3     | 9           | [97, 98, 99, 100, 101, 102, 103, 104, 105]          | [0.0600, 0.0700, 0.2100, 0.0300, 0.0100, 0.1600, 0.2100, 0.1400, 0.1100]                 | 6.1884   | 0.9000  | 0.8535 
4     | 7           | [95, 96, 97, 98, 99, 100, 101]                      | [0.0800, 0.1800, 0.2700, 0.1800, 0.0200, 0.0900, 0.1800]                                 | 3.6931   | 0.8000  | 0.8232 
5     | 4           | [101, 102, 103, 104]                                | [0.3200, 0.3600, 0.3100, 0.0100]                                                         | 0.6699   | 0.7000  | 0.6786 
6     | 9           | [94, 95, 96, 97, 98, 99, 100, 101, 102]             | [0.0200, 0.0900, 0.1400, 0.1100, 0.2500, 0.0300, 0.1300, 0.2100, 0.0200]                 | 4.4924   | 0.8600  | 0.8434 
7     | 9           | [93, 94, 95, 96, 101, 102, 103, 104, 105]           | [0.0100, 0.1500, 0.0800, 0.1000, 0.0500, 0.1900, 0.2600, 0.1300, 0.0300]                 | 15.4579  | 0.8400  | 0.8455 
8     | 9           | [100, 101, 102, 103, 106, 107, 108, 109, 110]       | [0.0900, 0.3400, 0.0500, 0.0400, 0.0300, 0.1700, 0.0500, 0.2100, 0.0200]                 | 12.9836  | 0.8000  | 0.8034 
9     | 4           | [99, 100, 101, 102]                                 | [0.2700, 0.3900, 0.2100, 0.1300]                                                         | 0.9600   | 0.6600  | 0.7212 
10    | 8           | [96, 97, 98, 105, 106, 107, 108, 109]               | [0.0800, 0.2700, 0.1000, 0.0600, 0.1500, 0.1100, 0.2200, 0.0100]                         | 25.0899  | 0.8000  | 0.8323 
11    | 9           | [91, 92, 93, 94, 96, 97, 98, 99, 100]               | [0.0100, 0.1200, 0.0900, 0.1500, 0.0800, 0.1700, 0.1800, 0.0800, 0.1200]                 | 7.0875   | 0.8200  | 0.8751 
12    | 11          | [80, 81, 83, 85, 86, 87, 88, 89, 90, 91, 92]        | [0.0200, 0.0200, 0.0500, 0.0500, 0.1200, 0.0900, 0.0300, 0.1900, 0.1800, 0.1900, 0.0600] | 8.0011   | 0.8800  | 0.8713 
13    | 10          | [94, 95, 96, 97, 98, 99, 100, 101, 102, 103]        | [0.0100, 0.1000, 0.1600, 0.0800, 0.2300, 0.0200, 0.2200, 0.1200, 0.0500, 0.0100]         | 4.7011   | 0.8400  | 0.8477 
14    | 7           | [97, 98, 99, 100, 101, 102, 103]                    | [0.2000, 0.1500, 0.0800, 0.2600, 0.0800, 0.2200, 0.0100]                                 | 3.3451   | 0.8800  | 0.8168 
15    | 8           | [95, 96, 97, 98, 99, 100, 101, 102]                 | [0.0700, 0.2600, 0.0600, 0.0300, 0.2500, 0.1900, 0.1000, 0.0400]                         | 4.1900   | 0.8600  | 0.8210 
16    | 11          | [95, 96, 97, 98, 99, 100, 105, 106, 107, 108, 109]  | [0.0200, 0.1100, 0.0400, 0.1600, 0.0700, 0.0200, 0.1300, 0.0300, 0.0500, 0.2900, 0.0800] | 25.1011  | 0.8200  | 0.8527 
17    | 8           | [99, 100, 101, 102, 103, 104, 105, 106]             | [0.1000, 0.1000, 0.1600, 0.1900, 0.0900, 0.2500, 0.0400, 0.0700]                         | 3.9211   | 0.8800  | 0.8497 
18    | 11          | [96, 97, 98, 99, 100, 101, 102, 103, 105, 106, 107] | [0.0500, 0.2300, 0.0300, 0.0800, 0.0400, 0.0900, 0.1300, 0.0800, 0.2000, 0.0400, 0.0300] | 11.2899  | 0.9200  | 0.8705 
19    | 8           | [88, 89, 90, 91, 93, 94, 95, 96]                    | [0.0300, 0.3800, 0.0200, 0.2200, 0.0100, 0.0300, 0.2100, 0.1000]                         | 7.6436   | 0.7000  | 0.7584 
20    | 7           | [96, 97, 98, 99, 101, 102, 103]                     | [0.1300, 0.3700, 0.1200, 0.0300, 0.2300, 0.0600, 0.0600]                                 | 5.0531   | 0.8000  | 0.7786 
21    | 11          | [96, 97, 98, 99, 100, 101, 102, 103, 104, 105, 106] | [0.0200, 0.0100, 0.2300, 0.0500, 0.1500, 0.0300, 0.0100, 0.0400, 0.1000, 0.2800, 0.0800] | 9.9411   | 0.7800  | 0.8325 

[Per-locus summary - Population 2]
Locus | Num_Alleles | Alleles                                                 | Frequencies                                                                                      | Variance | Obs_Het | Exp_Het
------+-------------+---------------------------------------------------------+--------------------------------------------------------------------------------------------------+----------+---------+--------
1     | 9           | [95, 96, 97, 98, 99, 100, 101, 102, 103]                | [0.0300, 0.1400, 0.1800, 0.2300, 0.1200, 0.1100, 0.0200, 0.0400, 0.1300]                         | 5.2044   | 0.8600  | 0.8574 
2     | 7           | [99, 100, 101, 102, 103, 105, 106]                      | [0.0500, 0.0400, 0.1400, 0.4500, 0.2900, 0.0100, 0.0200]                                         | 1.4491   | 0.7600  | 0.6962 
3     | 9           | [97, 98, 99, 101, 102, 103, 104, 105, 106]              | [0.0200, 0.0900, 0.2600, 0.0300, 0.2000, 0.2100, 0.0900, 0.0900, 0.0100]                         | 5.5251   | 0.8600  | 0.8309 
4     | 7           | [95, 96, 97, 98, 99, 100, 101]                          | [0.0700, 0.1300, 0.2200, 0.3100, 0.0200, 0.1200, 0.1300]                                         | 3.0384   | 0.7800  | 0.8101 
5     | 3           | [101, 102, 103]                                         | [0.2100, 0.4800, 0.3100]                                                                         | 0.5100   | 0.6400  | 0.6358 
6     | 9           | [94, 95, 96, 97, 98, 99, 100, 101, 102]                 | [0.0800, 0.1100, 0.1100, 0.0800, 0.1900, 0.0200, 0.1000, 0.2800, 0.0300]                         | 6.1571   | 0.8400  | 0.8457 
7     | 9           | [93, 94, 95, 96, 101, 102, 103, 104, 105]               | [0.0200, 0.1600, 0.1600, 0.1700, 0.0400, 0.1400, 0.2000, 0.0700, 0.0400]                         | 16.5876  | 0.9200  | 0.8604 
8     | 9           | [100, 101, 102, 103, 106, 107, 108, 109, 110]           | [0.1300, 0.2700, 0.0300, 0.0200, 0.0300, 0.1400, 0.0500, 0.2700, 0.0600]                         | 14.7796  | 0.8800  | 0.8176 
9     | 4           | [99, 100, 101, 102]                                     | [0.2100, 0.3400, 0.2600, 0.1900]                                                                 | 1.0451   | 0.7800  | 0.7440 
10    | 9           | [96, 97, 98, 104, 105, 106, 107, 108, 109]              | [0.0900, 0.1200, 0.1200, 0.0400, 0.0600, 0.2300, 0.1700, 0.1500, 0.0200]                         | 21.0675  | 0.9000  | 0.8618 
11    | 10          | [92, 93, 94, 95, 96, 97, 98, 99, 100, 101]              | [0.1500, 0.0500, 0.1200, 0.0300, 0.0600, 0.1700, 0.1900, 0.0600, 0.1400, 0.0300]                 | 7.6436   | 0.8200  | 0.8758 
12    | 11          | [81, 83, 85, 86, 87, 88, 89, 90, 91, 92, 93]            | [0.0200, 0.0100, 0.0800, 0.2000, 0.0700, 0.0400, 0.1900, 0.1500, 0.1900, 0.0400, 0.0100]         | 6.0731   | 0.8800  | 0.8588 
13    | 10          | [94, 95, 96, 97, 98, 99, 100, 101, 102, 103]            | [0.0200, 0.1000, 0.1600, 0.0500, 0.3100, 0.0300, 0.0700, 0.1200, 0.1100, 0.0300]                 | 5.6731   | 0.8800  | 0.8406 
14    | 7           | [97, 98, 99, 100, 101, 102, 103]                        | [0.1400, 0.1700, 0.1200, 0.3900, 0.0100, 0.1500, 0.0200]                                         | 2.5899   | 0.7200  | 0.7697 
15    | 9           | [94, 95, 96, 97, 98, 99, 100, 101, 102]                 | [0.0200, 0.1000, 0.1800, 0.1000, 0.0300, 0.3600, 0.1200, 0.0600, 0.0300]                         | 3.8964   | 0.8400  | 0.8059 
16    | 12          | [95, 96, 97, 98, 99, 104, 105, 106, 107, 108, 109, 110] | [0.0300, 0.1300, 0.0600, 0.1100, 0.1300, 0.0300, 0.1000, 0.0500, 0.0600, 0.2200, 0.0700, 0.0100] | 25.4931  | 0.8400  | 0.8881 
17    | 8           | [98, 99, 100, 101, 102, 103, 104, 106]                  | [0.0100, 0.1300, 0.1400, 0.1100, 0.1800, 0.1200, 0.2400, 0.0700]                                 | 4.1964   | 0.8400  | 0.8505 
18    | 11          | [96, 97, 98, 99, 100, 101, 102, 103, 105, 106, 107]     | [0.0700, 0.2300, 0.0600, 0.0400, 0.0500, 0.0800, 0.1800, 0.0700, 0.1300, 0.0800, 0.0100]         | 11.0016  | 0.9000  | 0.8762 
19    | 8           | [88, 89, 90, 91, 92, 93, 95, 96]                        | [0.0200, 0.2400, 0.0300, 0.2500, 0.0200, 0.0300, 0.3400, 0.0700]                                 | 7.0116   | 0.7400  | 0.7644 
20    | 8           | [95, 96, 97, 98, 101, 102, 103, 104]                    | [0.0100, 0.0700, 0.3700, 0.0800, 0.2200, 0.0600, 0.1700, 0.0200]                                 | 6.8811   | 0.7400  | 0.7782 
21    | 8           | [98, 99, 100, 102, 103, 104, 105, 106]                  | [0.2000, 0.0200, 0.2600, 0.0100, 0.0400, 0.0800, 0.2800, 0.1100]                                 | 9.0500   | 0.8200  | 0.8014 
