
[Simulation Info]
simulation_id = sim_0009223
timestamp     = 20250428_111352
seed          = 311094
output_folder = /home/lejeunet/Bureau/simulations/Ref_table/sim_0009223

[Model Parameters]
pop_size           = 446
num_loci           = 20
sample1_generation = 30
sample2_generation = 10
low_repeats        = 1
high_repeats       = 200
mutation_rate      = 0.001
recap_Ne           = 446

[Sampling Design]
sample1_size_Ne  = 50
sample2_size_Ne  = 50
sample1_size_CMR = 50
sample2_size_CMR = 50

[Capture-Marquage-Recapture]
census_N   =  650
MatchCount =  4

[Ne Estimates - One Sample - Decreasing critical values [0.050, 0.020, 0.010, 0+]]

[Linkage Desequilibrium]
LD_Ne_Pop1 = [3083.9, 748.0, 1955.1, 1955.1]
LD_r2_Pop1 = [0.021384, 0.02172, 0.021446, 0.021446]
LD_Ne_Pop2 = [None, None, 814.3, 814.3]
LD_r2_Pop2 = [0.020769, 0.021036, 0.021684, 0.021684]

[Heterozygote excess]
HE_Neb_mean_Pop1        = [37.1, 39.6, 39.6, 39.6]
HE_weighted_D_mean_Pop1 = [0.01366, 0.01278, 0.01278, 0.01278]
HE_Neb_mean_Pop2        = [25.2, 26.4, 26.9, 26.9]
HE_weighted_D_mean_Pop2 = [0.02024, 0.01931, 0.01895, 0.01895]

[Molecular Coancestry]
Coan_Neb_n_Pop1 = 59.9
Coan_f1_Pop1    = 0.00835
Coan_Neb_n_Pop2 = None
Coan_f1_Pop2    = -0.0472

[Ne Estimates - Temporal - Decreasing critical values (0.050, 0.020, 0.010, 0+)]

[Pollak]
P_Ne     = [5724.3, 2993.1, 2993.1, 2993.1]
P_Fk     = [0.02087, 0.02167, 0.02167, 0.02167]
P_Fprime = [0.00087, 0.00167, 0.00167, 0.00167]

[Nei/Tajima]
N_Ne     = [-21988.5, 11824.4, 11824.4, 11824.4]
N_Fc     = [0.01977, 0.02042, 0.02042, 0.02042]
N_Fprime = [-0.00023, 0.00042, 0.00042, 0.00042]

[Jorde/Ryman]
J_Ne     = [-4311.5, -5102.2, -5102.2, -5102.2]
J_Fs     = [0.01894, 0.01912, 0.01912, 0.01912]
J_Fprime = [-0.00116, -0.00098, -0.00098, -0.00098]

[Genetic Diversity - Heterozygosity]
mean_exp_het_pop1 = 0.5407
mean_obs_het_pop1 = 0.5562
mean_exp_het_pop2 = 0.5609
mean_obs_het_pop2 = 0.5771

[Genetic Diversity - Allele Counts]
mean_alleles_pop1 = 3.9
var_alleles_pop1  = 0.69
sum_alleles_pop1  = 82
mean_alleles_pop2 = 4.02
var_alleles_pop2  = 0.9
sum_alleles_pop2  = 169

[Genetic Diversity - Allelic Size Variance]
var_allele_size_pop1 = 0.6919
var_allele_size_pop2 = 0.7499

[Per-locus summary - Population 1]
Locus | Num_Alleles | Alleles                 | Frequencies                              | Variance | Obs_Het | Exp_Het
------+-------------+-------------------------+------------------------------------------+----------+---------+--------
1     | 4           | [98, 99, 100, 101]      | [0.2600, 0.0300, 0.6700, 0.0400]         | 0.8499   | 0.4800  | 0.4859 
2     | 3           | [98, 99, 100]           | [0.0300, 0.8200, 0.1500]                 | 0.1656   | 0.2600  | 0.3073 
3     | 4           | [98, 99, 100, 101]      | [0.0100, 0.3700, 0.5400, 0.0800]         | 0.3939   | 0.5200  | 0.5707 
4     | 5           | [98, 99, 100, 101, 102] | [0.0600, 0.3200, 0.1400, 0.0200, 0.4600] | 2.1700   | 0.6400  | 0.6691 
5     | 5           | [98, 99, 100, 101, 102] | [0.0100, 0.0800, 0.8000, 0.0700, 0.0400] | 0.3475   | 0.3400  | 0.3505 
6     | 3           | [98, 99, 100]           | [0.0300, 0.9300, 0.0400]                 | 0.0699   | 0.1400  | 0.1339 
7     | 4           | [99, 100, 101, 102]     | [0.2200, 0.6500, 0.1200, 0.0100]         | 0.3736   | 0.5200  | 0.5198 
8     | 4           | [99, 100, 101, 102]     | [0.0200, 0.3700, 0.3300, 0.2800]         | 0.7131   | 0.8200  | 0.6822 
9     | 5           | [97, 98, 99, 100, 102]  | [0.0300, 0.5100, 0.1900, 0.1800, 0.0900] | 1.6056   | 0.6000  | 0.6691 
10    | 3           | [98, 99, 100]           | [0.0400, 0.3900, 0.5700]                 | 0.3291   | 0.6000  | 0.5267 
11    | 5           | [96, 97, 98, 99, 100]   | [0.0900, 0.3400, 0.3400, 0.1200, 0.1100] | 1.2276   | 0.8400  | 0.7416 
12    | 4           | [99, 100, 101, 102]     | [0.0700, 0.6900, 0.1600, 0.0800]         | 0.4875   | 0.5800  | 0.4919 
13    | 4           | [98, 99, 100, 101]      | [0.0100, 0.3700, 0.3700, 0.2500]         | 0.6404   | 0.6600  | 0.6703 
14    | 3           | [100, 101, 102]         | [0.0100, 0.7200, 0.2700]                 | 0.2124   | 0.3600  | 0.4127 
15    | 5           | [97, 98, 99, 100, 101]  | [0.0800, 0.1900, 0.2900, 0.3800, 0.0600] | 1.1075   | 0.8000  | 0.7327 
16    | 4           | [98, 99, 100, 101]      | [0.0100, 0.1300, 0.4200, 0.4400]         | 0.5259   | 0.6400  | 0.6192 
17    | 3           | [99, 100, 103]          | [0.3900, 0.5000, 0.1100]                 | 1.3764   | 0.6600  | 0.5917 
18    | 3           | [100, 101, 102]         | [0.1800, 0.8000, 0.0200]                 | 0.1744   | 0.3000  | 0.3305 
19    | 5           | [98, 99, 100, 101, 102] | [0.0900, 0.5300, 0.3100, 0.0300, 0.0400] | 0.7200   | 0.6800  | 0.6186 
20    | 3           | [100, 101, 102]         | [0.3000, 0.3200, 0.3800]                 | 0.6736   | 0.6400  | 0.6699 
21    | 3           | [99, 100, 101]          | [0.0800, 0.5500, 0.3700]                 | 0.3659   | 0.6000  | 0.5598 

[Per-locus summary - Population 2]
Locus | Num_Alleles | Alleles                     | Frequencies                                      | Variance | Obs_Het | Exp_Het
------+-------------+-----------------------------+--------------------------------------------------+----------+---------+--------
1     | 5           | [96, 98, 99, 100, 101]      | [0.0300, 0.1600, 0.0300, 0.7100, 0.0700]         | 1.0600   | 0.4600  | 0.4683 
2     | 3           | [98, 99, 100]               | [0.0200, 0.7400, 0.2400]                         | 0.2116   | 0.4800  | 0.3984 
3     | 4           | [98, 99, 100, 101]          | [0.0200, 0.3100, 0.5500, 0.1200]                 | 0.4571   | 0.6800  | 0.5925 
4     | 5           | [98, 99, 100, 101, 102]     | [0.0300, 0.2200, 0.1600, 0.0500, 0.5400]         | 1.8275   | 0.6600  | 0.6374 
5     | 5           | [98, 99, 100, 101, 102]     | [0.0100, 0.0800, 0.7300, 0.0700, 0.1100]         | 0.5939   | 0.4800  | 0.4481 
6     | 3           | [98, 99, 100]               | [0.0200, 0.9400, 0.0400]                         | 0.0596   | 0.1200  | 0.1156 
7     | 3           | [99, 100, 101]              | [0.1900, 0.6100, 0.2000]                         | 0.3899   | 0.5600  | 0.5574 
8     | 4           | [99, 100, 101, 102]         | [0.0900, 0.4200, 0.2600, 0.2300]                 | 0.8731   | 0.7200  | 0.7020 
9     | 5           | [97, 98, 99, 100, 102]      | [0.0200, 0.4600, 0.1600, 0.2600, 0.1000]         | 1.6964   | 0.7400  | 0.6917 
10    | 3           | [98, 99, 100]               | [0.0300, 0.4100, 0.5600]                         | 0.3091   | 0.4000  | 0.5226 
11    | 5           | [96, 97, 98, 99, 100]       | [0.0900, 0.1900, 0.4100, 0.1000, 0.2100]         | 1.4675   | 0.6800  | 0.7410 
12    | 4           | [99, 100, 101, 102]         | [0.0800, 0.6100, 0.1700, 0.1400]                 | 0.6731   | 0.5800  | 0.5788 
13    | 3           | [99, 100, 101]              | [0.3200, 0.4500, 0.2300]                         | 0.5419   | 0.7000  | 0.6487 
14    | 4           | [100, 101, 102, 103]        | [0.0100, 0.6500, 0.2600, 0.0800]                 | 0.4219   | 0.5800  | 0.5085 
15    | 5           | [97, 98, 99, 100, 101]      | [0.0200, 0.1900, 0.3500, 0.4200, 0.0200]         | 0.7171   | 0.7000  | 0.6709 
16    | 4           | [98, 99, 100, 101]          | [0.0100, 0.1300, 0.4500, 0.4100]                 | 0.5124   | 0.7200  | 0.6186 
17    | 4           | [99, 100, 102, 103]         | [0.4200, 0.4200, 0.0100, 0.1500]                 | 1.8075   | 0.6600  | 0.6309 
18    | 2           | [100, 101]                  | [0.2400, 0.7600]                                 | 0.1824   | 0.2800  | 0.3685 
19    | 6           | [97, 98, 99, 100, 101, 102] | [0.0100, 0.0800, 0.4300, 0.4100, 0.0100, 0.0600] | 0.8499   | 0.6600  | 0.6432 
20    | 3           | [100, 101, 102]             | [0.2800, 0.2800, 0.4400]                         | 0.6944   | 0.5600  | 0.6562 
21    | 3           | [99, 100, 101]              | [0.1100, 0.5400, 0.3500]                         | 0.4024   | 0.7000  | 0.5796 
