
[Simulation Info]
simulation_id = sim_0000312
timestamp     = 20250428_074050
seed          = 564075
output_folder = /home/lejeunet/Bureau/simulations/Ref_table/sim_0000312

[Model Parameters]
pop_size           = 721
num_loci           = 20
sample1_generation = 30
sample2_generation = 10
low_repeats        = 1
high_repeats       = 200
mutation_rate      = 0.001
recap_Ne           = 721

[Sampling Design]
sample1_size_Ne  = 50
sample2_size_Ne  = 50
sample1_size_CMR = 50
sample2_size_CMR = 50

[Capture-Marquage-Recapture]
census_N   =  650
MatchCount =  4

[Ne Estimates - One Sample - Decreasing critical values [0.050, 0.020, 0.010, 0+]]

[Linkage Desequilibrium]
LD_Ne_Pop1 = [408.6, 520.8, None, None]
LD_r2_Pop1 = [0.022088, 0.021913, 0.021071, 0.021071]
LD_Ne_Pop2 = [140.1, 215.0, 327.6, 327.6]
LD_r2_Pop2 = [0.02362, 0.022811, 0.022287, 0.022287]

[Heterozygote excess]
HE_Neb_mean_Pop1        = [47.2, 48.4, 50.7, 50.7]
HE_weighted_D_mean_Pop1 = [0.01072, 0.01043, 0.00996, 0.00996]
HE_Neb_mean_Pop2        = [19.1, 20.0, 20.0, 20.0]
HE_weighted_D_mean_Pop2 = [0.02687, 0.02566, 0.02566, 0.02566]

[Molecular Coancestry]
Coan_Neb_n_Pop1 = None
Coan_f1_Pop1    = -0.00053
Coan_Neb_n_Pop2 = 39.3
Coan_f1_Pop2    = 0.01272

[Ne Estimates - Temporal - Decreasing critical values (0.050, 0.020, 0.010, 0+)]

[Pollak]
P_Ne     = [538.1, 539.3, 546.1, 559.8]
P_Fk     = [0.02929, 0.02927, 0.02916, 0.02893]
P_Fprime = [0.00929, 0.00927, 0.00916, 0.00893]

[Nei/Tajima]
N_Ne     = [610.8, 609.4, 615.7, 627.9]
N_Fc     = [0.02819, 0.0282, 0.02812, 0.02796]
N_Fprime = [0.00819, 0.0082, 0.00812, 0.00796]

[Jorde/Ryman]
J_Ne     = [668.1, 670.9, 671.0, 671.0]
J_Fs     = [0.0276, 0.02757, 0.02757, 0.02757]
J_Fprime = [0.00748, 0.00745, 0.00745, 0.00745]

[Genetic Diversity - Heterozygosity]
mean_exp_het_pop1 = 0.6382
mean_obs_het_pop1 = 0.6438
mean_exp_het_pop2 = 0.633
mean_obs_het_pop2 = 0.6552

[Genetic Diversity - Allele Counts]
mean_alleles_pop1 = 4.76
var_alleles_pop1  = 0.79
sum_alleles_pop1  = 100
mean_alleles_pop2 = 4.74
var_alleles_pop2  = 0.98
sum_alleles_pop2  = 199

[Genetic Diversity - Allelic Size Variance]
var_allele_size_pop1 = 1.1314
var_allele_size_pop2 = 1.0828

[Per-locus summary - Population 1]
Locus | Num_Alleles | Alleles                      | Frequencies                                      | Variance | Obs_Het | Exp_Het
------+-------------+------------------------------+--------------------------------------------------+----------+---------+--------
1     | 6           | [98, 99, 100, 101, 102, 103] | [0.0100, 0.3700, 0.0500, 0.1100, 0.1300, 0.3300] | 3.0691   | 0.6400  | 0.7299 
2     | 3           | [99, 100, 101]               | [0.0200, 0.3500, 0.6300]                         | 0.2779   | 0.5200  | 0.4850 
3     | 6           | [97, 98, 99, 100, 101, 102]  | [0.0100, 0.5800, 0.0400, 0.1400, 0.1600, 0.0700] | 2.0251   | 0.6400  | 0.6180 
4     | 4           | [98, 99, 100, 101]           | [0.1300, 0.1100, 0.7500, 0.0100]                 | 0.5104   | 0.4200  | 0.4125 
5     | 6           | [96, 97, 98, 99, 100, 101]   | [0.0300, 0.3900, 0.0600, 0.1300, 0.2600, 0.1300] | 2.5019   | 0.7600  | 0.7495 
6     | 4           | [99, 100, 101, 102]          | [0.0500, 0.1300, 0.6400, 0.1800]                 | 0.5075   | 0.4800  | 0.5440 
7     | 4           | [99, 100, 101, 102]          | [0.2000, 0.2900, 0.4300, 0.0800]                 | 0.7979   | 0.6600  | 0.6915 
8     | 4           | [98, 99, 100, 101]           | [0.0200, 0.2300, 0.3800, 0.3700]                 | 0.6700   | 0.7400  | 0.6721 
9     | 5           | [97, 98, 99, 100, 101]       | [0.0100, 0.1400, 0.5200, 0.2900, 0.0400]         | 0.5859   | 0.7600  | 0.6305 
10    | 4           | [100, 101, 102, 103]         | [0.1000, 0.5400, 0.3400, 0.0200]                 | 0.4416   | 0.6600  | 0.5883 
11    | 5           | [98, 99, 100, 101, 102]      | [0.0100, 0.0600, 0.4800, 0.4400, 0.0100]         | 0.4356   | 0.6000  | 0.5780 
12    | 5           | [99, 100, 101, 102, 103]     | [0.1100, 0.5600, 0.2600, 0.0100, 0.0600]         | 0.8275   | 0.6200  | 0.6091 
13    | 5           | [98, 99, 100, 101, 102]      | [0.2200, 0.2500, 0.3200, 0.1800, 0.0300]         | 1.2275   | 0.8400  | 0.7610 
14    | 6           | [97, 98, 99, 100, 101, 102]  | [0.0200, 0.2100, 0.4500, 0.0800, 0.2200, 0.0200] | 1.3211   | 0.7200  | 0.7048 
15    | 5           | [99, 100, 101, 102, 103]     | [0.0500, 0.4100, 0.1900, 0.2600, 0.0900]         | 1.2251   | 0.5800  | 0.7248 
16    | 4           | [99, 100, 101, 102]          | [0.1500, 0.5500, 0.2200, 0.0800]                 | 0.6371   | 0.5800  | 0.6265 
17    | 4           | [99, 100, 101, 102]          | [0.0300, 0.5900, 0.3200, 0.0600]                 | 0.4219   | 0.5800  | 0.5505 
18    | 5           | [97, 98, 99, 100, 101]       | [0.2300, 0.1100, 0.0900, 0.2700, 0.3000]         | 2.4100   | 0.7400  | 0.7717 
19    | 5           | [97, 98, 99, 100, 101]       | [0.0100, 0.0600, 0.4400, 0.1600, 0.3300]         | 1.0324   | 0.6400  | 0.6750 
20    | 4           | [99, 100, 101, 102]          | [0.4900, 0.1100, 0.3800, 0.0200]                 | 0.9451   | 0.6400  | 0.6091 
21    | 6           | [97, 98, 99, 100, 101, 102]  | [0.0100, 0.4200, 0.0100, 0.2100, 0.3400, 0.0100] | 1.8896   | 0.7000  | 0.6703 

[Per-locus summary - Population 2]
Locus | Num_Alleles | Alleles                      | Frequencies                                      | Variance | Obs_Het | Exp_Het
------+-------------+------------------------------+--------------------------------------------------+----------+---------+--------
1     | 6           | [98, 99, 100, 101, 102, 103] | [0.0200, 0.3300, 0.0500, 0.1600, 0.2000, 0.2400] | 2.7019   | 0.8800  | 0.7727 
2     | 2           | [100, 101]                   | [0.4000, 0.6000]                                 | 0.2400   | 0.4000  | 0.4849 
3     | 5           | [98, 99, 100, 101, 102]      | [0.4400, 0.0400, 0.1300, 0.3800, 0.0100]         | 1.9496   | 0.6800  | 0.6499 
4     | 4           | [98, 99, 100, 101]           | [0.1100, 0.0500, 0.8300, 0.0100]                 | 0.4324   | 0.3200  | 0.2994 
5     | 6           | [96, 97, 98, 99, 100, 101]   | [0.0100, 0.4700, 0.1000, 0.1200, 0.2200, 0.0800] | 2.1339   | 0.7200  | 0.7069 
6     | 4           | [99, 100, 101, 102]          | [0.0500, 0.1700, 0.5200, 0.2600]                 | 0.6299   | 0.6200  | 0.6370 
7     | 4           | [99, 100, 101, 102]          | [0.1700, 0.3700, 0.4100, 0.0500]                 | 0.6644   | 0.7600  | 0.6703 
8     | 4           | [98, 99, 100, 101]           | [0.0800, 0.3800, 0.2700, 0.2700]                 | 0.8971   | 0.6800  | 0.7105 
9     | 5           | [97, 98, 99, 100, 101]       | [0.0300, 0.1600, 0.4900, 0.2600, 0.0600]         | 0.7544   | 0.7000  | 0.6689 
10    | 4           | [100, 101, 102, 103]         | [0.0200, 0.5300, 0.3700, 0.0800]                 | 0.4499   | 0.6400  | 0.5812 
11    | 5           | [99, 100, 101, 102, 103]     | [0.0700, 0.4400, 0.3800, 0.1000, 0.0100]         | 0.6484   | 0.6800  | 0.6535 
12    | 5           | [99, 100, 101, 102, 103]     | [0.1000, 0.5800, 0.2500, 0.0200, 0.0500]         | 0.7644   | 0.5800  | 0.5941 
13    | 4           | [98, 99, 100, 101]           | [0.1400, 0.3800, 0.3000, 0.1800]                 | 0.8896   | 0.6600  | 0.7208 
14    | 6           | [97, 98, 99, 100, 101, 102]  | [0.0700, 0.2300, 0.4200, 0.0800, 0.1900, 0.0100] | 1.4256   | 0.7600  | 0.7305 
15    | 5           | [99, 100, 101, 102, 103]     | [0.0600, 0.4200, 0.2300, 0.2700, 0.0200]         | 0.9571   | 0.7000  | 0.7008 
16    | 3           | [99, 100, 101]               | [0.0900, 0.5900, 0.3200]                         | 0.3571   | 0.6200  | 0.5469 
17    | 4           | [99, 100, 101, 102]          | [0.0200, 0.6800, 0.2800, 0.0200]                 | 0.2900   | 0.5200  | 0.4630 
18    | 5           | [97, 98, 99, 100, 101]       | [0.3600, 0.1100, 0.1100, 0.2200, 0.2000]         | 2.5259   | 0.8200  | 0.7654 
19    | 6           | [97, 98, 99, 100, 101, 102]  | [0.0100, 0.0600, 0.3600, 0.0800, 0.4700, 0.0200] | 1.2400   | 0.6600  | 0.6454 
20    | 5           | [98, 99, 100, 101, 102]      | [0.0100, 0.4500, 0.1200, 0.3800, 0.0400]         | 1.0299   | 0.6600  | 0.6434 
21    | 4           | [98, 99, 100, 101]           | [0.4900, 0.0400, 0.1800, 0.2900]                 | 1.7571   | 0.7000  | 0.6483 
