
[Simulation Info]
simulation_id = sim_0003533
timestamp     = 20250428_084609
seed          = 607549
output_folder = /home/lejeunet/Bureau/simulations/Ref_table/sim_0003533

[Model Parameters]
pop_size           = 2857
num_loci           = 20
sample1_generation = 30
sample2_generation = 10
low_repeats        = 1
high_repeats       = 200
mutation_rate      = 0.001
recap_Ne           = 2857

[Sampling Design]
sample1_size_Ne  = 50
sample2_size_Ne  = 50
sample1_size_CMR = 50
sample2_size_CMR = 50

[Capture-Marquage-Recapture]
census_N   =  2601
MatchCount =  1

[Ne Estimates - One Sample - Decreasing critical values [0.050, 0.020, 0.010, 0+]]

[Linkage Desequilibrium]
LD_Ne_Pop1 = [None, 11273.2, None, None]
LD_r2_Pop1 = [0.020873, 0.021306, 0.021255, 0.021255]
LD_Ne_Pop2 = [318.2, 497.4, 592.9, 592.9]
LD_r2_Pop2 = [0.022317, 0.021943, 0.021836, 0.021836]

[Heterozygote excess]
HE_Neb_mean_Pop1        = [20.4, 26.7, 28.1, 28.1]
HE_weighted_D_mean_Pop1 = [0.02505, 0.01908, 0.01812, 0.01812]
HE_Neb_mean_Pop2        = [None, 7788.4, None, None]
HE_weighted_D_mean_Pop2 = [-0.00068, 6e-05, -0.00027, -0.00027]

[Molecular Coancestry]
Coan_Neb_n_Pop1 = 54.2
Coan_f1_Pop1    = 0.00923
Coan_Neb_n_Pop2 = 20.0
Coan_f1_Pop2    = 0.02497

[Ne Estimates - Temporal - Decreasing critical values (0.050, 0.020, 0.010, 0+)]

[Pollak]
P_Ne     = [5074.1, 3174.6, 6496.7, 4890.0]
P_Fk     = [0.02099, 0.02158, 0.02077, 0.02102]
P_Fprime = [0.00099, 0.00158, 0.00077, 0.00102]

[Nei/Tajima]
N_Ne     = [10004.4, 4549.1, 11870.1, 7684.5]
N_Fc     = [0.0205, 0.0211, 0.02042, 0.02065]
N_Fprime = [0.0005, 0.0011, 0.00042, 0.00065]

[Jorde/Ryman]
J_Ne     = [117572.5, 8642.8, 12400.7, 11694.3]
J_Fs     = [0.02014, 0.02068, 0.0205, 0.02053]
J_Fprime = [4e-05, 0.00058, 0.0004, 0.00043]

[Genetic Diversity - Heterozygosity]
mean_exp_het_pop1 = 0.7812
mean_obs_het_pop1 = 0.8048
mean_exp_het_pop2 = 0.7741
mean_obs_het_pop2 = 0.7752

[Genetic Diversity - Allele Counts]
mean_alleles_pop1 = 7.43
var_alleles_pop1  = 1.96
sum_alleles_pop1  = 156
mean_alleles_pop2 = 7.74
var_alleles_pop2  = 2.59
sum_alleles_pop2  = 325

[Genetic Diversity - Allelic Size Variance]
var_allele_size_pop1 = 3.3448
var_allele_size_pop2 = 3.5324

[Per-locus summary - Population 1]
Locus | Num_Alleles | Alleles                                        | Frequencies                                                                      | Variance | Obs_Het | Exp_Het
------+-------------+------------------------------------------------+----------------------------------------------------------------------------------+----------+---------+--------
1     | 10          | [94, 95, 98, 99, 100, 101, 102, 103, 104, 105] | [0.0100, 0.0200, 0.0500, 0.2800, 0.0100, 0.0300, 0.1800, 0.3700, 0.0400, 0.0100] | 4.9411   | 0.8400  | 0.7541 
2     | 7           | [96, 97, 99, 100, 101, 102, 103]               | [0.0100, 0.0500, 0.0800, 0.2500, 0.4600, 0.1400, 0.0100]                         | 1.5500   | 0.6400  | 0.7042 
3     | 5           | [98, 99, 100, 101, 102]                        | [0.1000, 0.4900, 0.2900, 0.0800, 0.0400]                                         | 0.8491   | 0.7200  | 0.6644 
4     | 9           | [94, 95, 96, 97, 98, 99, 100, 103, 104]        | [0.0400, 0.1400, 0.2900, 0.1200, 0.0400, 0.2400, 0.0400, 0.0700, 0.0200]         | 5.8099   | 0.8400  | 0.8224 
5     | 7           | [97, 98, 99, 100, 101, 102, 103]               | [0.1400, 0.1500, 0.2800, 0.1800, 0.0100, 0.2200, 0.0200]                         | 2.9699   | 0.8400  | 0.8063 
6     | 6           | [98, 99, 100, 101, 102, 103]                   | [0.0700, 0.2200, 0.2100, 0.2700, 0.1100, 0.1200]                                 | 2.0499   | 0.8600  | 0.8113 
7     | 9           | [96, 97, 98, 99, 100, 101, 103, 104, 105]      | [0.0400, 0.2300, 0.3300, 0.1300, 0.0200, 0.0200, 0.0100, 0.1700, 0.0500]         | 7.8044   | 0.7400  | 0.7954 
8     | 7           | [96, 97, 98, 99, 100, 101, 102]                | [0.0400, 0.2100, 0.2800, 0.1400, 0.0500, 0.2100, 0.0700]                         | 2.9804   | 0.8800  | 0.8129 
9     | 8           | [92, 93, 94, 95, 96, 98, 99, 100]              | [0.0100, 0.1800, 0.2800, 0.1600, 0.2000, 0.0100, 0.1500, 0.0100]                 | 3.9859   | 0.8400  | 0.8089 
10    | 7           | [96, 97, 98, 99, 100, 101, 102]                | [0.0200, 0.2200, 0.3000, 0.1500, 0.1500, 0.1100, 0.0500]                         | 2.3216   | 0.8200  | 0.8097 
11    | 7           | [100, 101, 102, 103, 104, 105, 106]            | [0.0400, 0.1800, 0.0900, 0.2300, 0.1200, 0.2500, 0.0900]                         | 2.9976   | 0.7400  | 0.8283 
12    | 8           | [97, 98, 99, 100, 101, 102, 104, 105]          | [0.0400, 0.2400, 0.0600, 0.3400, 0.2200, 0.0500, 0.0100, 0.0400]                 | 2.9500   | 0.8000  | 0.7768 
13    | 9           | [95, 96, 97, 99, 100, 101, 102, 103, 104]      | [0.0400, 0.2100, 0.0300, 0.0700, 0.1400, 0.2400, 0.2000, 0.0500, 0.0200]         | 6.4011   | 0.9000  | 0.8368 
14    | 8           | [98, 99, 100, 101, 102, 103, 104, 105]         | [0.0400, 0.0300, 0.0900, 0.2400, 0.3400, 0.0600, 0.1800, 0.0200]                 | 2.4339   | 0.8200  | 0.7877 
15    | 6           | [98, 99, 100, 101, 102, 103]                   | [0.0500, 0.3000, 0.4700, 0.0500, 0.1000, 0.0300]                                 | 1.2164   | 0.7800  | 0.6800 
16    | 6           | [97, 98, 99, 100, 101, 102]                    | [0.0200, 0.1900, 0.2900, 0.2300, 0.2600, 0.0100]                                 | 1.3275   | 0.8200  | 0.7665 
17    | 7           | [96, 97, 98, 99, 100, 101, 102]                | [0.0400, 0.1500, 0.3800, 0.1600, 0.0100, 0.2200, 0.0400]                         | 2.5371   | 0.8200  | 0.7634 
18    | 5           | [99, 100, 101, 102, 103]                       | [0.1900, 0.2000, 0.4200, 0.1700, 0.0200]                                         | 1.0731   | 0.6200  | 0.7255 
19    | 9           | [97, 98, 99, 100, 101, 102, 103, 104, 105]     | [0.0100, 0.1300, 0.2600, 0.1800, 0.1900, 0.0600, 0.1000, 0.0500, 0.0200]         | 3.3704   | 0.8600  | 0.8388 
20    | 9           | [95, 98, 99, 100, 101, 102, 103, 104, 105]     | [0.0200, 0.0100, 0.2100, 0.0800, 0.0800, 0.0200, 0.1800, 0.2900, 0.1100]         | 5.7584   | 0.8600  | 0.8218 
21    | 7           | [95, 96, 99, 100, 101, 102, 103]               | [0.0200, 0.1900, 0.0300, 0.2700, 0.2500, 0.2100, 0.0300]                         | 4.9131   | 0.8600  | 0.7901 

[Per-locus summary - Population 2]
Locus | Num_Alleles | Alleles                                        | Frequencies                                                                      | Variance | Obs_Het | Exp_Het
------+-------------+------------------------------------------------+----------------------------------------------------------------------------------+----------+---------+--------
1     | 10          | [94, 95, 98, 99, 101, 102, 103, 104, 105, 106] | [0.0800, 0.0100, 0.0100, 0.1800, 0.0300, 0.1300, 0.4900, 0.0500, 0.0100, 0.0100] | 7.9244   | 0.7800  | 0.7075 
2     | 6           | [96, 97, 99, 100, 101, 102]                    | [0.0100, 0.0700, 0.0600, 0.2900, 0.4900, 0.0800]                                 | 1.5444   | 0.6600  | 0.6675 
3     | 5           | [98, 99, 100, 101, 102]                        | [0.0400, 0.5400, 0.2600, 0.1500, 0.0100]                                         | 0.6875   | 0.5600  | 0.6228 
4     | 9           | [94, 95, 96, 97, 98, 99, 100, 103, 104]        | [0.0800, 0.1500, 0.1600, 0.1200, 0.0500, 0.3300, 0.0400, 0.0600, 0.0100]         | 5.5464   | 0.8800  | 0.8226 
5     | 7           | [96, 97, 98, 99, 100, 102, 103]                | [0.0100, 0.1200, 0.0900, 0.3500, 0.1600, 0.1900, 0.0800]                         | 3.3339   | 0.7200  | 0.7947 
6     | 8           | [96, 98, 99, 100, 101, 102, 103, 104]          | [0.0300, 0.1400, 0.1900, 0.2200, 0.1400, 0.1100, 0.1400, 0.0300]                 | 3.4539   | 0.8200  | 0.8513 
7     | 10          | [96, 97, 98, 99, 100, 101, 102, 103, 104, 105] | [0.0100, 0.2500, 0.2500, 0.1300, 0.0300, 0.0200, 0.0100, 0.0400, 0.2400, 0.0200] | 8.2600   | 0.7600  | 0.8051 
8     | 7           | [96, 97, 98, 99, 100, 101, 102]                | [0.0200, 0.1300, 0.2400, 0.1900, 0.0800, 0.2700, 0.0700]                         | 2.6571   | 0.8800  | 0.8129 
9     | 8           | [92, 93, 94, 95, 96, 97, 98, 99]               | [0.0300, 0.2300, 0.2000, 0.1300, 0.1400, 0.0400, 0.0200, 0.2100]                 | 5.0931   | 0.7400  | 0.8319 
10    | 7           | [96, 97, 98, 99, 100, 101, 102]                | [0.0200, 0.1400, 0.2500, 0.2600, 0.2000, 0.1000, 0.0300]                         | 1.8500   | 0.7600  | 0.8071 
11    | 9           | [99, 100, 101, 102, 103, 104, 105, 106, 107]   | [0.0100, 0.0500, 0.1900, 0.0900, 0.1600, 0.2000, 0.1300, 0.1600, 0.0100]         | 3.6776   | 0.9200  | 0.8535 
12    | 9           | [97, 98, 99, 100, 101, 102, 104, 105, 106]     | [0.0400, 0.1900, 0.0600, 0.3800, 0.2200, 0.0600, 0.0100, 0.0200, 0.0200]         | 3.0184   | 0.7800  | 0.7691 
13    | 8           | [95, 96, 97, 99, 100, 101, 102, 103]           | [0.0200, 0.2300, 0.0500, 0.0600, 0.2300, 0.1900, 0.1000, 0.1200]                 | 6.1296   | 0.9000  | 0.8356 
14    | 7           | [99, 100, 101, 102, 103, 104, 105]             | [0.0500, 0.0600, 0.2100, 0.3900, 0.0200, 0.2300, 0.0400]                         | 2.1856   | 0.7800  | 0.7503 
15    | 6           | [98, 99, 100, 101, 102, 103]                   | [0.0300, 0.2700, 0.4800, 0.0900, 0.1100, 0.0200]                                 | 1.0984   | 0.7000  | 0.6820 
16    | 6           | [97, 98, 99, 100, 101, 102]                    | [0.0300, 0.1500, 0.2800, 0.2500, 0.2800, 0.0100]                                 | 1.3331   | 0.8000  | 0.7649 
17    | 8           | [96, 97, 98, 99, 100, 101, 102, 103]           | [0.0200, 0.1600, 0.3400, 0.2000, 0.0100, 0.2400, 0.0200, 0.0100]                 | 2.4531   | 0.7800  | 0.7679 
18    | 5           | [99, 100, 101, 102, 103]                       | [0.0900, 0.1800, 0.4800, 0.2200, 0.0300]                                         | 0.8736   | 0.6200  | 0.6867 
19    | 9           | [97, 98, 99, 100, 101, 102, 103, 104, 105]     | [0.0400, 0.1400, 0.2900, 0.1700, 0.1100, 0.0800, 0.1000, 0.0600, 0.0100]         | 3.7211   | 0.8400  | 0.8420 
20    | 9           | [95, 99, 100, 101, 102, 103, 104, 105, 106]    | [0.0100, 0.1500, 0.0300, 0.1000, 0.0400, 0.2000, 0.2500, 0.2100, 0.0100]         | 4.8339   | 0.8400  | 0.8265 
21    | 5           | [96, 99, 100, 101, 102]                        | [0.2100, 0.0200, 0.2300, 0.3400, 0.2000]                                         | 4.5056   | 0.7600  | 0.7546 
