
[Simulation Info]
simulation_id = sim_0009011
timestamp     = 20250428_110807
seed          = 829372
output_folder = /home/lejeunet/Bureau/simulations/Ref_table/sim_0009011

[Model Parameters]
pop_size           = 7973
num_loci           = 20
sample1_generation = 30
sample2_generation = 10
low_repeats        = 1
high_repeats       = 200
mutation_rate      = 0.001
recap_Ne           = 7973

[Sampling Design]
sample1_size_Ne  = 50
sample2_size_Ne  = 50
sample1_size_CMR = 50
sample2_size_CMR = 50

[Capture-Marquage-Recapture]
census_N   =  0
MatchCount =  0
# There were no match between sampling of individuals during CMR.

[Ne Estimates - One Sample - Decreasing critical values [0.050, 0.020, 0.010, 0+]]

[Linkage Desequilibrium]
LD_Ne_Pop1 = [2227.4, 2260.9, None, None]
LD_r2_Pop1 = [0.021426, 0.021423, 0.021177, 0.021177]
LD_Ne_Pop2 = [1192.1, 749.5, 3154.9, 3154.9]
LD_r2_Pop2 = [0.021555, 0.02172, 0.021382, 0.021382]

[Heterozygote excess]
HE_Neb_mean_Pop1        = [42.0, 63.5, 71.2, 71.2]
HE_weighted_D_mean_Pop1 = [0.01205, 0.00794, 0.00707, 0.00707]
HE_Neb_mean_Pop2        = [103.6, 109.9, 126.6, 126.6]
HE_weighted_D_mean_Pop2 = [0.00485, 0.00457, 0.00396, 0.00396]

[Molecular Coancestry]
Coan_Neb_n_Pop1 = 148.5
Coan_f1_Pop1    = 0.00337
Coan_Neb_n_Pop2 = 45.6
Coan_f1_Pop2    = 0.01096

[Ne Estimates - Temporal - Decreasing critical values (0.050, 0.020, 0.010, 0+)]

[Pollak]
P_Ne     = [-30223.8, 30045.8, -58393.2, 20182.1]
P_Fk     = [0.01983, 0.02017, 0.01991, 0.02025]
P_Fprime = [-0.00017, 0.00017, -9e-05, 0.00025]

[Nei/Tajima]
N_Ne     = [-9939.7, -35578.0, -13902.1, -102407.9]
N_Fc     = [0.0195, 0.01986, 0.01964, 0.01995]
N_Fprime = [-0.0005, -0.00014, -0.00036, -5e-05]

[Jorde/Ryman]
J_Ne     = [-13192.8, 25523.9, 27964.6, 22461.0]
J_Fs     = [0.01972, 0.0203, 0.02028, 0.02032]
J_Fprime = [-0.00038, 0.0002, 0.00018, 0.00022]

[Genetic Diversity - Heterozygosity]
mean_exp_het_pop1 = 0.8699
mean_obs_het_pop1 = 0.8771
mean_exp_het_pop2 = 0.8688
mean_obs_het_pop2 = 0.8695

[Genetic Diversity - Allele Counts]
mean_alleles_pop1 = 11.95
var_alleles_pop1  = 2.45
sum_alleles_pop1  = 251
mean_alleles_pop2 = 12.12
var_alleles_pop2  = 2.84
sum_alleles_pop2  = 509

[Genetic Diversity - Allelic Size Variance]
var_allele_size_pop1 = 6.8204
var_allele_size_pop2 = 7.4509

[Per-locus summary - Population 1]
Locus | Num_Alleles | Alleles                                                                 | Frequencies                                                                                                              | Variance | Obs_Het | Exp_Het
------+-------------+-------------------------------------------------------------------------+--------------------------------------------------------------------------------------------------------------------------+----------+---------+--------
1     | 13          | [93, 94, 95, 96, 97, 98, 99, 100, 101, 102, 103, 104, 105]              | [0.0200, 0.0100, 0.0600, 0.0800, 0.1300, 0.0500, 0.1600, 0.1500, 0.1500, 0.0700, 0.0400, 0.0700, 0.0100]                 | 7.2771   | 0.9400  | 0.8970 
2     | 10          | [95, 96, 97, 98, 99, 100, 101, 102, 103, 104]                           | [0.0200, 0.0800, 0.0400, 0.3300, 0.2700, 0.1300, 0.0900, 0.0200, 0.0100, 0.0100]                                         | 2.5371   | 0.8400  | 0.7921 
3     | 11          | [96, 97, 98, 99, 100, 101, 102, 103, 104, 106, 107]                     | [0.0100, 0.0400, 0.0300, 0.1000, 0.0500, 0.2000, 0.1800, 0.2700, 0.0700, 0.0200, 0.0300]                                 | 4.6444   | 0.8800  | 0.8418 
4     | 10          | [94, 96, 97, 98, 99, 100, 101, 102, 103, 104]                           | [0.0600, 0.0500, 0.1600, 0.2200, 0.1700, 0.0300, 0.0900, 0.1300, 0.0500, 0.0400]                                         | 6.1699   | 0.9400  | 0.8697 
5     | 12          | [94, 95, 96, 97, 98, 99, 100, 101, 102, 103, 104, 105]                  | [0.0100, 0.0100, 0.1300, 0.2100, 0.1900, 0.0800, 0.0900, 0.0800, 0.0300, 0.1400, 0.0200, 0.0100]                         | 6.3891   | 0.8800  | 0.8695 
6     | 13          | [96, 97, 98, 99, 100, 101, 102, 103, 104, 105, 106, 107, 108]           | [0.0100, 0.0500, 0.1100, 0.0500, 0.0400, 0.1800, 0.2400, 0.0700, 0.0800, 0.0700, 0.0500, 0.0200, 0.0300]                 | 7.5024   | 0.9000  | 0.8800 
7     | 10          | [97, 98, 99, 100, 101, 102, 103, 104, 105, 108]                         | [0.0400, 0.0800, 0.0200, 0.1000, 0.1900, 0.2700, 0.1600, 0.0900, 0.0300, 0.0200]                                         | 4.3836   | 0.8200  | 0.8461 
8     | 14          | [97, 98, 99, 100, 101, 102, 103, 104, 105, 106, 107, 108, 109, 110]     | [0.0200, 0.0700, 0.0200, 0.0500, 0.1500, 0.0800, 0.1000, 0.2300, 0.0900, 0.0600, 0.0500, 0.0200, 0.0500, 0.0100]         | 8.6076   | 0.9600  | 0.8917 
9     | 13          | [95, 96, 97, 98, 99, 100, 101, 102, 103, 104, 105, 106, 108]            | [0.0100, 0.0500, 0.1800, 0.0300, 0.0200, 0.0700, 0.0400, 0.2400, 0.1900, 0.0200, 0.0600, 0.0800, 0.0100]                 | 9.5144   | 0.8800  | 0.8616 
10    | 9           | [98, 99, 100, 101, 102, 103, 104, 105, 106]                             | [0.0100, 0.1000, 0.2700, 0.1900, 0.1900, 0.0900, 0.0800, 0.0500, 0.0200]                                                 | 3.1619   | 0.8400  | 0.8358 
11    | 11          | [95, 96, 97, 98, 99, 100, 101, 102, 103, 104, 105]                      | [0.0100, 0.0100, 0.0700, 0.1700, 0.0400, 0.3400, 0.1800, 0.0500, 0.0300, 0.0400, 0.0600]                                 | 4.5275   | 0.8200  | 0.8160 
12    | 12          | [92, 95, 96, 97, 98, 99, 100, 101, 102, 103, 104, 106]                  | [0.0100, 0.0500, 0.1200, 0.1200, 0.1100, 0.2300, 0.1100, 0.0400, 0.0700, 0.0900, 0.0400, 0.0100]                         | 6.7875   | 0.9000  | 0.8840 
13    | 15          | [96, 97, 98, 99, 100, 101, 102, 103, 104, 105, 106, 107, 109, 110, 111] | [0.0100, 0.1200, 0.0700, 0.0900, 0.0900, 0.0500, 0.1800, 0.1500, 0.0600, 0.0700, 0.0400, 0.0200, 0.0100, 0.0300, 0.0100] | 10.9900  | 0.9200  | 0.9044 
14    | 13          | [94, 95, 96, 97, 98, 99, 100, 101, 102, 103, 104, 105, 106]             | [0.0800, 0.0700, 0.0300, 0.1400, 0.0400, 0.1300, 0.1200, 0.0900, 0.0800, 0.0800, 0.0800, 0.0500, 0.0100]                 | 10.4684  | 0.9400  | 0.9145 
15    | 13          | [94, 95, 96, 97, 98, 99, 100, 101, 102, 103, 104, 105, 106]             | [0.0300, 0.0100, 0.0400, 0.1300, 0.2000, 0.1400, 0.1000, 0.2100, 0.0600, 0.0100, 0.0200, 0.0300, 0.0200]                 | 6.0379   | 0.8800  | 0.8701 
16    | 13          | [97, 98, 99, 100, 101, 102, 103, 104, 105, 106, 107, 108, 109]          | [0.0100, 0.0100, 0.0200, 0.0300, 0.1000, 0.1200, 0.1400, 0.1100, 0.0400, 0.1400, 0.0500, 0.1300, 0.1000]                 | 8.7684   | 0.8600  | 0.9008 
17    | 10          | [96, 97, 98, 99, 100, 101, 102, 103, 106, 107]                          | [0.0200, 0.1700, 0.1300, 0.0600, 0.2000, 0.1500, 0.0800, 0.0700, 0.0500, 0.0700]                                         | 8.6000   | 0.8400  | 0.8778 
18    | 12          | [91, 92, 93, 94, 95, 96, 97, 98, 99, 100, 101, 102]                     | [0.0200, 0.0200, 0.0400, 0.0300, 0.0200, 0.0900, 0.1700, 0.1300, 0.1600, 0.1400, 0.1400, 0.0400]                         | 6.5091   | 0.7800  | 0.8849 
19    | 13          | [94, 95, 96, 97, 98, 99, 100, 101, 102, 103, 104, 105, 106]             | [0.0300, 0.0500, 0.0500, 0.1300, 0.1000, 0.0800, 0.1000, 0.2900, 0.0700, 0.0400, 0.0200, 0.0300, 0.0100]                 | 6.9284   | 0.7800  | 0.8675 
20    | 11          | [96, 97, 98, 99, 100, 101, 102, 103, 104, 105, 106]                     | [0.0800, 0.0600, 0.1000, 0.0900, 0.1100, 0.2700, 0.0800, 0.0800, 0.0800, 0.0200, 0.0300]                                 | 6.2496   | 0.9200  | 0.8751 
21    | 13          | [90, 92, 93, 94, 95, 96, 97, 98, 99, 100, 101, 103, 104]                | [0.0100, 0.0500, 0.0800, 0.1600, 0.1900, 0.1000, 0.1600, 0.0700, 0.0800, 0.0500, 0.0100, 0.0200, 0.0200]                 | 7.1736   | 0.9000  | 0.8879 

[Per-locus summary - Population 2]
Locus | Num_Alleles | Alleles                                                             | Frequencies                                                                                                      | Variance | Obs_Het | Exp_Het
------+-------------+---------------------------------------------------------------------+------------------------------------------------------------------------------------------------------------------+----------+---------+--------
1     | 12          | [94, 95, 96, 97, 98, 99, 100, 101, 102, 103, 104, 105]              | [0.0200, 0.0700, 0.0700, 0.0900, 0.0800, 0.0700, 0.2300, 0.2100, 0.0400, 0.0600, 0.0500, 0.0100]                 | 6.4691   | 0.9600  | 0.8743 
2     | 10          | [95, 96, 97, 98, 99, 100, 101, 102, 104, 105]                       | [0.0300, 0.0800, 0.0500, 0.3400, 0.3200, 0.0900, 0.0500, 0.0200, 0.0100, 0.0100]                                 | 2.6264   | 0.7400  | 0.7687 
3     | 9           | [96, 97, 99, 100, 101, 102, 103, 104, 107]                          | [0.0300, 0.0700, 0.0900, 0.1100, 0.1400, 0.2500, 0.2800, 0.0200, 0.0100]                                         | 4.2059   | 0.8600  | 0.8212 
4     | 11          | [93, 94, 96, 97, 98, 99, 100, 101, 102, 103, 104]                   | [0.0600, 0.0300, 0.0400, 0.1900, 0.1900, 0.2100, 0.0400, 0.1100, 0.0500, 0.0400, 0.0400]                         | 6.6051   | 0.8000  | 0.8669 
5     | 11          | [95, 96, 97, 98, 99, 100, 101, 102, 103, 104, 105]                  | [0.0500, 0.0700, 0.1300, 0.1300, 0.0900, 0.2600, 0.0900, 0.0700, 0.0700, 0.0100, 0.0300]                         | 5.6504   | 0.8800  | 0.8729 
6     | 14          | [95, 96, 97, 98, 99, 100, 101, 102, 103, 104, 105, 106, 107, 108]   | [0.0200, 0.0100, 0.0700, 0.1000, 0.0100, 0.0800, 0.1200, 0.1900, 0.0100, 0.1300, 0.1000, 0.0800, 0.0400, 0.0400] | 10.3651  | 0.9000  | 0.9000 
7     | 10          | [97, 98, 99, 100, 101, 102, 103, 104, 105, 108]                     | [0.0200, 0.0800, 0.0300, 0.1400, 0.1900, 0.2400, 0.1600, 0.0600, 0.0500, 0.0300]                                 | 4.5931   | 0.7600  | 0.8549 
8     | 14          | [97, 98, 99, 100, 101, 102, 103, 104, 105, 106, 107, 108, 109, 110] | [0.0400, 0.0600, 0.0800, 0.0200, 0.1100, 0.0700, 0.0700, 0.1500, 0.1300, 0.0800, 0.0600, 0.0100, 0.1100, 0.0100] | 11.7484  | 0.9000  | 0.9135 
9     | 13          | [95, 96, 97, 99, 100, 101, 102, 103, 104, 105, 106, 107, 108]       | [0.0100, 0.0600, 0.1400, 0.0500, 0.0800, 0.1000, 0.2100, 0.1400, 0.0600, 0.0500, 0.0600, 0.0100, 0.0300]         | 9.7044   | 0.8400  | 0.8923 
10    | 8           | [98, 99, 100, 101, 102, 103, 104, 105]                              | [0.0300, 0.1600, 0.2100, 0.0700, 0.2400, 0.1100, 0.1300, 0.0500]                                                 | 3.5851   | 0.8200  | 0.8438 
11    | 11          | [96, 97, 98, 99, 100, 101, 102, 103, 104, 105, 106]                 | [0.0200, 0.0700, 0.1300, 0.1400, 0.3400, 0.1400, 0.0400, 0.0300, 0.0200, 0.0600, 0.0100]                         | 4.3564   | 0.8600  | 0.8246 
12    | 12          | [92, 93, 95, 96, 97, 98, 99, 100, 101, 102, 103, 104]               | [0.0500, 0.0100, 0.0600, 0.0800, 0.0600, 0.1500, 0.2200, 0.1400, 0.0300, 0.0300, 0.0900, 0.0800]                 | 8.8379   | 0.9000  | 0.8859 
13    | 13          | [96, 97, 98, 99, 100, 101, 102, 103, 104, 105, 106, 110, 111]       | [0.0400, 0.1800, 0.0400, 0.0700, 0.1200, 0.0600, 0.1200, 0.1000, 0.0800, 0.1200, 0.0400, 0.0200, 0.0100]         | 11.3716  | 0.9000  | 0.9032 
14    | 12          | [94, 95, 96, 97, 98, 99, 100, 101, 102, 103, 104, 105]              | [0.0300, 0.0400, 0.0400, 0.1700, 0.0800, 0.1600, 0.1200, 0.1100, 0.0800, 0.0300, 0.1000, 0.0400]                 | 7.8619   | 0.8800  | 0.8986 
15    | 11          | [94, 96, 97, 98, 99, 100, 101, 102, 103, 105, 106]                  | [0.0300, 0.0300, 0.2800, 0.1600, 0.1000, 0.0700, 0.2100, 0.0400, 0.0200, 0.0300, 0.0300]                         | 6.4256   | 0.8600  | 0.8398 
16    | 14          | [96, 97, 98, 99, 100, 101, 102, 103, 104, 105, 106, 107, 108, 109]  | [0.0500, 0.0600, 0.0100, 0.0200, 0.0100, 0.0500, 0.1100, 0.1000, 0.1300, 0.1200, 0.1500, 0.0100, 0.1300, 0.0500] | 12.2171  | 0.9200  | 0.9044 
17    | 11          | [96, 97, 98, 99, 100, 101, 102, 103, 106, 107, 108]                 | [0.0100, 0.1900, 0.1600, 0.1200, 0.1800, 0.0800, 0.0700, 0.0700, 0.0500, 0.0400, 0.0300]                         | 9.2600   | 0.8800  | 0.8790 
18    | 13          | [91, 92, 93, 94, 95, 96, 97, 98, 99, 100, 101, 102, 103]            | [0.0100, 0.0300, 0.0600, 0.0500, 0.0200, 0.0100, 0.1700, 0.1700, 0.1500, 0.0900, 0.1900, 0.0400, 0.0100]         | 7.3579   | 0.9600  | 0.8750 
19    | 13          | [94, 95, 96, 97, 98, 99, 100, 101, 102, 103, 104, 105, 106]         | [0.0200, 0.0600, 0.0600, 0.1300, 0.1600, 0.0700, 0.0200, 0.3200, 0.0500, 0.0700, 0.0100, 0.0200, 0.0100]         | 6.8579   | 0.7400  | 0.8426 
20    | 11          | [96, 97, 98, 99, 100, 101, 102, 103, 104, 105, 106]                 | [0.1000, 0.0600, 0.1900, 0.0400, 0.0600, 0.2000, 0.0800, 0.1000, 0.0800, 0.0600, 0.0300]                         | 8.0084   | 0.9800  | 0.8867 
21    | 14          | [91, 92, 93, 94, 95, 96, 97, 98, 99, 100, 101, 102, 103, 104]       | [0.0100, 0.0200, 0.0700, 0.1900, 0.1300, 0.0700, 0.1400, 0.0800, 0.1200, 0.0800, 0.0200, 0.0200, 0.0300, 0.0200] | 8.3616   | 0.9200  | 0.8968 
