
[Simulation Info]
simulation_id = sim_0011027
timestamp     = 20250429_085905
seed          = 948037
output_folder = /home/lejeunet/Bureau/simulations/Ref_table/sim_0011027

[Model Parameters]
pop_size           = 5233
num_loci           = 20
sample1_generation = 30
sample2_generation = 10
low_repeats        = 1
high_repeats       = 200
mutation_rate      = 0.001
recap_Ne           = 5233

[Sampling Design]
sample1_size_Ne  = 50
sample2_size_Ne  = 50
sample1_size_CMR = 50
sample2_size_CMR = 50

[Capture-Marquage-Recapture]
census_N   =  0
MatchCount =  0
# There were no match between sampling of individuals during CMR.

[Ne Estimates - One Sample - Decreasing critical values [0.050, 0.020, 0.010, 0+]]

[Linkage Desequilibrium]
LD_Ne_Pop1 = [None, None, None, None]
LD_r2_Pop1 = [0.020588, 0.020673, 0.020727, 0.020727]
LD_Ne_Pop2 = [3908.0, 3120.1, None, None]
LD_r2_Pop2 = [0.021361, 0.021383, 0.021146, 0.021146]

[Heterozygote excess]
HE_Neb_mean_Pop1        = [22.7, 27.2, 30.0, 30.0]
HE_weighted_D_mean_Pop1 = [0.02247, 0.01875, 0.01695, 0.01695]
HE_Neb_mean_Pop2        = [71.8, 87.3, 97.4, 97.4]
HE_weighted_D_mean_Pop2 = [0.00701, 0.00576, 0.00516, 0.00516]

[Molecular Coancestry]
Coan_Neb_n_Pop1 = None
Coan_f1_Pop1    = -0.00872
Coan_Neb_n_Pop2 = None
Coan_f1_Pop2    = -0.01093

[Ne Estimates - Temporal - Decreasing critical values (0.050, 0.020, 0.010, 0+)]

[Pollak]
P_Ne     = [-4022.4, -2405.5, -3663.4, -4981.9]
P_Fk     = [0.01876, 0.01792, 0.01864, 0.019]
P_Fprime = [-0.00124, -0.00208, -0.00136, -0.001]

[Nei/Tajima]
N_Ne     = [-3020.4, -2106.3, -2912.5, -3613.2]
N_Fc     = [0.01834, 0.01763, 0.01828, 0.01862]
N_Fprime = [-0.00166, -0.00237, -0.00172, -0.00138]

[Jorde/Ryman]
J_Ne     = [-2131.6, -1889.4, -2039.1, -2068.7]
J_Fs     = [0.01776, 0.01746, 0.01765, 0.01769]
J_Fprime = [-0.00235, -0.00265, -0.00245, -0.00242]

[Genetic Diversity - Heterozygosity]
mean_exp_het_pop1 = 0.8139
mean_obs_het_pop1 = 0.8324
mean_exp_het_pop2 = 0.8097
mean_obs_het_pop2 = 0.82

[Genetic Diversity - Allele Counts]
mean_alleles_pop1 = 9.24
var_alleles_pop1  = 2.29
sum_alleles_pop1  = 194
mean_alleles_pop2 = 9.45
var_alleles_pop2  = 2.64
sum_alleles_pop2  = 397

[Genetic Diversity - Allelic Size Variance]
var_allele_size_pop1 = 4.7403
var_allele_size_pop2 = 4.6223

[Per-locus summary - Population 1]
Locus | Num_Alleles | Alleles                                                    | Frequencies                                                                                      | Variance | Obs_Het | Exp_Het
------+-------------+------------------------------------------------------------+--------------------------------------------------------------------------------------------------+----------+---------+--------
1     | 9           | [97, 98, 100, 101, 102, 103, 104, 105, 106]                | [0.1100, 0.0300, 0.0900, 0.1200, 0.1900, 0.2200, 0.1400, 0.0900, 0.0100]                         | 5.4344   | 0.8200  | 0.8608 
2     | 9           | [94, 95, 96, 97, 98, 99, 100, 101, 104]                    | [0.0200, 0.1400, 0.0700, 0.2400, 0.2500, 0.2200, 0.0100, 0.0200, 0.0300]                         | 3.4600   | 0.8600  | 0.8133 
3     | 9           | [94, 97, 99, 100, 101, 102, 103, 104, 105]                 | [0.0100, 0.0300, 0.0300, 0.0600, 0.1400, 0.2300, 0.3000, 0.1900, 0.0100]                         | 3.1731   | 0.8200  | 0.8038 
4     | 9           | [93, 99, 101, 102, 103, 104, 105, 106, 107]                | [0.0300, 0.0200, 0.0500, 0.1900, 0.2700, 0.2600, 0.1000, 0.0300, 0.0500]                         | 5.4336   | 0.8200  | 0.8143 
5     | 9           | [92, 93, 94, 95, 96, 97, 98, 100, 102]                     | [0.0500, 0.0900, 0.3500, 0.0600, 0.0900, 0.2100, 0.0900, 0.0100, 0.0500]                         | 5.3500   | 0.8000  | 0.8085 
6     | 8           | [95, 96, 97, 98, 99, 100, 101, 102]                        | [0.1100, 0.1200, 0.2300, 0.2300, 0.1300, 0.1400, 0.0300, 0.0100]                                 | 2.7524   | 0.8200  | 0.8386 
7     | 10          | [96, 97, 98, 99, 100, 101, 102, 104, 105, 107]             | [0.1500, 0.3200, 0.1900, 0.1400, 0.0800, 0.0400, 0.0200, 0.0100, 0.0400, 0.0100]                 | 5.0939   | 0.8200  | 0.8174 
8     | 7           | [92, 93, 94, 95, 96, 97, 102]                              | [0.0300, 0.1400, 0.1700, 0.2900, 0.2400, 0.0800, 0.0500]                                         | 3.9659   | 0.8200  | 0.8081 
9     | 11          | [92, 93, 94, 95, 96, 97, 99, 100, 104, 107, 108]           | [0.0300, 0.1900, 0.1900, 0.1600, 0.2000, 0.0700, 0.0100, 0.0600, 0.0200, 0.0400, 0.0300]         | 14.6651  | 0.8800  | 0.8584 
10    | 8           | [100, 101, 102, 103, 104, 105, 106, 107]                   | [0.0400, 0.0300, 0.0500, 0.2500, 0.4500, 0.1100, 0.0500, 0.0200]                                 | 1.7411   | 0.7800  | 0.7222 
11    | 8           | [96, 97, 98, 99, 100, 101, 102, 105]                       | [0.0400, 0.1400, 0.2400, 0.2200, 0.1200, 0.1700, 0.0200, 0.0500]                                 | 3.9076   | 0.9000  | 0.8349 
12    | 8           | [97, 98, 99, 100, 101, 102, 103, 104]                      | [0.0100, 0.0300, 0.0900, 0.3500, 0.2200, 0.1500, 0.1000, 0.0500]                                 | 2.1144   | 0.7800  | 0.7929 
13    | 7           | [100, 101, 102, 103, 104, 105, 106]                        | [0.1100, 0.2800, 0.0800, 0.1500, 0.1600, 0.1600, 0.0600]                                         | 3.4339   | 0.8600  | 0.8341 
14    | 12          | [97, 98, 100, 101, 102, 103, 104, 105, 106, 107, 108, 109] | [0.0200, 0.0500, 0.0100, 0.0900, 0.0300, 0.0100, 0.0300, 0.1000, 0.1400, 0.3000, 0.2000, 0.0200] | 9.0904   | 0.8600  | 0.8354 
15    | 10          | [96, 97, 98, 99, 101, 102, 103, 104, 105, 106]             | [0.0100, 0.0600, 0.0100, 0.0100, 0.1200, 0.2300, 0.2000, 0.1400, 0.1900, 0.0300]                 | 4.7956   | 0.8400  | 0.8406 
16    | 12          | [92, 93, 94, 95, 96, 97, 98, 99, 100, 101, 102, 103]       | [0.0100, 0.0100, 0.0100, 0.0200, 0.0600, 0.2100, 0.3400, 0.0800, 0.0600, 0.0200, 0.1400, 0.0400] | 4.9096   | 0.8600  | 0.8125 
17    | 12          | [84, 85, 86, 87, 88, 89, 90, 91, 92, 93, 95, 99]           | [0.0100, 0.0500, 0.0500, 0.2000, 0.1700, 0.2100, 0.0300, 0.1100, 0.0700, 0.0800, 0.0100, 0.0100] | 6.2091   | 0.9000  | 0.8661 
18    | 8           | [93, 94, 95, 96, 97, 99, 100, 101]                         | [0.0600, 0.3000, 0.3300, 0.0900, 0.0800, 0.0200, 0.0900, 0.0300]                                 | 4.3084   | 0.8400  | 0.7814 
19    | 9           | [100, 101, 102, 103, 104, 105, 106, 107, 108]              | [0.0100, 0.0100, 0.0100, 0.0400, 0.1900, 0.2600, 0.4100, 0.0600, 0.0100]                         | 1.5611   | 0.7600  | 0.7299 
20    | 10          | [97, 98, 99, 100, 101, 102, 103, 104, 105, 106]            | [0.0500, 0.0500, 0.0500, 0.0700, 0.0600, 0.1000, 0.4200, 0.1200, 0.0700, 0.0100]                 | 4.5179   | 0.7600  | 0.7861 
21    | 9           | [97, 98, 99, 100, 101, 102, 103, 104, 105]                 | [0.0400, 0.0800, 0.0200, 0.1500, 0.1000, 0.2800, 0.2100, 0.1100, 0.0100]                         | 3.6296   | 0.8800  | 0.8327 

[Per-locus summary - Population 2]
Locus | Num_Alleles | Alleles                                               | Frequencies                                                                                              | Variance | Obs_Het | Exp_Het
------+-------------+-------------------------------------------------------+----------------------------------------------------------------------------------------------------------+----------+---------+--------
1     | 9           | [97, 98, 99, 100, 101, 102, 103, 104, 105]            | [0.1500, 0.0300, 0.0100, 0.1100, 0.1400, 0.1700, 0.2600, 0.1000, 0.0300]                                 | 5.3259   | 0.8200  | 0.8459 
2     | 9           | [93, 94, 95, 96, 97, 98, 99, 100, 104]                | [0.0200, 0.0600, 0.1500, 0.0500, 0.2300, 0.3000, 0.1300, 0.0400, 0.0200]                                 | 3.6259   | 0.8800  | 0.8174 
3     | 7           | [97, 99, 100, 101, 102, 103, 104]                     | [0.0600, 0.0400, 0.0900, 0.2500, 0.1500, 0.3300, 0.0800]                                                 | 2.9904   | 0.8800  | 0.7943 
4     | 9           | [93, 99, 101, 102, 103, 104, 105, 106, 107]           | [0.0200, 0.0100, 0.0500, 0.1300, 0.3200, 0.2700, 0.1300, 0.0400, 0.0300]                                 | 4.0300   | 0.8600  | 0.7933 
5     | 9           | [92, 93, 94, 95, 96, 97, 98, 99, 102]                 | [0.0500, 0.0900, 0.3600, 0.1100, 0.0900, 0.1700, 0.0900, 0.0100, 0.0300]                                 | 4.3124   | 0.8200  | 0.8097 
6     | 8           | [95, 96, 97, 98, 99, 100, 101, 102]                   | [0.1400, 0.1400, 0.2600, 0.2700, 0.0800, 0.0800, 0.0100, 0.0200]                                         | 2.5179   | 0.7600  | 0.8152 
7     | 11          | [94, 96, 97, 98, 99, 100, 101, 102, 103, 104, 105]    | [0.0200, 0.1500, 0.3000, 0.1400, 0.1600, 0.0500, 0.0400, 0.0600, 0.0100, 0.0100, 0.0600]                 | 6.2291   | 0.8600  | 0.8388 
8     | 7           | [93, 94, 95, 96, 97, 98, 102]                         | [0.1600, 0.1500, 0.3400, 0.2400, 0.0600, 0.0100, 0.0400]                                                 | 3.2800   | 0.7000  | 0.7812 
9     | 11          | [92, 93, 94, 95, 96, 97, 98, 99, 100, 104, 107]       | [0.0700, 0.1000, 0.2800, 0.1700, 0.1400, 0.0900, 0.0300, 0.0100, 0.0400, 0.0100, 0.0600]                 | 12.0971  | 0.8600  | 0.8523 
10    | 8           | [100, 101, 102, 103, 104, 105, 106, 107]              | [0.0100, 0.0100, 0.0800, 0.2400, 0.4000, 0.2200, 0.0300, 0.0100]                                         | 1.2144   | 0.8000  | 0.7337 
11    | 9           | [96, 97, 98, 99, 100, 101, 102, 103, 105]             | [0.0300, 0.0900, 0.2000, 0.3300, 0.1200, 0.1400, 0.0500, 0.0100, 0.0300]                                 | 3.1100   | 0.8600  | 0.8127 
12    | 7           | [98, 99, 100, 101, 102, 103, 104]                     | [0.0900, 0.0500, 0.2400, 0.2200, 0.2200, 0.1200, 0.0600]                                                 | 2.4891   | 0.8600  | 0.8253 
13    | 8           | [99, 100, 101, 102, 103, 104, 105, 106]               | [0.0100, 0.0900, 0.3000, 0.1200, 0.1500, 0.1800, 0.1100, 0.0400]                                         | 3.0099   | 0.7800  | 0.8271 
14    | 11          | [97, 98, 101, 102, 103, 104, 105, 106, 107, 108, 109] | [0.0100, 0.0600, 0.0400, 0.0300, 0.0200, 0.0300, 0.0600, 0.1800, 0.3100, 0.2400, 0.0200]                 | 7.8916   | 0.7600  | 0.8105 
15    | 9           | [97, 98, 99, 101, 102, 103, 104, 105, 106]            | [0.0800, 0.0200, 0.0300, 0.0900, 0.1200, 0.1500, 0.1800, 0.2800, 0.0500]                                 | 6.0779   | 0.8600  | 0.8424 
16    | 10          | [93, 94, 96, 97, 98, 99, 100, 101, 102, 103]          | [0.0300, 0.0100, 0.0600, 0.2400, 0.3400, 0.0700, 0.0100, 0.0800, 0.0900, 0.0700]                         | 5.1699   | 0.8200  | 0.8059 
17    | 13          | [85, 86, 87, 88, 89, 90, 91, 92, 93, 94, 95, 98, 99]  | [0.0800, 0.0400, 0.2900, 0.1900, 0.1800, 0.0200, 0.0500, 0.0500, 0.0500, 0.0100, 0.0100, 0.0200, 0.0100] | 7.5675   | 0.8600  | 0.8392 
18    | 9           | [92, 93, 94, 95, 96, 97, 99, 100, 101]                | [0.0100, 0.1300, 0.2900, 0.2600, 0.0600, 0.0100, 0.0200, 0.1500, 0.0700]                                 | 7.0275   | 0.8400  | 0.8079 
19    | 8           | [100, 101, 103, 104, 105, 106, 107, 108]              | [0.0200, 0.0200, 0.0900, 0.1200, 0.2400, 0.4600, 0.0200, 0.0300]                                         | 2.0979   | 0.7400  | 0.7133 
20    | 10          | [97, 98, 99, 100, 101, 102, 103, 104, 105, 106]       | [0.0100, 0.0400, 0.0400, 0.1200, 0.0800, 0.1800, 0.3700, 0.0700, 0.0600, 0.0300]                         | 3.4544   | 0.7800  | 0.8053 
21    | 9           | [97, 98, 99, 100, 101, 102, 103, 104, 105]            | [0.0500, 0.0300, 0.0700, 0.1400, 0.0900, 0.3000, 0.2000, 0.1000, 0.0200]                                 | 3.5499   | 0.8200  | 0.8319 
