
[Simulation Info]
simulation_id = sim_0004413
timestamp     = 20250428_090756
seed          = 498690
output_folder = /home/lejeunet/Bureau/simulations/Ref_table/sim_0004413

[Model Parameters]
pop_size           = 2749
num_loci           = 20
sample1_generation = 30
sample2_generation = 10
low_repeats        = 1
high_repeats       = 200
mutation_rate      = 0.001
recap_Ne           = 2749

[Sampling Design]
sample1_size_Ne  = 50
sample2_size_Ne  = 50
sample1_size_CMR = 50
sample2_size_CMR = 50

[Capture-Marquage-Recapture]
census_N   =  0
MatchCount =  0
# There were no match between sampling of individuals during CMR.

[Ne Estimates - One Sample - Decreasing critical values [0.050, 0.020, 0.010, 0+]]

[Linkage Desequilibrium]
LD_Ne_Pop1 = [4211.8, None, None, None]
LD_r2_Pop1 = [0.021355, 0.020926, 0.021061, 0.021061]
LD_Ne_Pop2 = [716.4, 572.2, 658.1, 658.1]
LD_r2_Pop2 = [0.02174, 0.021856, 0.021781, 0.021781]

[Heterozygote excess]
HE_Neb_mean_Pop1        = [58.5, 50.4, 53.7, 53.7]
HE_weighted_D_mean_Pop1 = [0.00863, 0.01001, 0.00939, 0.00939]
HE_Neb_mean_Pop2        = [98.5, 104.5, 110.4, 110.4]
HE_weighted_D_mean_Pop2 = [0.0051, 0.00481, 0.00455, 0.00455]

[Molecular Coancestry]
Coan_Neb_n_Pop1 = 28.8
Coan_f1_Pop1    = 0.01736
Coan_Neb_n_Pop2 = None
Coan_f1_Pop2    = -0.00412

[Ne Estimates - Temporal - Decreasing critical values (0.050, 0.020, 0.010, 0+)]

[Pollak]
P_Ne     = [2557.9, 5691.7, 13512.0, 10759.0]
P_Fk     = [0.02195, 0.02088, 0.02037, 0.02046]
P_Fprime = [0.00195, 0.00088, 0.00037, 0.00046]

[Nei/Tajima]
N_Ne     = [3284.9, 8449.7, 30130.3, 20017.2]
N_Fc     = [0.02152, 0.02059, 0.02017, 0.02025]
N_Fprime = [0.00152, 0.00059, 0.00017, 0.00025]

[Jorde/Ryman]
J_Ne     = [1857.9, 2154.5, 2156.1, 2144.2]
J_Fs     = [0.02279, 0.02242, 0.02242, 0.02243]
J_Fprime = [0.00269, 0.00232, 0.00232, 0.00233]

[Genetic Diversity - Heterozygosity]
mean_exp_het_pop1 = 0.7152
mean_obs_het_pop1 = 0.7229
mean_exp_het_pop2 = 0.7363
mean_obs_het_pop2 = 0.7305

[Genetic Diversity - Allele Counts]
mean_alleles_pop1 = 7.0
var_alleles_pop1  = 1.9
sum_alleles_pop1  = 147
mean_alleles_pop2 = 7.17
var_alleles_pop2  = 1.8
sum_alleles_pop2  = 301

[Genetic Diversity - Allelic Size Variance]
var_allele_size_pop1 = 2.3685
var_allele_size_pop2 = 2.5032

[Per-locus summary - Population 1]
Locus | Num_Alleles | Alleles                                    | Frequencies                                                              | Variance | Obs_Het | Exp_Het
------+-------------+--------------------------------------------+--------------------------------------------------------------------------+----------+---------+--------
1     | 5           | [101, 102, 103, 104, 105]                  | [0.0600, 0.3900, 0.1800, 0.3200, 0.0500]                                 | 1.1419   | 0.7400  | 0.7141 
2     | 5           | [98, 99, 100, 101, 102]                    | [0.0100, 0.1600, 0.1200, 0.6800, 0.0300]                                 | 0.6864   | 0.4600  | 0.5016 
3     | 6           | [99, 100, 101, 102, 103, 104]              | [0.0100, 0.2100, 0.2800, 0.1200, 0.3600, 0.0200]                         | 1.5411   | 0.8000  | 0.7404 
4     | 8           | [96, 97, 98, 99, 100, 101, 102, 103]       | [0.1000, 0.2600, 0.0100, 0.0100, 0.1300, 0.3000, 0.1300, 0.0600]         | 5.1291   | 0.8400  | 0.8028 
5     | 8           | [96, 97, 98, 99, 100, 101, 102, 104]       | [0.1200, 0.2600, 0.1700, 0.2300, 0.1200, 0.0600, 0.0100, 0.0300]         | 3.0931   | 0.7600  | 0.8255 
6     | 8           | [96, 97, 98, 99, 100, 101, 104, 105]       | [0.0300, 0.1400, 0.0400, 0.2400, 0.4400, 0.0700, 0.0100, 0.0300]         | 2.7600   | 0.6600  | 0.7281 
7     | 6           | [98, 99, 100, 101, 102, 103]               | [0.1500, 0.3800, 0.1000, 0.3000, 0.0600, 0.0100]                         | 1.5571   | 0.8000  | 0.7368 
8     | 6           | [97, 98, 99, 100, 101, 102]                | [0.2200, 0.3700, 0.1300, 0.2000, 0.0600, 0.0200]                         | 1.6851   | 0.8200  | 0.7614 
9     | 8           | [97, 98, 99, 100, 101, 102, 103, 104]      | [0.0700, 0.2200, 0.2800, 0.0500, 0.1100, 0.1100, 0.1300, 0.0300]         | 3.9819   | 0.8600  | 0.8321 
10    | 8           | [102, 103, 104, 105, 106, 107, 108, 109]   | [0.0300, 0.2500, 0.4700, 0.0100, 0.1100, 0.0300, 0.0400, 0.0600]         | 3.0091   | 0.6800  | 0.7044 
11    | 8           | [94, 95, 96, 97, 98, 99, 100, 101]         | [0.0600, 0.3400, 0.2600, 0.1200, 0.0800, 0.1200, 0.0100, 0.0100]         | 2.4371   | 0.8200  | 0.7857 
12    | 6           | [97, 98, 99, 100, 102, 103]                | [0.0100, 0.1200, 0.6400, 0.1900, 0.0300, 0.0100]                         | 0.7476   | 0.6200  | 0.5442 
13    | 7           | [98, 99, 100, 101, 102, 103, 104]          | [0.0900, 0.0500, 0.0300, 0.1900, 0.2300, 0.3200, 0.0900]                 | 2.8124   | 0.7800  | 0.7970 
14    | 9           | [97, 98, 99, 100, 101, 102, 103, 104, 105] | [0.0200, 0.1800, 0.0100, 0.0400, 0.1300, 0.0500, 0.4300, 0.1300, 0.0100] | 4.6844   | 0.8600  | 0.7517 
15    | 7           | [94, 95, 96, 97, 98, 99, 102]              | [0.0300, 0.0500, 0.2400, 0.5800, 0.0500, 0.0200, 0.0300]                 | 1.5539   | 0.5000  | 0.6048 
16    | 7           | [97, 98, 99, 100, 101, 104, 108]           | [0.0300, 0.3900, 0.2000, 0.3000, 0.0400, 0.0100, 0.0300]                 | 3.5875   | 0.7400  | 0.7216 
17    | 4           | [98, 99, 100, 101]                         | [0.1800, 0.5200, 0.2400, 0.0600]                                         | 0.6276   | 0.6200  | 0.6424 
18    | 6           | [98, 99, 100, 101, 102, 103]               | [0.0600, 0.1500, 0.4500, 0.2600, 0.0300, 0.0500]                         | 1.1800   | 0.7200  | 0.7075 
19    | 9           | [95, 96, 97, 98, 99, 100, 101, 102, 104]   | [0.0100, 0.0100, 0.0200, 0.5500, 0.1700, 0.1500, 0.0300, 0.0500, 0.0100] | 1.7875   | 0.7000  | 0.6485 
20    | 8           | [95, 96, 97, 98, 99, 100, 101, 102]        | [0.0200, 0.0500, 0.0900, 0.0600, 0.2100, 0.4600, 0.1000, 0.0100]         | 2.0916   | 0.6600  | 0.7269 
21    | 8           | [99, 100, 101, 102, 103, 104, 105, 106]    | [0.0400, 0.0400, 0.1100, 0.1300, 0.1700, 0.0100, 0.4500, 0.0500]         | 3.6451   | 0.7400  | 0.7412 

[Per-locus summary - Population 2]
Locus | Num_Alleles | Alleles                                       | Frequencies                                                                      | Variance | Obs_Het | Exp_Het
------+-------------+-----------------------------------------------+----------------------------------------------------------------------------------+----------+---------+--------
1     | 7           | [99, 101, 102, 103, 104, 105, 106]            | [0.0200, 0.0600, 0.4000, 0.1200, 0.3400, 0.0500, 0.0100]                         | 1.5731   | 0.7000  | 0.7105 
2     | 4           | [99, 100, 101, 102]                           | [0.1400, 0.1700, 0.6600, 0.0300]                                                 | 0.5836   | 0.6000  | 0.5202 
3     | 7           | [99, 100, 101, 102, 103, 104, 105]            | [0.0400, 0.1900, 0.3000, 0.0600, 0.3800, 0.0200, 0.0100]                         | 1.8475   | 0.7200  | 0.7311 
4     | 7           | [96, 97, 98, 100, 101, 102, 103]              | [0.1300, 0.1700, 0.0200, 0.2400, 0.3200, 0.0500, 0.0700]                         | 4.6464   | 0.7600  | 0.7943 
5     | 7           | [96, 97, 98, 99, 100, 101, 104]               | [0.1400, 0.3200, 0.1900, 0.1400, 0.0900, 0.0700, 0.0500]                         | 3.7571   | 0.8400  | 0.8149 
6     | 7           | [96, 97, 98, 99, 100, 101, 104]               | [0.0300, 0.1200, 0.0300, 0.2700, 0.4300, 0.0900, 0.0300]                         | 2.1600   | 0.7200  | 0.7242 
7     | 6           | [98, 99, 100, 101, 102, 103]                  | [0.1000, 0.3600, 0.1300, 0.2500, 0.1200, 0.0400]                                 | 1.8475   | 0.7200  | 0.7727 
8     | 7           | [95, 97, 98, 99, 100, 101, 102]               | [0.0100, 0.1500, 0.4400, 0.1600, 0.1600, 0.0700, 0.0100]                         | 1.5275   | 0.7800  | 0.7349 
9     | 8           | [97, 98, 99, 100, 101, 102, 103, 104]         | [0.0500, 0.3500, 0.2000, 0.0800, 0.1200, 0.0600, 0.1200, 0.0200]                 | 3.6731   | 0.7800  | 0.8038 
10    | 8           | [102, 103, 104, 105, 106, 107, 108, 109]      | [0.0800, 0.1700, 0.4400, 0.1000, 0.0700, 0.0200, 0.0600, 0.0600]                 | 3.2499   | 0.7200  | 0.7562 
11    | 8           | [94, 95, 96, 97, 98, 99, 100, 101]            | [0.1000, 0.3800, 0.0700, 0.0900, 0.1500, 0.1800, 0.0200, 0.0100]                 | 3.4296   | 0.7400  | 0.7851 
12    | 7           | [96, 97, 98, 99, 100, 101, 102]               | [0.0100, 0.0700, 0.1300, 0.6100, 0.1400, 0.0100, 0.0300]                         | 0.9475   | 0.5600  | 0.5913 
13    | 7           | [98, 99, 100, 101, 102, 103, 104]             | [0.1200, 0.0400, 0.0400, 0.1600, 0.1700, 0.3300, 0.1400]                         | 3.4371   | 0.8600  | 0.8075 
14    | 9           | [97, 98, 99, 100, 101, 102, 103, 104, 105]    | [0.0300, 0.1000, 0.0200, 0.0700, 0.1700, 0.0800, 0.4300, 0.0900, 0.0100]         | 3.7816   | 0.7600  | 0.7630 
15    | 7           | [94, 95, 96, 97, 98, 99, 102]                 | [0.0300, 0.0500, 0.2400, 0.5700, 0.0700, 0.0100, 0.0300]                         | 1.5339   | 0.7200  | 0.6143 
16    | 6           | [97, 98, 99, 100, 101, 108]                   | [0.0200, 0.3500, 0.2800, 0.2700, 0.0600, 0.0200]                                 | 2.5276   | 0.7600  | 0.7291 
17    | 4           | [98, 99, 100, 101]                            | [0.1800, 0.4800, 0.2700, 0.0700]                                                 | 0.6771   | 0.6000  | 0.6661 
18    | 6           | [98, 99, 100, 101, 102, 103]                  | [0.0900, 0.2600, 0.3400, 0.2600, 0.0100, 0.0400]                                 | 1.2784   | 0.7800  | 0.7469 
19    | 10          | [95, 96, 97, 98, 99, 100, 101, 102, 103, 104] | [0.0100, 0.0100, 0.0200, 0.3400, 0.1900, 0.1400, 0.0400, 0.1700, 0.0500, 0.0300] | 3.6531   | 0.8000  | 0.8022 
20    | 7           | [96, 97, 98, 99, 100, 101, 102]               | [0.1000, 0.1500, 0.0900, 0.1900, 0.3300, 0.1100, 0.0300]                         | 2.6275   | 0.7000  | 0.8095 
21    | 8           | [99, 100, 101, 102, 103, 104, 105, 106]       | [0.0500, 0.0400, 0.0900, 0.1800, 0.1400, 0.0400, 0.3900, 0.0700]                 | 3.8075   | 0.7200  | 0.7851 
