
[Simulation Info]
simulation_id = sim_0010687
timestamp     = 20250429_084907
seed          = 986339
output_folder = /home/lejeunet/Bureau/simulations/Ref_table/sim_0010687

[Model Parameters]
pop_size           = 9783
num_loci           = 20
sample1_generation = 30
sample2_generation = 10
low_repeats        = 1
high_repeats       = 200
mutation_rate      = 0.001
recap_Ne           = 9783

[Sampling Design]
sample1_size_Ne  = 50
sample2_size_Ne  = 50
sample1_size_CMR = 50
sample2_size_CMR = 50

[Capture-Marquage-Recapture]
census_N   =  0
MatchCount =  0
# There were no match between sampling of individuals during CMR.

[Ne Estimates - One Sample - Decreasing critical values [0.050, 0.020, 0.010, 0+]]

[Linkage Desequilibrium]
LD_Ne_Pop1 = [None, None, None, None]
LD_r2_Pop1 = [0.020969, 0.021213, 0.021091, 0.021091]
LD_Ne_Pop2 = [None, 4302.1, 15663.9, 15663.9]
LD_r2_Pop2 = [0.021026, 0.021353, 0.021297, 0.021297]

[Heterozygote excess]
HE_Neb_mean_Pop1        = [128.3, None, None, None]
HE_weighted_D_mean_Pop1 = [0.00391, -0.00575, -0.00502, -0.00502]
HE_Neb_mean_Pop2        = [91.5, 299.7, 606.0, 606.0]
HE_weighted_D_mean_Pop2 = [0.00549, 0.00167, 0.00083, 0.00083]

[Molecular Coancestry]
Coan_Neb_n_Pop1 = None
Coan_f1_Pop1    = -0.0073
Coan_Neb_n_Pop2 = None
Coan_f1_Pop2    = -0.00638

[Ne Estimates - Temporal - Decreasing critical values (0.050, 0.020, 0.010, 0+)]

[Pollak]
P_Ne     = [12217.9, -40098.9, 15916.0, 21539.0]
P_Fk     = [0.02041, 0.01988, 0.02031, 0.02023]
P_Fprime = [0.00041, -0.00012, 0.00031, 0.00023]

[Nei/Tajima]
N_Ne     = [46938.4, -11972.3, 663811.4, -85085.3]
N_Fc     = [0.02011, 0.01958, 0.02001, 0.01994]
N_Fprime = [0.00011, -0.00042, 1e-05, -6e-05]

[Jorde/Ryman]
J_Ne     = [24003.2, -18434.3, -35517.5, -35328.1]
J_Fs     = [0.02031, 0.01983, 0.01996, 0.01996]
J_Fprime = [0.00021, -0.00027, -0.00014, -0.00014]

[Genetic Diversity - Heterozygosity]
mean_exp_het_pop1 = 0.8933
mean_obs_het_pop1 = 0.8924
mean_exp_het_pop2 = 0.885
mean_obs_het_pop2 = 0.8943

[Genetic Diversity - Allele Counts]
mean_alleles_pop1 = 13.81
var_alleles_pop1  = 6.46
sum_alleles_pop1  = 290
mean_alleles_pop2 = 13.98
var_alleles_pop2  = 7.49
sum_alleles_pop2  = 587

[Genetic Diversity - Allelic Size Variance]
var_allele_size_pop1 = 13.8138
var_allele_size_pop2 = 13.3147

[Per-locus summary - Population 1]
Locus | Num_Alleles | Alleles                                                                              | Frequencies                                                                                                                                      | Variance | Obs_Het | Exp_Het
------+-------------+--------------------------------------------------------------------------------------+--------------------------------------------------------------------------------------------------------------------------------------------------+----------+---------+--------
1     | 17          | [87, 88, 91, 92, 93, 94, 97, 98, 100, 101, 102, 103, 104, 105, 106, 107, 108]        | [0.0100, 0.0100, 0.0100, 0.0100, 0.0400, 0.0300, 0.0100, 0.0400, 0.0100, 0.1100, 0.2000, 0.2100, 0.1200, 0.0300, 0.1100, 0.0400, 0.0100]         | 16.6600  | 0.8600  | 0.8788 
2     | 18          | [88, 90, 91, 92, 93, 94, 95, 96, 97, 98, 99, 100, 101, 102, 103, 105, 107, 109]      | [0.0100, 0.0200, 0.0700, 0.0800, 0.1200, 0.1100, 0.0700, 0.0200, 0.0900, 0.0300, 0.0600, 0.0200, 0.0100, 0.1300, 0.0500, 0.0500, 0.0100, 0.0500] | 26.5016  | 0.9800  | 0.9281 
3     | 11          | [96, 97, 98, 99, 100, 101, 102, 103, 104, 105, 106]                                  | [0.0300, 0.1300, 0.0400, 0.0500, 0.0900, 0.1200, 0.1600, 0.2200, 0.1100, 0.0400, 0.0100]                                                         | 6.3744   | 0.8600  | 0.8766 
4     | 13          | [96, 97, 98, 99, 100, 101, 102, 103, 104, 105, 106, 107, 108]                        | [0.0500, 0.0200, 0.0200, 0.0600, 0.1500, 0.2200, 0.1300, 0.0700, 0.0600, 0.0900, 0.0600, 0.0400, 0.0300]                                         | 8.1300   | 0.9200  | 0.8915 
5     | 13          | [98, 99, 100, 101, 102, 103, 104, 105, 108, 109, 110, 111, 112]                      | [0.0300, 0.0400, 0.0600, 0.1200, 0.0600, 0.1700, 0.1300, 0.0300, 0.0300, 0.0900, 0.1200, 0.0700, 0.0500]                                         | 17.3564  | 0.9000  | 0.9075 
6     | 13          | [89, 90, 91, 93, 94, 95, 96, 97, 98, 99, 100, 101, 102]                              | [0.0100, 0.0200, 0.0200, 0.0600, 0.1000, 0.1300, 0.1300, 0.0900, 0.0800, 0.0900, 0.0900, 0.1500, 0.0300]                                         | 9.2499   | 0.9400  | 0.9067 
7     | 14          | [94, 95, 96, 97, 98, 99, 100, 102, 103, 104, 105, 106, 107, 108]                     | [0.0100, 0.1300, 0.0700, 0.1000, 0.0600, 0.0100, 0.0500, 0.0800, 0.0600, 0.1200, 0.0800, 0.1600, 0.0600, 0.0100]                                 | 18.4124  | 0.8600  | 0.9109 
8     | 13          | [91, 92, 93, 94, 95, 96, 97, 98, 99, 101, 102, 103, 104]                             | [0.0500, 0.0700, 0.0400, 0.0900, 0.1800, 0.0700, 0.0600, 0.1400, 0.0600, 0.0400, 0.0900, 0.0600, 0.0500]                                         | 13.6651  | 0.9000  | 0.9121 
9     | 11          | [99, 100, 101, 102, 103, 104, 105, 106, 107, 108, 109]                               | [0.0400, 0.0700, 0.0700, 0.1700, 0.0800, 0.1300, 0.2600, 0.1100, 0.0100, 0.0400, 0.0200]                                                         | 5.3244   | 0.8400  | 0.8632 
10    | 15          | [88, 89, 90, 91, 92, 93, 94, 95, 99, 100, 101, 102, 103, 104, 105]                   | [0.0100, 0.0500, 0.0400, 0.0800, 0.0600, 0.0300, 0.0700, 0.0100, 0.0200, 0.1200, 0.1300, 0.0900, 0.1200, 0.1400, 0.0300]                         | 28.1019  | 0.9200  | 0.9143 
11    | 12          | [93, 96, 97, 99, 100, 101, 102, 103, 104, 105, 106, 107]                             | [0.0100, 0.0100, 0.0300, 0.0800, 0.1400, 0.1100, 0.1300, 0.1200, 0.1700, 0.0300, 0.1100, 0.0600]                                                 | 7.5104   | 0.9000  | 0.8929 
12    | 10          | [94, 95, 96, 97, 98, 99, 100, 101, 102, 103]                                         | [0.0300, 0.0100, 0.0100, 0.1000, 0.1300, 0.2500, 0.2100, 0.1700, 0.0800, 0.0100]                                                                 | 3.2216   | 0.8600  | 0.8384 
13    | 16          | [93, 94, 95, 96, 97, 98, 99, 100, 101, 102, 104, 105, 106, 107, 108, 109]            | [0.0200, 0.0400, 0.0100, 0.0500, 0.1000, 0.0900, 0.1200, 0.1000, 0.0200, 0.0300, 0.0500, 0.0200, 0.1200, 0.0900, 0.0500, 0.0900]                 | 22.5859  | 0.9000  | 0.9248 
14    | 15          | [91, 92, 93, 94, 95, 96, 97, 98, 99, 100, 101, 102, 103, 104, 105]                   | [0.0300, 0.0200, 0.1100, 0.1400, 0.0400, 0.1200, 0.0200, 0.0900, 0.1100, 0.0700, 0.0800, 0.1400, 0.0100, 0.0100, 0.0100]                         | 12.1419  | 0.8800  | 0.9083 
15    | 17          | [92, 93, 94, 95, 96, 97, 98, 99, 100, 101, 102, 103, 104, 108, 109, 110, 111]        | [0.0300, 0.0100, 0.0400, 0.0700, 0.0600, 0.0600, 0.0400, 0.1400, 0.0800, 0.0700, 0.2000, 0.1000, 0.0300, 0.0200, 0.0200, 0.0100, 0.0200]         | 15.9699  | 0.8800  | 0.9097 
16    | 12          | [92, 93, 94, 95, 96, 97, 98, 99, 100, 101, 102, 103]                                 | [0.0300, 0.0500, 0.1400, 0.1500, 0.0300, 0.0300, 0.0700, 0.0500, 0.2400, 0.1000, 0.0900, 0.0200]                                                 | 9.8624   | 0.8200  | 0.8780 
17    | 17          | [91, 93, 94, 95, 96, 97, 98, 99, 100, 101, 102, 103, 104, 105, 106, 107, 109]        | [0.0500, 0.0300, 0.0500, 0.1000, 0.0500, 0.0600, 0.2100, 0.1600, 0.0800, 0.0300, 0.0200, 0.0200, 0.0200, 0.0300, 0.0100, 0.0700, 0.0100]         | 16.1036  | 0.9400  | 0.9028 
18    | 13          | [94, 95, 96, 97, 98, 99, 100, 101, 102, 103, 104, 105, 106]                          | [0.0400, 0.0500, 0.0200, 0.0800, 0.1000, 0.2700, 0.1100, 0.0400, 0.1200, 0.1100, 0.0100, 0.0300, 0.0200]                                         | 7.4104   | 0.9000  | 0.8733 
19    | 11          | [97, 98, 99, 100, 101, 102, 103, 104, 105, 106, 107]                                 | [0.0100, 0.0300, 0.0400, 0.1300, 0.2500, 0.2000, 0.1800, 0.0200, 0.0600, 0.0300, 0.0500]                                                         | 4.3891   | 0.8600  | 0.8467 
20    | 11          | [95, 96, 97, 98, 99, 100, 101, 102, 103, 104, 106]                                   | [0.0100, 0.0300, 0.1000, 0.1000, 0.1800, 0.1600, 0.1800, 0.1600, 0.0600, 0.0100, 0.0100]                                                         | 4.0851   | 0.8800  | 0.8679 
21    | 18          | [92, 93, 94, 95, 96, 97, 101, 102, 103, 104, 105, 106, 107, 108, 109, 110, 111, 113] | [0.0300, 0.0500, 0.0900, 0.0200, 0.0600, 0.0400, 0.0100, 0.0800, 0.1300, 0.1300, 0.0400, 0.0500, 0.0200, 0.1100, 0.0100, 0.0200, 0.0200, 0.0900] | 37.0339  | 0.9400  | 0.9263 

[Per-locus summary - Population 2]
Locus | Num_Alleles | Alleles                                                                        | Frequencies                                                                                                                              | Variance | Obs_Het | Exp_Het
------+-------------+--------------------------------------------------------------------------------+------------------------------------------------------------------------------------------------------------------------------------------+----------+---------+--------
1     | 16          | [88, 91, 92, 93, 96, 98, 99, 100, 101, 102, 103, 104, 105, 106, 107, 108]      | [0.0300, 0.0100, 0.0100, 0.1200, 0.0200, 0.0100, 0.0300, 0.0200, 0.1100, 0.1100, 0.2000, 0.1000, 0.0100, 0.1100, 0.1000, 0.0100]         | 23.9976  | 0.9000  | 0.8952 
2     | 17          | [88, 90, 91, 92, 93, 94, 95, 96, 97, 99, 102, 103, 104, 105, 106, 107, 109]    | [0.0200, 0.0300, 0.0400, 0.0700, 0.1700, 0.0200, 0.0700, 0.0300, 0.0500, 0.0200, 0.0900, 0.0800, 0.0700, 0.1300, 0.0400, 0.0200, 0.0500] | 35.7571  | 0.9400  | 0.9226 
3     | 11          | [96, 97, 98, 99, 100, 101, 102, 103, 104, 105, 106]                            | [0.0200, 0.1500, 0.0300, 0.0900, 0.0700, 0.1700, 0.1300, 0.1300, 0.1500, 0.0500, 0.0100]                                                 | 6.6475   | 0.9000  | 0.8842 
4     | 12          | [96, 97, 99, 100, 101, 102, 103, 104, 105, 106, 107, 108]                      | [0.0300, 0.0100, 0.0800, 0.2000, 0.2000, 0.0900, 0.0800, 0.1000, 0.0900, 0.0700, 0.0300, 0.0200]                                         | 6.9291   | 0.9200  | 0.8826 
5     | 13          | [98, 99, 100, 101, 102, 103, 104, 105, 108, 109, 110, 111, 112]                | [0.0300, 0.0300, 0.0400, 0.1900, 0.0800, 0.1200, 0.1200, 0.0200, 0.0100, 0.1100, 0.1700, 0.0300, 0.0500]                                 | 17.5300  | 0.9000  | 0.8893 
6     | 14          | [89, 90, 91, 93, 94, 95, 96, 97, 98, 99, 100, 101, 102, 103]                   | [0.0200, 0.0300, 0.0300, 0.0400, 0.1500, 0.1700, 0.0800, 0.1300, 0.0600, 0.0700, 0.1000, 0.0700, 0.0400, 0.0100]                         | 10.0084  | 0.9200  | 0.9054 
7     | 12          | [95, 96, 97, 98, 99, 100, 102, 103, 104, 105, 106, 107]                        | [0.0700, 0.0500, 0.0600, 0.0900, 0.0200, 0.0600, 0.0400, 0.0800, 0.2200, 0.1300, 0.1200, 0.0600]                                         | 14.1364  | 0.8800  | 0.8945 
8     | 16          | [90, 91, 92, 93, 94, 95, 96, 97, 98, 99, 100, 101, 102, 103, 104, 105]         | [0.0200, 0.0700, 0.0400, 0.0600, 0.0900, 0.1400, 0.0800, 0.1300, 0.1700, 0.0300, 0.0100, 0.0400, 0.0600, 0.0200, 0.0300, 0.0100]         | 12.0100  | 0.9600  | 0.9111 
9     | 10          | [99, 100, 101, 102, 103, 104, 105, 106, 108, 109]                              | [0.0700, 0.1500, 0.0200, 0.1100, 0.1200, 0.1000, 0.2600, 0.1500, 0.0100, 0.0100]                                                         | 5.6700   | 0.9000  | 0.8539 
10    | 14          | [89, 90, 91, 92, 93, 94, 98, 99, 100, 101, 102, 103, 104, 105]                 | [0.0300, 0.0600, 0.0800, 0.0200, 0.0900, 0.0600, 0.0300, 0.0100, 0.0500, 0.1600, 0.1200, 0.1600, 0.1100, 0.0200]                         | 26.3275  | 0.9600  | 0.9044 
11    | 12          | [93, 96, 97, 99, 100, 101, 102, 103, 104, 105, 106, 107]                       | [0.0100, 0.0300, 0.0400, 0.1000, 0.0900, 0.1700, 0.1500, 0.1300, 0.1800, 0.0500, 0.0400, 0.0100]                                         | 6.4371   | 0.8200  | 0.8832 
12    | 10          | [93, 94, 96, 97, 98, 99, 100, 101, 102, 103]                                   | [0.0100, 0.0100, 0.0200, 0.0500, 0.1300, 0.2800, 0.2400, 0.1700, 0.0700, 0.0200]                                                         | 2.7691   | 0.8000  | 0.8180 
13    | 16          | [93, 94, 95, 96, 97, 98, 99, 100, 101, 102, 104, 105, 106, 107, 108, 109]      | [0.0200, 0.0200, 0.0300, 0.0500, 0.0700, 0.1500, 0.0500, 0.0600, 0.0600, 0.0200, 0.0800, 0.0100, 0.2100, 0.1000, 0.0200, 0.0500]         | 20.4931  | 0.8800  | 0.9038 
14    | 14          | [90, 91, 92, 93, 94, 95, 96, 97, 98, 99, 100, 101, 102, 103]                   | [0.0100, 0.0100, 0.0500, 0.1500, 0.1500, 0.0600, 0.0900, 0.0300, 0.0900, 0.1200, 0.0500, 0.1000, 0.0700, 0.0200]                         | 11.1859  | 0.9400  | 0.9085 
15    | 15          | [92, 94, 95, 96, 97, 98, 99, 100, 101, 102, 103, 104, 108, 111, 112]           | [0.0100, 0.0200, 0.0800, 0.1000, 0.0500, 0.0200, 0.1000, 0.1600, 0.0900, 0.1900, 0.1000, 0.0300, 0.0100, 0.0300, 0.0100]                 | 13.5131  | 0.9600  | 0.8974 
16    | 12          | [92, 93, 94, 95, 96, 97, 98, 99, 100, 101, 102, 104]                           | [0.0200, 0.0500, 0.1200, 0.1800, 0.0400, 0.0400, 0.0700, 0.0200, 0.3400, 0.1000, 0.0100, 0.0100]                                         | 8.3419   | 0.8600  | 0.8242 
17    | 16          | [91, 93, 94, 95, 96, 97, 98, 99, 100, 101, 102, 103, 104, 105, 106, 107]       | [0.0400, 0.0100, 0.0200, 0.1300, 0.0900, 0.1200, 0.2600, 0.0400, 0.1100, 0.0200, 0.0400, 0.0100, 0.0100, 0.0500, 0.0100, 0.0400]         | 12.3416  | 0.7400  | 0.8796 
18    | 11          | [93, 94, 95, 97, 98, 99, 100, 101, 102, 103, 105]                              | [0.0200, 0.0200, 0.0200, 0.1200, 0.1100, 0.2200, 0.0400, 0.1200, 0.1800, 0.1300, 0.0200]                                                 | 6.4139   | 0.8600  | 0.8669 
19    | 12          | [97, 98, 99, 100, 101, 102, 103, 104, 105, 106, 107, 108]                      | [0.0100, 0.0200, 0.0400, 0.1600, 0.1200, 0.2100, 0.1700, 0.0400, 0.0600, 0.0700, 0.0600, 0.0400]                                         | 6.3064   | 0.9800  | 0.8784 
20    | 10          | [95, 96, 97, 98, 99, 100, 101, 102, 103, 104]                                  | [0.0200, 0.0200, 0.0900, 0.1500, 0.1500, 0.2000, 0.1300, 0.1600, 0.0500, 0.0300]                                                         | 4.0476   | 0.9000  | 0.8689 
21    | 17          | [92, 93, 94, 95, 96, 97, 98, 100, 101, 102, 103, 104, 105, 106, 108, 110, 111] | [0.0100, 0.1000, 0.0900, 0.0600, 0.0500, 0.0800, 0.0100, 0.0100, 0.0200, 0.0800, 0.1900, 0.1200, 0.0100, 0.0400, 0.0600, 0.0300, 0.0400] | 28.7444  | 0.8600  | 0.9131 
