
[Simulation Info]
simulation_id = sim_0004235
timestamp     = 20250428_090347
seed          = 506349
output_folder = /home/lejeunet/Bureau/simulations/Ref_table/sim_0004235

[Model Parameters]
pop_size           = 2721
num_loci           = 20
sample1_generation = 30
sample2_generation = 10
low_repeats        = 1
high_repeats       = 200
mutation_rate      = 0.001
recap_Ne           = 2721

[Sampling Design]
sample1_size_Ne  = 50
sample2_size_Ne  = 50
sample1_size_CMR = 50
sample2_size_CMR = 50

[Capture-Marquage-Recapture]
census_N   =  1300
MatchCount =  2

[Ne Estimates - One Sample - Decreasing critical values [0.050, 0.020, 0.010, 0+]]

[Linkage Desequilibrium]
LD_Ne_Pop1 = [None, None, None, None]
LD_r2_Pop1 = [0.021015, 0.020912, 0.021127, 0.021127]
LD_Ne_Pop2 = [540.7, 1022.1, 611.0, 611.0]
LD_r2_Pop2 = [0.02189, 0.021601, 0.02182, 0.02182]

[Heterozygote excess]
HE_Neb_mean_Pop1        = [38.0, 40.1, 41.8, 41.8]
HE_weighted_D_mean_Pop1 = [0.01332, 0.01262, 0.01209, 0.01209]
HE_Neb_mean_Pop2        = [None, None, None, None]
HE_weighted_D_mean_Pop2 = [-0.01278, -0.00822, -0.00839, -0.00839]

[Molecular Coancestry]
Coan_Neb_n_Pop1 = None
Coan_f1_Pop1    = -0.00201
Coan_Neb_n_Pop2 = 17.9
Coan_f1_Pop2    = 0.02791

[Ne Estimates - Temporal - Decreasing critical values (0.050, 0.020, 0.010, 0+)]

[Pollak]
P_Ne     = [1229.1, 1158.1, 1085.4, 1189.4]
P_Fk     = [0.02407, 0.02432, 0.02461, 0.0242]
P_Fprime = [0.00407, 0.00432, 0.00461, 0.0042]

[Nei/Tajima]
N_Ne     = [1524.9, 1397.2, 1297.0, 1419.9]
N_Fc     = [0.02328, 0.02358, 0.02386, 0.02352]
N_Fprime = [0.00328, 0.00358, 0.00386, 0.00352]

[Jorde/Ryman]
J_Ne     = [2851.6, 2648.7, 2706.5, 2744.0]
J_Fs     = [0.02185, 0.02199, 0.02195, 0.02192]
J_Fprime = [0.00175, 0.00189, 0.00185, 0.00182]

[Genetic Diversity - Heterozygosity]
mean_exp_het_pop1 = 0.7683
mean_obs_het_pop1 = 0.7762
mean_exp_het_pop2 = 0.7609
mean_obs_het_pop2 = 0.7552

[Genetic Diversity - Allele Counts]
mean_alleles_pop1 = 7.38
var_alleles_pop1  = 2.65
sum_alleles_pop1  = 155
mean_alleles_pop2 = 7.52
var_alleles_pop2  = 2.69
sum_alleles_pop2  = 316

[Genetic Diversity - Allelic Size Variance]
var_allele_size_pop1 = 3.0122
var_allele_size_pop2 = 2.8446

[Per-locus summary - Population 1]
Locus | Num_Alleles | Alleles                                          | Frequencies                                                                              | Variance | Obs_Het | Exp_Het
------+-------------+--------------------------------------------------+------------------------------------------------------------------------------------------+----------+---------+--------
1     | 7           | [98, 100, 101, 102, 103, 104, 105]               | [0.0800, 0.2800, 0.2000, 0.2200, 0.1200, 0.0900, 0.0100]                                 | 2.6075   | 0.8200  | 0.8123 
2     | 9           | [94, 95, 96, 97, 99, 100, 101, 102, 103]         | [0.0900, 0.1000, 0.1000, 0.0500, 0.1700, 0.2200, 0.1900, 0.0700, 0.0100]                 | 6.5600   | 0.8400  | 0.8596 
3     | 6           | [94, 95, 96, 97, 98, 99]                         | [0.0400, 0.3000, 0.3600, 0.2100, 0.0600, 0.0300]                                         | 1.1784   | 0.7600  | 0.7376 
4     | 7           | [99, 100, 101, 102, 103, 104, 105]               | [0.1000, 0.1600, 0.2400, 0.1900, 0.2200, 0.0700, 0.0200]                                 | 2.2664   | 0.7600  | 0.8253 
5     | 7           | [97, 98, 99, 100, 101, 102, 103]                 | [0.0300, 0.0400, 0.0900, 0.3600, 0.4100, 0.0500, 0.0200]                                 | 1.2139   | 0.7600  | 0.6958 
6     | 8           | [94, 95, 96, 97, 98, 99, 100, 102]               | [0.0200, 0.4100, 0.2400, 0.2000, 0.0500, 0.0500, 0.0100, 0.0200]                         | 2.1944   | 0.6800  | 0.7358 
7     | 6           | [100, 101, 102, 103, 104, 107]                   | [0.1200, 0.1000, 0.4100, 0.2500, 0.1000, 0.0200]                                         | 1.6859   | 0.7800  | 0.7420 
8     | 5           | [96, 97, 98, 99, 100]                            | [0.0100, 0.3400, 0.4100, 0.1400, 0.1000]                                                 | 0.9196   | 0.7400  | 0.6935 
9     | 5           | [96, 97, 98, 99, 100]                            | [0.0600, 0.0900, 0.2100, 0.5100, 0.1300]                                                 | 1.0464   | 0.7200  | 0.6739 
10    | 6           | [95, 96, 97, 98, 99, 102]                        | [0.0400, 0.2800, 0.4800, 0.1200, 0.0300, 0.0500]                                         | 1.9251   | 0.7400  | 0.6786 
11    | 7           | [101, 102, 104, 105, 106, 107, 108]              | [0.0400, 0.0100, 0.2100, 0.2900, 0.1900, 0.1000, 0.1600]                                 | 2.7491   | 0.8200  | 0.8065 
12    | 10          | [98, 99, 100, 101, 102, 103, 104, 105, 106, 107] | [0.0300, 0.1200, 0.2000, 0.0500, 0.1100, 0.2000, 0.0400, 0.1700, 0.0700, 0.0100]         | 5.6339   | 0.8200  | 0.8632 
13    | 7           | [96, 97, 98, 99, 100, 101, 102]                  | [0.0100, 0.0600, 0.3900, 0.1500, 0.0800, 0.1200, 0.1900]                                 | 2.8675   | 0.7400  | 0.7725 
14    | 11          | [92, 93, 94, 95, 96, 97, 98, 99, 100, 101, 102]  | [0.0400, 0.0400, 0.0900, 0.0500, 0.2000, 0.1100, 0.2700, 0.0800, 0.1000, 0.0100, 0.0100] | 4.7379   | 0.8800  | 0.8531 
15    | 8           | [95, 96, 97, 98, 99, 101, 102, 103]              | [0.0800, 0.0100, 0.1700, 0.0300, 0.1100, 0.1000, 0.3200, 0.1800]                         | 6.8944   | 0.8000  | 0.8149 
16    | 5           | [98, 99, 100, 101, 102]                          | [0.2100, 0.2600, 0.3300, 0.1700, 0.0300]                                                 | 1.1875   | 0.7400  | 0.7572 
17    | 9           | [92, 98, 99, 100, 101, 102, 103, 104, 105]       | [0.0200, 0.0200, 0.1600, 0.1700, 0.2700, 0.0100, 0.1300, 0.1600, 0.0600]                 | 5.4724   | 0.8600  | 0.8339 
18    | 8           | [100, 101, 102, 103, 104, 105, 106, 107]         | [0.2500, 0.4300, 0.0600, 0.0600, 0.0100, 0.1300, 0.0500, 0.0100]                         | 3.7059   | 0.7800  | 0.7331 
19    | 9           | [93, 94, 95, 96, 97, 98, 99, 100, 101]           | [0.0100, 0.2900, 0.3700, 0.0600, 0.0600, 0.0200, 0.1000, 0.0700, 0.0200]                 | 4.2400   | 0.8800  | 0.7636 
20    | 7           | [96, 100, 101, 102, 103, 104, 105]               | [0.0100, 0.0100, 0.1700, 0.1300, 0.4200, 0.2000, 0.0600]                                 | 1.7675   | 0.6400  | 0.7414 
21    | 8           | [100, 101, 102, 103, 104, 105, 106, 107]         | [0.0400, 0.0100, 0.0500, 0.1800, 0.0800, 0.4500, 0.1400, 0.0500]                         | 2.4019   | 0.7400  | 0.7398 

[Per-locus summary - Population 2]
Locus | Num_Alleles | Alleles                                          | Frequencies                                                                              | Variance | Obs_Het | Exp_Het
------+-------------+--------------------------------------------------+------------------------------------------------------------------------------------------+----------+---------+--------
1     | 10          | [98, 99, 100, 101, 102, 103, 104, 105, 106, 107] | [0.0400, 0.0100, 0.3000, 0.1700, 0.2000, 0.1700, 0.0500, 0.0200, 0.0100, 0.0300]         | 3.3664   | 0.8000  | 0.8147 
2     | 9           | [94, 95, 96, 98, 99, 100, 101, 102, 103]         | [0.0700, 0.0900, 0.0500, 0.0300, 0.2400, 0.1700, 0.2400, 0.0700, 0.0400]                 | 6.0531   | 0.8200  | 0.8414 
3     | 5           | [94, 95, 96, 97, 98]                             | [0.0500, 0.3600, 0.2500, 0.2400, 0.1000]                                                 | 1.1996   | 0.7000  | 0.7452 
4     | 7           | [99, 100, 101, 102, 103, 104, 105]               | [0.0900, 0.2100, 0.3700, 0.0900, 0.2000, 0.0200, 0.0200]                                 | 1.9024   | 0.8200  | 0.7697 
5     | 7           | [97, 98, 99, 100, 101, 102, 103]                 | [0.0200, 0.0300, 0.0900, 0.4600, 0.2800, 0.1100, 0.0100]                                 | 1.0976   | 0.6400  | 0.6954 
6     | 7           | [94, 95, 96, 97, 98, 99, 102]                    | [0.0400, 0.3100, 0.3000, 0.1700, 0.1000, 0.0500, 0.0300]                                 | 2.4739   | 0.8800  | 0.7778 
7     | 6           | [100, 101, 102, 103, 104, 106]                   | [0.0700, 0.0900, 0.4600, 0.2300, 0.1400, 0.0100]                                         | 1.2176   | 0.6000  | 0.7099 
8     | 7           | [96, 97, 98, 99, 100, 101, 112]                  | [0.0300, 0.2100, 0.4200, 0.2100, 0.1100, 0.0100, 0.0100]                                 | 2.9211   | 0.7200  | 0.7295 
9     | 6           | [95, 96, 97, 98, 99, 100]                        | [0.0100, 0.0400, 0.1500, 0.2000, 0.5000, 0.1000]                                         | 1.1064   | 0.5600  | 0.6826 
10    | 6           | [95, 96, 97, 98, 99, 102]                        | [0.0300, 0.2300, 0.5400, 0.1200, 0.0600, 0.0200]                                         | 1.2075   | 0.7000  | 0.6426 
11    | 7           | [101, 103, 104, 105, 106, 107, 108]              | [0.0100, 0.0100, 0.2900, 0.3000, 0.1900, 0.1000, 0.1000]                                 | 1.8644   | 0.7800  | 0.7774 
12    | 9           | [98, 99, 100, 101, 102, 103, 104, 105, 106]      | [0.0200, 0.1300, 0.1000, 0.1700, 0.1700, 0.1800, 0.0300, 0.1700, 0.0300]                 | 4.3691   | 0.8400  | 0.8604 
13    | 6           | [97, 98, 99, 100, 101, 102]                      | [0.0900, 0.4500, 0.1200, 0.0500, 0.1300, 0.1600]                                         | 2.7944   | 0.7200  | 0.7374 
14    | 11          | [92, 93, 94, 95, 96, 97, 98, 99, 100, 102, 103]  | [0.0300, 0.1300, 0.0100, 0.0700, 0.1700, 0.1200, 0.2300, 0.1400, 0.0100, 0.0700, 0.0200] | 6.7200   | 0.8200  | 0.8647 
15    | 7           | [95, 97, 98, 99, 101, 102, 103]                  | [0.0400, 0.1500, 0.0400, 0.0700, 0.1000, 0.3500, 0.2500]                                 | 5.7675   | 0.8000  | 0.7822 
16    | 5           | [98, 99, 100, 101, 103]                          | [0.1400, 0.3200, 0.3200, 0.2000, 0.0200]                                                 | 1.1444   | 0.7600  | 0.7426 
17    | 7           | [98, 99, 100, 101, 103, 104, 105]                | [0.0200, 0.1900, 0.2300, 0.2700, 0.1100, 0.1600, 0.0200]                                 | 3.3579   | 0.7200  | 0.8077 
18    | 7           | [100, 101, 102, 103, 104, 105, 106]              | [0.3400, 0.4200, 0.0300, 0.0900, 0.0100, 0.0900, 0.0200]                                 | 2.6304   | 0.7600  | 0.6974 
19    | 9           | [93, 94, 95, 96, 97, 98, 99, 100, 101]           | [0.0100, 0.3600, 0.2700, 0.0100, 0.0500, 0.0700, 0.1200, 0.1000, 0.0100]                 | 5.0596   | 0.7400  | 0.7731 
20    | 5           | [101, 102, 103, 104, 105]                        | [0.2100, 0.1400, 0.3500, 0.2600, 0.0400]                                                 | 1.3516   | 0.8800  | 0.7521 
21    | 7           | [100, 102, 103, 104, 105, 106, 107]              | [0.0200, 0.1500, 0.1200, 0.1700, 0.3900, 0.1200, 0.0300]                                 | 2.1316   | 0.8000  | 0.7741 
