
[Simulation Info]
simulation_id = sim_0003074
timestamp     = 20250428_083620
seed          = 806599
output_folder = /home/lejeunet/Bureau/simulations/Ref_table/sim_0003074

[Model Parameters]
pop_size           = 946
num_loci           = 20
sample1_generation = 30
sample2_generation = 10
low_repeats        = 1
high_repeats       = 200
mutation_rate      = 0.001
recap_Ne           = 946

[Sampling Design]
sample1_size_Ne  = 50
sample2_size_Ne  = 50
sample1_size_CMR = 50
sample2_size_CMR = 50

[Capture-Marquage-Recapture]
census_N   =  650
MatchCount =  4

[Ne Estimates - One Sample - Decreasing critical values [0.050, 0.020, 0.010, 0+]]

[Linkage Desequilibrium]
LD_Ne_Pop1 = [596.0, 582.6, 579.2, 579.2]
LD_r2_Pop1 = [0.021833, 0.021846, 0.021849, 0.021849]
LD_Ne_Pop2 = [None, 2256.8, 775.0, 775.0]
LD_r2_Pop2 = [0.021142, 0.021424, 0.021705, 0.021705]

[Heterozygote excess]
HE_Neb_mean_Pop1        = [1945.0, 143.6, 143.6, 143.6]
HE_weighted_D_mean_Pop1 = [0.00026, 0.00349, 0.00349, 0.00349]
HE_Neb_mean_Pop2        = [42.6, 38.7, 40.7, 40.7]
HE_weighted_D_mean_Pop2 = [0.01187, 0.01309, 0.01243, 0.01243]

[Molecular Coancestry]
Coan_Neb_n_Pop1 = None
Coan_f1_Pop1    = -0.02041
Coan_Neb_n_Pop2 = None
Coan_f1_Pop2    = -0.02513

[Ne Estimates - Temporal - Decreasing critical values (0.050, 0.020, 0.010, 0+)]

[Pollak]
P_Ne     = [774.0, 846.6, 929.5, 922.3]
P_Fk     = [0.02646, 0.02591, 0.02538, 0.02542]
P_Fprime = [0.00646, 0.00591, 0.00538, 0.00542]

[Nei/Tajima]
N_Ne     = [721.3, 775.9, 834.6, 832.1]
N_Fc     = [0.02693, 0.02644, 0.02599, 0.02601]
N_Fprime = [0.00693, 0.00644, 0.00599, 0.00601]

[Jorde/Ryman]
J_Ne     = [525.0, 525.3, 524.6, 523.8]
J_Fs     = [0.02965, 0.02964, 0.02965, 0.02967]
J_Fprime = [0.00952, 0.00952, 0.00953, 0.00955]

[Genetic Diversity - Heterozygosity]
mean_exp_het_pop1 = 0.6485
mean_obs_het_pop1 = 0.6552
mean_exp_het_pop2 = 0.6466
mean_obs_het_pop2 = 0.6543

[Genetic Diversity - Allele Counts]
mean_alleles_pop1 = 5.05
var_alleles_pop1  = 1.15
sum_alleles_pop1  = 106
mean_alleles_pop2 = 5.26
var_alleles_pop2  = 1.32
sum_alleles_pop2  = 221

[Genetic Diversity - Allelic Size Variance]
var_allele_size_pop1 = 1.5548
var_allele_size_pop2 = 1.6053

[Per-locus summary - Population 1]
Locus | Num_Alleles | Alleles                          | Frequencies                                              | Variance | Obs_Het | Exp_Het
------+-------------+----------------------------------+----------------------------------------------------------+----------+---------+--------
1     | 5           | [98, 99, 100, 101, 102]          | [0.0700, 0.3500, 0.1600, 0.4100, 0.0100]                 | 1.0764   | 0.7600  | 0.6857 
2     | 5           | [99, 100, 101, 102, 103]         | [0.0800, 0.2900, 0.2600, 0.3000, 0.0700]                 | 1.1899   | 0.7400  | 0.7546 
3     | 4           | [100, 101, 102, 103]             | [0.0600, 0.5100, 0.3500, 0.0800]                         | 0.5275   | 0.6200  | 0.6135 
4     | 5           | [99, 100, 101, 102, 103]         | [0.0800, 0.0800, 0.3400, 0.2000, 0.3000]                 | 1.4864   | 0.8400  | 0.7491 
5     | 4           | [98, 99, 100, 101]               | [0.2100, 0.3500, 0.4100, 0.0300]                         | 0.6724   | 0.6400  | 0.6711 
6     | 5           | [98, 99, 100, 101, 102]          | [0.1400, 0.5300, 0.0100, 0.3000, 0.0200]                 | 1.2491   | 0.6400  | 0.6151 
7     | 5           | [98, 99, 100, 101, 102]          | [0.0300, 0.1400, 0.3800, 0.3900, 0.0600]                 | 0.7939   | 0.6800  | 0.6863 
8     | 5           | [97, 98, 99, 102, 103]           | [0.3100, 0.3500, 0.0200, 0.0600, 0.2600]                 | 6.2275   | 0.7000  | 0.7170 
9     | 3           | [96, 97, 98]                     | [0.1800, 0.5100, 0.3100]                                 | 0.4731   | 0.5200  | 0.6176 
10    | 4           | [98, 99, 100, 101]               | [0.0300, 0.3300, 0.5400, 0.1000]                         | 0.4659   | 0.6000  | 0.5946 
11    | 4           | [99, 100, 101, 102]              | [0.1900, 0.3000, 0.4700, 0.0400]                         | 0.6904   | 0.6600  | 0.6580 
12    | 5           | [98, 99, 100, 101, 102]          | [0.0600, 0.1400, 0.5500, 0.1300, 0.1200]                 | 0.9779   | 0.6800  | 0.6495 
13    | 5           | [98, 99, 100, 101, 102]          | [0.3100, 0.0700, 0.1800, 0.3400, 0.1000]                 | 2.0275   | 0.8000  | 0.7485 
14    | 4           | [99, 100, 101, 102]              | [0.1400, 0.1200, 0.6900, 0.0500]                         | 0.6075   | 0.4000  | 0.4923 
15    | 5           | [96, 97, 98, 99, 100]            | [0.0200, 0.0900, 0.8200, 0.0600, 0.0100]                 | 0.2675   | 0.3400  | 0.3186 
16    | 6           | [97, 98, 100, 101, 102, 103]     | [0.1500, 0.2900, 0.0900, 0.2400, 0.2100, 0.0200]         | 3.6739   | 0.8600  | 0.7911 
17    | 7           | [94, 95, 96, 97, 98, 99, 100]    | [0.0100, 0.0800, 0.1100, 0.3700, 0.0600, 0.3200, 0.0500] | 2.0075   | 0.7600  | 0.7434 
18    | 5           | [96, 97, 99, 100, 101]           | [0.0500, 0.0900, 0.1800, 0.6200, 0.0600]                 | 1.5019   | 0.5400  | 0.5747 
19    | 7           | [97, 98, 99, 100, 101, 102, 103] | [0.0200, 0.3900, 0.0700, 0.3500, 0.0300, 0.0100, 0.1300] | 2.8291   | 0.7800  | 0.7093 
20    | 7           | [95, 96, 97, 98, 99, 100, 101]   | [0.0500, 0.2600, 0.0900, 0.3700, 0.0200, 0.1500, 0.0600] | 2.6724   | 0.7400  | 0.7661 
21    | 6           | [98, 99, 100, 101, 103, 104]     | [0.0200, 0.0500, 0.7200, 0.0900, 0.1100, 0.0100]         | 1.2331   | 0.4600  | 0.4630 

[Per-locus summary - Population 2]
Locus | Num_Alleles | Alleles                          | Frequencies                                              | Variance | Obs_Het | Exp_Het
------+-------------+----------------------------------+----------------------------------------------------------+----------+---------+--------
1     | 5           | [98, 99, 100, 101, 102]          | [0.0300, 0.4200, 0.1900, 0.3100, 0.0500]                 | 1.0451   | 0.7000  | 0.6949 
2     | 5           | [99, 100, 101, 102, 103]         | [0.0800, 0.1500, 0.3400, 0.4100, 0.0200]                 | 0.9404   | 0.6600  | 0.6939 
3     | 4           | [100, 101, 102, 103]             | [0.1000, 0.5000, 0.3200, 0.0800]                         | 0.5956   | 0.6000  | 0.6376 
4     | 5           | [99, 100, 101, 102, 103]         | [0.0400, 0.1600, 0.3900, 0.2100, 0.2000]                 | 1.1931   | 0.7800  | 0.7440 
5     | 4           | [98, 99, 100, 101]               | [0.1800, 0.3000, 0.4300, 0.0900]                         | 0.7851   | 0.7000  | 0.6915 
6     | 6           | [97, 98, 99, 100, 101, 102]      | [0.0100, 0.1800, 0.4400, 0.0600, 0.3000, 0.0100]         | 1.3299   | 0.7200  | 0.6871 
7     | 5           | [98, 99, 100, 101, 102]          | [0.0300, 0.0900, 0.4600, 0.4100, 0.0100]                 | 0.5816   | 0.6800  | 0.6174 
8     | 5           | [97, 98, 99, 102, 103]           | [0.3100, 0.2500, 0.0100, 0.0400, 0.3900]                 | 7.4339   | 0.6600  | 0.6946 
9     | 3           | [96, 97, 98]                     | [0.1700, 0.6800, 0.1500]                                 | 0.3196   | 0.5200  | 0.4911 
10    | 4           | [98, 99, 100, 101]               | [0.0800, 0.1500, 0.6600, 0.1100]                         | 0.5400   | 0.5600  | 0.5287 
11    | 4           | [99, 100, 101, 102]              | [0.1600, 0.2800, 0.5500, 0.0100]                         | 0.5819   | 0.5600  | 0.5994 
12    | 5           | [98, 99, 100, 101, 102]          | [0.0600, 0.2000, 0.5300, 0.1100, 0.1000]                 | 0.9499   | 0.7200  | 0.6600 
13    | 7           | [97, 98, 99, 100, 101, 102, 103] | [0.0100, 0.1900, 0.0800, 0.2400, 0.2700, 0.2000, 0.0100] | 2.0459   | 0.7600  | 0.7947 
14    | 5           | [98, 99, 100, 101, 102]          | [0.0300, 0.1400, 0.1000, 0.6800, 0.0500]                 | 0.8036   | 0.5600  | 0.5097 
15    | 5           | [95, 96, 97, 98, 99]             | [0.0100, 0.0100, 0.1300, 0.7100, 0.1400]                 | 0.3984   | 0.5000  | 0.4638 
16    | 7           | [97, 98, 99, 100, 101, 102, 103] | [0.2600, 0.1500, 0.0100, 0.1000, 0.1800, 0.2900, 0.0100] | 4.2900   | 0.8600  | 0.7911 
17    | 6           | [95, 96, 97, 98, 99, 100]        | [0.1000, 0.0900, 0.4000, 0.0700, 0.3200, 0.0200]         | 1.7896   | 0.6800  | 0.7214 
18    | 5           | [96, 97, 99, 100, 101]           | [0.0200, 0.1000, 0.1600, 0.6700, 0.0500]                 | 1.1899   | 0.4400  | 0.5178 
19    | 6           | [97, 98, 99, 100, 101, 103]      | [0.0100, 0.4200, 0.1000, 0.2800, 0.0600, 0.1300]         | 2.8296   | 0.7200  | 0.7218 
20    | 7           | [95, 96, 97, 98, 99, 100, 101]   | [0.0400, 0.3500, 0.0800, 0.3100, 0.0200, 0.1600, 0.0400] | 2.6664   | 0.7600  | 0.7533 
21    | 5           | [99, 100, 101, 102, 103]         | [0.0400, 0.6200, 0.1500, 0.0100, 0.1800]                 | 1.4011   | 0.6000  | 0.5646 
