
[Simulation Info]
simulation_id = sim_0000299
timestamp     = 20250428_074029
seed          = 910162
output_folder = /home/lejeunet/Bureau/simulations/Ref_table/sim_0000299

[Model Parameters]
pop_size           = 7992
num_loci           = 20
sample1_generation = 30
sample2_generation = 10
low_repeats        = 1
high_repeats       = 200
mutation_rate      = 0.001
recap_Ne           = 7992

[Sampling Design]
sample1_size_Ne  = 50
sample2_size_Ne  = 50
sample1_size_CMR = 50
sample2_size_CMR = 50

[Capture-Marquage-Recapture]
census_N   =  0
MatchCount =  0
# There were no match between sampling of individuals during CMR.

[Ne Estimates - One Sample - Decreasing critical values [0.050, 0.020, 0.010, 0+]]

[Linkage Desequilibrium]
LD_Ne_Pop1 = [688.5, 770.1, 1060.3, 1060.3]
LD_r2_Pop1 = [0.021759, 0.021708, 0.02159, 0.02159]
LD_Ne_Pop2 = [None, None, None, None]
LD_r2_Pop2 = [0.021022, 0.021245, 0.02101, 0.02101]

[Heterozygote excess]
HE_Neb_mean_Pop1        = [90.6, 136.3, 100.6, 100.6]
HE_weighted_D_mean_Pop1 = [0.00555, 0.00368, 0.005, 0.005]
HE_Neb_mean_Pop2        = [57.2, 56.0, 68.7, 68.7]
HE_weighted_D_mean_Pop2 = [0.00882, 0.009, 0.00733, 0.00733]

[Molecular Coancestry]
Coan_Neb_n_Pop1 = None
Coan_f1_Pop1    = -0.00088
Coan_Neb_n_Pop2 = 50.7
Coan_f1_Pop2    = 0.00986

[Ne Estimates - Temporal - Decreasing critical values (0.050, 0.020, 0.010, 0+)]

[Pollak]
P_Ne     = [-1763.3, -1685.8, -3652.8, -3267.9]
P_Fk     = [0.01716, 0.01703, 0.01863, 0.01847]
P_Fprime = [-0.00284, -0.00297, -0.00137, -0.00153]

[Nei/Tajima]
N_Ne     = [-1791.2, -1699.5, -3344.9, -3049.8]
N_Fc     = [0.01721, 0.01706, 0.01851, 0.01836]
N_Fprime = [-0.00279, -0.00294, -0.00149, -0.00164]

[Jorde/Ryman]
J_Ne     = [-3750.7, -4047.3, -5867.4, -5640.3]
J_Fs     = [0.01877, 0.01887, 0.01925, 0.01921]
J_Fprime = [-0.00133, -0.00124, -0.00085, -0.00089]

[Genetic Diversity - Heterozygosity]
mean_exp_het_pop1 = 0.8527
mean_obs_het_pop1 = 0.8552
mean_exp_het_pop2 = 0.8464
mean_obs_het_pop2 = 0.8505

[Genetic Diversity - Allele Counts]
mean_alleles_pop1 = 10.9
var_alleles_pop1  = 4.39
sum_alleles_pop1  = 229
mean_alleles_pop2 = 11.55
var_alleles_pop2  = 6.16
sum_alleles_pop2  = 485

[Genetic Diversity - Allelic Size Variance]
var_allele_size_pop1 = 6.6643
var_allele_size_pop2 = 7.1168

[Per-locus summary - Population 1]
Locus | Num_Alleles | Alleles                                                           | Frequencies                                                                                                      | Variance | Obs_Het | Exp_Het
------+-------------+-------------------------------------------------------------------+------------------------------------------------------------------------------------------------------------------+----------+---------+--------
1     | 11          | [97, 99, 100, 101, 102, 103, 104, 105, 106, 107, 108]             | [0.0100, 0.1100, 0.1300, 0.0700, 0.1000, 0.1700, 0.1400, 0.1400, 0.0100, 0.0400, 0.0800]                         | 7.0856   | 0.9600  | 0.8887 
2     | 8           | [98, 99, 100, 101, 102, 103, 104, 106]                            | [0.0300, 0.2500, 0.3300, 0.2000, 0.0300, 0.1100, 0.0300, 0.0200]                                                 | 2.6096   | 0.7800  | 0.7812 
3     | 10          | [96, 97, 98, 99, 100, 101, 102, 103, 104, 105]                    | [0.0300, 0.0700, 0.1300, 0.1500, 0.1300, 0.1900, 0.1600, 0.0800, 0.0200, 0.0400]                                 | 4.5659   | 0.9600  | 0.8766 
4     | 13          | [93, 95, 96, 97, 98, 99, 100, 101, 102, 103, 104, 105, 106]       | [0.0300, 0.0600, 0.0100, 0.0300, 0.0200, 0.0200, 0.0800, 0.0600, 0.1900, 0.1900, 0.1800, 0.1100, 0.0200]         | 9.4900   | 0.8400  | 0.8753 
5     | 9           | [94, 95, 96, 97, 98, 99, 100, 101, 102]                           | [0.0100, 0.0500, 0.1500, 0.1700, 0.0900, 0.2300, 0.2700, 0.0100, 0.0200]                                         | 3.0516   | 0.9000  | 0.8198 
6     | 13          | [90, 91, 96, 98, 99, 101, 102, 103, 104, 105, 106, 107, 108]      | [0.0100, 0.0200, 0.0300, 0.0600, 0.0300, 0.0300, 0.0600, 0.1100, 0.1500, 0.1200, 0.2300, 0.1400, 0.0100]         | 13.0651  | 0.8400  | 0.8768 
7     | 14          | [94, 95, 96, 98, 99, 100, 101, 102, 103, 104, 105, 106, 107, 109] | [0.0500, 0.0700, 0.0200, 0.0100, 0.0300, 0.1300, 0.2000, 0.1400, 0.1200, 0.0500, 0.0600, 0.0900, 0.0200, 0.0100] | 11.3411  | 0.9400  | 0.8945 
8     | 10          | [96, 97, 98, 100, 101, 102, 103, 104, 105, 106]                   | [0.1200, 0.0200, 0.0300, 0.0700, 0.1300, 0.1700, 0.2900, 0.1000, 0.0100, 0.0600]                                 | 7.2475   | 0.8800  | 0.8442 
9     | 11          | [93, 95, 97, 98, 99, 100, 101, 102, 103, 104, 107]                | [0.0100, 0.0200, 0.0500, 0.1400, 0.1500, 0.2300, 0.1300, 0.1500, 0.0800, 0.0300, 0.0100]                         | 4.5579   | 0.8800  | 0.8638 
10    | 7           | [99, 100, 101, 102, 103, 104, 105]                                | [0.0600, 0.1200, 0.4000, 0.2900, 0.0800, 0.0200, 0.0300]                                                         | 1.4779   | 0.7000  | 0.7376 
11    | 14          | [93, 94, 95, 96, 97, 98, 99, 100, 101, 102, 103, 104, 105, 106]   | [0.0100, 0.0200, 0.0600, 0.2400, 0.0200, 0.0200, 0.1400, 0.0600, 0.0900, 0.0700, 0.0600, 0.1100, 0.0600, 0.0400] | 12.4700  | 0.9400  | 0.8893 
12    | 12          | [95, 96, 99, 100, 101, 102, 103, 104, 105, 107, 108, 109]         | [0.0100, 0.0300, 0.0100, 0.1300, 0.1300, 0.3100, 0.1800, 0.1000, 0.0700, 0.0100, 0.0100, 0.0100]                 | 4.6100   | 0.8000  | 0.8297 
13    | 12          | [95, 96, 97, 98, 99, 100, 101, 102, 103, 104, 105, 109]           | [0.0600, 0.1100, 0.2700, 0.2100, 0.1200, 0.0700, 0.0400, 0.0400, 0.0100, 0.0100, 0.0300, 0.0300]                 | 8.0896   | 0.8400  | 0.8513 
14    | 12          | [96, 98, 99, 100, 102, 103, 104, 105, 106, 107, 108, 111]         | [0.0300, 0.2000, 0.0800, 0.0900, 0.1700, 0.1100, 0.1700, 0.0500, 0.0200, 0.0100, 0.0300, 0.0400]                 | 11.4731  | 0.8600  | 0.8780 
15    | 11          | [95, 97, 98, 99, 100, 101, 102, 103, 104, 105, 106]               | [0.0200, 0.1100, 0.1000, 0.2500, 0.2600, 0.0900, 0.0600, 0.0500, 0.0300, 0.0200, 0.0100]                         | 4.2024   | 0.8200  | 0.8402 
16    | 10          | [100, 101, 102, 103, 104, 105, 106, 107, 108, 109]                | [0.0400, 0.1000, 0.0900, 0.1000, 0.0600, 0.2400, 0.0800, 0.1700, 0.0800, 0.0400]                                 | 5.8939   | 0.9000  | 0.8746 
17    | 10          | [95, 96, 97, 98, 99, 100, 101, 102, 104, 105]                     | [0.0700, 0.0800, 0.0800, 0.1800, 0.2100, 0.1800, 0.0900, 0.0900, 0.0100, 0.0100]                                 | 4.2856   | 0.9200  | 0.8657 
18    | 10          | [94, 95, 96, 97, 98, 99, 100, 101, 105, 106]                      | [0.0500, 0.1100, 0.2000, 0.2300, 0.1400, 0.1200, 0.0400, 0.0800, 0.0100, 0.0200]                                 | 5.3499   | 0.8200  | 0.8586 
19    | 7           | [100, 101, 102, 103, 104, 105, 106]                               | [0.0600, 0.0600, 0.2300, 0.2700, 0.2400, 0.1300, 0.0100]                                                         | 1.8600   | 0.6600  | 0.8004 
20    | 14          | [94, 95, 96, 97, 98, 99, 100, 102, 103, 104, 105, 106, 107, 108]  | [0.0300, 0.0500, 0.1500, 0.1700, 0.1900, 0.1400, 0.1100, 0.0100, 0.0500, 0.0100, 0.0100, 0.0500, 0.0200, 0.0100] | 9.8416   | 0.8200  | 0.8804 
21    | 11          | [94, 95, 96, 97, 98, 99, 100, 101, 102, 103, 104]                 | [0.0400, 0.2000, 0.1900, 0.1100, 0.1400, 0.0700, 0.0800, 0.0300, 0.0400, 0.0700, 0.0300]                         | 7.3824   | 0.9000  | 0.8798 

[Per-locus summary - Population 2]
Locus | Num_Alleles | Alleles                                                                 | Frequencies                                                                                                              | Variance | Obs_Het | Exp_Het
------+-------------+-------------------------------------------------------------------------+--------------------------------------------------------------------------------------------------------------------------+----------+---------+--------
1     | 11          | [97, 98, 99, 100, 101, 102, 103, 104, 105, 107, 108]                    | [0.0200, 0.0200, 0.1300, 0.1100, 0.0500, 0.0700, 0.2700, 0.1100, 0.0800, 0.0500, 0.0900]                                 | 7.9376   | 0.7600  | 0.8695 
2     | 9           | [98, 99, 100, 101, 102, 103, 104, 105, 106]                             | [0.0300, 0.1400, 0.4300, 0.1600, 0.0500, 0.1300, 0.0100, 0.0100, 0.0400]                                                 | 3.0316   | 0.7200  | 0.7553 
3     | 9           | [96, 97, 98, 99, 100, 101, 102, 103, 105]                               | [0.0600, 0.0500, 0.1400, 0.1700, 0.1100, 0.2800, 0.1300, 0.0300, 0.0300]                                                 | 3.9564   | 0.8400  | 0.8447 
4     | 12          | [95, 96, 97, 98, 99, 100, 101, 102, 103, 104, 105, 106]                 | [0.1200, 0.0200, 0.0200, 0.0200, 0.0200, 0.0400, 0.0900, 0.1900, 0.1800, 0.1600, 0.1000, 0.0400]                         | 10.0419  | 0.8400  | 0.8774 
5     | 8           | [95, 96, 97, 98, 99, 100, 101, 102]                                     | [0.1000, 0.1400, 0.2000, 0.1300, 0.1800, 0.2100, 0.0200, 0.0200]                                                         | 3.1784   | 0.8600  | 0.8447 
6     | 15          | [90, 91, 96, 98, 99, 100, 101, 102, 103, 104, 105, 106, 107, 108, 109]  | [0.0100, 0.0400, 0.0300, 0.0600, 0.0300, 0.0100, 0.0500, 0.0800, 0.0800, 0.1200, 0.1400, 0.2500, 0.0800, 0.0100, 0.0100] | 16.0731  | 0.9000  | 0.8832 
7     | 14          | [93, 94, 95, 96, 98, 99, 100, 101, 102, 103, 104, 105, 106, 107]        | [0.0200, 0.0900, 0.0700, 0.0200, 0.0400, 0.0600, 0.0900, 0.2100, 0.0700, 0.0800, 0.0900, 0.0500, 0.0900, 0.0200]         | 14.2331  | 0.9000  | 0.9075 
8     | 10          | [95, 96, 99, 100, 101, 102, 103, 104, 105, 106]                         | [0.0100, 0.1500, 0.0200, 0.0600, 0.2200, 0.2000, 0.2000, 0.0500, 0.0200, 0.0700]                                         | 7.6971   | 0.9400  | 0.8457 
9     | 10          | [96, 97, 98, 99, 100, 101, 102, 103, 104, 107]                          | [0.0200, 0.0700, 0.2000, 0.2400, 0.1100, 0.1000, 0.1600, 0.0500, 0.0200, 0.0300]                                         | 4.9651   | 0.9400  | 0.8541 
10    | 7           | [99, 100, 101, 102, 103, 104, 105]                                      | [0.0900, 0.1000, 0.4500, 0.1700, 0.0500, 0.1000, 0.0400]                                                                 | 2.1675   | 0.7000  | 0.7438 
11    | 14          | [94, 95, 96, 97, 98, 99, 100, 101, 102, 103, 104, 105, 106, 107]        | [0.0200, 0.0800, 0.2100, 0.0200, 0.0500, 0.1500, 0.0400, 0.1000, 0.0500, 0.0600, 0.1000, 0.0700, 0.0200, 0.0300]         | 12.9459  | 0.9400  | 0.8988 
12    | 11          | [94, 96, 99, 100, 101, 102, 103, 104, 105, 108, 109]                    | [0.0100, 0.0200, 0.0400, 0.0700, 0.1200, 0.3400, 0.1500, 0.1400, 0.0700, 0.0300, 0.0100]                                 | 4.9339   | 0.8200  | 0.8232 
13    | 13          | [95, 96, 97, 98, 99, 100, 101, 102, 103, 104, 105, 106, 109]            | [0.0800, 0.0700, 0.2300, 0.2100, 0.1200, 0.0600, 0.0300, 0.0200, 0.0400, 0.0300, 0.0700, 0.0100, 0.0300]                 | 10.7936  | 0.8400  | 0.8727 
14    | 15          | [95, 97, 98, 99, 100, 101, 102, 103, 104, 105, 106, 107, 108, 109, 111] | [0.0400, 0.0100, 0.2300, 0.1400, 0.0400, 0.0100, 0.1900, 0.1200, 0.0600, 0.0900, 0.0100, 0.0100, 0.0200, 0.0100, 0.0200] | 11.1059  | 0.8800  | 0.8695 
15    | 10          | [96, 97, 98, 99, 100, 101, 102, 103, 104, 106]                          | [0.0100, 0.1300, 0.1100, 0.3100, 0.2200, 0.1000, 0.0100, 0.0600, 0.0400, 0.0100]                                         | 3.5664   | 0.8200  | 0.8192 
16    | 11          | [98, 100, 101, 102, 103, 104, 105, 106, 107, 108, 109]                  | [0.0200, 0.0200, 0.1200, 0.1700, 0.1200, 0.1200, 0.2500, 0.0600, 0.0700, 0.0300, 0.0200]                                 | 4.9716   | 0.9400  | 0.8634 
17    | 11          | [95, 96, 97, 98, 99, 100, 101, 102, 103, 104, 105]                      | [0.0800, 0.1000, 0.0800, 0.2300, 0.1800, 0.0900, 0.0900, 0.1100, 0.0100, 0.0100, 0.0200]                                 | 5.2600   | 0.9000  | 0.8717 
18    | 11          | [94, 95, 96, 97, 98, 99, 100, 101, 102, 105, 107]                       | [0.0100, 0.1800, 0.2100, 0.1300, 0.1300, 0.1500, 0.1000, 0.0500, 0.0100, 0.0200, 0.0100]                                 | 5.5704   | 0.8600  | 0.8626 
19    | 7           | [100, 101, 102, 103, 104, 105, 106]                                     | [0.0700, 0.0600, 0.1900, 0.4200, 0.1700, 0.0700, 0.0200]                                                                 | 1.6675   | 0.7000  | 0.7523 
20    | 14          | [94, 95, 96, 97, 98, 99, 100, 101, 102, 103, 104, 105, 106, 107]        | [0.0100, 0.0500, 0.1000, 0.1900, 0.2100, 0.1600, 0.1300, 0.0100, 0.0100, 0.0100, 0.0100, 0.0100, 0.0400, 0.0600]         | 9.7475   | 0.8400  | 0.8677 
21    | 12          | [93, 94, 95, 96, 97, 98, 99, 100, 101, 102, 103, 104]                   | [0.0100, 0.0200, 0.2500, 0.2100, 0.1500, 0.1500, 0.0600, 0.0300, 0.0400, 0.0200, 0.0500, 0.0100]                         | 5.6076   | 0.9200  | 0.8473 
