
[Simulation Info]
simulation_id = sim_0006354
timestamp     = 20250428_095413
seed          = 562647
output_folder = /home/lejeunet/Bureau/simulations/Ref_table/sim_0006354

[Model Parameters]
pop_size           = 1441
num_loci           = 20
sample1_generation = 30
sample2_generation = 10
low_repeats        = 1
high_repeats       = 200
mutation_rate      = 0.001
recap_Ne           = 1441

[Sampling Design]
sample1_size_Ne  = 50
sample2_size_Ne  = 50
sample1_size_CMR = 50
sample2_size_CMR = 50

[Capture-Marquage-Recapture]
census_N   =  2601
MatchCount =  1

[Ne Estimates - One Sample - Decreasing critical values [0.050, 0.020, 0.010, 0+]]

[Linkage Desequilibrium]
LD_Ne_Pop1 = [970.9, None, None, None]
LD_r2_Pop1 = [0.021619, 0.021149, 0.021043, 0.021043]
LD_Ne_Pop2 = [484.2, 1118.0, 1041.3, 1041.3]
LD_r2_Pop2 = [0.021961, 0.021574, 0.021595, 0.021595]

[Heterozygote excess]
HE_Neb_mean_Pop1        = [46.8, 29.9, 29.9, 29.9]
HE_weighted_D_mean_Pop1 = [0.0108, 0.01699, 0.01699, 0.01699]
HE_Neb_mean_Pop2        = [None, None, None, None]
HE_weighted_D_mean_Pop2 = [-0.02022, -0.01944, -0.01953, -0.01953]

[Molecular Coancestry]
Coan_Neb_n_Pop1 = None
Coan_f1_Pop1    = -0.01067
Coan_Neb_n_Pop2 = None
Coan_f1_Pop2    = -0.0152

[Ne Estimates - Temporal - Decreasing critical values (0.050, 0.020, 0.010, 0+)]

[Pollak]
P_Ne     = [567.8, 568.0, 641.0, 641.0]
P_Fk     = [0.02881, 0.0288, 0.0278, 0.0278]
P_Fprime = [0.00881, 0.0088, 0.0078, 0.0078]

[Nei/Tajima]
N_Ne     = [575.2, 576.8, 640.6, 640.6]
N_Fc     = [0.02869, 0.02867, 0.0278, 0.0278]
N_Fprime = [0.00869, 0.00867, 0.0078, 0.0078]

[Jorde/Ryman]
J_Ne     = [518.1, 501.6, 509.6, 509.6]
J_Fs     = [0.02977, 0.03009, 0.02994, 0.02994]
J_Fprime = [0.00965, 0.00997, 0.00981, 0.00981]

[Genetic Diversity - Heterozygosity]
mean_exp_het_pop1 = 0.7407
mean_obs_het_pop1 = 0.7552
mean_exp_het_pop2 = 0.7474
mean_obs_het_pop2 = 0.7314

[Genetic Diversity - Allele Counts]
mean_alleles_pop1 = 6.67
var_alleles_pop1  = 2.33
sum_alleles_pop1  = 140
mean_alleles_pop2 = 6.67
var_alleles_pop2  = 1.79
sum_alleles_pop2  = 280

[Genetic Diversity - Allelic Size Variance]
var_allele_size_pop1 = 2.3799
var_allele_size_pop2 = 2.3991

[Per-locus summary - Population 1]
Locus | Num_Alleles | Alleles                                   | Frequencies                                                              | Variance | Obs_Het | Exp_Het
------+-------------+-------------------------------------------+--------------------------------------------------------------------------+----------+---------+--------
1     | 6           | [98, 99, 100, 101, 102, 103]              | [0.0200, 0.1100, 0.3000, 0.4000, 0.1600, 0.0100]                         | 0.9600   | 0.7200  | 0.7190 
2     | 6           | [98, 99, 100, 101, 102, 103]              | [0.0500, 0.2400, 0.1300, 0.4500, 0.1100, 0.0200]                         | 1.3579   | 0.7600  | 0.7151 
3     | 6           | [97, 98, 99, 100, 101, 102]               | [0.1100, 0.1100, 0.1300, 0.3200, 0.2700, 0.0600]                         | 1.9859   | 0.7200  | 0.7879 
4     | 7           | [97, 98, 99, 100, 101, 102, 103]          | [0.0600, 0.2400, 0.2700, 0.2800, 0.0700, 0.0700, 0.0100]                 | 1.7339   | 0.7200  | 0.7854 
5     | 7           | [98, 99, 100, 101, 102, 103, 104]         | [0.0100, 0.2900, 0.0700, 0.1900, 0.3300, 0.0500, 0.0600]                 | 2.3851   | 0.7600  | 0.7675 
6     | 9           | [93, 94, 95, 96, 97, 98, 99, 100, 101]    | [0.0100, 0.1100, 0.2000, 0.0300, 0.0700, 0.2500, 0.2300, 0.0600, 0.0400] | 4.2675   | 0.8400  | 0.8297 
7     | 9           | [96, 97, 98, 99, 100, 101, 102, 105, 106] | [0.0200, 0.0300, 0.2500, 0.1200, 0.1400, 0.2400, 0.1000, 0.0100, 0.0900] | 5.7824   | 0.9000  | 0.8347 
8     | 4           | [98, 99, 100, 101]                        | [0.4600, 0.1300, 0.3700, 0.0400]                                         | 0.9899   | 0.7400  | 0.6394 
9     | 7           | [97, 98, 99, 100, 101, 102, 103]          | [0.0200, 0.0600, 0.2100, 0.3100, 0.0200, 0.3100, 0.0700]                 | 2.3084   | 0.6400  | 0.7620 
10    | 9           | [96, 97, 98, 99, 100, 101, 102, 103, 104] | [0.0300, 0.0100, 0.2600, 0.2600, 0.0200, 0.0200, 0.2000, 0.1300, 0.0700] | 4.9544   | 0.8800  | 0.8093 
11    | 5           | [99, 101, 102, 103, 104]                  | [0.0400, 0.4000, 0.2000, 0.3000, 0.0600]                                 | 1.2900   | 0.7400  | 0.7119 
12    | 4           | [99, 100, 101, 102]                       | [0.2100, 0.3800, 0.3200, 0.0900]                                         | 0.8059   | 0.7200  | 0.7081 
13    | 5           | [100, 101, 102, 103, 104]                 | [0.0800, 0.4100, 0.2400, 0.2400, 0.0300]                                 | 1.0171   | 0.7200  | 0.7166 
14    | 7           | [97, 98, 99, 100, 101, 102, 103]          | [0.1400, 0.4500, 0.1500, 0.0100, 0.0300, 0.0400, 0.1800]                 | 4.3476   | 0.8000  | 0.7277 
15    | 7           | [96, 97, 98, 99, 100, 101, 102]           | [0.0600, 0.1700, 0.1600, 0.1900, 0.1400, 0.2400, 0.0400]                 | 2.8364   | 0.8200  | 0.8354 
16    | 6           | [98, 99, 100, 101, 102, 103]              | [0.0300, 0.1300, 0.1500, 0.6100, 0.0500, 0.0300]                         | 0.9579   | 0.6000  | 0.5901 
17    | 5           | [98, 99, 100, 101, 103]                   | [0.0500, 0.2400, 0.5200, 0.1500, 0.0400]                                 | 0.9451   | 0.6000  | 0.6519 
18    | 7           | [95, 96, 97, 99, 100, 101, 103]           | [0.0100, 0.0400, 0.0900, 0.1700, 0.5500, 0.1200, 0.0200]                 | 1.9491   | 0.7200  | 0.6505 
19    | 8           | [97, 98, 99, 100, 101, 102, 103, 104]     | [0.0200, 0.2200, 0.2700, 0.4000, 0.0100, 0.0200, 0.0400, 0.0200]         | 1.8296   | 0.8000  | 0.7230 
20    | 8           | [96, 98, 99, 100, 101, 102, 103, 104]     | [0.0600, 0.0100, 0.0900, 0.1100, 0.2600, 0.3500, 0.0900, 0.0300]         | 3.0400   | 0.8800  | 0.7849 
21    | 8           | [94, 95, 96, 97, 98, 99, 100, 102]        | [0.0300, 0.1100, 0.0700, 0.0600, 0.3700, 0.1000, 0.1500, 0.1100]         | 4.2339   | 0.7800  | 0.8051 

[Per-locus summary - Population 2]
Locus | Num_Alleles | Alleles                                   | Frequencies                                                              | Variance | Obs_Het | Exp_Het
------+-------------+-------------------------------------------+--------------------------------------------------------------------------+----------+---------+--------
1     | 4           | [99, 100, 101, 102]                       | [0.2300, 0.2600, 0.4300, 0.0800]                                         | 0.8504   | 0.6000  | 0.6952 
2     | 6           | [98, 99, 100, 101, 102, 103]              | [0.1400, 0.2300, 0.2000, 0.2900, 0.1100, 0.0300]                         | 1.7819   | 0.7800  | 0.7984 
3     | 6           | [97, 98, 99, 100, 101, 102]               | [0.0800, 0.0500, 0.1400, 0.4300, 0.2900, 0.0100]                         | 1.3611   | 0.7000  | 0.7095 
4     | 6           | [97, 98, 99, 100, 101, 102]               | [0.0400, 0.2800, 0.2300, 0.2000, 0.1200, 0.1300]                         | 2.0691   | 0.7600  | 0.8038 
5     | 6           | [99, 100, 101, 102, 103, 104]             | [0.1800, 0.0900, 0.2100, 0.3600, 0.0400, 0.1200]                         | 2.2875   | 0.8200  | 0.7776 
6     | 8           | [94, 95, 96, 97, 98, 99, 100, 101]        | [0.0700, 0.2700, 0.0200, 0.0800, 0.1700, 0.2500, 0.1300, 0.0100]         | 4.1211   | 0.7000  | 0.8152 
7     | 9           | [96, 97, 98, 99, 100, 101, 102, 105, 106] | [0.0600, 0.0200, 0.2600, 0.1700, 0.1000, 0.2400, 0.0600, 0.0200, 0.0700] | 5.8379   | 0.7800  | 0.8313 
8     | 5           | [97, 98, 99, 100, 101]                    | [0.0900, 0.3600, 0.1100, 0.4300, 0.0100]                                 | 1.1819   | 0.6600  | 0.6719 
9     | 7           | [97, 98, 99, 100, 101, 102, 103]          | [0.0100, 0.1200, 0.2300, 0.3600, 0.0100, 0.2300, 0.0400]                 | 2.0819   | 0.6600  | 0.7560 
10    | 7           | [97, 98, 99, 101, 102, 103, 104]          | [0.0100, 0.3700, 0.2900, 0.0900, 0.1500, 0.0500, 0.0400]                 | 3.5104   | 0.7800  | 0.7517 
11    | 6           | [99, 100, 101, 102, 103, 104]             | [0.0800, 0.0300, 0.3700, 0.2000, 0.2800, 0.0400]                         | 1.5539   | 0.7200  | 0.7432 
12    | 4           | [99, 100, 101, 102]                       | [0.1100, 0.3100, 0.3400, 0.2400]                                         | 0.9059   | 0.7400  | 0.7259 
13    | 6           | [100, 101, 102, 103, 104, 105]            | [0.0400, 0.5200, 0.2400, 0.1200, 0.0700, 0.0100]                         | 1.0739   | 0.6200  | 0.6576 
14    | 5           | [97, 98, 99, 102, 103]                    | [0.1100, 0.5200, 0.1800, 0.0700, 0.1200]                                 | 3.5075   | 0.7200  | 0.6725 
15    | 7           | [96, 97, 98, 99, 100, 101, 102]           | [0.0400, 0.1400, 0.1000, 0.2800, 0.0800, 0.3000, 0.0600]                 | 2.7104   | 0.8200  | 0.7984 
16    | 6           | [98, 99, 100, 101, 102, 103]              | [0.0300, 0.2300, 0.1700, 0.4100, 0.1100, 0.0500]                         | 1.4099   | 0.8200  | 0.7420 
17    | 6           | [98, 99, 100, 101, 102, 103]              | [0.0200, 0.2100, 0.4200, 0.2600, 0.0300, 0.0600]                         | 1.1475   | 0.6000  | 0.7141 
18    | 8           | [95, 96, 97, 99, 100, 101, 102, 103]      | [0.0100, 0.0800, 0.0900, 0.1600, 0.4900, 0.1300, 0.0200, 0.0200]         | 2.5651   | 0.7200  | 0.7091 
19    | 8           | [97, 98, 99, 100, 101, 102, 103, 104]     | [0.0600, 0.1700, 0.4000, 0.2700, 0.0300, 0.0400, 0.0200, 0.0100]         | 1.6459   | 0.7400  | 0.7390 
20    | 7           | [96, 99, 100, 101, 102, 103, 104]         | [0.1600, 0.1200, 0.0700, 0.2900, 0.2500, 0.1000, 0.0100]                 | 4.8931   | 0.8200  | 0.8065 
21    | 8           | [94, 95, 96, 97, 98, 99, 100, 102]        | [0.0100, 0.1400, 0.0500, 0.0700, 0.4100, 0.0900, 0.1300, 0.1000]         | 3.8856   | 0.8000  | 0.7776 
