
[Simulation Info]
simulation_id = sim_0008997
timestamp     = 20250428_110746
seed          = 898329
output_folder = /home/lejeunet/Bureau/simulations/Ref_table/sim_0008997

[Model Parameters]
pop_size           = 5078
num_loci           = 20
sample1_generation = 30
sample2_generation = 10
low_repeats        = 1
high_repeats       = 200
mutation_rate      = 0.001
recap_Ne           = 5078

[Sampling Design]
sample1_size_Ne  = 50
sample2_size_Ne  = 50
sample1_size_CMR = 50
sample2_size_CMR = 50

[Capture-Marquage-Recapture]
census_N   =  2601
MatchCount =  1

[Ne Estimates - One Sample - Decreasing critical values [0.050, 0.020, 0.010, 0+]]

[Linkage Desequilibrium]
LD_Ne_Pop1 = [None, 9477.3, 1469.1, 1469.1]
LD_r2_Pop1 = [0.021054, 0.021311, 0.021503, 0.021503]
LD_Ne_Pop2 = [6063.8, 1551.5, 3750.3, 3750.3]
LD_r2_Pop2 = [0.021331, 0.021491, 0.021365, 0.021365]

[Heterozygote excess]
HE_Neb_mean_Pop1        = [31.9, 37.0, 43.4, 43.4]
HE_weighted_D_mean_Pop1 = [0.01592, 0.01369, 0.01165, 0.01165]
HE_Neb_mean_Pop2        = [116.4, 81.3, 97.8, 97.8]
HE_weighted_D_mean_Pop2 = [0.00431, 0.00619, 0.00514, 0.00514]

[Molecular Coancestry]
Coan_Neb_n_Pop1 = None
Coan_f1_Pop1    = -0.00811
Coan_Neb_n_Pop2 = 123.8
Coan_f1_Pop2    = 0.00404

[Ne Estimates - Temporal - Decreasing critical values (0.050, 0.020, 0.010, 0+)]

[Pollak]
P_Ne     = [4998.8, 60842.1, 3545.1, 4296.0]
P_Fk     = [0.021, 0.02008, 0.02141, 0.02116]
P_Fprime = [0.001, 8e-05, 0.00141, 0.00116]

[Nei/Tajima]
N_Ne     = [8762.2, -20392.2, 5061.7, 6421.5]
N_Fc     = [0.02057, 0.01975, 0.02099, 0.02078]
N_Fprime = [0.00057, -0.00025, 0.00099, 0.00078]

[Jorde/Ryman]
J_Ne     = [13369.4, -42218.5, 18182.9, 20890.4]
J_Fs     = [0.02047, 0.01998, 0.02038, 0.02034]
J_Fprime = [0.00037, -0.00012, 0.00027, 0.00024]

[Genetic Diversity - Heterozygosity]
mean_exp_het_pop1 = 0.8144
mean_obs_het_pop1 = 0.8276
mean_exp_het_pop2 = 0.8212
mean_obs_het_pop2 = 0.8305

[Genetic Diversity - Allele Counts]
mean_alleles_pop1 = 10.14
var_alleles_pop1  = 3.43
sum_alleles_pop1  = 213
mean_alleles_pop2 = 10.4
var_alleles_pop2  = 4.98
sum_alleles_pop2  = 437

[Genetic Diversity - Allelic Size Variance]
var_allele_size_pop1 = 7.7362
var_allele_size_pop2 = 8.3601

[Per-locus summary - Population 1]
Locus | Num_Alleles | Alleles                                                          | Frequencies                                                                                                              | Variance | Obs_Het | Exp_Het
------+-------------+------------------------------------------------------------------+--------------------------------------------------------------------------------------------------------------------------+----------+---------+--------
1     | 15          | [85, 86, 87, 88, 89, 90, 91, 92, 93, 94, 95, 100, 101, 102, 103] | [0.0600, 0.2000, 0.0600, 0.0100, 0.0600, 0.1200, 0.1700, 0.0500, 0.0700, 0.0500, 0.0400, 0.0100, 0.0200, 0.0200, 0.0600] | 23.8404  | 0.9600  | 0.8988 
2     | 10          | [95, 97, 98, 99, 100, 101, 102, 103, 104, 105]                   | [0.0300, 0.0200, 0.0900, 0.1100, 0.1900, 0.0600, 0.1400, 0.1700, 0.1500, 0.0400]                                         | 5.6275   | 0.8800  | 0.8750 
3     | 13          | [86, 87, 92, 93, 97, 98, 99, 100, 101, 102, 103, 106, 109]       | [0.0100, 0.0200, 0.0300, 0.0100, 0.0100, 0.0100, 0.0500, 0.2800, 0.3600, 0.1400, 0.0600, 0.0100, 0.0100]                 | 10.5344  | 0.7600  | 0.7721 
4     | 12          | [91, 93, 94, 95, 96, 97, 98, 99, 100, 101, 102, 103]             | [0.0200, 0.0700, 0.2100, 0.0700, 0.0300, 0.0200, 0.0900, 0.1400, 0.1100, 0.1500, 0.0600, 0.0300]                         | 10.3236  | 0.9000  | 0.8865 
5     | 10          | [97, 99, 103, 104, 105, 106, 107, 108, 109, 110]                 | [0.0200, 0.0100, 0.0500, 0.0200, 0.0400, 0.1400, 0.2800, 0.3200, 0.1100, 0.0100]                                         | 4.7339   | 0.8000  | 0.7903 
6     | 10          | [94, 95, 98, 104, 105, 106, 107, 108, 109, 110]                  | [0.0100, 0.0100, 0.0500, 0.0200, 0.0200, 0.2000, 0.2100, 0.2600, 0.1300, 0.0900]                                         | 9.1859   | 0.8800  | 0.8281 
7     | 13          | [97, 98, 99, 100, 102, 103, 104, 105, 106, 110, 111, 112, 113]   | [0.0700, 0.1900, 0.0400, 0.0100, 0.0300, 0.0700, 0.2100, 0.2200, 0.1000, 0.0100, 0.0300, 0.0100, 0.0100]                 | 14.2204  | 0.8400  | 0.8564 
8     | 8           | [103, 105, 106, 107, 108, 109, 110, 111]                         | [0.0200, 0.0300, 0.0400, 0.0500, 0.2800, 0.4300, 0.1200, 0.0300]                                                         | 1.9664   | 0.7400  | 0.7232 
9     | 9           | [85, 86, 91, 92, 93, 94, 95, 98, 99]                             | [0.0200, 0.0300, 0.0800, 0.0700, 0.3100, 0.3800, 0.0100, 0.0900, 0.0100]                                                 | 6.0739   | 0.7000  | 0.7461 
10    | 9           | [92, 93, 94, 95, 96, 97, 104, 105, 106]                          | [0.0300, 0.0800, 0.0500, 0.4100, 0.3200, 0.0700, 0.0200, 0.0100, 0.0100]                                                 | 4.7675   | 0.8200  | 0.7214 
11    | 10          | [94, 95, 105, 106, 107, 108, 109, 110, 111, 112]                 | [0.0200, 0.0100, 0.0400, 0.0800, 0.2700, 0.1600, 0.1500, 0.0500, 0.2000, 0.0200]                                         | 9.0291   | 0.8400  | 0.8360 
12    | 11          | [94, 95, 96, 97, 98, 99, 100, 109, 110, 111, 112]                | [0.0200, 0.1600, 0.2500, 0.2000, 0.0500, 0.2300, 0.0100, 0.0400, 0.0100, 0.0200, 0.0100]                                 | 14.8475  | 0.9200  | 0.8220 
13    | 10          | [89, 90, 101, 102, 103, 104, 105, 106, 107, 108]                 | [0.0300, 0.0100, 0.0400, 0.0300, 0.1800, 0.3300, 0.2000, 0.1000, 0.0700, 0.0100]                                         | 10.6700  | 0.8800  | 0.8083 
14    | 10          | [100, 101, 103, 104, 105, 106, 107, 108, 109, 110]               | [0.0400, 0.0300, 0.0900, 0.1300, 0.0500, 0.1200, 0.1600, 0.2100, 0.1400, 0.0300]                                         | 6.2875   | 0.8800  | 0.8741 
15    | 10          | [96, 97, 98, 99, 100, 101, 102, 108, 109, 110]                   | [0.0400, 0.2900, 0.1300, 0.2100, 0.0600, 0.0200, 0.1700, 0.0300, 0.0400, 0.0100]                                         | 10.6464  | 0.8800  | 0.8261 
16    | 8           | [91, 93, 94, 95, 96, 97, 98, 99]                                 | [0.0100, 0.1900, 0.1900, 0.3400, 0.0600, 0.1500, 0.0500, 0.0100]                                                         | 2.3764   | 0.7800  | 0.7913 
17    | 8           | [99, 100, 101, 102, 103, 104, 105, 106]                          | [0.0100, 0.0100, 0.0200, 0.1300, 0.2200, 0.2400, 0.2500, 0.1200]                                                         | 2.0404   | 0.9000  | 0.8077 
18    | 11          | [93, 94, 95, 96, 97, 98, 99, 100, 102, 103, 104]                 | [0.0100, 0.1200, 0.3100, 0.1900, 0.1900, 0.0400, 0.0400, 0.0200, 0.0500, 0.0100, 0.0200]                                 | 5.3036   | 0.7800  | 0.8188 
19    | 9           | [97, 98, 99, 100, 101, 102, 103, 104, 105]                       | [0.0100, 0.0700, 0.1200, 0.2100, 0.1000, 0.0900, 0.2300, 0.1300, 0.0400]                                                 | 4.1400   | 0.8400  | 0.8556 
20    | 9           | [94, 95, 96, 97, 98, 99, 100, 101, 102]                          | [0.0200, 0.0300, 0.1700, 0.0300, 0.0600, 0.1600, 0.2900, 0.2300, 0.0100]                                                 | 3.9851   | 0.7200  | 0.8107 
21    | 8           | [102, 103, 104, 105, 106, 107, 108, 109]                         | [0.0100, 0.0700, 0.0400, 0.2200, 0.4100, 0.1600, 0.0500, 0.0400]                                                         | 1.8611   | 0.6800  | 0.7548 

[Per-locus summary - Population 2]
Locus | Num_Alleles | Alleles                                                          | Frequencies                                                                                                              | Variance | Obs_Het | Exp_Het
------+-------------+------------------------------------------------------------------+--------------------------------------------------------------------------------------------------------------------------+----------+---------+--------
1     | 15          | [85, 86, 87, 88, 89, 90, 91, 92, 93, 94, 95, 101, 102, 103, 104] | [0.0600, 0.1400, 0.0300, 0.0100, 0.0600, 0.1300, 0.2600, 0.0300, 0.1300, 0.0600, 0.0100, 0.0300, 0.0300, 0.0100, 0.0100] | 17.6051  | 0.8200  | 0.8729 
2     | 10          | [96, 97, 98, 99, 100, 101, 102, 103, 104, 107]                   | [0.0100, 0.0100, 0.1600, 0.0900, 0.1700, 0.1700, 0.0800, 0.1600, 0.1400, 0.0100]                                         | 4.7184   | 0.8800  | 0.8652 
3     | 12          | [87, 88, 92, 93, 98, 99, 100, 101, 102, 103, 106, 108]           | [0.0600, 0.0300, 0.0200, 0.0100, 0.0300, 0.0300, 0.2000, 0.3800, 0.1700, 0.0200, 0.0300, 0.0200]                         | 19.8644  | 0.8200  | 0.7861 
4     | 13          | [91, 92, 93, 94, 95, 96, 97, 98, 99, 100, 101, 102, 103]         | [0.0100, 0.0100, 0.0400, 0.1300, 0.1200, 0.0300, 0.0200, 0.1100, 0.1400, 0.0800, 0.1200, 0.1800, 0.0100]                 | 9.8004   | 0.9000  | 0.8895 
5     | 10          | [95, 97, 98, 99, 103, 105, 106, 107, 108, 109]                   | [0.0200, 0.0200, 0.0100, 0.0500, 0.0500, 0.0800, 0.1500, 0.2800, 0.2800, 0.0600]                                         | 9.5984   | 0.7800  | 0.8129 
6     | 8           | [95, 104, 105, 106, 107, 108, 109, 110]                          | [0.0200, 0.0200, 0.0300, 0.3000, 0.1300, 0.2500, 0.1900, 0.0600]                                                         | 5.0075   | 0.7800  | 0.7972 
7     | 12          | [96, 97, 98, 99, 100, 103, 104, 105, 106, 111, 112, 113]         | [0.0200, 0.0700, 0.1300, 0.0800, 0.0200, 0.1200, 0.1700, 0.2500, 0.0700, 0.0400, 0.0100, 0.0200]                         | 15.3700  | 0.8800  | 0.8669 
8     | 8           | [103, 105, 106, 107, 108, 109, 110, 111]                         | [0.0100, 0.0400, 0.0700, 0.1100, 0.2000, 0.3800, 0.1400, 0.0500]                                                         | 2.2379   | 0.7800  | 0.7826 
9     | 8           | [85, 86, 91, 92, 93, 94, 95, 98]                                 | [0.0500, 0.0400, 0.1300, 0.1300, 0.2800, 0.3000, 0.0100, 0.0600]                                                         | 7.4475   | 0.7400  | 0.7980 
10    | 9           | [92, 93, 94, 95, 96, 97, 98, 105, 106]                           | [0.0100, 0.1100, 0.0700, 0.4200, 0.2500, 0.0700, 0.0300, 0.0200, 0.0200]                                                 | 5.4836   | 0.7600  | 0.7449 
11    | 10          | [95, 97, 105, 106, 107, 108, 109, 110, 111, 112]                 | [0.0400, 0.0100, 0.0100, 0.0700, 0.3300, 0.1700, 0.0800, 0.0900, 0.1500, 0.0500]                                         | 11.2116  | 0.8600  | 0.8242 
12    | 13          | [94, 95, 96, 97, 98, 99, 100, 101, 109, 110, 111, 112, 113]      | [0.0700, 0.1500, 0.1900, 0.1500, 0.0900, 0.2000, 0.0500, 0.0100, 0.0200, 0.0200, 0.0200, 0.0200, 0.0100]                 | 18.6716  | 0.8200  | 0.8703 
13    | 10          | [89, 90, 101, 102, 103, 104, 105, 106, 107, 108]                 | [0.0500, 0.0100, 0.0300, 0.0400, 0.1800, 0.2900, 0.1800, 0.0900, 0.1200, 0.0100]                                         | 15.3696  | 0.9000  | 0.8317 
14    | 10          | [100, 101, 103, 104, 105, 106, 107, 108, 109, 110]               | [0.0100, 0.0200, 0.0500, 0.1600, 0.0400, 0.1700, 0.1600, 0.2600, 0.1000, 0.0300]                                         | 4.3851   | 0.8800  | 0.8452 
15    | 11          | [96, 97, 98, 99, 100, 101, 102, 103, 108, 109, 110]              | [0.0200, 0.2100, 0.1700, 0.2900, 0.0400, 0.0300, 0.1700, 0.0100, 0.0100, 0.0300, 0.0200]                                 | 8.8979   | 0.7800  | 0.8178 
16    | 7           | [92, 93, 94, 95, 96, 97, 98]                                     | [0.0300, 0.1200, 0.2300, 0.3300, 0.0800, 0.0900, 0.1200]                                                                 | 2.4964   | 0.8600  | 0.8020 
17    | 7           | [99, 100, 102, 103, 104, 105, 106]                               | [0.0200, 0.0100, 0.1800, 0.3100, 0.1700, 0.1900, 0.1200]                                                                 | 2.2156   | 0.8200  | 0.7996 
18    | 9           | [93, 94, 95, 96, 97, 98, 99, 103, 104]                           | [0.0100, 0.1000, 0.2600, 0.1700, 0.2200, 0.0800, 0.1100, 0.0100, 0.0400]                                                 | 4.9579   | 0.9400  | 0.8331 
19    | 9           | [98, 99, 100, 101, 102, 103, 104, 105, 106]                      | [0.0600, 0.1900, 0.1600, 0.0200, 0.1200, 0.2400, 0.1600, 0.0400, 0.0100]                                                 | 4.5451   | 0.8800  | 0.8434 
20    | 9           | [94, 95, 96, 97, 98, 99, 100, 101, 102]                          | [0.0100, 0.0800, 0.1700, 0.0700, 0.1600, 0.1700, 0.1200, 0.2100, 0.0100]                                                 | 4.1779   | 0.8200  | 0.8551 
21    | 8           | [102, 103, 104, 105, 106, 107, 108, 109]                         | [0.0100, 0.0200, 0.0400, 0.2000, 0.4800, 0.1500, 0.0500, 0.0500]                                                         | 1.4996   | 0.7400  | 0.7071 
