
[Simulation Info]
simulation_id = sim_0000446
timestamp     = 20250428_074304
seed          = 12536
output_folder = /home/lejeunet/Bureau/simulations/Ref_table/sim_0000446

[Model Parameters]
pop_size           = 1433
num_loci           = 20
sample1_generation = 30
sample2_generation = 10
low_repeats        = 1
high_repeats       = 200
mutation_rate      = 0.001
recap_Ne           = 1433

[Sampling Design]
sample1_size_Ne  = 50
sample2_size_Ne  = 50
sample1_size_CMR = 50
sample2_size_CMR = 50

[Capture-Marquage-Recapture]
census_N   =  1300
MatchCount =  2

[Ne Estimates - One Sample - Decreasing critical values [0.050, 0.020, 0.010, 0+]]

[Linkage Desequilibrium]
LD_Ne_Pop1 = [401.3, 538.6, 557.8, 557.8]
LD_r2_Pop1 = [0.022102, 0.021892, 0.021871, 0.021871]
LD_Ne_Pop2 = [343.2, 419.6, 2044.9, 2044.9]
LD_r2_Pop2 = [0.022241, 0.022066, 0.021439, 0.021439]

[Heterozygote excess]
HE_Neb_mean_Pop1        = [None, None, None, None]
HE_weighted_D_mean_Pop1 = [-0.02276, -0.02204, -0.02196, -0.02196]
HE_Neb_mean_Pop2        = [None, None, None, None]
HE_weighted_D_mean_Pop2 = [-0.03162, -0.02967, -0.02938, -0.02938]

[Molecular Coancestry]
Coan_Neb_n_Pop1 = 32.6
Coan_f1_Pop1    = 0.01533
Coan_Neb_n_Pop2 = 16.5
Coan_f1_Pop2    = 0.03031

[Ne Estimates - Temporal - Decreasing critical values (0.050, 0.020, 0.010, 0+)]

[Pollak]
P_Ne     = [-4479.7, 7082.3, 11373.3, 20899.6]
P_Fk     = [0.01888, 0.02071, 0.02044, 0.02024]
P_Fprime = [-0.00112, 0.00071, 0.00044, 0.00024]

[Nei/Tajima]
N_Ne     = [-13298.3, 4913.4, 6425.3, 8206.9]
N_Fc     = [0.01962, 0.02102, 0.02078, 0.02061]
N_Fprime = [-0.00038, 0.00102, 0.00078, 0.00061]

[Jorde/Ryman]
J_Ne     = [1651.0, 1546.2, 1533.7, 1540.6]
J_Fs     = [0.02313, 0.02334, 0.02336, 0.02335]
J_Fprime = [0.00303, 0.00323, 0.00326, 0.00325]

[Genetic Diversity - Heterozygosity]
mean_exp_het_pop1 = 0.6618
mean_obs_het_pop1 = 0.6429
mean_exp_het_pop2 = 0.6514
mean_obs_het_pop2 = 0.6295

[Genetic Diversity - Allele Counts]
mean_alleles_pop1 = 5.62
var_alleles_pop1  = 1.15
sum_alleles_pop1  = 118
mean_alleles_pop2 = 5.62
var_alleles_pop2  = 1.27
sum_alleles_pop2  = 236

[Genetic Diversity - Allelic Size Variance]
var_allele_size_pop1 = 1.427
var_allele_size_pop2 = 1.3603

[Per-locus summary - Population 1]
Locus | Num_Alleles | Alleles                          | Frequencies                                              | Variance | Obs_Het | Exp_Het
------+-------------+----------------------------------+----------------------------------------------------------+----------+---------+--------
1     | 6           | [98, 99, 100, 101, 102, 103]     | [0.0400, 0.0400, 0.3400, 0.4800, 0.0400, 0.0600]         | 0.9956   | 0.5800  | 0.6521 
2     | 5           | [96, 99, 100, 101, 102]          | [0.0700, 0.0500, 0.0800, 0.6900, 0.1100]                 | 1.9636   | 0.4200  | 0.5030 
3     | 5           | [99, 100, 101, 102, 103]         | [0.2600, 0.1900, 0.2300, 0.2700, 0.0500]                 | 1.5844   | 0.7800  | 0.7758 
4     | 6           | [98, 99, 100, 101, 102, 103]     | [0.0100, 0.0100, 0.1000, 0.8300, 0.0400, 0.0100]         | 0.3019   | 0.2600  | 0.3022 
5     | 5           | [95, 97, 98, 99, 100]            | [0.0300, 0.1500, 0.6600, 0.1500, 0.0100]                 | 0.6051   | 0.5600  | 0.5236 
6     | 5           | [98, 99, 100, 101, 102]          | [0.0300, 0.3800, 0.2900, 0.2200, 0.0800]                 | 1.0364   | 0.7200  | 0.7230 
7     | 3           | [98, 99, 100]                    | [0.1300, 0.6800, 0.1900]                                 | 0.3164   | 0.4800  | 0.4895 
8     | 7           | [97, 98, 99, 100, 101, 102, 103] | [0.0300, 0.0500, 0.2500, 0.1400, 0.4300, 0.0700, 0.0300] | 1.6516   | 0.7000  | 0.7311 
9     | 5           | [99, 101, 102, 103, 104]         | [0.0200, 0.4200, 0.3200, 0.2200, 0.0200]                 | 0.8516   | 0.6000  | 0.6788 
10    | 5           | [100, 101, 102, 103, 104]        | [0.0600, 0.3700, 0.3300, 0.1300, 0.1100]                 | 1.1604   | 0.6600  | 0.7289 
11    | 7           | [96, 97, 98, 99, 100, 101, 102]  | [0.0700, 0.0200, 0.3000, 0.3300, 0.0500, 0.2200, 0.0100] | 2.0291   | 0.7400  | 0.7523 
12    | 6           | [98, 99, 100, 101, 102, 103]     | [0.0100, 0.1300, 0.4300, 0.2000, 0.2100, 0.0200]         | 1.1091   | 0.7400  | 0.7208 
13    | 7           | [96, 97, 98, 99, 100, 101, 102]  | [0.0400, 0.2700, 0.2600, 0.2600, 0.0700, 0.0100, 0.0900] | 2.3064   | 0.7800  | 0.7851 
14    | 6           | [98, 99, 100, 101, 102, 103]     | [0.0400, 0.0200, 0.3500, 0.5300, 0.0500, 0.0100]         | 0.6864   | 0.5400  | 0.5980 
15    | 7           | [96, 97, 99, 100, 101, 102, 103] | [0.0200, 0.2800, 0.0800, 0.1900, 0.1800, 0.1300, 0.1200] | 4.6600   | 0.7800  | 0.8232 
16    | 5           | [96, 97, 98, 99, 100]            | [0.0100, 0.2600, 0.1800, 0.5400, 0.0100]                 | 0.8016   | 0.5800  | 0.6143 
17    | 7           | [97, 98, 99, 100, 101, 102, 103] | [0.0500, 0.0200, 0.4100, 0.1900, 0.0600, 0.1300, 0.1400] | 2.7604   | 0.7600  | 0.7604 
18    | 5           | [98, 99, 100, 101, 102]          | [0.1300, 0.2900, 0.2400, 0.2900, 0.0500]                 | 1.2744   | 0.8400  | 0.7624 
19    | 6           | [97, 98, 99, 100, 101, 104]      | [0.0600, 0.1900, 0.0800, 0.4900, 0.1400, 0.0400]         | 2.0444   | 0.7000  | 0.6996 
20    | 4           | [100, 101, 102, 103]             | [0.3200, 0.5700, 0.1000, 0.0100]                         | 0.4200   | 0.6000  | 0.5683 
21    | 6           | [97, 98, 99, 100, 101, 102]      | [0.0400, 0.2300, 0.1300, 0.4700, 0.0800, 0.0500]         | 1.4091   | 0.6800  | 0.7059 

[Per-locus summary - Population 2]
Locus | Num_Alleles | Alleles                              | Frequencies                                                      | Variance | Obs_Het | Exp_Het
------+-------------+--------------------------------------+------------------------------------------------------------------+----------+---------+--------
1     | 6           | [98, 99, 100, 101, 102, 103]         | [0.0600, 0.0700, 0.3000, 0.4900, 0.0400, 0.0400]                 | 1.0700   | 0.6400  | 0.6649 
2     | 5           | [96, 99, 100, 101, 102]              | [0.0500, 0.0300, 0.0700, 0.7600, 0.0900]                         | 1.4459   | 0.4400  | 0.4101 
3     | 5           | [99, 100, 101, 102, 103]             | [0.2600, 0.2200, 0.2200, 0.2600, 0.0400]                         | 1.5200   | 0.6800  | 0.7741 
4     | 5           | [98, 99, 100, 101, 102]              | [0.0100, 0.0200, 0.0400, 0.8800, 0.0500]                         | 0.2564   | 0.2200  | 0.2232 
5     | 5           | [96, 97, 98, 99, 100]                | [0.0400, 0.2800, 0.5800, 0.0900, 0.0100]                         | 0.5075   | 0.6200  | 0.5812 
6     | 5           | [98, 99, 100, 101, 102]              | [0.0400, 0.5700, 0.1600, 0.1500, 0.0800]                         | 1.0844   | 0.5800  | 0.6252 
7     | 4           | [98, 99, 100, 101]                   | [0.1800, 0.5600, 0.2500, 0.0100]                                 | 0.4619   | 0.5400  | 0.5974 
8     | 6           | [97, 98, 99, 100, 101, 102]          | [0.0300, 0.0400, 0.4000, 0.0800, 0.3600, 0.0900]                 | 1.5491   | 0.6000  | 0.7004 
9     | 4           | [101, 102, 103, 104]                 | [0.4400, 0.3300, 0.2000, 0.0300]                                 | 0.7276   | 0.6800  | 0.6632 
10    | 6           | [100, 101, 102, 103, 104, 105]       | [0.1100, 0.2400, 0.3100, 0.1100, 0.2100, 0.0200]                 | 1.7931   | 0.8000  | 0.7854 
11    | 7           | [96, 97, 98, 99, 100, 101, 102]      | [0.0400, 0.0100, 0.3400, 0.3100, 0.0300, 0.2500, 0.0200]         | 1.9379   | 0.7200  | 0.7301 
12    | 5           | [99, 100, 101, 102, 103]             | [0.0900, 0.4800, 0.2000, 0.2200, 0.0100]                         | 0.9236   | 0.6400  | 0.6798 
13    | 6           | [96, 97, 98, 99, 100, 102]           | [0.0400, 0.2200, 0.3900, 0.2100, 0.0700, 0.0700]                 | 1.8811   | 0.6600  | 0.7515 
14    | 5           | [98, 99, 100, 101, 102]              | [0.0100, 0.0300, 0.4200, 0.4600, 0.0800]                         | 0.5251   | 0.5600  | 0.6107 
15    | 8           | [96, 97, 98, 99, 100, 101, 102, 103] | [0.0100, 0.1700, 0.0100, 0.0300, 0.2800, 0.2600, 0.1600, 0.0800] | 3.3316   | 0.8400  | 0.8000 
16    | 3           | [97, 98, 99]                         | [0.2700, 0.1500, 0.5800]                                         | 0.7539   | 0.5600  | 0.5739 
17    | 7           | [97, 98, 99, 100, 101, 102, 103]     | [0.0600, 0.0100, 0.3200, 0.1400, 0.0700, 0.1800, 0.2200]         | 3.3451   | 0.7200  | 0.7966 
18    | 5           | [98, 99, 100, 101, 102]              | [0.1400, 0.4100, 0.2000, 0.2200, 0.0300]                         | 1.1419   | 0.7600  | 0.7303 
19    | 6           | [97, 98, 99, 100, 101, 104]          | [0.0300, 0.1600, 0.1200, 0.4500, 0.1500, 0.0900]                 | 2.6196   | 0.7400  | 0.7333 
20    | 4           | [100, 101, 102, 103]                 | [0.3000, 0.5800, 0.1100, 0.0100]                                 | 0.4211   | 0.5800  | 0.5671 
21    | 6           | [97, 98, 99, 100, 101, 103]          | [0.0200, 0.2400, 0.1400, 0.4900, 0.0900, 0.0200]                 | 1.2691   | 0.6400  | 0.6806 
