
[Simulation Info]
simulation_id = sim_0007583
timestamp     = 20250428_102708
seed          = 615129
output_folder = /home/lejeunet/Bureau/simulations/Ref_table/sim_0007583

[Model Parameters]
pop_size           = 5731
num_loci           = 20
sample1_generation = 30
sample2_generation = 10
low_repeats        = 1
high_repeats       = 200
mutation_rate      = 0.001
recap_Ne           = 5731

[Sampling Design]
sample1_size_Ne  = 50
sample2_size_Ne  = 50
sample1_size_CMR = 50
sample2_size_CMR = 50

[Capture-Marquage-Recapture]
census_N   =  2601
MatchCount =  1

[Ne Estimates - One Sample - Decreasing critical values [0.050, 0.020, 0.010, 0+]]

[Linkage Desequilibrium]
LD_Ne_Pop1 = [None, None, 18702.6, 18702.6]
LD_r2_Pop1 = [0.021086, 0.02126, 0.021294, 0.021294]
LD_Ne_Pop2 = [2076.8, 6553.5, 3969.5, 3969.5]
LD_r2_Pop2 = [0.021436, 0.021327, 0.02136, 0.02136]

[Heterozygote excess]
HE_Neb_mean_Pop1        = [14.7, 21.5, 22.4, 22.4]
HE_weighted_D_mean_Pop1 = [0.03509, 0.02377, 0.02284, 0.02284]
HE_Neb_mean_Pop2        = [None, None, None, None]
HE_weighted_D_mean_Pop2 = [-0.02358, -0.01392, -0.01365, -0.01365]

[Molecular Coancestry]
Coan_Neb_n_Pop1 = 215.2
Coan_f1_Pop1    = 0.00232
Coan_Neb_n_Pop2 = 44.9
Coan_f1_Pop2    = 0.01115

[Ne Estimates - Temporal - Decreasing critical values (0.050, 0.020, 0.010, 0+)]

[Pollak]
P_Ne     = [-3679.8, -10722.2, -7550.3, -12397.7]
P_Fk     = [0.01864, 0.01953, 0.01934, 0.0196]
P_Fprime = [-0.00136, -0.00047, -0.00066, -0.0004]

[Nei/Tajima]
N_Ne     = [-3013.3, -6447.2, -5357.0, -7267.3]
N_Fc     = [0.01834, 0.01922, 0.01907, 0.01931]
N_Fprime = [-0.00166, -0.00078, -0.00093, -0.00069]

[Jorde/Ryman]
J_Ne     = [-2899.0, -6040.9, -6507.1, -6796.3]
J_Fs     = [0.01838, 0.01927, 0.01933, 0.01936]
J_Fprime = [-0.00172, -0.00083, -0.00077, -0.00074]

[Genetic Diversity - Heterozygosity]
mean_exp_het_pop1 = 0.8584
mean_obs_het_pop1 = 0.8848
mean_exp_het_pop2 = 0.862
mean_obs_het_pop2 = 0.84

[Genetic Diversity - Allele Counts]
mean_alleles_pop1 = 10.81
var_alleles_pop1  = 3.36
sum_alleles_pop1  = 227
mean_alleles_pop2 = 11.67
var_alleles_pop2  = 5.06
sum_alleles_pop2  = 490

[Genetic Diversity - Allelic Size Variance]
var_allele_size_pop1 = 9.1169
var_allele_size_pop2 = 9.2258

[Per-locus summary - Population 1]
Locus | Num_Alleles | Alleles                                                         | Frequencies                                                                                                      | Variance | Obs_Het | Exp_Het
------+-------------+-----------------------------------------------------------------+------------------------------------------------------------------------------------------------------------------+----------+---------+--------
1     | 11          | [91, 92, 93, 94, 95, 96, 97, 98, 99, 100, 101]                  | [0.0200, 0.0400, 0.0900, 0.0300, 0.1900, 0.0300, 0.1800, 0.2400, 0.0600, 0.0700, 0.0500]                         | 5.9619   | 0.9200  | 0.8596 
2     | 10          | [92, 93, 94, 95, 96, 97, 98, 99, 100, 102]                      | [0.0400, 0.0400, 0.0600, 0.1300, 0.2200, 0.1700, 0.0200, 0.1800, 0.0900, 0.0500]                                 | 5.7056   | 0.8000  | 0.8642 
3     | 12          | [90, 91, 92, 93, 94, 95, 96, 97, 98, 100, 101, 102]             | [0.0100, 0.1200, 0.2100, 0.1700, 0.0600, 0.1000, 0.0400, 0.1600, 0.0600, 0.0500, 0.0100, 0.0100]                 | 7.7104   | 0.8800  | 0.8741 
4     | 12          | [97, 98, 99, 105, 106, 107, 108, 109, 110, 111, 112, 113]       | [0.0100, 0.0200, 0.0800, 0.0200, 0.1100, 0.2300, 0.1000, 0.0900, 0.1500, 0.1100, 0.0600, 0.0200]                 | 13.4496  | 0.9200  | 0.8798 
5     | 10          | [94, 95, 96, 97, 98, 99, 100, 101, 102, 103]                    | [0.0100, 0.0500, 0.0500, 0.0300, 0.2700, 0.1700, 0.2400, 0.0800, 0.0700, 0.0300]                                 | 3.5600   | 0.8600  | 0.8307 
6     | 12          | [87, 89, 90, 91, 92, 93, 94, 95, 96, 97, 100, 101]              | [0.0400, 0.0300, 0.0500, 0.0600, 0.1300, 0.1000, 0.1900, 0.0700, 0.0200, 0.0300, 0.1000, 0.1800]                 | 16.7179  | 0.9200  | 0.8887 
7     | 13          | [94, 95, 96, 98, 99, 100, 101, 102, 103, 104, 105, 106, 107]    | [0.1400, 0.0500, 0.0100, 0.0200, 0.0700, 0.1100, 0.1400, 0.0200, 0.0100, 0.0400, 0.1000, 0.2800, 0.0100]         | 18.7156  | 0.8800  | 0.8588 
8     | 6           | [96, 97, 98, 99, 100, 101]                                      | [0.0200, 0.1500, 0.3300, 0.2500, 0.2100, 0.0400]                                                                 | 1.3200   | 0.8000  | 0.7677 
9     | 14          | [93, 94, 95, 96, 97, 98, 99, 100, 101, 102, 103, 107, 108, 109] | [0.0300, 0.2900, 0.0800, 0.0800, 0.0300, 0.0500, 0.0100, 0.0200, 0.0500, 0.1400, 0.1200, 0.0300, 0.0500, 0.0200] | 21.7179  | 0.8800  | 0.8667 
10    | 10          | [98, 99, 100, 101, 102, 103, 104, 105, 106, 107]                | [0.0800, 0.1800, 0.1800, 0.0600, 0.1100, 0.2900, 0.0400, 0.0100, 0.0300, 0.0200]                                 | 4.7644   | 0.9200  | 0.8343 
11    | 7           | [94, 95, 96, 97, 98, 99, 100]                                   | [0.0300, 0.1700, 0.2400, 0.2300, 0.1900, 0.1000, 0.0400]                                                         | 2.1144   | 0.9200  | 0.8202 
12    | 12          | [97, 98, 99, 100, 101, 102, 103, 104, 105, 106, 107, 108]       | [0.0900, 0.0300, 0.0700, 0.0700, 0.1900, 0.1800, 0.0600, 0.1300, 0.0700, 0.0200, 0.0400, 0.0500]                 | 8.1600   | 0.8600  | 0.8917 
13    | 10          | [97, 98, 99, 100, 101, 102, 103, 104, 105, 106]                 | [0.0100, 0.0300, 0.1200, 0.1400, 0.1100, 0.0600, 0.2100, 0.1000, 0.1700, 0.0500]                                 | 5.3800   | 0.9000  | 0.8725 
14    | 11          | [94, 95, 96, 97, 98, 99, 100, 101, 102, 103, 104]               | [0.0200, 0.0900, 0.0700, 0.0200, 0.2700, 0.0900, 0.2000, 0.1300, 0.0200, 0.0300, 0.0600]                         | 5.7984   | 0.9000  | 0.8519 
15    | 10          | [94, 95, 96, 100, 101, 102, 103, 104, 105, 106]                 | [0.0500, 0.1400, 0.0400, 0.1000, 0.1400, 0.2800, 0.0600, 0.0600, 0.0800, 0.0500]                                 | 12.0644  | 0.8600  | 0.8608 
16    | 11          | [91, 92, 93, 94, 95, 96, 97, 98, 99, 100, 101]                  | [0.0300, 0.0200, 0.2300, 0.3200, 0.0900, 0.0400, 0.1200, 0.1000, 0.0100, 0.0300, 0.0100]                         | 4.5731   | 0.8600  | 0.8164 
17    | 11          | [96, 97, 98, 99, 100, 101, 102, 103, 104, 105, 106]             | [0.0100, 0.0300, 0.1000, 0.2600, 0.1600, 0.0700, 0.1200, 0.0300, 0.0500, 0.0700, 0.1000]                         | 7.1384   | 0.8800  | 0.8669 
18    | 10          | [96, 97, 98, 99, 100, 101, 102, 103, 104, 105]                  | [0.0600, 0.1200, 0.0600, 0.0300, 0.0900, 0.1800, 0.1600, 0.2100, 0.0400, 0.0500]                                 | 6.2859   | 0.8600  | 0.8719 
19    | 13          | [89, 90, 93, 94, 95, 96, 97, 98, 99, 102, 103, 104, 107]        | [0.0300, 0.1400, 0.0300, 0.1100, 0.0600, 0.1400, 0.1200, 0.1000, 0.0200, 0.0300, 0.0800, 0.1300, 0.0100]         | 21.7875  | 0.9000  | 0.9032 
20    | 11          | [94, 95, 96, 97, 98, 99, 100, 101, 102, 103, 104]               | [0.0100, 0.0800, 0.0400, 0.1200, 0.0200, 0.1300, 0.0700, 0.1200, 0.2500, 0.1400, 0.0200]                         | 6.9891   | 0.9400  | 0.8671 
21    | 11          | [96, 97, 99, 100, 101, 102, 103, 104, 105, 106, 107]            | [0.0700, 0.1400, 0.0700, 0.1200, 0.0500, 0.0100, 0.0600, 0.1700, 0.2000, 0.1000, 0.0100]                         | 11.5411  | 0.9200  | 0.8798 

[Per-locus summary - Population 2]
Locus | Num_Alleles | Alleles                                                                   | Frequencies                                                                                                                      | Variance | Obs_Het | Exp_Het
------+-------------+---------------------------------------------------------------------------+----------------------------------------------------------------------------------------------------------------------------------+----------+---------+--------
1     | 11          | [91, 92, 93, 94, 95, 96, 97, 98, 99, 100, 101]                            | [0.0600, 0.0300, 0.1000, 0.0500, 0.1300, 0.0300, 0.1800, 0.2100, 0.0900, 0.0100, 0.1100]                                         | 7.6899   | 0.8600  | 0.8772 
2     | 10          | [92, 93, 94, 95, 96, 97, 98, 99, 100, 102]                                | [0.0500, 0.0300, 0.0700, 0.1400, 0.2900, 0.1600, 0.0400, 0.1500, 0.0500, 0.0200]                                                 | 4.4864   | 0.8400  | 0.8438 
3     | 12          | [89, 90, 91, 92, 93, 94, 95, 96, 97, 98, 100, 101]                        | [0.0100, 0.0100, 0.1400, 0.1300, 0.1500, 0.0600, 0.0900, 0.0600, 0.1900, 0.0800, 0.0300, 0.0500]                                 | 8.6859   | 0.8400  | 0.8885 
4     | 12          | [96, 98, 99, 104, 106, 107, 108, 109, 110, 111, 112, 113]                 | [0.0200, 0.0600, 0.0600, 0.0100, 0.1000, 0.2300, 0.1700, 0.1000, 0.1200, 0.0900, 0.0300, 0.0100]                                 | 15.5051  | 0.8600  | 0.8758 
5     | 8           | [95, 96, 97, 98, 99, 100, 101, 102]                                       | [0.0500, 0.0400, 0.1300, 0.2900, 0.2100, 0.1500, 0.0700, 0.0600]                                                                 | 2.7800   | 0.7600  | 0.8281 
6     | 14          | [86, 87, 89, 90, 91, 92, 93, 94, 95, 96, 97, 100, 101, 102]               | [0.0100, 0.0300, 0.0300, 0.0600, 0.1100, 0.1000, 0.1100, 0.1400, 0.0300, 0.0900, 0.0600, 0.0800, 0.1200, 0.0300]                 | 16.5331  | 0.9400  | 0.9156 
7     | 13          | [93, 94, 95, 96, 98, 99, 100, 101, 102, 103, 104, 105, 106]               | [0.0100, 0.0700, 0.0400, 0.0100, 0.0100, 0.0400, 0.1100, 0.1800, 0.0200, 0.0300, 0.0600, 0.1300, 0.2900]                         | 14.8075  | 0.9000  | 0.8497 
8     | 8           | [95, 96, 97, 98, 99, 100, 101, 102]                                       | [0.0100, 0.0200, 0.1100, 0.4400, 0.1600, 0.2200, 0.0300, 0.0100]                                                                 | 1.4475   | 0.7000  | 0.7261 
9     | 16          | [93, 94, 95, 96, 97, 98, 99, 100, 101, 102, 103, 104, 106, 107, 108, 109] | [0.0200, 0.2200, 0.1200, 0.0500, 0.0100, 0.0500, 0.0200, 0.0200, 0.0300, 0.2100, 0.1000, 0.0200, 0.0100, 0.0200, 0.0900, 0.0100] | 22.6851  | 0.8400  | 0.8756 
10    | 11          | [97, 98, 99, 100, 101, 102, 103, 104, 105, 106, 107]                      | [0.0100, 0.0700, 0.1800, 0.2400, 0.0900, 0.0700, 0.2800, 0.0200, 0.0200, 0.0100, 0.0100]                                         | 4.0491   | 0.8800  | 0.8208 
11    | 7           | [94, 95, 96, 97, 98, 99, 100]                                             | [0.0300, 0.2000, 0.2400, 0.1700, 0.1700, 0.1400, 0.0500]                                                                         | 2.4731   | 0.8000  | 0.8299 
12    | 13          | [96, 97, 98, 99, 100, 101, 102, 103, 104, 105, 106, 107, 108]             | [0.0600, 0.0700, 0.0100, 0.0800, 0.0600, 0.2000, 0.1800, 0.0600, 0.0800, 0.1200, 0.0300, 0.0300, 0.0200]                         | 8.5244   | 0.8600  | 0.8913 
13    | 12          | [96, 97, 98, 99, 100, 101, 102, 103, 104, 105, 106, 107]                  | [0.0100, 0.0100, 0.0300, 0.0200, 0.1200, 0.1800, 0.1000, 0.2100, 0.1400, 0.1300, 0.0100, 0.0400]                                 | 4.8619   | 0.8200  | 0.8681 
14    | 11          | [94, 95, 96, 97, 98, 99, 100, 101, 102, 103, 104]                         | [0.0400, 0.0500, 0.1100, 0.0300, 0.2000, 0.0500, 0.2000, 0.1000, 0.0800, 0.0400, 0.1000]                                         | 7.4739   | 0.8400  | 0.8812 
15    | 12          | [94, 95, 96, 99, 100, 101, 102, 103, 104, 105, 106, 107]                  | [0.0400, 0.0700, 0.0400, 0.0500, 0.0600, 0.1800, 0.2500, 0.0700, 0.0700, 0.1200, 0.0400, 0.0100]                                 | 10.1016  | 0.8800  | 0.8737 
16    | 11          | [91, 92, 93, 94, 95, 96, 97, 98, 99, 100, 101]                            | [0.0300, 0.0700, 0.1700, 0.1700, 0.1200, 0.0400, 0.1800, 0.1600, 0.0100, 0.0300, 0.0200]                                         | 5.6675   | 0.8200  | 0.8697 
17    | 12          | [95, 96, 97, 98, 99, 100, 101, 102, 103, 104, 105, 106]                   | [0.0200, 0.0300, 0.0600, 0.1100, 0.1100, 0.2000, 0.1000, 0.0600, 0.0100, 0.0600, 0.1800, 0.0600]                                 | 9.0796   | 0.8000  | 0.8865 
18    | 11          | [96, 97, 98, 99, 100, 101, 102, 103, 104, 105, 106]                       | [0.0200, 0.1100, 0.0800, 0.0300, 0.0800, 0.1700, 0.1600, 0.2100, 0.0600, 0.0700, 0.0100]                                         | 6.0611   | 0.9000  | 0.8753 
19    | 15          | [89, 90, 91, 94, 95, 96, 97, 98, 99, 100, 101, 102, 103, 104, 108]        | [0.0100, 0.1700, 0.0200, 0.0500, 0.0300, 0.1900, 0.0800, 0.1500, 0.0200, 0.0100, 0.0100, 0.0400, 0.1000, 0.1100, 0.0100]         | 22.1075  | 0.8000  | 0.8867 
20    | 11          | [94, 95, 96, 97, 98, 99, 100, 101, 102, 103, 104]                         | [0.0100, 0.1400, 0.1500, 0.0600, 0.0500, 0.0700, 0.0700, 0.0600, 0.2700, 0.1100, 0.0100]                                         | 8.8124   | 0.8200  | 0.8618 
21    | 10          | [96, 97, 98, 99, 100, 101, 103, 104, 105, 106]                            | [0.0600, 0.0900, 0.0100, 0.0900, 0.1200, 0.0400, 0.1100, 0.2100, 0.1800, 0.0900]                                                 | 9.9091   | 0.8800  | 0.8762 
