
[Simulation Info]
simulation_id = sim_0002049
timestamp     = 20250428_081435
seed          = 842512
output_folder = /home/lejeunet/Bureau/simulations/Ref_table/sim_0002049

[Model Parameters]
pop_size           = 4724
num_loci           = 20
sample1_generation = 30
sample2_generation = 10
low_repeats        = 1
high_repeats       = 200
mutation_rate      = 0.001
recap_Ne           = 4724

[Sampling Design]
sample1_size_Ne  = 50
sample2_size_Ne  = 50
sample1_size_CMR = 50
sample2_size_CMR = 50

[Capture-Marquage-Recapture]
census_N   =  2601
MatchCount =  1

[Ne Estimates - One Sample - Decreasing critical values [0.050, 0.020, 0.010, 0+]]

[Linkage Desequilibrium]
LD_Ne_Pop1 = [4189.6, 13109.8, None, None]
LD_r2_Pop1 = [0.021356, 0.021301, 0.02122, 0.02122]
LD_Ne_Pop2 = [1533.2, 6350.2, 9235.6, 9235.6]
LD_r2_Pop2 = [0.021493, 0.021328, 0.021312, 0.021312]

[Heterozygote excess]
HE_Neb_mean_Pop1        = [127.4, 1141.8, None, None]
HE_weighted_D_mean_Pop1 = [0.00394, 0.00044, -9e-05, -9e-05]
HE_Neb_mean_Pop2        = [None, None, None, None]
HE_weighted_D_mean_Pop2 = [-0.00938, -0.00279, -0.00297, -0.00297]

[Molecular Coancestry]
Coan_Neb_n_Pop1 = 44.2
Coan_f1_Pop1    = 0.0113
Coan_Neb_n_Pop2 = None
Coan_f1_Pop2    = -0.00764

[Ne Estimates - Temporal - Decreasing critical values (0.050, 0.020, 0.010, 0+)]

[Pollak]
P_Ne     = [-1842.2, -1958.1, -1967.5, -2005.2]
P_Fk     = [0.01729, 0.01745, 0.01746, 0.01751]
P_Fprime = [-0.00271, -0.00255, -0.00254, -0.00249]

[Nei/Tajima]
N_Ne     = [-1685.8, -1766.7, -1783.3, -1814.3]
N_Fc     = [0.01703, 0.01717, 0.0172, 0.01724]
N_Fprime = [-0.00297, -0.00283, -0.0028, -0.00276]

[Jorde/Ryman]
J_Ne     = [-1599.1, -1565.0, -1613.5, -1613.4]
J_Fs     = [0.01698, 0.01691, 0.017, 0.017]
J_Fprime = [-0.00313, -0.00319, -0.0031, -0.0031]

[Genetic Diversity - Heterozygosity]
mean_exp_het_pop1 = 0.8618
mean_obs_het_pop1 = 0.8619
mean_exp_het_pop2 = 0.8541
mean_obs_het_pop2 = 0.8438

[Genetic Diversity - Allele Counts]
mean_alleles_pop1 = 10.81
var_alleles_pop1  = 2.66
sum_alleles_pop1  = 227
mean_alleles_pop2 = 10.76
var_alleles_pop2  = 3.36
sum_alleles_pop2  = 452

[Genetic Diversity - Allelic Size Variance]
var_allele_size_pop1 = 10.7782
var_allele_size_pop2 = 10.7802

[Per-locus summary - Population 1]
Locus | Num_Alleles | Alleles                                                        | Frequencies                                                                                              | Variance | Obs_Het | Exp_Het
------+-------------+----------------------------------------------------------------+----------------------------------------------------------------------------------------------------------+----------+---------+--------
1     | 9           | [96, 97, 98, 99, 100, 101, 102, 103, 104]                      | [0.0100, 0.1700, 0.1700, 0.0600, 0.1800, 0.0800, 0.1200, 0.1400, 0.0700]                                 | 5.3651   | 0.9000  | 0.8695 
2     | 9           | [97, 98, 99, 100, 101, 102, 103, 104, 105]                     | [0.0300, 0.0400, 0.1700, 0.1700, 0.0900, 0.0800, 0.2500, 0.0700, 0.1000]                                 | 4.8064   | 0.8600  | 0.8564 
3     | 12          | [97, 99, 101, 102, 103, 104, 105, 106, 107, 108, 109, 110]     | [0.0200, 0.0200, 0.1600, 0.2000, 0.2600, 0.1100, 0.0300, 0.0500, 0.0100, 0.0500, 0.0700, 0.0200]         | 7.2675   | 0.8800  | 0.8511 
4     | 8           | [97, 98, 99, 100, 101, 102, 103, 104]                          | [0.0100, 0.0400, 0.2300, 0.1900, 0.2300, 0.1600, 0.1300, 0.0100]                                         | 2.2704   | 0.8400  | 0.8220 
5     | 10          | [92, 93, 94, 95, 96, 97, 98, 99, 100, 101]                     | [0.1000, 0.1400, 0.1500, 0.0200, 0.1000, 0.1500, 0.2200, 0.0100, 0.0800, 0.0300]                         | 6.6275   | 0.9000  | 0.8679 
6     | 12          | [93, 94, 95, 98, 99, 100, 101, 102, 103, 104, 105, 106]        | [0.0800, 0.0900, 0.0200, 0.1300, 0.0400, 0.0600, 0.1900, 0.0800, 0.0600, 0.2100, 0.0300, 0.0100]         | 13.7336  | 0.8400  | 0.8806 
7     | 12          | [97, 98, 99, 100, 101, 102, 103, 104, 105, 106, 107, 108]      | [0.0100, 0.1100, 0.1300, 0.1100, 0.1000, 0.0500, 0.0800, 0.0700, 0.0200, 0.0600, 0.2100, 0.0500]         | 11.8211  | 0.8800  | 0.8933 
8     | 13          | [86, 87, 88, 89, 90, 91, 92, 93, 97, 99, 100, 101, 102]        | [0.0400, 0.1500, 0.1300, 0.0800, 0.2100, 0.1100, 0.0700, 0.0100, 0.0100, 0.0500, 0.1100, 0.0200, 0.0100] | 20.8059  | 0.8000  | 0.8851 
9     | 12          | [94, 95, 96, 97, 98, 99, 100, 101, 102, 103, 104, 107]         | [0.0500, 0.1500, 0.0900, 0.0200, 0.0100, 0.0500, 0.1500, 0.2100, 0.1500, 0.0600, 0.0500, 0.0100]         | 9.5636   | 0.9400  | 0.8774 
10    | 8           | [99, 100, 101, 102, 103, 104, 105, 106]                        | [0.1800, 0.1600, 0.1900, 0.1500, 0.1300, 0.1600, 0.0200, 0.0100]                                         | 3.3100   | 0.8200  | 0.8489 
11    | 11          | [93, 94, 95, 96, 97, 98, 99, 104, 105, 106, 107]               | [0.1400, 0.0400, 0.1700, 0.1000, 0.0800, 0.0700, 0.0100, 0.0300, 0.2600, 0.0800, 0.0200]                 | 25.3276  | 0.8400  | 0.8618 
12    | 10          | [92, 93, 94, 95, 96, 97, 98, 99, 100, 101]                     | [0.0800, 0.0500, 0.0600, 0.0900, 0.0200, 0.0800, 0.1200, 0.2600, 0.1600, 0.0800]                         | 7.3884   | 0.8600  | 0.8673 
13    | 13          | [95, 96, 97, 103, 104, 105, 106, 107, 108, 109, 110, 111, 112] | [0.0400, 0.1000, 0.0800, 0.0200, 0.1400, 0.0900, 0.1700, 0.0900, 0.0800, 0.0500, 0.0400, 0.0800, 0.0200] | 24.0899  | 0.9600  | 0.9087 
14    | 9           | [92, 93, 94, 95, 96, 97, 98, 99, 100]                          | [0.0100, 0.1100, 0.1600, 0.0800, 0.2200, 0.1000, 0.1800, 0.0900, 0.0500]                                 | 4.2744   | 0.8800  | 0.8630 
15    | 11          | [93, 94, 95, 96, 97, 100, 101, 102, 103, 104, 105]             | [0.0600, 0.1900, 0.2800, 0.1700, 0.0200, 0.0300, 0.1100, 0.0300, 0.0300, 0.0500, 0.0300]                 | 12.1819  | 0.8000  | 0.8428 
16    | 9           | [96, 97, 98, 99, 100, 101, 102, 103, 104]                      | [0.0600, 0.3000, 0.0900, 0.1300, 0.0700, 0.0800, 0.1300, 0.1200, 0.0200]                                 | 5.7011   | 0.8600  | 0.8469 
17    | 11          | [92, 93, 94, 95, 96, 97, 98, 101, 102, 103, 105]               | [0.0100, 0.0100, 0.3000, 0.1000, 0.2100, 0.0900, 0.0200, 0.0600, 0.0900, 0.1000, 0.0100]                 | 11.1899  | 0.7800  | 0.8337 
18    | 12          | [96, 97, 98, 99, 100, 101, 102, 103, 104, 105, 106, 107]       | [0.0400, 0.1800, 0.0300, 0.0400, 0.0100, 0.0200, 0.2200, 0.1100, 0.2500, 0.0800, 0.0100, 0.0100]         | 8.8496   | 0.8600  | 0.8418 
19    | 12          | [92, 93, 94, 95, 96, 97, 98, 99, 100, 101, 102, 103]           | [0.0100, 0.0400, 0.0900, 0.0500, 0.1600, 0.0900, 0.1000, 0.0200, 0.0500, 0.3500, 0.0100, 0.0300]         | 8.2276   | 0.8800  | 0.8259 
20    | 13          | [94, 95, 96, 97, 98, 99, 100, 101, 102, 103, 104, 105, 106]    | [0.0100, 0.2000, 0.0300, 0.0100, 0.0800, 0.1200, 0.1500, 0.1000, 0.1100, 0.0700, 0.0800, 0.0200, 0.0200] | 9.8636   | 0.7800  | 0.8903 
21    | 11          | [94, 96, 97, 98, 99, 100, 101, 105, 106, 107, 108]             | [0.2400, 0.0100, 0.0100, 0.1300, 0.1500, 0.1200, 0.0100, 0.0600, 0.0900, 0.1400, 0.0400]                 | 23.6771  | 0.9400  | 0.8640 

[Per-locus summary - Population 2]
Locus | Num_Alleles | Alleles                                                        | Frequencies                                                                                              | Variance | Obs_Het | Exp_Het
------+-------------+----------------------------------------------------------------+----------------------------------------------------------------------------------------------------------+----------+---------+--------
1     | 9           | [97, 98, 99, 100, 101, 102, 103, 104, 105]                     | [0.0800, 0.2200, 0.0300, 0.2700, 0.0700, 0.1200, 0.1300, 0.0700, 0.0100]                                 | 4.6176   | 0.8800  | 0.8386 
2     | 9           | [97, 98, 99, 100, 101, 102, 103, 104, 105]                     | [0.0100, 0.0300, 0.0700, 0.1100, 0.1000, 0.2000, 0.2800, 0.1000, 0.1000]                                 | 3.4736   | 0.7000  | 0.8420 
3     | 10          | [97, 99, 101, 102, 103, 104, 105, 108, 109, 110]               | [0.0100, 0.0200, 0.1900, 0.2700, 0.2300, 0.0800, 0.0400, 0.0800, 0.0300, 0.0500]                         | 7.3900   | 0.8000  | 0.8281 
4     | 6           | [98, 99, 100, 101, 102, 103]                                   | [0.0500, 0.2200, 0.2700, 0.1900, 0.1800, 0.0900]                                                         | 1.8900   | 0.8800  | 0.8077 
5     | 10          | [92, 93, 94, 95, 96, 97, 98, 99, 100, 101]                     | [0.0700, 0.1600, 0.2000, 0.0100, 0.1100, 0.1200, 0.1700, 0.0100, 0.1200, 0.0300]                         | 6.9275   | 0.8800  | 0.8673 
6     | 10          | [93, 94, 95, 98, 99, 101, 102, 103, 104, 105]                  | [0.1300, 0.0700, 0.0200, 0.0800, 0.1100, 0.2300, 0.0400, 0.1000, 0.2100, 0.0100]                         | 14.6800  | 0.8800  | 0.8592 
7     | 11          | [98, 99, 100, 101, 102, 103, 104, 105, 106, 107, 108]          | [0.1900, 0.1500, 0.1100, 0.1200, 0.0400, 0.0600, 0.0900, 0.0300, 0.0400, 0.1500, 0.0200]                 | 10.7139  | 0.9000  | 0.8851 
8     | 12          | [86, 87, 88, 89, 90, 91, 92, 93, 99, 100, 101, 102]            | [0.0200, 0.1800, 0.1500, 0.0700, 0.2300, 0.0500, 0.0300, 0.0100, 0.0500, 0.1700, 0.0200, 0.0200]         | 26.1224  | 0.8200  | 0.8598 
9     | 12          | [93, 94, 95, 96, 97, 98, 99, 100, 101, 102, 103, 104]          | [0.0100, 0.0900, 0.0700, 0.0900, 0.0200, 0.0300, 0.0600, 0.1700, 0.2000, 0.1200, 0.1000, 0.0400]         | 9.1400   | 0.9000  | 0.8879 
10    | 8           | [98, 99, 100, 101, 102, 103, 104, 106]                         | [0.0200, 0.1300, 0.2300, 0.2300, 0.1100, 0.1200, 0.1500, 0.0100]                                         | 3.0300   | 0.8200  | 0.8362 
11    | 12          | [92, 93, 94, 95, 96, 97, 98, 99, 104, 105, 106, 107]           | [0.0200, 0.1700, 0.0500, 0.1400, 0.1400, 0.1400, 0.0300, 0.0100, 0.0300, 0.2200, 0.0400, 0.0100]         | 22.9531  | 0.8400  | 0.8661 
12    | 9           | [92, 94, 95, 96, 97, 98, 99, 100, 101]                         | [0.1000, 0.0500, 0.1100, 0.0200, 0.0700, 0.2000, 0.2300, 0.1400, 0.0800]                                 | 6.8099   | 0.8800  | 0.8598 
13    | 13          | [95, 96, 97, 103, 104, 105, 106, 107, 108, 109, 110, 111, 112] | [0.0200, 0.1400, 0.0900, 0.0100, 0.2000, 0.0800, 0.1400, 0.0500, 0.0300, 0.0600, 0.0500, 0.0700, 0.0600] | 27.0724  | 0.8800  | 0.8968 
14    | 8           | [93, 94, 95, 96, 97, 98, 99, 100]                              | [0.0900, 0.1200, 0.1400, 0.1000, 0.1200, 0.2500, 0.1300, 0.0500]                                         | 4.2064   | 0.8600  | 0.8602 
15    | 11          | [93, 94, 95, 96, 97, 100, 101, 102, 103, 104, 105]             | [0.0900, 0.2100, 0.2000, 0.1700, 0.0400, 0.0200, 0.0900, 0.0800, 0.0300, 0.0500, 0.0200]                 | 12.7275  | 0.8200  | 0.8673 
16    | 9           | [96, 97, 98, 99, 100, 101, 102, 103, 104]                      | [0.0100, 0.3700, 0.1700, 0.0800, 0.0200, 0.0700, 0.1300, 0.0900, 0.0600]                                 | 6.0771   | 0.7200  | 0.8018 
17    | 12          | [92, 93, 94, 95, 96, 97, 98, 101, 102, 103, 104, 105]          | [0.0200, 0.0300, 0.2900, 0.0700, 0.2400, 0.1200, 0.0100, 0.0900, 0.0700, 0.0400, 0.0100, 0.0100]         | 9.7504   | 0.8400  | 0.8311 
18    | 12          | [96, 97, 98, 99, 100, 101, 102, 103, 104, 105, 106, 108]       | [0.0300, 0.1700, 0.0200, 0.0300, 0.0500, 0.0200, 0.1600, 0.0700, 0.2700, 0.1400, 0.0100, 0.0300]         | 9.7851   | 0.8400  | 0.8505 
19    | 13          | [91, 92, 93, 94, 95, 96, 97, 98, 99, 100, 101, 102, 103]       | [0.0100, 0.0200, 0.0300, 0.0900, 0.0600, 0.0700, 0.1300, 0.0700, 0.0400, 0.0500, 0.3300, 0.0600, 0.0400] | 9.3436   | 0.8800  | 0.8505 
20    | 13          | [94, 95, 96, 97, 98, 99, 100, 101, 102, 103, 104, 105, 106]    | [0.0100, 0.1900, 0.0300, 0.0100, 0.0700, 0.1100, 0.1200, 0.1400, 0.1300, 0.0400, 0.0900, 0.0300, 0.0300] | 10.3200  | 0.9000  | 0.8923 
21    | 9           | [94, 97, 98, 99, 100, 105, 106, 107, 108]                      | [0.1700, 0.0300, 0.1700, 0.2000, 0.1800, 0.0100, 0.0400, 0.1600, 0.0400]                                 | 19.3536  | 0.8000  | 0.8485 
