
[Simulation Info]
simulation_id = sim_0009611
timestamp     = 20250428_112532
seed          = 433369
output_folder = /home/lejeunet/Bureau/simulations/Ref_table/sim_0009611

[Model Parameters]
pop_size           = 1490
num_loci           = 20
sample1_generation = 30
sample2_generation = 10
low_repeats        = 1
high_repeats       = 200
mutation_rate      = 0.001
recap_Ne           = 1490

[Sampling Design]
sample1_size_Ne  = 50
sample2_size_Ne  = 50
sample1_size_CMR = 50
sample2_size_CMR = 50

[Capture-Marquage-Recapture]
census_N   =  2601
MatchCount =  1

[Ne Estimates - One Sample - Decreasing critical values [0.050, 0.020, 0.010, 0+]]

[Linkage Desequilibrium]
LD_Ne_Pop1 = [3032.9, 2727.4, None, None]
LD_r2_Pop1 = [0.021386, 0.021398, 0.021224, 0.021224]
LD_Ne_Pop2 = [None, None, None, None]
LD_r2_Pop2 = [0.021093, 0.021078, 0.021223, 0.021223]

[Heterozygote excess]
HE_Neb_mean_Pop1        = [22.4, 32.4, 25.9, 25.9]
HE_weighted_D_mean_Pop1 = [0.02284, 0.01567, 0.0197, 0.0197]
HE_Neb_mean_Pop2        = [51.8, 49.3, 50.2, 50.2]
HE_weighted_D_mean_Pop2 = [0.00975, 0.01025, 0.01006, 0.01006]

[Molecular Coancestry]
Coan_Neb_n_Pop1 = None
Coan_f1_Pop1    = -0.00634
Coan_Neb_n_Pop2 = 18.7
Coan_f1_Pop2    = 0.02681

[Ne Estimates - Temporal - Decreasing critical values (0.050, 0.020, 0.010, 0+)]

[Pollak]
P_Ne     = [17287.7, 4952.8, 6322.3, 7956.4]
P_Fk     = [0.02029, 0.02101, 0.02079, 0.02063]
P_Fprime = [0.00029, 0.00101, 0.00079, 0.00063]

[Nei/Tajima]
N_Ne     = [-13049.2, 18139.5, 46995.1, -175144.7]
N_Fc     = [0.01962, 0.02028, 0.02011, 0.01997]
N_Fprime = [-0.00038, 0.00028, 0.00011, -3e-05]

[Jorde/Ryman]
J_Ne     = [-4039.5, -3755.8, -3540.9, -3508.1]
J_Fs     = [0.01886, 0.01877, 0.01869, 0.01868]
J_Fprime = [-0.00124, -0.00133, -0.00141, -0.00143]

[Genetic Diversity - Heterozygosity]
mean_exp_het_pop1 = 0.7326
mean_obs_het_pop1 = 0.7571
mean_exp_het_pop2 = 0.7256
mean_obs_het_pop2 = 0.7343

[Genetic Diversity - Allele Counts]
mean_alleles_pop1 = 7.0
var_alleles_pop1  = 1.5
sum_alleles_pop1  = 147
mean_alleles_pop2 = 6.74
var_alleles_pop2  = 1.32
sum_alleles_pop2  = 283

[Genetic Diversity - Allelic Size Variance]
var_allele_size_pop1 = 2.5391
var_allele_size_pop2 = 2.3214

[Per-locus summary - Population 1]
Locus | Num_Alleles | Alleles                                     | Frequencies                                                              | Variance | Obs_Het | Exp_Het
------+-------------+---------------------------------------------+--------------------------------------------------------------------------+----------+---------+--------
1     | 6           | [96, 97, 98, 100, 101, 102]                 | [0.0300, 0.4100, 0.1800, 0.0200, 0.2500, 0.1100]                         | 4.0424   | 0.7400  | 0.7309 
2     | 5           | [98, 99, 100, 101, 102]                     | [0.0200, 0.0400, 0.1400, 0.5900, 0.2100]                                 | 0.6851   | 0.6200  | 0.5921 
3     | 8           | [99, 100, 101, 102, 103, 104, 105, 106]     | [0.1000, 0.0200, 0.1400, 0.0900, 0.3400, 0.0900, 0.2100, 0.0100]         | 3.3659   | 0.8600  | 0.8020 
4     | 7           | [97, 98, 99, 100, 101, 102, 103]            | [0.0100, 0.1100, 0.0500, 0.2700, 0.2200, 0.2500, 0.0900]                 | 2.1339   | 0.8000  | 0.8014 
5     | 9           | [96, 97, 98, 99, 100, 101, 102, 103, 104]   | [0.0200, 0.2900, 0.0100, 0.0300, 0.0100, 0.1600, 0.3900, 0.0800, 0.0100] | 5.5516   | 0.7200  | 0.7376 
6     | 5           | [97, 100, 101, 102, 103]                    | [0.0100, 0.0300, 0.4000, 0.4500, 0.1100]                                 | 0.7200   | 0.6400  | 0.6307 
7     | 7           | [98, 99, 100, 101, 102, 103, 104]           | [0.0100, 0.0700, 0.0800, 0.1800, 0.1400, 0.3000, 0.2200]                 | 2.4475   | 0.9200  | 0.8063 
8     | 7           | [97, 98, 99, 100, 101, 102, 103]            | [0.0700, 0.2700, 0.1700, 0.1000, 0.1600, 0.0600, 0.1700]                 | 3.7931   | 0.8600  | 0.8335 
9     | 8           | [97, 98, 99, 101, 102, 103, 104, 105]       | [0.0200, 0.0200, 0.0200, 0.0100, 0.3400, 0.2000, 0.2700, 0.1200]         | 2.6475   | 0.8000  | 0.7634 
10    | 5           | [99, 100, 101, 102, 103]                    | [0.0200, 0.2200, 0.3000, 0.3400, 0.1200]                                 | 1.0176   | 0.7400  | 0.7386 
11    | 7           | [95, 96, 97, 98, 99, 100, 101]              | [0.0200, 0.0600, 0.1200, 0.1300, 0.1800, 0.4500, 0.0400]                 | 2.0700   | 0.7800  | 0.7356 
12    | 8           | [96, 99, 100, 101, 102, 103, 104, 105]      | [0.0400, 0.0300, 0.2200, 0.3900, 0.1700, 0.0300, 0.1000, 0.0200]         | 2.8331   | 0.7800  | 0.7644 
13    | 7           | [96, 97, 98, 99, 100, 101, 102]             | [0.0900, 0.0200, 0.1000, 0.2300, 0.4900, 0.0300, 0.0400]                 | 1.8924   | 0.7200  | 0.6929 
14    | 9           | [98, 99, 100, 101, 102, 103, 104, 105, 106] | [0.0200, 0.1300, 0.2700, 0.1800, 0.2100, 0.0300, 0.0100, 0.0600, 0.0900] | 4.4400   | 0.8400  | 0.8289 
15    | 7           | [96, 97, 98, 99, 100, 101, 102]             | [0.0500, 0.0500, 0.1500, 0.5000, 0.1600, 0.0500, 0.0400]                 | 1.5196   | 0.7600  | 0.6998 
16    | 8           | [96, 97, 98, 99, 100, 101, 102, 103]        | [0.0100, 0.2700, 0.0400, 0.0800, 0.1100, 0.2300, 0.0300, 0.2300]         | 5.2491   | 0.8800  | 0.8083 
17    | 6           | [101, 102, 103, 104, 105, 106]              | [0.0100, 0.2200, 0.3700, 0.2100, 0.1000, 0.0900]                         | 1.4864   | 0.7200  | 0.7600 
18    | 6           | [95, 96, 97, 98, 99, 100]                   | [0.0500, 0.0100, 0.2500, 0.6300, 0.0500, 0.0100]                         | 0.7075   | 0.5200  | 0.5408 
19    | 8           | [94, 95, 96, 97, 98, 99, 101, 102]          | [0.0300, 0.0200, 0.3100, 0.2300, 0.3100, 0.0300, 0.0500, 0.0200]         | 2.3371   | 0.7200  | 0.7574 
20    | 8           | [96, 97, 98, 99, 100, 101, 102, 103]        | [0.1000, 0.0400, 0.1100, 0.0900, 0.4700, 0.1400, 0.0400, 0.0100]         | 2.5436   | 0.7800  | 0.7333 
21    | 6           | [94, 95, 96, 97, 98, 100]                   | [0.0600, 0.5700, 0.2000, 0.0900, 0.0200, 0.0600]                         | 1.8376   | 0.7000  | 0.6257 

[Per-locus summary - Population 2]
Locus | Num_Alleles | Alleles                                 | Frequencies                                                      | Variance | Obs_Het | Exp_Het
------+-------------+-----------------------------------------+------------------------------------------------------------------+----------+---------+--------
1     | 5           | [96, 97, 98, 101, 102]                  | [0.0200, 0.3500, 0.1700, 0.3100, 0.1500]                         | 4.3204   | 0.7600  | 0.7370 
2     | 5           | [98, 99, 100, 101, 102]                 | [0.0100, 0.0300, 0.1600, 0.5500, 0.2500]                         | 0.6200   | 0.4200  | 0.6146 
3     | 8           | [99, 100, 101, 102, 103, 104, 105, 106] | [0.0800, 0.0900, 0.1300, 0.0500, 0.2600, 0.1400, 0.2400, 0.0100] | 3.7875   | 0.8800  | 0.8295 
4     | 7           | [97, 98, 99, 100, 101, 102, 103]        | [0.0200, 0.0800, 0.0600, 0.2900, 0.2600, 0.2000, 0.0900]         | 2.0075   | 0.8000  | 0.7978 
5     | 7           | [96, 97, 99, 100, 101, 102, 103]        | [0.0100, 0.2500, 0.0500, 0.0100, 0.3500, 0.2800, 0.0500]         | 4.3316   | 0.7000  | 0.7388 
6     | 5           | [100, 101, 102, 103, 105]               | [0.0700, 0.3500, 0.5000, 0.0500, 0.0300]                         | 0.8275   | 0.6800  | 0.6254 
7     | 6           | [99, 100, 101, 102, 103, 104]           | [0.0300, 0.0500, 0.1900, 0.2300, 0.3600, 0.1400]                 | 1.5124   | 0.8200  | 0.7661 
8     | 7           | [97, 98, 99, 100, 101, 102, 103]        | [0.0700, 0.2700, 0.2400, 0.1200, 0.1000, 0.0500, 0.1500]         | 3.4844   | 0.8200  | 0.8234 
9     | 7           | [97, 98, 101, 102, 103, 104, 105]       | [0.0100, 0.0300, 0.0500, 0.3100, 0.2700, 0.2400, 0.0900]         | 2.1800   | 0.7400  | 0.7695 
10    | 5           | [99, 100, 101, 102, 103]                | [0.1000, 0.2000, 0.2800, 0.2700, 0.1500]                         | 1.4411   | 0.9000  | 0.7840 
11    | 7           | [95, 96, 97, 98, 99, 100, 101]          | [0.0100, 0.0200, 0.1400, 0.1100, 0.2500, 0.4500, 0.0200]         | 1.5400   | 0.6800  | 0.7095 
12    | 7           | [96, 99, 100, 101, 102, 103, 104]       | [0.0200, 0.0100, 0.2300, 0.3900, 0.1600, 0.0900, 0.1000]         | 2.1059   | 0.8000  | 0.7584 
13    | 7           | [96, 97, 98, 99, 100, 101, 102]         | [0.0600, 0.0300, 0.0700, 0.1900, 0.5800, 0.0400, 0.0300]         | 1.5464   | 0.6400  | 0.6218 
14    | 8           | [98, 99, 100, 101, 102, 103, 105, 106]  | [0.0100, 0.2600, 0.1500, 0.1200, 0.2900, 0.0400, 0.0300, 0.1000] | 4.6259   | 0.8600  | 0.8069 
15    | 7           | [96, 97, 98, 99, 100, 101, 102]         | [0.0500, 0.0300, 0.0900, 0.4800, 0.1700, 0.1000, 0.0800]         | 1.8539   | 0.7400  | 0.7200 
16    | 7           | [97, 98, 99, 100, 101, 102, 103]        | [0.2100, 0.0300, 0.1300, 0.1200, 0.2800, 0.0100, 0.2200]         | 4.4204   | 0.7000  | 0.8048 
17    | 5           | [102, 103, 104, 105, 106]               | [0.2200, 0.3300, 0.2900, 0.1000, 0.0600]                         | 1.2475   | 0.7400  | 0.7525 
18    | 5           | [95, 96, 97, 98, 99]                    | [0.0400, 0.0700, 0.2700, 0.6000, 0.0200]                         | 0.6699   | 0.5600  | 0.5659 
19    | 5           | [94, 96, 97, 98, 99]                    | [0.0400, 0.4100, 0.1900, 0.3200, 0.0400]                         | 1.2331   | 0.7600  | 0.6972 
20    | 7           | [96, 97, 98, 99, 100, 101, 103]         | [0.1000, 0.0500, 0.0400, 0.0900, 0.5500, 0.1600, 0.0100]         | 2.2691   | 0.6800  | 0.6562 
21    | 7           | [94, 95, 96, 97, 98, 100, 101]          | [0.0600, 0.5400, 0.2100, 0.0500, 0.0500, 0.0600, 0.0300]         | 2.7256   | 0.7400  | 0.6578 
