
[Simulation Info]
simulation_id = sim_0009589
timestamp     = 20250428_112453
seed          = 467419
output_folder = /home/lejeunet/Bureau/simulations/Ref_table/sim_0009589

[Model Parameters]
pop_size           = 1492
num_loci           = 20
sample1_generation = 30
sample2_generation = 10
low_repeats        = 1
high_repeats       = 200
mutation_rate      = 0.001
recap_Ne           = 1492

[Sampling Design]
sample1_size_Ne  = 50
sample2_size_Ne  = 50
sample1_size_CMR = 50
sample2_size_CMR = 50

[Capture-Marquage-Recapture]
census_N   =  2601
MatchCount =  1

[Ne Estimates - One Sample - Decreasing critical values [0.050, 0.020, 0.010, 0+]]

[Linkage Desequilibrium]
LD_Ne_Pop1 = [398.7, 311.4, 309.2, 309.2]
LD_r2_Pop1 = [0.022108, 0.022339, 0.022347, 0.022347]
LD_Ne_Pop2 = [304.8, 421.2, 636.5, 636.5]
LD_r2_Pop2 = [0.022362, 0.022063, 0.021798, 0.021798]

[Heterozygote excess]
HE_Neb_mean_Pop1        = [183.7, 53.6, 55.6, 55.6]
HE_weighted_D_mean_Pop1 = [0.00273, 0.00941, 0.00907, 0.00907]
HE_Neb_mean_Pop2        = [71.5, 77.8, 78.3, 78.3]
HE_weighted_D_mean_Pop2 = [0.00704, 0.00647, 0.00643, 0.00643]

[Molecular Coancestry]
Coan_Neb_n_Pop1 = 28.1
Coan_f1_Pop1    = 0.01782
Coan_Neb_n_Pop2 = 21.8
Coan_f1_Pop2    = 0.02297

[Ne Estimates - Temporal - Decreasing critical values (0.050, 0.020, 0.010, 0+)]

[Pollak]
P_Ne     = [1010.6, 1219.6, 1156.7, 1125.3]
P_Fk     = [0.02495, 0.0241, 0.02432, 0.02444]
P_Fprime = [0.00495, 0.0041, 0.00432, 0.00444]

[Nei/Tajima]
N_Ne     = [1102.8, 1320.7, 1256.3, 1223.7]
N_Fc     = [0.02453, 0.02379, 0.02398, 0.02409]
N_Fprime = [0.00453, 0.00379, 0.00398, 0.00409]

[Jorde/Ryman]
J_Ne     = [1023.3, 1079.8, 1068.6, 1065.8]
J_Fs     = [0.02499, 0.02474, 0.02478, 0.0248]
J_Fprime = [0.00489, 0.00463, 0.00468, 0.00469]

[Genetic Diversity - Heterozygosity]
mean_exp_het_pop1 = 0.7568
mean_obs_het_pop1 = 0.7571
mean_exp_het_pop2 = 0.7576
mean_obs_het_pop2 = 0.7629

[Genetic Diversity - Allele Counts]
mean_alleles_pop1 = 6.86
var_alleles_pop1  = 2.13
sum_alleles_pop1  = 144
mean_alleles_pop2 = 7.05
var_alleles_pop2  = 2.39
sum_alleles_pop2  = 296

[Genetic Diversity - Allelic Size Variance]
var_allele_size_pop1 = 4.3498
var_allele_size_pop2 = 4.224

[Per-locus summary - Population 1]
Locus | Num_Alleles | Alleles                                      | Frequencies                                                                      | Variance | Obs_Het | Exp_Het
------+-------------+----------------------------------------------+----------------------------------------------------------------------------------+----------+---------+--------
1     | 7           | [101, 102, 103, 104, 105, 106, 107]          | [0.0100, 0.3100, 0.2800, 0.0700, 0.2700, 0.0500, 0.0100]                         | 1.8891   | 0.6600  | 0.7525 
2     | 6           | [97, 98, 99, 100, 103, 104]                  | [0.2500, 0.1600, 0.1700, 0.2500, 0.0500, 0.1200]                                 | 5.0579   | 0.8400  | 0.8117 
3     | 8           | [91, 92, 93, 94, 103, 104, 105, 106]         | [0.0800, 0.3500, 0.3000, 0.0700, 0.0400, 0.0900, 0.0400, 0.0300]                 | 23.1476  | 0.8400  | 0.7717 
4     | 8           | [93, 94, 95, 96, 97, 98, 99, 100]            | [0.0100, 0.2900, 0.2100, 0.0300, 0.2100, 0.1800, 0.0600, 0.0100]                 | 3.0891   | 0.8200  | 0.7986 
5     | 8           | [94, 95, 96, 98, 99, 100, 101, 102]          | [0.0200, 0.1400, 0.0600, 0.1300, 0.3400, 0.2300, 0.0700, 0.0100]                 | 3.6851   | 0.7800  | 0.7939 
6     | 7           | [98, 99, 100, 101, 102, 103, 104]            | [0.3400, 0.0800, 0.1700, 0.1200, 0.1800, 0.1000, 0.0100]                         | 3.3364   | 0.8600  | 0.8002 
7     | 4           | [98, 99, 100, 101]                           | [0.1200, 0.4100, 0.3100, 0.1600]                                                 | 0.8099   | 0.7000  | 0.7028 
8     | 8           | [92, 93, 94, 95, 96, 97, 104, 105]           | [0.0100, 0.2600, 0.2000, 0.1700, 0.2300, 0.0200, 0.0700, 0.0400]                 | 11.0075  | 0.7800  | 0.8117 
9     | 7           | [98, 99, 100, 101, 102, 103, 104]            | [0.0300, 0.1200, 0.1400, 0.3000, 0.0800, 0.2600, 0.0700]                         | 2.5244   | 0.8400  | 0.8042 
10    | 5           | [100, 101, 102, 104, 105]                    | [0.2100, 0.4600, 0.0800, 0.0500, 0.2000]                                         | 3.2676   | 0.6800  | 0.7024 
11    | 10          | [93, 94, 95, 96, 97, 98, 100, 101, 102, 103] | [0.0500, 0.0500, 0.1200, 0.2900, 0.1800, 0.0300, 0.0500, 0.0200, 0.2000, 0.0100] | 7.9864   | 0.8200  | 0.8285 
12    | 7           | [94, 95, 96, 97, 98, 99, 100]                | [0.0200, 0.0300, 0.4300, 0.3300, 0.0400, 0.1200, 0.0300]                         | 1.4876   | 0.6800  | 0.6949 
13    | 6           | [96, 97, 98, 99, 100, 101]                   | [0.0100, 0.1100, 0.1700, 0.3300, 0.3400, 0.0400]                                 | 1.2000   | 0.7400  | 0.7402 
14    | 8           | [93, 94, 95, 98, 99, 100, 101, 102]          | [0.0100, 0.1500, 0.0900, 0.0400, 0.1100, 0.1400, 0.2800, 0.1800]                 | 8.4691   | 0.8600  | 0.8335 
15    | 6           | [95, 96, 97, 98, 99, 100]                    | [0.0400, 0.0800, 0.4600, 0.2500, 0.1300, 0.0400]                                 | 1.1491   | 0.7600  | 0.7065 
16    | 7           | [96, 97, 98, 99, 100, 101, 102]              | [0.2400, 0.0600, 0.4700, 0.0100, 0.0700, 0.1300, 0.0200]                         | 2.7936   | 0.6800  | 0.7026 
17    | 7           | [98, 99, 101, 102, 103, 104, 105]            | [0.0400, 0.0900, 0.0300, 0.1300, 0.4700, 0.2200, 0.0200]                         | 2.7499   | 0.7200  | 0.7099 
18    | 9           | [95, 96, 97, 98, 99, 100, 101, 102, 103]     | [0.0600, 0.2000, 0.2200, 0.1400, 0.0600, 0.1700, 0.0700, 0.0600, 0.0200]         | 4.3675   | 0.8400  | 0.8556 
19    | 5           | [100, 101, 102, 103, 104]                    | [0.0300, 0.0900, 0.4600, 0.3600, 0.0600]                                         | 0.7011   | 0.6400  | 0.6527 
20    | 6           | [99, 100, 101, 102, 103, 104]                | [0.1500, 0.0600, 0.3100, 0.2700, 0.2000, 0.0100]                                 | 1.7044   | 0.7600  | 0.7725 
21    | 5           | [99, 100, 101, 102, 103]                     | [0.1100, 0.1300, 0.5500, 0.1600, 0.0500]                                         | 0.9219   | 0.6000  | 0.6469 

[Per-locus summary - Population 2]
Locus | Num_Alleles | Alleles                                       | Frequencies                                                                      | Variance | Obs_Het | Exp_Het
------+-------------+-----------------------------------------------+----------------------------------------------------------------------------------+----------+---------+--------
1     | 7           | [101, 102, 103, 104, 105, 106, 107]           | [0.0300, 0.1500, 0.2700, 0.2400, 0.2000, 0.1000, 0.0100]                         | 1.7771   | 0.8400  | 0.8040 
2     | 8           | [96, 97, 98, 99, 100, 101, 103, 104]          | [0.0100, 0.2300, 0.2500, 0.2100, 0.1500, 0.0200, 0.0700, 0.0600]                 | 4.1091   | 0.7600  | 0.8172 
3     | 8           | [91, 92, 93, 94, 103, 104, 105, 106]          | [0.0700, 0.3200, 0.3100, 0.1400, 0.0600, 0.0700, 0.0200, 0.0100]                 | 17.7636  | 0.7800  | 0.7758 
4     | 8           | [93, 94, 95, 96, 97, 98, 99, 100]             | [0.0300, 0.1900, 0.3300, 0.0400, 0.2400, 0.1300, 0.0300, 0.0100]                 | 2.5211   | 0.8600  | 0.7849 
5     | 7           | [94, 95, 96, 98, 99, 100, 101]                | [0.0400, 0.1300, 0.0500, 0.1200, 0.3500, 0.1800, 0.1300]                         | 4.0475   | 0.9000  | 0.8008 
6     | 8           | [97, 98, 99, 100, 101, 102, 103, 104]         | [0.0200, 0.3100, 0.0900, 0.1900, 0.0800, 0.2100, 0.0900, 0.0100]                 | 3.3984   | 0.8000  | 0.8087 
7     | 4           | [98, 99, 100, 101]                            | [0.0700, 0.5400, 0.2600, 0.1300]                                                 | 0.6475   | 0.6800  | 0.6252 
8     | 8           | [93, 94, 95, 96, 97, 101, 104, 105]           | [0.2100, 0.1800, 0.1300, 0.2200, 0.0200, 0.0300, 0.1400, 0.0700]                 | 17.5000  | 0.8400  | 0.8408 
9     | 7           | [98, 99, 100, 101, 102, 103, 104]             | [0.1100, 0.0600, 0.1300, 0.2200, 0.1300, 0.3100, 0.0400]                         | 3.0059   | 0.7600  | 0.8125 
10    | 5           | [100, 101, 102, 104, 105]                     | [0.2100, 0.3400, 0.1400, 0.1200, 0.1900]                                         | 3.3675   | 0.7200  | 0.7780 
11    | 9           | [93, 94, 95, 96, 97, 98, 100, 102, 103]       | [0.0100, 0.0700, 0.1300, 0.2500, 0.2700, 0.1100, 0.0300, 0.1200, 0.0100]         | 5.2900   | 0.9200  | 0.8234 
12    | 7           | [94, 95, 96, 97, 98, 99, 100]                 | [0.0300, 0.0600, 0.3400, 0.2400, 0.0800, 0.2000, 0.0500]                         | 2.1736   | 0.8600  | 0.7812 
13    | 6           | [96, 97, 98, 99, 100, 101]                    | [0.0800, 0.1100, 0.0800, 0.4400, 0.2600, 0.0300]                                 | 1.5716   | 0.7600  | 0.7202 
14    | 7           | [94, 95, 98, 99, 100, 101, 102]               | [0.0600, 0.1700, 0.0600, 0.1500, 0.1300, 0.1900, 0.2400]                         | 7.2939   | 0.8600  | 0.8392 
15    | 6           | [95, 96, 97, 98, 99, 100]                     | [0.0100, 0.0900, 0.4900, 0.2100, 0.1400, 0.0600]                                 | 1.1264   | 0.7400  | 0.6913 
16    | 6           | [95, 96, 97, 98, 100, 101]                    | [0.0100, 0.2300, 0.0500, 0.5700, 0.0500, 0.0900]                                 | 2.0411   | 0.5200  | 0.6151 
17    | 8           | [98, 99, 100, 101, 102, 103, 104, 105]        | [0.0300, 0.0600, 0.0600, 0.0300, 0.0500, 0.5000, 0.2300, 0.0400]                 | 2.6731   | 0.7600  | 0.6909 
18    | 10          | [95, 96, 97, 98, 99, 100, 101, 102, 103, 104] | [0.0400, 0.2300, 0.1600, 0.1100, 0.0900, 0.2400, 0.0700, 0.0200, 0.0100, 0.0300] | 4.6475   | 0.7000  | 0.8442 
19    | 5           | [100, 101, 102, 103, 104]                     | [0.0300, 0.1000, 0.5300, 0.3000, 0.0400]                                         | 0.6316   | 0.5800  | 0.6228 
20    | 6           | [99, 100, 101, 102, 103, 104]                 | [0.2200, 0.0300, 0.2600, 0.2600, 0.2200, 0.0100]                                 | 2.0724   | 0.7400  | 0.7748 
21    | 5           | [99, 100, 101, 102, 103]                      | [0.0900, 0.0900, 0.5400, 0.1700, 0.1100]                                         | 1.0456   | 0.6400  | 0.6578 
