
[Simulation Info]
simulation_id = sim_0010739
timestamp     = 20250429_085032
seed          = 81818
output_folder = /home/lejeunet/Bureau/simulations/Ref_table/sim_0010739

[Model Parameters]
pop_size           = 809
num_loci           = 20
sample1_generation = 30
sample2_generation = 10
low_repeats        = 1
high_repeats       = 200
mutation_rate      = 0.001
recap_Ne           = 809

[Sampling Design]
sample1_size_Ne  = 50
sample2_size_Ne  = 50
sample1_size_CMR = 50
sample2_size_CMR = 50

[Capture-Marquage-Recapture]
census_N   =  650
MatchCount =  4

[Ne Estimates - One Sample - Decreasing critical values [0.050, 0.020, 0.010, 0+]]

[Linkage Desequilibrium]
LD_Ne_Pop1 = [388.4, 587.2, None, None]
LD_r2_Pop1 = [0.02213, 0.021842, 0.020995, 0.020995]
LD_Ne_Pop2 = [278.2, 351.6, 554.4, 554.4]
LD_r2_Pop2 = [0.022465, 0.022218, 0.021875, 0.021875]

[Heterozygote excess]
HE_Neb_mean_Pop1        = [62.3, 72.6, 78.8, 78.8]
HE_weighted_D_mean_Pop1 = [0.00809, 0.00694, 0.00638, 0.00638]
HE_Neb_mean_Pop2        = [351.1, 54.4, 56.6, 56.6]
HE_weighted_D_mean_Pop2 = [0.00143, 0.00927, 0.00891, 0.00891]

[Molecular Coancestry]
Coan_Neb_n_Pop1 = 70.9
Coan_f1_Pop1    = 0.00705
Coan_Neb_n_Pop2 = 92.5
Coan_f1_Pop2    = 0.0054

[Ne Estimates - Temporal - Decreasing critical values (0.050, 0.020, 0.010, 0+)]

[Pollak]
P_Ne     = [562.6, 535.8, 556.6, 578.6]
P_Fk     = [0.02889, 0.02933, 0.02898, 0.02864]
P_Fprime = [0.00889, 0.00933, 0.00898, 0.00864]

[Nei/Tajima]
N_Ne     = [479.8, 471.9, 485.2, 499.1]
N_Fc     = [0.03042, 0.0306, 0.0303, 0.03002]
N_Fprime = [0.01042, 0.0106, 0.0103, 0.01002]

[Jorde/Ryman]
J_Ne     = [374.0, 363.1, 363.1, 363.5]
J_Fs     = [0.03351, 0.03392, 0.03392, 0.0339]
J_Fprime = [0.01337, 0.01377, 0.01377, 0.01375]

[Genetic Diversity - Heterozygosity]
mean_exp_het_pop1 = 0.653
mean_obs_het_pop1 = 0.6581
mean_exp_het_pop2 = 0.6339
mean_obs_het_pop2 = 0.64

[Genetic Diversity - Allele Counts]
mean_alleles_pop1 = 4.9
var_alleles_pop1  = 1.19
sum_alleles_pop1  = 103
mean_alleles_pop2 = 4.83
var_alleles_pop2  = 1.36
sum_alleles_pop2  = 203

[Genetic Diversity - Allelic Size Variance]
var_allele_size_pop1 = 1.2308
var_allele_size_pop2 = 1.1121

[Per-locus summary - Population 1]
Locus | Num_Alleles | Alleles                         | Frequencies                                              | Variance | Obs_Het | Exp_Het
------+-------------+---------------------------------+----------------------------------------------------------+----------+---------+--------
1     | 3           | [98, 99, 100]                   | [0.0100, 0.3000, 0.6900]                                 | 0.2376   | 0.3200  | 0.4382 
2     | 5           | [98, 99, 100, 101, 102]         | [0.1500, 0.1600, 0.3400, 0.2300, 0.1200]                 | 1.4699   | 0.7800  | 0.7768 
3     | 4           | [98, 99, 100, 101]              | [0.0100, 0.2800, 0.4300, 0.2800]                         | 0.5996   | 0.7400  | 0.6649 
4     | 4           | [98, 99, 100, 101]              | [0.1200, 0.1200, 0.7200, 0.0400]                         | 0.5376   | 0.3800  | 0.4558 
5     | 6           | [97, 98, 99, 100, 101, 102]     | [0.0400, 0.2500, 0.4200, 0.0800, 0.1700, 0.0400]         | 1.4859   | 0.7600  | 0.7299 
6     | 4           | [99, 100, 101, 102]             | [0.1000, 0.4100, 0.4400, 0.0500]                         | 0.5464   | 0.6000  | 0.6321 
7     | 5           | [98, 99, 100, 101, 102]         | [0.0200, 0.0700, 0.4400, 0.4400, 0.0300]                 | 0.5579   | 0.6000  | 0.6127 
8     | 7           | [96, 97, 98, 99, 100, 105, 106] | [0.0100, 0.3500, 0.3500, 0.1700, 0.0300, 0.0800, 0.0100] | 4.9900   | 0.7800  | 0.7259 
9     | 6           | [97, 98, 99, 100, 101, 102]     | [0.0300, 0.1000, 0.1500, 0.2600, 0.3600, 0.1000]         | 1.5656   | 0.7800  | 0.7671 
10    | 5           | [96, 97, 98, 99, 100]           | [0.0400, 0.2200, 0.6100, 0.0400, 0.0900]                 | 0.7736   | 0.6600  | 0.5739 
11    | 6           | [97, 98, 99, 100, 101, 102]     | [0.0100, 0.3400, 0.1000, 0.3100, 0.2300, 0.0100]         | 1.5064   | 0.7600  | 0.7325 
12    | 4           | [98, 99, 100, 101]              | [0.0900, 0.2300, 0.6700, 0.0100]                         | 0.4400   | 0.5200  | 0.4950 
13    | 6           | [100, 101, 102, 103, 104, 105]  | [0.0200, 0.3200, 0.1700, 0.1700, 0.3100, 0.0100]         | 1.6884   | 0.8000  | 0.7507 
14    | 4           | [99, 100, 101, 102]             | [0.1500, 0.3800, 0.4500, 0.0200]                         | 0.5644   | 0.6400  | 0.6366 
15    | 5           | [98, 99, 100, 101, 102]         | [0.0200, 0.1100, 0.3700, 0.3700, 0.1300]                 | 0.8496   | 0.6400  | 0.7038 
16    | 5           | [97, 98, 99, 100, 101]          | [0.0400, 0.0100, 0.2100, 0.5400, 0.2000]                 | 0.7875   | 0.5800  | 0.6289 
17    | 4           | [99, 100, 101, 102]             | [0.1400, 0.0100, 0.3600, 0.4900]                         | 1.0200   | 0.7600  | 0.6168 
18    | 6           | [96, 97, 98, 99, 101, 102]      | [0.0300, 0.5400, 0.2800, 0.0100, 0.1300, 0.0100]         | 1.9744   | 0.5400  | 0.6182 
19    | 6           | [98, 99, 100, 101, 102, 103]    | [0.0900, 0.0900, 0.0900, 0.1600, 0.4000, 0.1700]         | 2.3000   | 0.7200  | 0.7689 
20    | 3           | [99, 100, 101]                  | [0.4000, 0.1800, 0.4200]                                 | 0.8196   | 0.6600  | 0.6376 
21    | 5           | [97, 98, 99, 100, 101]          | [0.0200, 0.2400, 0.2400, 0.3500, 0.1500]                 | 1.1331   | 0.8000  | 0.7469 

[Per-locus summary - Population 2]
Locus | Num_Alleles | Alleles                          | Frequencies                                              | Variance | Obs_Het | Exp_Het
------+-------------+----------------------------------+----------------------------------------------------------+----------+---------+--------
1     | 2           | [99, 100]                        | [0.4600, 0.5400]                                         | 0.2484   | 0.4800  | 0.5018 
2     | 5           | [98, 99, 100, 101, 102]          | [0.0900, 0.0900, 0.3700, 0.3600, 0.0900]                 | 1.0971   | 0.6600  | 0.7164 
3     | 3           | [99, 100, 101]                   | [0.1600, 0.4100, 0.4300]                                 | 0.5171   | 0.6200  | 0.6277 
4     | 4           | [98, 99, 100, 101]               | [0.0900, 0.0200, 0.8800, 0.0100]                         | 0.3539   | 0.2400  | 0.2192 
5     | 7           | [97, 98, 99, 100, 101, 102, 103] | [0.0500, 0.2700, 0.3100, 0.0100, 0.2800, 0.0700, 0.0100] | 2.1875   | 0.8600  | 0.7525 
6     | 5           | [99, 100, 101, 102, 103]         | [0.0600, 0.4400, 0.4100, 0.0800, 0.0100]                 | 0.5884   | 0.7200  | 0.6345 
7     | 5           | [98, 99, 100, 101, 102]          | [0.0300, 0.0100, 0.5200, 0.4100, 0.0300]                 | 0.5000   | 0.5800  | 0.5653 
8     | 7           | [96, 97, 98, 99, 100, 105, 106]  | [0.0100, 0.3700, 0.3500, 0.1900, 0.0200, 0.0500, 0.0100] | 3.6971   | 0.6400  | 0.7085 
9     | 5           | [98, 99, 100, 101, 102]          | [0.1100, 0.0900, 0.2200, 0.4000, 0.1800]                 | 1.4475   | 0.7800  | 0.7465 
10    | 5           | [96, 97, 98, 99, 100]            | [0.0300, 0.1900, 0.7000, 0.0400, 0.0400]                 | 0.4931   | 0.4200  | 0.4746 
11    | 5           | [98, 99, 100, 101, 102]          | [0.2600, 0.1300, 0.2600, 0.2900, 0.0600]                 | 1.6424   | 0.7400  | 0.7679 
12    | 4           | [98, 99, 100, 101]               | [0.0400, 0.4300, 0.5100, 0.0200]                         | 0.3699   | 0.6200  | 0.5586 
13    | 5           | [100, 101, 102, 103, 104]        | [0.0300, 0.3000, 0.2800, 0.2300, 0.1600]                 | 1.2539   | 0.8200  | 0.7598 
14    | 4           | [99, 100, 101, 102]              | [0.1600, 0.5400, 0.2800, 0.0200]                         | 0.4944   | 0.6000  | 0.6101 
15    | 4           | [99, 100, 101, 102]              | [0.1700, 0.4000, 0.3800, 0.0500]                         | 0.6539   | 0.5600  | 0.6709 
16    | 5           | [97, 98, 99, 100, 101]           | [0.0300, 0.0200, 0.1900, 0.5000, 0.2600]                 | 0.7964   | 0.6600  | 0.6515 
17    | 4           | [99, 101, 102, 103]              | [0.1600, 0.3600, 0.4400, 0.0400]                         | 1.2000   | 0.6200  | 0.6562 
18    | 4           | [96, 97, 98, 101]                | [0.0300, 0.4900, 0.3100, 0.1700]                         | 2.1384   | 0.6600  | 0.6404 
19    | 6           | [98, 99, 100, 101, 102, 103]     | [0.0500, 0.1000, 0.0500, 0.1600, 0.5000, 0.1400]         | 1.8156   | 0.6800  | 0.6968 
20    | 3           | [99, 100, 101]                   | [0.4300, 0.1500, 0.4200]                                 | 0.8499   | 0.7600  | 0.6224 
21    | 5           | [97, 98, 99, 100, 101]           | [0.0400, 0.1800, 0.3200, 0.3600, 0.1000]                 | 1.0100   | 0.7200  | 0.7313 
