
[Simulation Info]
simulation_id = sim_0011465
timestamp     = 20250429_091200
seed          = 365640
output_folder = /home/lejeunet/Bureau/simulations/Ref_table/sim_0011465

[Model Parameters]
pop_size           = 73
num_loci           = 20
sample1_generation = 30
sample2_generation = 10
low_repeats        = 1
high_repeats       = 200
mutation_rate      = 0.001
recap_Ne           = 73

[Sampling Design]
sample1_size_Ne  = 50
sample2_size_Ne  = 50
sample1_size_CMR = 50
sample2_size_CMR = 50

[Capture-Marquage-Recapture]
census_N   =  78
MatchCount =  33

[Ne Estimates - One Sample - Decreasing critical values [0.050, 0.020, 0.010, 0+]]

[Linkage Desequilibrium]
LD_Ne_Pop1 = [60.6, 37.1, 54.5, 54.5]
LD_r2_Pop1 = [0.02659, 0.029765, 0.027158, 0.027158]
LD_Ne_Pop2 = [28.9, 30.3, 56.8, 56.8]
LD_r2_Pop2 = [0.031967, 0.031532, 0.026932, 0.026932]

[Heterozygote excess]
HE_Neb_mean_Pop1        = [15.0, 16.2, 16.8, 16.8]
HE_weighted_D_mean_Pop1 = [0.03435, 0.03188, 0.03065, 0.03065]
HE_Neb_mean_Pop2        = [1153.8, 184.2, 221.8, 221.8]
HE_weighted_D_mean_Pop2 = [0.00043, 0.00272, 0.00226, 0.00226]

[Molecular Coancestry]
Coan_Neb_n_Pop1 = 10.5
Coan_f1_Pop1    = 0.04775
Coan_Neb_n_Pop2 = 2.1
Coan_f1_Pop2    = 0.24084

[Ne Estimates - Temporal - Decreasing critical values (0.050, 0.020, 0.010, 0+)]

[Pollak]
P_Ne     = [136.8, 148.7, 164.6, 170.3]
P_Fk     = [0.05654, 0.05362, 0.05038, 0.04937]
P_Fprime = [0.03654, 0.03362, 0.03038, 0.02937]

[Nei/Tajima]
N_Ne     = [133.2, 149.0, 164.9, 171.8]
N_Fc     = [0.05754, 0.05355, 0.05032, 0.04911]
N_Fprime = [0.03754, 0.03355, 0.03032, 0.02911]

[Jorde/Ryman]
J_Ne     = [136.1, 138.5, 139.3, 139.5]
J_Fs     = [0.05718, 0.05653, 0.05633, 0.05627]
J_Fprime = [0.03674, 0.0361, 0.03591, 0.03585]

[Genetic Diversity - Heterozygosity]
mean_exp_het_pop1 = 0.3403
mean_obs_het_pop1 = 0.3533
mean_exp_het_pop2 = 0.3008
mean_obs_het_pop2 = 0.302

[Genetic Diversity - Allele Counts]
mean_alleles_pop1 = 2.3
var_alleles_pop1  = 0.43
sum_alleles_pop1  = 46
mean_alleles_pop2 = 2.38
var_alleles_pop2  = 0.24
sum_alleles_pop2  = 95

[Genetic Diversity - Allelic Size Variance]
var_allele_size_pop1 = 0.1631
var_allele_size_pop2 = 0.1545

[Per-locus summary - Population 1]
Locus | Num_Alleles | Alleles         | Frequencies              | Variance | Obs_Het | Exp_Het
------+-------------+-----------------+--------------------------+----------+---------+--------
1     | 2           | [99, 100]       | [0.2000, 0.8000]         | 0.1600   | 0.2800  | 0.3232 
2     | 2           | [100, 101]      | [0.4800, 0.5200]         | 0.2496   | 0.4400  | 0.5042 
3     | 2           | [100, 101]      | [0.9700, 0.0300]         | 0.0291   | 0.0600  | 0.0588 
4     | 3           | [99, 100, 101]  | [0.1100, 0.8800, 0.0100] | 0.1100   | 0.2000  | 0.2156 
5     | 2           | [100, 101]      | [0.9900, 0.0100]         | 0.0099   | 0.0200  | 0.0200 
6     | 2           | [99, 100]       | [0.2000, 0.8000]         | 0.1600   | 0.2400  | 0.3232 
7     | 1           | [100]           | [1.0000]                 | 0.0000   | NA      | NA     
8     | 2           | [99, 100]       | [0.2900, 0.7100]         | 0.2059   | 0.4600  | 0.4160 
9     | 3           | [99, 100, 101]  | [0.0200, 0.3000, 0.6800] | 0.2644   | 0.5400  | 0.4517 
10    | 3           | [99, 100, 101]  | [0.0200, 0.9700, 0.0100] | 0.0299   | 0.0600  | 0.0592 
11    | 2           | [100, 101]      | [0.4200, 0.5800]         | 0.2436   | 0.5600  | 0.4921 
12    | 2           | [100, 101]      | [0.8400, 0.1600]         | 0.1344   | 0.2800  | 0.2715 
13    | 1           | [100]           | [1.0000]                 | 0.0000   | NA      | NA     
14    | 2           | [100, 101]      | [0.4600, 0.5400]         | 0.2484   | 0.5200  | 0.5018 
15    | 3           | [100, 101, 102] | [0.8100, 0.1800, 0.0100] | 0.1800   | 0.3600  | 0.3145 
16    | 3           | [99, 100, 101]  | [0.0700, 0.4400, 0.4900] | 0.3836   | 0.6800  | 0.5671 
17    | 3           | [99, 100, 101]  | [0.0200, 0.9300, 0.0500] | 0.0691   | 0.1400  | 0.1335 
18    | 3           | [99, 100, 101]  | [0.3600, 0.6300, 0.0100] | 0.2475   | 0.5800  | 0.4782 
19    | 2           | [100, 101]      | [0.5200, 0.4800]         | 0.2496   | 0.4800  | 0.5042 
20    | 3           | [99, 100, 101]  | [0.3000, 0.6500, 0.0500] | 0.2875   | 0.4600  | 0.4899 

[Per-locus summary - Population 2]
Locus | Num_Alleles | Alleles         | Frequencies              | Variance | Obs_Het | Exp_Het
------+-------------+-----------------+--------------------------+----------+---------+--------
1     | 2           | [99, 100]       | [0.0800, 0.9200]         | 0.0736   | 0.1600  | 0.1487 
2     | 2           | [100, 101]      | [0.4100, 0.5900]         | 0.2419   | 0.4200  | 0.4887 
3     | 2           | [99, 100]       | [0.0100, 0.9900]         | 0.0099   | 0.0200  | 0.0200 
4     | 2           | [99, 100]       | [0.2100, 0.7900]         | 0.1659   | 0.3800  | 0.3352 
5     | 3           | [99, 100, 101]  | [0.0100, 0.9800, 0.0100] | 0.0200   | 0.0400  | 0.0398 
6     | 2           | [99, 100]       | [0.1500, 0.8500]         | 0.1275   | 0.2600  | 0.2576 
7     | 2           | [99, 100]       | [0.0100, 0.9900]         | 0.0099   | 0.0200  | 0.0200 
8     | 2           | [99, 100]       | [0.1700, 0.8300]         | 0.1411   | 0.3400  | 0.2851 
9     | 3           | [99, 100, 101]  | [0.0400, 0.4100, 0.5500] | 0.3299   | 0.4800  | 0.5331 
10    | 2           | [100, 101]      | [0.9600, 0.0400]         | 0.0384   | 0.0800  | 0.0776 
11    | 2           | [100, 101]      | [0.5000, 0.5000]         | 0.2500   | 0.6400  | 0.5050 
12    | 2           | [100, 101]      | [0.8300, 0.1700]         | 0.1411   | 0.3000  | 0.2851 
13    | 2           | [100, 101]      | [0.9800, 0.0200]         | 0.0196   | 0.0400  | 0.0396 
14    | 2           | [100, 101]      | [0.3500, 0.6500]         | 0.2275   | 0.3800  | 0.4596 
15    | 3           | [100, 101, 102] | [0.6900, 0.3000, 0.0100] | 0.2376   | 0.4400  | 0.4382 
16    | 2           | [100, 101]      | [0.3800, 0.6200]         | 0.2356   | 0.4400  | 0.4760 
17    | 2           | [100, 101]      | [0.7900, 0.2100]         | 0.1659   | 0.3000  | 0.3352 
18    | 3           | [99, 100, 101]  | [0.4100, 0.5800, 0.0100] | 0.2600   | 0.5200  | 0.5004 
19    | 2           | [100, 101]      | [0.5000, 0.5000]         | 0.2500   | 0.5600  | 0.5050 
20    | 3           | [99, 100, 101]  | [0.1100, 0.8500, 0.0400] | 0.1451   | 0.2200  | 0.2665 
