
[Simulation Info]
simulation_id = sim_0006520
timestamp     = 20250428_095910
seed          = 990326
output_folder = /home/lejeunet/Bureau/simulations/Ref_table/sim_0006520

[Model Parameters]
pop_size           = 1771
num_loci           = 20
sample1_generation = 30
sample2_generation = 10
low_repeats        = 1
high_repeats       = 200
mutation_rate      = 0.001
recap_Ne           = 1771

[Sampling Design]
sample1_size_Ne  = 50
sample2_size_Ne  = 50
sample1_size_CMR = 50
sample2_size_CMR = 50

[Capture-Marquage-Recapture]
census_N   =  2601
MatchCount =  1

[Ne Estimates - One Sample - Decreasing critical values [0.050, 0.020, 0.010, 0+]]

[Linkage Desequilibrium]
LD_Ne_Pop1 = [342.9, 3504.2, None, None]
LD_r2_Pop1 = [0.022242, 0.021371, 0.02107, 0.02107]
LD_Ne_Pop2 = [1021.9, 6666.0, 1181.0, 1181.0]
LD_r2_Pop2 = [0.021602, 0.021326, 0.021558, 0.021558]

[Heterozygote excess]
HE_Neb_mean_Pop1        = [647.7, None, None, None]
HE_weighted_D_mean_Pop1 = [0.00077, -0.00527, -0.00546, -0.00546]
HE_Neb_mean_Pop2        = [None, None, None, None]
HE_weighted_D_mean_Pop2 = [-0.01128, -0.01292, -0.01292, -0.01292]

[Molecular Coancestry]
Coan_Neb_n_Pop1 = None
Coan_f1_Pop1    = -0.01205
Coan_Neb_n_Pop2 = None
Coan_f1_Pop2    = -0.02076

[Ne Estimates - Temporal - Decreasing critical values (0.050, 0.020, 0.010, 0+)]

[Pollak]
P_Ne     = [965.2, 874.5, 901.8, 937.2]
P_Fk     = [0.02518, 0.02572, 0.02554, 0.02533]
P_Fprime = [0.00518, 0.00572, 0.00554, 0.00533]

[Nei/Tajima]
N_Ne     = [924.2, 859.9, 884.1, 913.0]
N_Fc     = [0.02541, 0.02581, 0.02566, 0.02548]
N_Fprime = [0.00541, 0.00581, 0.00566, 0.00548]

[Jorde/Ryman]
J_Ne     = [591.7, 570.0, 570.1, 571.0]
J_Fs     = [0.02857, 0.02889, 0.02889, 0.02888]
J_Fprime = [0.00845, 0.00877, 0.00877, 0.00876]

[Genetic Diversity - Heterozygosity]
mean_exp_het_pop1 = 0.7178
mean_obs_het_pop1 = 0.72
mean_exp_het_pop2 = 0.7216
mean_obs_het_pop2 = 0.7162

[Genetic Diversity - Allele Counts]
mean_alleles_pop1 = 6.48
var_alleles_pop1  = 2.36
sum_alleles_pop1  = 136
mean_alleles_pop2 = 6.52
var_alleles_pop2  = 2.84
sum_alleles_pop2  = 274

[Genetic Diversity - Allelic Size Variance]
var_allele_size_pop1 = 2.0889
var_allele_size_pop2 = 2.2842

[Per-locus summary - Population 1]
Locus | Num_Alleles | Alleles                                       | Frequencies                                                                      | Variance | Obs_Het | Exp_Het
------+-------------+-----------------------------------------------+----------------------------------------------------------------------------------+----------+---------+--------
1     | 6           | [98, 99, 100, 101, 102, 103]                  | [0.0500, 0.0900, 0.2600, 0.1900, 0.3400, 0.0700]                                 | 1.6779   | 0.8000  | 0.7729 
2     | 6           | [97, 98, 99, 100, 101, 102]                   | [0.0300, 0.0600, 0.3000, 0.2000, 0.1700, 0.2400]                                 | 1.9204   | 0.7800  | 0.7869 
3     | 7           | [97, 99, 100, 101, 102, 103, 104]             | [0.0100, 0.0700, 0.0400, 0.2800, 0.4700, 0.0900, 0.0400]                         | 1.3675   | 0.7000  | 0.6913 
4     | 5           | [98, 99, 100, 101, 102]                       | [0.0200, 0.1600, 0.6500, 0.1600, 0.0100]                                         | 0.4396   | 0.6400  | 0.5311 
5     | 7           | [97, 98, 99, 100, 101, 102, 103]              | [0.0100, 0.0400, 0.1500, 0.4900, 0.1300, 0.0400, 0.1400]                         | 1.8131   | 0.7000  | 0.7046 
6     | 7           | [97, 98, 99, 100, 101, 102, 103]              | [0.0800, 0.1500, 0.1700, 0.0900, 0.2400, 0.2200, 0.0500]                         | 3.0456   | 0.7400  | 0.8339 
7     | 10          | [95, 96, 97, 98, 99, 100, 101, 103, 104, 105] | [0.0100, 0.0200, 0.0700, 0.0200, 0.0700, 0.2300, 0.0400, 0.1200, 0.3000, 0.1200] | 7.2075   | 0.8600  | 0.8242 
8     | 5           | [99, 100, 101, 102, 103]                      | [0.0400, 0.2100, 0.2600, 0.2000, 0.2900]                                         | 1.4899   | 0.7000  | 0.7703 
9     | 5           | [98, 99, 100, 101, 102]                       | [0.0900, 0.4100, 0.3700, 0.1200, 0.0100]                                         | 0.7275   | 0.6600  | 0.6792 
10    | 6           | [97, 98, 99, 100, 101, 102]                   | [0.0100, 0.0200, 0.4100, 0.1300, 0.4100, 0.0200]                                 | 1.0691   | 0.7800  | 0.6525 
11    | 6           | [96, 97, 98, 99, 100, 101]                    | [0.0100, 0.0800, 0.1000, 0.0900, 0.7000, 0.0200]                                 | 1.0875   | 0.4200  | 0.4899 
12    | 4           | [99, 100, 101, 102]                           | [0.1400, 0.4400, 0.3300, 0.0900]                                                 | 0.6931   | 0.7600  | 0.6766 
13    | 8           | [95, 96, 97, 98, 99, 100, 101, 102]           | [0.0300, 0.0700, 0.1300, 0.0300, 0.1300, 0.0500, 0.4500, 0.1100]                 | 4.0644   | 0.7200  | 0.7499 
14    | 6           | [100, 101, 102, 103, 104, 105]                | [0.0200, 0.2900, 0.1200, 0.4000, 0.0500, 0.1200]                                 | 1.7691   | 0.7200  | 0.7315 
15    | 8           | [97, 98, 99, 100, 101, 102, 103, 104]         | [0.0500, 0.0800, 0.2800, 0.0500, 0.2300, 0.2600, 0.0200, 0.0300]                 | 2.8644   | 0.7800  | 0.7964 
16    | 4           | [99, 100, 101, 102]                           | [0.0500, 0.6300, 0.3100, 0.0100]                                                 | 0.3216   | 0.5600  | 0.5095 
17    | 8           | [96, 97, 98, 99, 101, 102, 103, 104]          | [0.0100, 0.0300, 0.1400, 0.1200, 0.0500, 0.1600, 0.3300, 0.1600]                 | 5.1691   | 0.8600  | 0.8105 
18    | 6           | [97, 98, 99, 100, 101, 102]                   | [0.0100, 0.4300, 0.3500, 0.1700, 0.0200, 0.0200]                                 | 0.8676   | 0.6000  | 0.6695 
19    | 6           | [97, 98, 99, 100, 101, 102]                   | [0.2100, 0.1800, 0.2100, 0.2300, 0.1600, 0.0100]                                 | 1.9796   | 0.8400  | 0.8089 
20    | 9           | [98, 99, 100, 101, 102, 103, 104, 105, 106]   | [0.0100, 0.0100, 0.1500, 0.2100, 0.1500, 0.3300, 0.1100, 0.0200, 0.0100]         | 2.1651   | 0.7200  | 0.7972 
21    | 7           | [96, 97, 98, 99, 100, 101, 102]               | [0.0300, 0.0500, 0.1700, 0.3700, 0.1700, 0.0900, 0.1200]                         | 2.1275   | 0.7800  | 0.7873 

[Per-locus summary - Population 2]
Locus | Num_Alleles | Alleles                                        | Frequencies                                                                      | Variance | Obs_Het | Exp_Het
------+-------------+------------------------------------------------+----------------------------------------------------------------------------------+----------+---------+--------
1     | 7           | [98, 99, 100, 101, 102, 103, 104]              | [0.0400, 0.1200, 0.1600, 0.2300, 0.2900, 0.1300, 0.0300]                         | 2.0656   | 0.7600  | 0.8117 
2     | 6           | [97, 98, 99, 100, 101, 102]                    | [0.0200, 0.0600, 0.3700, 0.1900, 0.1300, 0.2300]                                 | 1.8384   | 0.9200  | 0.7608 
3     | 6           | [98, 99, 100, 101, 102, 103]                   | [0.0400, 0.0600, 0.0900, 0.3000, 0.3300, 0.1800]                                 | 1.6104   | 0.7400  | 0.7630 
4     | 5           | [98, 99, 100, 101, 102]                        | [0.0400, 0.1300, 0.6600, 0.1600, 0.0100]                                         | 0.4891   | 0.5400  | 0.5254 
5     | 6           | [98, 99, 100, 101, 102, 103]                   | [0.0200, 0.1600, 0.4100, 0.1200, 0.0800, 0.2100]                                 | 2.0659   | 0.7600  | 0.7485 
6     | 7           | [97, 98, 99, 100, 101, 102, 103]               | [0.1000, 0.2600, 0.1000, 0.0300, 0.1700, 0.3000, 0.0400]                         | 3.7691   | 0.8200  | 0.7990 
7     | 10          | [96, 97, 98, 99, 100, 101, 102, 103, 104, 105] | [0.0300, 0.1100, 0.0400, 0.2300, 0.1100, 0.0200, 0.0600, 0.0600, 0.1900, 0.1500] | 8.3051   | 0.8000  | 0.8628 
8     | 6           | [98, 99, 100, 101, 102, 103]                   | [0.0100, 0.0700, 0.2000, 0.3500, 0.1100, 0.2600]                                 | 1.6524   | 0.7200  | 0.7604 
9     | 4           | [98, 99, 100, 101]                             | [0.0800, 0.4200, 0.3900, 0.1100]                                                 | 0.6291   | 0.7000  | 0.6596 
10    | 5           | [97, 98, 99, 100, 101]                         | [0.0100, 0.1100, 0.2900, 0.2100, 0.3800]                                         | 1.1744   | 0.7600  | 0.7224 
11    | 4           | [97, 98, 99, 100]                              | [0.1500, 0.1000, 0.0700, 0.6800]                                                 | 1.3016   | 0.5000  | 0.5052 
12    | 4           | [99, 100, 101, 102]                            | [0.1000, 0.5900, 0.2600, 0.0500]                                                 | 0.4924   | 0.4600  | 0.5776 
13    | 8           | [95, 96, 97, 98, 99, 100, 101, 102]            | [0.0500, 0.0600, 0.2100, 0.0300, 0.1400, 0.0900, 0.2900, 0.1300]                 | 4.5771   | 0.7600  | 0.8285 
14    | 6           | [100, 101, 102, 103, 104, 105]                 | [0.0500, 0.1900, 0.2300, 0.2800, 0.1700, 0.0800]                                 | 1.7451   | 0.7600  | 0.8028 
15    | 8           | [96, 97, 98, 99, 100, 101, 102, 104]           | [0.0200, 0.0600, 0.0500, 0.3000, 0.0600, 0.1500, 0.3100, 0.0500]                 | 3.4539   | 0.8200  | 0.7867 
16    | 4           | [99, 100, 101, 102]                            | [0.0500, 0.7500, 0.1800, 0.0200]                                                 | 0.2811   | 0.3800  | 0.4063 
17    | 8           | [96, 97, 98, 99, 101, 102, 103, 104]           | [0.0100, 0.0300, 0.1100, 0.1400, 0.0400, 0.1100, 0.4200, 0.1400]                 | 4.9819   | 0.8000  | 0.7652 
18    | 5           | [98, 99, 100, 101, 102]                        | [0.4400, 0.3400, 0.1900, 0.0200, 0.0100]                                         | 0.7676   | 0.6600  | 0.6608 
19    | 7           | [96, 97, 98, 99, 100, 101, 102]                | [0.0100, 0.1900, 0.1400, 0.2900, 0.2100, 0.1400, 0.0200]                         | 1.9400   | 0.7800  | 0.8040 
20    | 7           | [99, 100, 101, 102, 103, 104, 105]             | [0.0100, 0.1100, 0.2700, 0.1300, 0.3200, 0.1100, 0.0500]                         | 1.9811   | 0.7600  | 0.7889 
21    | 8           | [96, 97, 98, 99, 100, 101, 102, 103]           | [0.0300, 0.0700, 0.1100, 0.3100, 0.1500, 0.1000, 0.2200, 0.0100]                 | 2.8459   | 0.8400  | 0.8131 
