
[Simulation Info]
simulation_id = sim_0009660
timestamp     = 20250428_112700
seed          = 488176
output_folder = /home/lejeunet/Bureau/simulations/Ref_table/sim_0009660

[Model Parameters]
pop_size           = 6379
num_loci           = 20
sample1_generation = 30
sample2_generation = 10
low_repeats        = 1
high_repeats       = 200
mutation_rate      = 0.001
recap_Ne           = 6379

[Sampling Design]
sample1_size_Ne  = 50
sample2_size_Ne  = 50
sample1_size_CMR = 50
sample2_size_CMR = 50

[Capture-Marquage-Recapture]
census_N   =  2601
MatchCount =  1

[Ne Estimates - One Sample - Decreasing critical values [0.050, 0.020, 0.010, 0+]]

[Linkage Desequilibrium]
LD_Ne_Pop1 = [None, 7435.3, None, None]
LD_r2_Pop1 = [0.021217, 0.021321, 0.021147, 0.021147]
LD_Ne_Pop2 = [3746.5, 1979.6, 6507.6, 6507.6]
LD_r2_Pop2 = [0.021365, 0.021444, 0.021327, 0.021327]

[Heterozygote excess]
HE_Neb_mean_Pop1        = [133.8, None, None, None]
HE_weighted_D_mean_Pop1 = [0.00375, -0.00405, -0.00306, -0.00306]
HE_Neb_mean_Pop2        = [None, None, None, None]
HE_weighted_D_mean_Pop2 = [-0.00545, -0.00674, -0.00701, -0.00701]

[Molecular Coancestry]
Coan_Neb_n_Pop1 = 146.4
Coan_f1_Pop1    = 0.00341
Coan_Neb_n_Pop2 = 338.8
Coan_f1_Pop2    = 0.00148

[Ne Estimates - Temporal - Decreasing critical values (0.050, 0.020, 0.010, 0+)]

[Pollak]
P_Ne     = [-12356.4, 7319.9, 4919.0, 8620.3]
P_Fk     = [0.0196, 0.02068, 0.02102, 0.02058]
P_Fprime = [-0.0004, 0.00068, 0.00102, 0.00058]

[Nei/Tajima]
N_Ne     = [-10286.2, 11870.9, 6798.3, 14590.8]
N_Fc     = [0.01951, 0.02042, 0.02074, 0.02034]
N_Fprime = [-0.00049, 0.00042, 0.00074, 0.00034]

[Jorde/Ryman]
J_Ne     = [6163.0, 6626.5, 5717.7, 6363.6]
J_Fs     = [0.02091, 0.02086, 0.02098, 0.02089]
J_Fprime = [0.00081, 0.00075, 0.00087, 0.00079]

[Genetic Diversity - Heterozygosity]
mean_exp_het_pop1 = 0.8712
mean_obs_het_pop1 = 0.8714
mean_exp_het_pop2 = 0.8735
mean_obs_het_pop2 = 0.8657

[Genetic Diversity - Allele Counts]
mean_alleles_pop1 = 13.14
var_alleles_pop1  = 7.53
sum_alleles_pop1  = 276
mean_alleles_pop2 = 13.62
var_alleles_pop2  = 7.9
sum_alleles_pop2  = 572

[Genetic Diversity - Allelic Size Variance]
var_allele_size_pop1 = 23.4935
var_allele_size_pop2 = 23.2793

[Per-locus summary - Population 1]
Locus | Num_Alleles | Alleles                                                                                    | Frequencies                                                                                                                                              | Variance | Obs_Het | Exp_Het
------+-------------+--------------------------------------------------------------------------------------------+----------------------------------------------------------------------------------------------------------------------------------------------------------+----------+---------+--------
1     | 13          | [91, 92, 93, 95, 96, 97, 98, 99, 100, 101, 102, 103, 104]                                  | [0.0100, 0.1300, 0.0900, 0.0100, 0.0500, 0.2400, 0.0200, 0.1100, 0.0900, 0.1400, 0.0600, 0.0400, 0.0100]                                                 | 11.7884  | 0.9400  | 0.8780 
2     | 12          | [88, 90, 91, 92, 93, 94, 95, 96, 97, 98, 99, 100]                                          | [0.0100, 0.0100, 0.0800, 0.2000, 0.1400, 0.0700, 0.0200, 0.1300, 0.0300, 0.0400, 0.2500, 0.0200]                                                         | 9.5596   | 0.8800  | 0.8548 
3     | 14          | [85, 86, 88, 89, 90, 91, 92, 93, 94, 95, 96, 97, 98, 102]                                  | [0.0100, 0.0100, 0.0100, 0.0300, 0.0400, 0.0200, 0.1400, 0.1800, 0.2600, 0.1700, 0.0600, 0.0100, 0.0500, 0.0100]                                         | 5.8484   | 0.8600  | 0.8505 
4     | 14          | [94, 95, 96, 97, 99, 100, 101, 102, 103, 104, 105, 106, 107, 108]                          | [0.0200, 0.0300, 0.2200, 0.2800, 0.0100, 0.0200, 0.0400, 0.0300, 0.0700, 0.0800, 0.1500, 0.0100, 0.0300, 0.0100]                                         | 15.7371  | 0.7600  | 0.8424 
5     | 14          | [93, 94, 95, 96, 97, 98, 101, 102, 103, 104, 105, 106, 107, 108]                           | [0.0200, 0.0500, 0.1100, 0.0900, 0.0500, 0.0100, 0.0200, 0.0700, 0.1000, 0.0400, 0.1500, 0.0500, 0.1900, 0.0500]                                         | 23.8256  | 0.9000  | 0.9028 
6     | 9           | [93, 94, 95, 96, 97, 98, 99, 100, 101]                                                     | [0.0500, 0.1200, 0.1200, 0.0600, 0.1600, 0.1700, 0.2000, 0.0600, 0.0600]                                                                                 | 4.8731   | 0.8400  | 0.8721 
7     | 15          | [85, 86, 87, 88, 89, 90, 91, 92, 94, 95, 96, 97, 98, 100, 106]                             | [0.0400, 0.0400, 0.0800, 0.0900, 0.0200, 0.0500, 0.0400, 0.0400, 0.0800, 0.1800, 0.1000, 0.0800, 0.0700, 0.0400, 0.0500]                                 | 25.5484  | 0.9200  | 0.9212 
8     | 15          | [103, 104, 105, 106, 107, 108, 109, 110, 111, 112, 113, 114, 115, 116, 117]                | [0.0100, 0.0800, 0.0300, 0.0400, 0.1000, 0.2900, 0.1400, 0.0400, 0.0300, 0.0800, 0.0900, 0.0100, 0.0300, 0.0200, 0.0100]                                 | 9.1584   | 0.8400  | 0.8675 
9     | 12          | [104, 105, 106, 107, 108, 109, 110, 111, 112, 113, 114, 115]                               | [0.0100, 0.1900, 0.3100, 0.0800, 0.0100, 0.0300, 0.0200, 0.0700, 0.0900, 0.1100, 0.0700, 0.0100]                                                         | 10.9931  | 0.8200  | 0.8382 
10    | 12          | [105, 107, 108, 109, 110, 111, 112, 114, 115, 116, 117, 119]                               | [0.0100, 0.0300, 0.2200, 0.1300, 0.1100, 0.1100, 0.0500, 0.1100, 0.0700, 0.0900, 0.0400, 0.0300]                                                         | 11.0756  | 0.8400  | 0.8883 
11    | 15          | [80, 81, 82, 83, 84, 85, 95, 96, 98, 99, 100, 101, 102, 103, 104]                          | [0.0100, 0.1000, 0.0600, 0.1400, 0.0300, 0.0200, 0.0100, 0.0200, 0.1800, 0.1900, 0.0800, 0.0600, 0.0500, 0.0300, 0.0200]                                 | 69.7539  | 0.9200  | 0.8915 
12    | 12          | [104, 105, 110, 112, 113, 114, 115, 116, 117, 118, 119, 120]                               | [0.0800, 0.0100, 0.0400, 0.0200, 0.0500, 0.1100, 0.0500, 0.2500, 0.2000, 0.1000, 0.0500, 0.0400]                                                         | 15.9100  | 0.9000  | 0.8665 
13    | 9           | [101, 102, 103, 104, 105, 106, 107, 109, 110]                                              | [0.0400, 0.0100, 0.1800, 0.2400, 0.1700, 0.2100, 0.1100, 0.0200, 0.0200]                                                                                 | 3.1276   | 0.8400  | 0.8307 
14    | 9           | [103, 104, 105, 106, 107, 108, 109, 110, 111]                                              | [0.0600, 0.1700, 0.0800, 0.1300, 0.3000, 0.1000, 0.1000, 0.0500, 0.0100]                                                                                 | 3.7475   | 0.8200  | 0.8400 
15    | 10          | [97, 99, 100, 101, 102, 103, 104, 105, 106, 109]                                           | [0.0200, 0.1400, 0.3000, 0.1400, 0.1400, 0.0600, 0.0500, 0.0700, 0.0400, 0.0400]                                                                         | 6.3875   | 0.9200  | 0.8450 
16    | 19          | [90, 91, 92, 93, 94, 101, 102, 103, 104, 105, 106, 107, 108, 109, 110, 112, 113, 114, 115] | [0.0100, 0.1100, 0.1700, 0.1100, 0.0100, 0.0600, 0.0100, 0.0100, 0.0500, 0.0200, 0.1300, 0.0700, 0.0200, 0.0300, 0.0100, 0.0400, 0.0900, 0.0200, 0.0300] | 70.7739  | 0.9200  | 0.9150 
17    | 14          | [93, 94, 95, 96, 97, 99, 100, 101, 102, 103, 104, 105, 106, 107]                           | [0.0600, 0.0500, 0.0600, 0.1900, 0.1100, 0.0700, 0.0900, 0.0300, 0.0100, 0.0500, 0.0600, 0.1800, 0.0200, 0.0200]                                         | 17.6836  | 0.8400  | 0.8978 
18    | 11          | [89, 90, 91, 92, 93, 94, 95, 96, 97, 98, 99]                                               | [0.0400, 0.0300, 0.0300, 0.0300, 0.0400, 0.1700, 0.0300, 0.1800, 0.2800, 0.1600, 0.0100]                                                                 | 6.0019   | 0.9000  | 0.8362 
19    | 18          | [85, 86, 87, 88, 89, 90, 91, 102, 103, 104, 105, 106, 107, 108, 110, 111, 112, 113]        | [0.0100, 0.0200, 0.0200, 0.1000, 0.1100, 0.1000, 0.0700, 0.0600, 0.0200, 0.0600, 0.1600, 0.0400, 0.0100, 0.0200, 0.0100, 0.0400, 0.1000, 0.0500]         | 89.7875  | 0.8800  | 0.9218 
20    | 16          | [99, 100, 101, 102, 103, 104, 105, 106, 107, 108, 109, 110, 111, 112, 113, 114]            | [0.0100, 0.0300, 0.0400, 0.0200, 0.0100, 0.0500, 0.0200, 0.1600, 0.1600, 0.0700, 0.0700, 0.0400, 0.0100, 0.1100, 0.0800, 0.1200]                         | 15.7916  | 0.9200  | 0.9075 
21    | 13          | [83, 84, 85, 86, 87, 88, 90, 100, 101, 102, 103, 104, 107]                                 | [0.0100, 0.0600, 0.1600, 0.0700, 0.2700, 0.0100, 0.0200, 0.0100, 0.0300, 0.2600, 0.0300, 0.0500, 0.0200]                                                 | 65.9904  | 0.8400  | 0.8283 

[Per-locus summary - Population 2]
Locus | Num_Alleles | Alleles                                                                                  | Frequencies                                                                                                                                              | Variance | Obs_Het | Exp_Het
------+-------------+------------------------------------------------------------------------------------------+----------------------------------------------------------------------------------------------------------------------------------------------------------+----------+---------+--------
1     | 12          | [92, 93, 94, 95, 96, 97, 98, 99, 100, 101, 102, 103]                                     | [0.1000, 0.1800, 0.0200, 0.0300, 0.0500, 0.1900, 0.0200, 0.1600, 0.0800, 0.1000, 0.0400, 0.0300]                                                         | 10.7891  | 0.9000  | 0.8816 
2     | 11          | [88, 90, 91, 92, 93, 94, 96, 97, 98, 99, 100]                                            | [0.0400, 0.0300, 0.1100, 0.1900, 0.1900, 0.0700, 0.0800, 0.0300, 0.0400, 0.1700, 0.0500]                                                                 | 11.0500  | 0.8800  | 0.8768 
3     | 12          | [86, 89, 90, 91, 92, 93, 94, 95, 96, 97, 98, 102]                                        | [0.0100, 0.0800, 0.0600, 0.0400, 0.0600, 0.2400, 0.2000, 0.1500, 0.0300, 0.0400, 0.0500, 0.0400]                                                         | 8.3075   | 0.9000  | 0.8667 
4     | 14          | [94, 95, 96, 97, 98, 99, 100, 101, 102, 103, 104, 105, 107, 108]                         | [0.0100, 0.0300, 0.2700, 0.1800, 0.0600, 0.0400, 0.0100, 0.0200, 0.0200, 0.0600, 0.1300, 0.1200, 0.0200, 0.0300]                                         | 15.8875  | 0.8200  | 0.8600 
5     | 13          | [94, 95, 96, 97, 101, 102, 103, 104, 105, 106, 107, 108, 109]                            | [0.0600, 0.1300, 0.0800, 0.0500, 0.0400, 0.0100, 0.0800, 0.0600, 0.1600, 0.1300, 0.1400, 0.0500, 0.0100]                                                 | 23.9979  | 0.8200  | 0.9032 
6     | 8           | [93, 94, 95, 96, 97, 98, 99, 100]                                                        | [0.0400, 0.2200, 0.1800, 0.0400, 0.2000, 0.1300, 0.1300, 0.0600]                                                                                         | 4.1475   | 0.8800  | 0.8471 
7     | 16          | [85, 86, 87, 88, 89, 90, 91, 92, 94, 95, 96, 97, 98, 100, 106, 107]                      | [0.0200, 0.0200, 0.0800, 0.1000, 0.0200, 0.0600, 0.0100, 0.0700, 0.0600, 0.1500, 0.1600, 0.0700, 0.0800, 0.0300, 0.0400, 0.0300]                         | 26.8584  | 0.8000  | 0.9166 
8     | 12          | [104, 105, 106, 107, 108, 109, 110, 111, 112, 113, 115, 116]                             | [0.0600, 0.0100, 0.0800, 0.1100, 0.3400, 0.0800, 0.1000, 0.0100, 0.1000, 0.0700, 0.0200, 0.0200]                                                         | 6.9876   | 0.8400  | 0.8384 
9     | 12          | [104, 105, 106, 107, 108, 109, 110, 111, 112, 113, 114, 115]                             | [0.0100, 0.0900, 0.1700, 0.1200, 0.0300, 0.0100, 0.0600, 0.0600, 0.0800, 0.1600, 0.1900, 0.0200]                                                         | 11.8964  | 0.9200  | 0.8806 
10    | 12          | [107, 108, 109, 110, 111, 112, 113, 114, 115, 116, 117, 119]                             | [0.0600, 0.1900, 0.0800, 0.1300, 0.1600, 0.0400, 0.0100, 0.0800, 0.0800, 0.0800, 0.0800, 0.0100]                                                         | 10.4896  | 0.8600  | 0.8929 
11    | 13          | [81, 82, 83, 84, 95, 97, 98, 99, 100, 101, 102, 103, 104]                                | [0.0900, 0.0500, 0.1400, 0.0300, 0.0100, 0.0200, 0.1000, 0.3600, 0.0600, 0.0500, 0.0400, 0.0400, 0.0100]                                                 | 64.5275  | 0.8800  | 0.8277 
12    | 14          | [103, 104, 110, 111, 112, 113, 114, 115, 116, 117, 118, 119, 120, 121]                   | [0.0100, 0.0500, 0.0200, 0.0400, 0.0500, 0.0800, 0.0700, 0.0800, 0.2900, 0.2100, 0.0200, 0.0300, 0.0400, 0.0100]                                         | 12.5944  | 0.8200  | 0.8525 
13    | 13          | [96, 98, 100, 101, 102, 103, 104, 105, 106, 107, 108, 109, 110]                          | [0.0100, 0.0100, 0.0100, 0.0500, 0.0100, 0.1600, 0.2400, 0.1000, 0.1500, 0.1600, 0.0400, 0.0400, 0.0200]                                                 | 5.5875   | 0.8200  | 0.8608 
14    | 8           | [103, 104, 105, 106, 107, 108, 109, 112]                                                 | [0.0400, 0.1600, 0.1200, 0.0700, 0.3300, 0.1300, 0.1200, 0.0300]                                                                                         | 3.8051   | 0.8600  | 0.8206 
15    | 10          | [98, 99, 100, 101, 102, 103, 104, 105, 106, 109]                                         | [0.0300, 0.1300, 0.2400, 0.1300, 0.1600, 0.0800, 0.0400, 0.0900, 0.0300, 0.0700]                                                                         | 7.6936   | 0.8200  | 0.8689 
16    | 17          | [90, 91, 92, 93, 101, 103, 104, 105, 106, 108, 109, 110, 111, 112, 113, 114, 115]        | [0.0400, 0.0700, 0.2000, 0.1100, 0.0400, 0.0300, 0.0600, 0.0600, 0.1400, 0.0300, 0.0100, 0.0300, 0.0400, 0.0200, 0.0900, 0.0100, 0.0200]                 | 69.7291  | 0.9000  | 0.9087 
17    | 17          | [90, 91, 92, 93, 94, 95, 96, 97, 99, 100, 101, 102, 103, 104, 105, 106, 107]             | [0.0100, 0.0100, 0.0100, 0.0300, 0.0300, 0.1100, 0.1600, 0.0500, 0.0900, 0.0800, 0.0300, 0.0100, 0.0300, 0.0700, 0.2400, 0.0300, 0.0100]                 | 19.8316  | 0.8400  | 0.8867 
18    | 11          | [88, 89, 90, 91, 92, 93, 94, 95, 96, 97, 98]                                             | [0.0100, 0.0200, 0.0500, 0.0300, 0.0400, 0.0700, 0.1500, 0.0900, 0.1200, 0.2600, 0.1600]                                                                 | 6.3075   | 0.8200  | 0.8600 
19    | 19          | [85, 86, 87, 88, 89, 90, 91, 102, 103, 104, 105, 106, 107, 108, 109, 110, 111, 112, 113] | [0.0200, 0.0300, 0.0100, 0.0700, 0.0900, 0.1500, 0.0900, 0.0400, 0.0300, 0.0300, 0.1600, 0.0300, 0.0300, 0.0100, 0.0500, 0.0400, 0.0600, 0.0400, 0.0200] | 86.4876  | 0.9400  | 0.9236 
20    | 16          | [99, 100, 101, 102, 103, 104, 105, 106, 107, 108, 109, 110, 111, 112, 113, 114]          | [0.0100, 0.0400, 0.0500, 0.0300, 0.0200, 0.1000, 0.0400, 0.1700, 0.0700, 0.1400, 0.0700, 0.0100, 0.0500, 0.0500, 0.0300, 0.1200]                         | 16.1044  | 0.9200  | 0.9133 
21    | 14          | [83, 84, 85, 86, 87, 88, 89, 90, 100, 101, 102, 103, 104, 107]                           | [0.0200, 0.0400, 0.2100, 0.0300, 0.2400, 0.0800, 0.0200, 0.0100, 0.0100, 0.0200, 0.1800, 0.0400, 0.0600, 0.0400]                                         | 65.7851  | 0.9400  | 0.8574 
