
[Simulation Info]
simulation_id = sim_0005162
timestamp     = 20250428_092549
seed          = 630974
output_folder = /home/lejeunet/Bureau/simulations/Ref_table/sim_0005162

[Model Parameters]
pop_size           = 5526
num_loci           = 20
sample1_generation = 30
sample2_generation = 10
low_repeats        = 1
high_repeats       = 200
mutation_rate      = 0.001
recap_Ne           = 5526

[Sampling Design]
sample1_size_Ne  = 50
sample2_size_Ne  = 50
sample1_size_CMR = 50
sample2_size_CMR = 50

[Capture-Marquage-Recapture]
census_N   =  0
MatchCount =  0
# There were no match between sampling of individuals during CMR.

[Ne Estimates - One Sample - Decreasing critical values [0.050, 0.020, 0.010, 0+]]

[Linkage Desequilibrium]
LD_Ne_Pop1 = [7215.5, None, None, None]
LD_r2_Pop1 = [0.021322, 0.021223, 0.021212, 0.021212]
LD_Ne_Pop2 = [None, None, None, None]
LD_r2_Pop2 = [0.021186, 0.02118, 0.021116, 0.021116]

[Heterozygote excess]
HE_Neb_mean_Pop1        = [62.6, 55.0, 57.9, 57.9]
HE_weighted_D_mean_Pop1 = [0.00806, 0.00918, 0.00871, 0.00871]
HE_Neb_mean_Pop2        = [39.0, 72.2, 82.7, 82.7]
HE_weighted_D_mean_Pop2 = [0.01298, 0.00697, 0.00608, 0.00608]

[Molecular Coancestry]
Coan_Neb_n_Pop1 = 24.8
Coan_f1_Pop1    = 0.02013
Coan_Neb_n_Pop2 = 32.8
Coan_f1_Pop2    = 0.01526

[Ne Estimates - Temporal - Decreasing critical values (0.050, 0.020, 0.010, 0+)]

[Pollak]
P_Ne     = [1410.6, 1566.9, 2203.1, 2090.2]
P_Fk     = [0.02354, 0.02319, 0.02227, 0.02239]
P_Fprime = [0.00354, 0.00319, 0.00227, 0.00239]

[Nei/Tajima]
N_Ne     = [1506.8, 1662.3, 2310.5, 2194.0]
N_Fc     = [0.02332, 0.02301, 0.02216, 0.02228]
N_Fprime = [0.00332, 0.00301, 0.00216, 0.00228]

[Jorde/Ryman]
J_Ne     = [1150.3, 1137.0, 1242.5, 1232.3]
J_Fs     = [0.02445, 0.0245, 0.02413, 0.02416]
J_Fprime = [0.00435, 0.0044, 0.00402, 0.00406]

[Genetic Diversity - Heterozygosity]
mean_exp_het_pop1 = 0.8409
mean_obs_het_pop1 = 0.8448
mean_exp_het_pop2 = 0.8371
mean_obs_het_pop2 = 0.8486

[Genetic Diversity - Allele Counts]
mean_alleles_pop1 = 10.38
var_alleles_pop1  = 3.55
sum_alleles_pop1  = 218
mean_alleles_pop2 = 10.74
var_alleles_pop2  = 3.71
sum_alleles_pop2  = 451

[Genetic Diversity - Allelic Size Variance]
var_allele_size_pop1 = 7.8473
var_allele_size_pop2 = 7.7801

[Per-locus summary - Population 1]
Locus | Num_Alleles | Alleles                                                           | Frequencies                                                                                                      | Variance | Obs_Het | Exp_Het
------+-------------+-------------------------------------------------------------------+------------------------------------------------------------------------------------------------------------------+----------+---------+--------
1     | 10          | [101, 102, 103, 104, 107, 108, 109, 110, 111, 112]                | [0.0100, 0.0200, 0.0100, 0.0200, 0.0500, 0.3000, 0.2900, 0.1200, 0.1400, 0.0400]                                 | 3.9524   | 0.8200  | 0.7947 
2     | 10          | [98, 99, 100, 101, 102, 103, 104, 105, 107, 108]                  | [0.0100, 0.0400, 0.1000, 0.1800, 0.1000, 0.0300, 0.2400, 0.2100, 0.0500, 0.0400]                                 | 5.4819   | 0.9000  | 0.8477 
3     | 8           | [94, 95, 96, 97, 98, 99, 100, 101]                                | [0.0600, 0.0400, 0.2000, 0.0900, 0.2400, 0.1400, 0.1900, 0.0400]                                                 | 3.4259   | 0.8600  | 0.8402 
4     | 8           | [93, 94, 98, 99, 100, 101, 102, 103]                              | [0.0200, 0.0500, 0.0200, 0.4800, 0.2200, 0.1200, 0.0100, 0.0800]                                                 | 3.8836   | 0.7000  | 0.7040 
5     | 12          | [97, 99, 100, 101, 102, 103, 104, 105, 106, 107, 108, 109]        | [0.0400, 0.0400, 0.1900, 0.2700, 0.1200, 0.0400, 0.0800, 0.0900, 0.0300, 0.0500, 0.0100, 0.0400]                 | 7.5659   | 0.9000  | 0.8608 
6     | 9           | [95, 96, 97, 98, 99, 100, 101, 102, 103]                          | [0.0100, 0.1000, 0.0900, 0.1000, 0.2100, 0.3000, 0.0300, 0.0400, 0.1200]                                         | 4.1044   | 0.8000  | 0.8291 
7     | 10          | [96, 97, 98, 99, 100, 101, 102, 103, 105, 107]                    | [0.0400, 0.0700, 0.0700, 0.1800, 0.1600, 0.1100, 0.1400, 0.1300, 0.0300, 0.0700]                                 | 7.2171   | 0.9000  | 0.8851 
8     | 12          | [95, 96, 97, 98, 99, 100, 101, 102, 103, 104, 105, 107]           | [0.0600, 0.0200, 0.1100, 0.0200, 0.0400, 0.2100, 0.2400, 0.2100, 0.0200, 0.0400, 0.0200, 0.0100]                 | 5.7524   | 0.7800  | 0.8420 
9     | 13          | [92, 93, 96, 103, 104, 105, 106, 107, 108, 109, 110, 111, 112]    | [0.0300, 0.1000, 0.0600, 0.0100, 0.0600, 0.0200, 0.1300, 0.1200, 0.1600, 0.0700, 0.1200, 0.0800, 0.0400]         | 35.3616  | 0.9400  | 0.9063 
10    | 11          | [96, 97, 99, 100, 101, 102, 103, 104, 105, 106, 109]              | [0.1000, 0.0100, 0.0700, 0.1000, 0.2800, 0.1100, 0.0800, 0.0900, 0.0500, 0.0800, 0.0300]                         | 8.6400   | 0.8800  | 0.8689 
11    | 9           | [99, 100, 101, 102, 103, 104, 105, 106, 107]                      | [0.0200, 0.1700, 0.1700, 0.1100, 0.1800, 0.1300, 0.1200, 0.0900, 0.0100]                                         | 4.0904   | 0.8200  | 0.8665 
12    | 8           | [98, 99, 100, 101, 102, 103, 105, 106]                            | [0.0500, 0.2500, 0.2800, 0.2000, 0.1000, 0.0500, 0.0300, 0.0400]                                                 | 3.3419   | 0.7800  | 0.8097 
13    | 11          | [94, 95, 96, 97, 98, 99, 100, 101, 102, 103, 104]                 | [0.0100, 0.0700, 0.1100, 0.0700, 0.0900, 0.1300, 0.3400, 0.0400, 0.0100, 0.0200, 0.1100]                         | 6.3539   | 0.8200  | 0.8315 
14    | 13          | [96, 97, 98, 101, 102, 103, 104, 105, 106, 107, 108, 109, 110]    | [0.0700, 0.0500, 0.0300, 0.0200, 0.0100, 0.0400, 0.1100, 0.2800, 0.1600, 0.0800, 0.1200, 0.0200, 0.0100]         | 12.6171  | 0.8400  | 0.8608 
15    | 11          | [98, 99, 100, 101, 102, 103, 104, 105, 106, 107, 108]             | [0.0600, 0.0600, 0.1000, 0.1300, 0.1600, 0.0700, 0.1900, 0.0800, 0.0600, 0.0700, 0.0200]                         | 6.5875   | 0.9400  | 0.8929 
16    | 10          | [90, 91, 92, 93, 94, 95, 96, 102, 103, 104]                       | [0.0600, 0.1400, 0.1500, 0.0900, 0.2100, 0.1300, 0.1000, 0.0300, 0.0800, 0.0100]                                 | 12.7244  | 0.8800  | 0.8766 
17    | 7           | [93, 94, 95, 96, 97, 98, 99]                                      | [0.0500, 0.2600, 0.1800, 0.0800, 0.2300, 0.1300, 0.0700]                                                         | 3.0275   | 0.8000  | 0.8246 
18    | 9           | [95, 96, 97, 98, 99, 100, 101, 102, 103]                          | [0.0600, 0.0400, 0.1900, 0.0300, 0.1900, 0.2600, 0.2000, 0.0200, 0.0100]                                         | 3.5099   | 0.8200  | 0.8218 
19    | 11          | [90, 91, 96, 97, 98, 99, 100, 101, 102, 103, 104]                 | [0.0100, 0.0900, 0.0400, 0.1100, 0.3100, 0.0500, 0.0700, 0.2100, 0.0500, 0.0400, 0.0200]                         | 9.8664   | 0.8800  | 0.8343 
20    | 14          | [94, 95, 97, 98, 99, 100, 101, 102, 103, 104, 105, 106, 107, 108] | [0.0300, 0.0100, 0.0100, 0.0600, 0.0800, 0.3300, 0.1100, 0.0400, 0.0200, 0.0900, 0.1100, 0.0600, 0.0100, 0.0400] | 9.4875   | 0.8400  | 0.8489 
21    | 12          | [96, 97, 98, 100, 101, 102, 103, 104, 105, 106, 107, 108]         | [0.0100, 0.1100, 0.0200, 0.0300, 0.0500, 0.0400, 0.3800, 0.1200, 0.1000, 0.0900, 0.0200, 0.0300]                 | 7.8024   | 0.8400  | 0.8123 

[Per-locus summary - Population 2]
Locus | Num_Alleles | Alleles                                                           | Frequencies                                                                                                      | Variance | Obs_Het | Exp_Het
------+-------------+-------------------------------------------------------------------+------------------------------------------------------------------------------------------------------------------+----------+---------+--------
1     | 10          | [101, 102, 103, 104, 107, 108, 109, 110, 111, 112]                | [0.0200, 0.0600, 0.0300, 0.0100, 0.1000, 0.2700, 0.2000, 0.2200, 0.0800, 0.0100]                                 | 6.0931   | 0.8800  | 0.8255 
2     | 11          | [98, 99, 100, 101, 102, 103, 104, 105, 106, 107, 108]             | [0.0100, 0.0300, 0.1100, 0.1100, 0.1300, 0.0400, 0.1500, 0.3100, 0.0100, 0.0900, 0.0100]                         | 5.3304   | 0.8600  | 0.8378 
3     | 9           | [94, 95, 96, 97, 98, 99, 100, 101, 103]                           | [0.0400, 0.0900, 0.2400, 0.0800, 0.1100, 0.0900, 0.3000, 0.0400, 0.0100]                                         | 4.3731   | 0.8400  | 0.8226 
4     | 10          | [92, 93, 94, 95, 98, 99, 100, 101, 102, 103]                      | [0.0200, 0.0100, 0.0600, 0.0200, 0.0200, 0.4700, 0.1300, 0.0900, 0.0200, 0.1600]                                 | 6.2419   | 0.6800  | 0.7305 
5     | 12          | [99, 100, 101, 102, 103, 104, 105, 106, 107, 108, 109, 110]       | [0.0300, 0.1000, 0.2900, 0.1200, 0.0400, 0.0700, 0.1100, 0.0800, 0.0600, 0.0100, 0.0800, 0.0100]                 | 8.4075   | 0.8400  | 0.8640 
6     | 12          | [94, 95, 96, 97, 98, 99, 100, 101, 102, 103, 104, 105]            | [0.0100, 0.0500, 0.0900, 0.0700, 0.0800, 0.1800, 0.3000, 0.0700, 0.0200, 0.1000, 0.0100, 0.0200]                 | 5.4411   | 0.8600  | 0.8483 
7     | 11          | [96, 97, 98, 99, 100, 101, 102, 103, 104, 105, 107]               | [0.0700, 0.1000, 0.0900, 0.1400, 0.1800, 0.1000, 0.0400, 0.1000, 0.0500, 0.0400, 0.0900]                         | 9.5179   | 0.9000  | 0.9002 
8     | 10          | [95, 97, 98, 99, 100, 101, 102, 103, 104, 105]                    | [0.0600, 0.1000, 0.0500, 0.0800, 0.1600, 0.2800, 0.1300, 0.0300, 0.0800, 0.0300]                                 | 5.6776   | 0.9000  | 0.8570 
9     | 14          | [91, 92, 93, 94, 96, 104, 105, 106, 107, 108, 109, 110, 111, 112] | [0.0100, 0.0600, 0.0200, 0.0100, 0.0800, 0.0300, 0.0300, 0.1800, 0.1600, 0.1700, 0.1200, 0.0500, 0.0500, 0.0300] | 31.4371  | 0.9000  | 0.8893 
10    | 11          | [96, 98, 99, 100, 101, 102, 103, 104, 105, 106, 110]              | [0.0700, 0.0100, 0.0400, 0.0900, 0.3400, 0.2300, 0.0400, 0.0200, 0.1000, 0.0500, 0.0100]                         | 6.0064   | 0.7200  | 0.8103 
11    | 8           | [100, 101, 102, 103, 104, 105, 106, 107]                          | [0.0800, 0.2700, 0.1600, 0.1300, 0.1200, 0.1300, 0.0800, 0.0300]                                                 | 3.7600   | 0.9400  | 0.8481 
12    | 7           | [98, 99, 100, 101, 102, 103, 106]                                 | [0.0500, 0.2500, 0.2900, 0.2100, 0.1700, 0.0100, 0.0200]                                                         | 2.0275   | 0.7600  | 0.7853 
13    | 10          | [95, 96, 97, 98, 99, 100, 101, 102, 103, 104]                     | [0.0900, 0.2300, 0.0600, 0.0800, 0.1600, 0.2500, 0.0100, 0.0100, 0.0400, 0.0700]                                 | 6.4064   | 0.7800  | 0.8426 
14    | 11          | [96, 97, 98, 101, 103, 104, 105, 106, 107, 108, 109]              | [0.0600, 0.0400, 0.0400, 0.0100, 0.0100, 0.1400, 0.2800, 0.1600, 0.0900, 0.1600, 0.0100]                         | 11.6096  | 0.9000  | 0.8440 
15    | 9           | [99, 100, 101, 102, 103, 104, 105, 106, 107]                      | [0.0400, 0.1800, 0.1500, 0.1500, 0.1200, 0.1200, 0.0800, 0.1200, 0.0400]                                         | 5.0475   | 0.8800  | 0.8786 
16    | 10          | [89, 90, 91, 92, 93, 94, 95, 96, 102, 103]                        | [0.0100, 0.1300, 0.1900, 0.1300, 0.0800, 0.1200, 0.1700, 0.0600, 0.0300, 0.0800]                                 | 13.3971  | 0.9000  | 0.8782 
17    | 8           | [92, 93, 94, 95, 96, 97, 98, 99]                                  | [0.0100, 0.0200, 0.4200, 0.1400, 0.1200, 0.1300, 0.1300, 0.0300]                                                 | 2.7200   | 0.7800  | 0.7620 
18    | 9           | [95, 96, 97, 98, 99, 100, 101, 102, 103]                          | [0.0400, 0.0400, 0.2000, 0.0700, 0.1000, 0.3400, 0.1700, 0.0200, 0.0200]                                         | 3.3851   | 0.8200  | 0.8046 
19    | 11          | [91, 92, 96, 97, 98, 99, 100, 101, 102, 103, 104]                 | [0.0800, 0.0100, 0.0300, 0.1700, 0.2900, 0.0800, 0.0800, 0.1800, 0.0300, 0.0400, 0.0100]                         | 8.3339   | 0.9200  | 0.8402 
20    | 14          | [94, 95, 97, 98, 99, 100, 101, 102, 103, 104, 105, 106, 108, 109] | [0.0400, 0.0200, 0.0400, 0.0400, 0.0300, 0.3000, 0.1700, 0.0200, 0.0200, 0.1300, 0.0900, 0.0500, 0.0400, 0.0100] | 10.5156  | 0.8200  | 0.8535 
21    | 9           | [97, 98, 101, 102, 103, 104, 105, 106, 107]                       | [0.1000, 0.0600, 0.0700, 0.0700, 0.2600, 0.1300, 0.1500, 0.1500, 0.0100]                                         | 7.6539   | 0.9400  | 0.8556 
