
[Simulation Info]
simulation_id = sim_0005783
timestamp     = 20250428_094045
seed          = 818370
output_folder = /home/lejeunet/Bureau/simulations/Ref_table/sim_0005783

[Model Parameters]
pop_size           = 3221
num_loci           = 20
sample1_generation = 30
sample2_generation = 10
low_repeats        = 1
high_repeats       = 200
mutation_rate      = 0.001
recap_Ne           = 3221

[Sampling Design]
sample1_size_Ne  = 50
sample2_size_Ne  = 50
sample1_size_CMR = 50
sample2_size_CMR = 50

[Capture-Marquage-Recapture]
census_N   =  2601
MatchCount =  1

[Ne Estimates - One Sample - Decreasing critical values [0.050, 0.020, 0.010, 0+]]

[Linkage Desequilibrium]
LD_Ne_Pop1 = [1119.3, 1843.2, None, None]
LD_r2_Pop1 = [0.021573, 0.021457, 0.021264, 0.021264]
LD_Ne_Pop2 = [1081.6, 1420.5, 4054.8, 4054.8]
LD_r2_Pop2 = [0.021584, 0.02151, 0.021358, 0.021358]

[Heterozygote excess]
HE_Neb_mean_Pop1        = [22.6, 25.6, 26.3, 26.3]
HE_weighted_D_mean_Pop1 = [0.02261, 0.01994, 0.01935, 0.01935]
HE_Neb_mean_Pop2        = [2817.9, 496.3, 1058.4, 1058.4]
HE_weighted_D_mean_Pop2 = [0.00018, 0.00101, 0.00047, 0.00047]

[Molecular Coancestry]
Coan_Neb_n_Pop1 = 398.6
Coan_f1_Pop1    = 0.00125
Coan_Neb_n_Pop2 = 24.4
Coan_f1_Pop2    = 0.02049

[Ne Estimates - Temporal - Decreasing critical values (0.050, 0.020, 0.010, 0+)]

[Pollak]
P_Ne     = [780.1, 846.5, 883.7, 859.7]
P_Fk     = [0.02641, 0.02591, 0.02566, 0.02582]
P_Fprime = [0.00641, 0.00591, 0.00566, 0.00582]

[Nei/Tajima]
N_Ne     = [853.9, 912.5, 948.1, 921.9]
N_Fc     = [0.02586, 0.02548, 0.02527, 0.02542]
N_Fprime = [0.00586, 0.00548, 0.00527, 0.00542]

[Jorde/Ryman]
J_Ne     = [849.3, 773.9, 765.4, 761.5]
J_Fs     = [0.026, 0.02657, 0.02664, 0.02668]
J_Fprime = [0.00589, 0.00646, 0.00653, 0.00657]

[Genetic Diversity - Heterozygosity]
mean_exp_het_pop1 = 0.8394
mean_obs_het_pop1 = 0.8543
mean_exp_het_pop2 = 0.8291
mean_obs_het_pop2 = 0.8362

[Genetic Diversity - Allele Counts]
mean_alleles_pop1 = 9.62
var_alleles_pop1  = 4.25
sum_alleles_pop1  = 202
mean_alleles_pop2 = 9.95
var_alleles_pop2  = 4.49
sum_alleles_pop2  = 418

[Genetic Diversity - Allelic Size Variance]
var_allele_size_pop1 = 7.5283
var_allele_size_pop2 = 6.9654

[Per-locus summary - Population 1]
Locus | Num_Alleles | Alleles                                                        | Frequencies                                                                                                      | Variance | Obs_Het | Exp_Het
------+-------------+----------------------------------------------------------------+------------------------------------------------------------------------------------------------------------------+----------+---------+--------
1     | 14          | [89, 90, 91, 92, 93, 94, 95, 96, 101, 102, 103, 104, 105, 106] | [0.0200, 0.0200, 0.0800, 0.0100, 0.0400, 0.0500, 0.0200, 0.0500, 0.0400, 0.1700, 0.0100, 0.2400, 0.2000, 0.0500] | 27.7251  | 0.8800  | 0.8636 
2     | 8           | [96, 97, 98, 99, 100, 101, 102, 103]                           | [0.0200, 0.0400, 0.1200, 0.2100, 0.3400, 0.0700, 0.1000, 0.1000]                                                 | 2.7336   | 0.7800  | 0.8071 
3     | 9           | [96, 97, 98, 99, 100, 101, 102, 103, 104]                      | [0.0900, 0.1200, 0.2600, 0.1000, 0.0300, 0.1400, 0.1500, 0.1000, 0.0100]                                         | 5.1464   | 0.8800  | 0.8554 
4     | 9           | [97, 98, 99, 100, 101, 102, 103, 104, 105]                     | [0.0500, 0.1000, 0.1600, 0.0100, 0.0900, 0.2000, 0.1900, 0.1800, 0.0200]                                         | 5.1131   | 0.7800  | 0.8533 
5     | 10          | [92, 93, 94, 95, 96, 97, 98, 99, 100, 101]                     | [0.0100, 0.0600, 0.1100, 0.0200, 0.0600, 0.0500, 0.0500, 0.3400, 0.1800, 0.1200]                                 | 6.2291   | 0.8000  | 0.8210 
6     | 12          | [96, 97, 98, 99, 100, 101, 102, 103, 105, 106, 107, 108]       | [0.0200, 0.0600, 0.0200, 0.1000, 0.1500, 0.1100, 0.0700, 0.0300, 0.1300, 0.1900, 0.0700, 0.0500]                 | 11.5556  | 0.8600  | 0.8937 
7     | 9           | [97, 98, 99, 100, 101, 102, 103, 104, 105]                     | [0.0600, 0.1600, 0.1200, 0.2400, 0.1100, 0.0400, 0.0200, 0.1300, 0.1200]                                         | 6.2675   | 0.8600  | 0.8620 
8     | 12          | [95, 96, 97, 98, 99, 100, 101, 103, 104, 105, 106, 107]        | [0.0200, 0.0800, 0.0100, 0.2000, 0.0200, 0.1000, 0.1000, 0.0400, 0.1900, 0.0500, 0.1300, 0.0600]                 | 12.6264  | 0.9400  | 0.8808 
9     | 10          | [94, 95, 96, 97, 98, 99, 100, 101, 102, 103]                   | [0.0200, 0.1700, 0.1900, 0.1500, 0.2100, 0.0200, 0.0700, 0.1200, 0.0300, 0.0200]                                 | 4.9756   | 0.9200  | 0.8556 
10    | 7           | [94, 95, 96, 97, 98, 99, 101]                                  | [0.0200, 0.1100, 0.1600, 0.2100, 0.2800, 0.1000, 0.1200]                                                         | 3.1096   | 0.7800  | 0.8232 
11    | 10          | [91, 92, 93, 97, 98, 99, 100, 101, 103, 104]                   | [0.0100, 0.0900, 0.0700, 0.0600, 0.2900, 0.1900, 0.1200, 0.0600, 0.0800, 0.0300]                                 | 9.8011   | 0.9800  | 0.8463 
12    | 8           | [99, 100, 101, 102, 103, 104, 105, 106]                        | [0.0400, 0.0800, 0.1300, 0.3300, 0.2200, 0.0200, 0.1500, 0.0300]                                                 | 2.7636   | 0.7000  | 0.8020 
13    | 9           | [96, 97, 98, 99, 100, 101, 102, 103, 104]                      | [0.0900, 0.1200, 0.0800, 0.0900, 0.0900, 0.1200, 0.2900, 0.1100, 0.0100]                                         | 5.3500   | 0.8800  | 0.8527 
14    | 13          | [94, 95, 96, 97, 98, 99, 100, 101, 102, 103, 106, 107, 108]    | [0.0100, 0.0700, 0.1600, 0.0300, 0.0100, 0.1000, 0.2400, 0.1000, 0.0700, 0.0100, 0.0300, 0.0500, 0.1200]         | 16.5100  | 0.9200  | 0.8768 
15    | 9           | [96, 97, 98, 99, 100, 101, 102, 103, 104]                      | [0.0800, 0.0300, 0.1400, 0.3500, 0.1700, 0.0300, 0.0900, 0.1000, 0.0100]                                         | 3.6699   | 0.8800  | 0.8107 
16    | 8           | [97, 98, 99, 100, 101, 103, 105, 106]                          | [0.0100, 0.1500, 0.0300, 0.3400, 0.2300, 0.0700, 0.1100, 0.0600]                                                 | 5.5099   | 0.8200  | 0.7954 
17    | 10          | [99, 100, 101, 102, 103, 104, 105, 106, 107, 108]              | [0.0700, 0.1000, 0.1300, 0.0900, 0.0700, 0.1400, 0.2000, 0.1300, 0.0600, 0.0100]                                 | 5.8659   | 0.9600  | 0.8838 
18    | 6           | [94, 95, 96, 97, 98, 99]                                       | [0.0400, 0.1000, 0.3500, 0.2900, 0.2100, 0.0100]                                                                 | 1.1664   | 0.7600  | 0.7450 
19    | 7           | [94, 95, 96, 97, 98, 99, 102]                                  | [0.0900, 0.0900, 0.1300, 0.4200, 0.1800, 0.0500, 0.0400]                                                         | 2.6700   | 0.8000  | 0.7616 
20    | 12          | [96, 97, 99, 100, 101, 102, 103, 104, 105, 106, 107, 108]      | [0.0500, 0.1300, 0.0100, 0.1000, 0.1500, 0.0900, 0.0900, 0.1900, 0.0500, 0.0500, 0.0700, 0.0200]                 | 10.2584  | 0.9000  | 0.8943 
21    | 10          | [92, 93, 95, 96, 97, 98, 99, 100, 101, 102]                    | [0.1700, 0.0100, 0.0100, 0.0300, 0.2400, 0.1100, 0.0800, 0.2300, 0.0700, 0.0500]                                 | 9.0475   | 0.8600  | 0.8420 

[Per-locus summary - Population 2]
Locus | Num_Alleles | Alleles                                                                 | Frequencies                                                                                                                      | Variance | Obs_Het | Exp_Het
------+-------------+-------------------------------------------------------------------------+----------------------------------------------------------------------------------------------------------------------------------+----------+---------+--------
1     | 16          | [89, 90, 91, 92, 93, 94, 95, 96, 97, 101, 102, 103, 104, 105, 106, 107] | [0.0400, 0.0100, 0.0800, 0.0100, 0.0600, 0.1100, 0.0100, 0.1100, 0.0300, 0.0400, 0.0900, 0.0100, 0.1900, 0.1700, 0.0300, 0.0100] | 30.6979  | 0.7800  | 0.8962 
2     | 7           | [97, 98, 99, 100, 101, 102, 103]                                        | [0.0600, 0.1600, 0.3300, 0.1900, 0.1200, 0.0600, 0.0800]                                                                         | 2.4675   | 0.9000  | 0.8095 
3     | 8           | [96, 97, 98, 99, 100, 101, 102, 103]                                    | [0.0800, 0.2100, 0.2200, 0.0900, 0.1100, 0.0900, 0.1600, 0.0400]                                                                 | 4.3275   | 0.9000  | 0.8541 
4     | 8           | [97, 98, 99, 100, 101, 102, 103, 104]                                   | [0.0400, 0.0900, 0.0600, 0.0100, 0.0700, 0.3300, 0.2200, 0.1800]                                                                 | 3.9675   | 0.8200  | 0.8000 
5     | 10          | [92, 93, 94, 95, 96, 97, 98, 99, 100, 101]                              | [0.0100, 0.0300, 0.0700, 0.0400, 0.0800, 0.0300, 0.0500, 0.3300, 0.2300, 0.1300]                                                 | 5.2156   | 0.8200  | 0.8121 
6     | 12          | [97, 98, 99, 100, 101, 102, 103, 104, 105, 106, 107, 108]               | [0.0400, 0.0300, 0.1100, 0.0900, 0.0600, 0.1200, 0.0100, 0.0100, 0.1700, 0.1200, 0.1500, 0.0900]                                 | 11.3636  | 0.8800  | 0.8941 
7     | 9           | [97, 98, 99, 100, 101, 102, 103, 104, 105]                              | [0.0400, 0.2000, 0.2100, 0.1700, 0.0200, 0.0500, 0.0100, 0.1900, 0.1100]                                                         | 6.9371   | 0.8400  | 0.8426 
8     | 11          | [96, 97, 98, 99, 100, 101, 103, 104, 105, 106, 107]                     | [0.0500, 0.0200, 0.1600, 0.1200, 0.1300, 0.0800, 0.0400, 0.1800, 0.1200, 0.0400, 0.0600]                                         | 10.2496  | 0.8400  | 0.8891 
9     | 10          | [94, 95, 96, 97, 98, 99, 100, 101, 102, 103]                            | [0.0200, 0.0800, 0.2200, 0.1600, 0.2100, 0.0200, 0.1100, 0.1100, 0.0200, 0.0500]                                                 | 5.0996   | 0.8600  | 0.8562 
10    | 8           | [94, 95, 96, 97, 98, 99, 101, 102]                                      | [0.0200, 0.1100, 0.1500, 0.2100, 0.2300, 0.1400, 0.1200, 0.0200]                                                                 | 3.5444   | 0.8600  | 0.8420 
11    | 11          | [91, 92, 93, 96, 97, 98, 99, 100, 101, 103, 104]                        | [0.0200, 0.0900, 0.0100, 0.0100, 0.1300, 0.3200, 0.1800, 0.0800, 0.0400, 0.0500, 0.0700]                                         | 9.2075   | 0.8200  | 0.8325 
12    | 7           | [99, 100, 101, 102, 103, 104, 105]                                      | [0.0200, 0.1100, 0.1800, 0.4600, 0.0800, 0.0200, 0.1300]                                                                         | 2.1275   | 0.8600  | 0.7271 
13    | 10          | [94, 96, 97, 98, 99, 100, 101, 102, 103, 104]                           | [0.0100, 0.0500, 0.0400, 0.0600, 0.2000, 0.1200, 0.0600, 0.3500, 0.0900, 0.0200]                                                 | 4.3819   | 0.8600  | 0.8113 
14    | 12          | [94, 95, 96, 97, 98, 99, 100, 101, 102, 106, 107, 108]                  | [0.0300, 0.1300, 0.2600, 0.0400, 0.0200, 0.0400, 0.2000, 0.1500, 0.0500, 0.0100, 0.0600, 0.0100]                                 | 11.6724  | 0.8200  | 0.8507 
15    | 9           | [96, 97, 98, 99, 100, 101, 102, 103, 105]                               | [0.0700, 0.0500, 0.0700, 0.3400, 0.1800, 0.0400, 0.1000, 0.1400, 0.0100]                                                         | 4.1000   | 0.8000  | 0.8166 
16    | 9           | [97, 98, 99, 100, 101, 102, 103, 104, 105]                              | [0.0100, 0.1700, 0.0300, 0.3400, 0.1400, 0.0400, 0.0600, 0.0700, 0.1400]                                                         | 5.2996   | 0.8400  | 0.8133 
17    | 10          | [99, 100, 101, 102, 103, 104, 105, 106, 107, 108]                       | [0.0300, 0.0500, 0.1100, 0.1600, 0.0800, 0.0700, 0.2900, 0.1200, 0.0800, 0.0100]                                                 | 4.8371   | 0.8800  | 0.8511 
18    | 7           | [93, 94, 95, 96, 97, 98, 100]                                           | [0.0100, 0.0200, 0.2300, 0.4000, 0.2300, 0.0900, 0.0200]                                                                         | 1.2739   | 0.8000  | 0.7325 
19    | 8           | [94, 95, 96, 97, 98, 99, 101, 102]                                      | [0.0300, 0.0600, 0.1000, 0.4100, 0.2100, 0.1300, 0.0200, 0.0400]                                                                 | 2.4664   | 0.7000  | 0.7620 
20    | 12          | [96, 97, 99, 100, 101, 102, 103, 104, 105, 106, 107, 108]               | [0.0500, 0.0800, 0.0300, 0.1100, 0.1100, 0.0500, 0.1900, 0.2100, 0.0600, 0.0200, 0.0800, 0.0100]                                 | 8.8259   | 0.8200  | 0.8816 
21    | 9           | [91, 92, 96, 97, 98, 99, 100, 101, 102]                                 | [0.0100, 0.1400, 0.1000, 0.2600, 0.1100, 0.0600, 0.2300, 0.0200, 0.0700]                                                         | 8.2099   | 0.8600  | 0.8372 
