
[Simulation Info]
simulation_id = sim_0003152
timestamp     = 20250428_083744
seed          = 802138
output_folder = /home/lejeunet/Bureau/simulations/Ref_table/sim_0003152

[Model Parameters]
pop_size           = 142
num_loci           = 20
sample1_generation = 30
sample2_generation = 10
low_repeats        = 1
high_repeats       = 200
mutation_rate      = 0.001
recap_Ne           = 142

[Sampling Design]
sample1_size_Ne  = 50
sample2_size_Ne  = 50
sample1_size_CMR = 50
sample2_size_CMR = 50

[Capture-Marquage-Recapture]
census_N   =  144
MatchCount =  18

[Ne Estimates - One Sample - Decreasing critical values [0.050, 0.020, 0.010, 0+]]

[Linkage Desequilibrium]
LD_Ne_Pop1 = [None, 348.6, 315.8, 315.8]
LD_r2_Pop1 = [0.020946, 0.022227, 0.022324, 0.022324]
LD_Ne_Pop2 = [1197.1, 297.0, 392.8, 392.8]
LD_r2_Pop2 = [0.021554, 0.02239, 0.02212, 0.02212]

[Heterozygote excess]
HE_Neb_mean_Pop1        = [45.9, 46.1, 46.1, 46.1]
HE_weighted_D_mean_Pop1 = [0.01101, 0.01097, 0.01097, 0.01097]
HE_Neb_mean_Pop2        = [19.0, 19.3, 19.3, 19.3]
HE_weighted_D_mean_Pop2 = [0.02707, 0.02664, 0.02664, 0.02664]

[Molecular Coancestry]
Coan_Neb_n_Pop1 = None
Coan_f1_Pop1    = -0.01181
Coan_Neb_n_Pop2 = None
Coan_f1_Pop2    = -0.03289

[Ne Estimates - Temporal - Decreasing critical values (0.050, 0.020, 0.010, 0+)]

[Pollak]
P_Ne     = [283.2, 293.0, 298.1, 298.1]
P_Fk     = [0.03766, 0.03706, 0.03677, 0.03677]
P_Fprime = [0.01766, 0.01706, 0.01677, 0.01677]

[Nei/Tajima]
N_Ne     = [269.8, 276.0, 279.7, 279.7]
N_Fc     = [0.03854, 0.03812, 0.03788, 0.03788]
N_Fprime = [0.01854, 0.01812, 0.01788, 0.01788]

[Jorde/Ryman]
J_Ne     = [253.9, 254.5, 254.3, 254.3]
J_Fs     = [0.03989, 0.03984, 0.03986, 0.03986]
J_Fprime = [0.01969, 0.01964, 0.01966, 0.01966]

[Genetic Diversity - Heterozygosity]
mean_exp_het_pop1 = 0.4703
mean_obs_het_pop1 = 0.474
mean_exp_het_pop2 = 0.4665
mean_obs_het_pop2 = 0.483

[Genetic Diversity - Allele Counts]
mean_alleles_pop1 = 3.05
var_alleles_pop1  = 0.68
sum_alleles_pop1  = 61
mean_alleles_pop2 = 3.38
var_alleles_pop2  = 0.6
sum_alleles_pop2  = 135

[Genetic Diversity - Allelic Size Variance]
var_allele_size_pop1 = 0.6548
var_allele_size_pop2 = 0.6635

[Per-locus summary - Population 1]
Locus | Num_Alleles | Alleles             | Frequencies                      | Variance | Obs_Het | Exp_Het
------+-------------+---------------------+----------------------------------+----------+---------+--------
1     | 4           | [96, 97, 98, 102]   | [0.0900, 0.5700, 0.1300, 0.2100] | 4.2819   | 0.6800  | 0.6121 
2     | 2           | [101, 102]          | [0.8900, 0.1100]                 | 0.0979   | 0.1800  | 0.1978 
3     | 4           | [98, 99, 101, 102]  | [0.4900, 0.1800, 0.1800, 0.1500] | 2.4576   | 0.7400  | 0.6794 
4     | 4           | [99, 100, 101, 102] | [0.3200, 0.5000, 0.1400, 0.0400] | 0.6100   | 0.7000  | 0.6327 
5     | 2           | [99, 100]           | [0.8900, 0.1100]                 | 0.0979   | 0.2200  | 0.1978 
6     | 3           | [100, 101, 102]     | [0.0300, 0.7300, 0.2400]         | 0.2259   | 0.3800  | 0.4127 
7     | 4           | [99, 100, 101, 102] | [0.0400, 0.4400, 0.2700, 0.2500] | 0.7771   | 0.7200  | 0.6762 
8     | 2           | [100, 101]          | [0.0700, 0.9300]                 | 0.0651   | 0.1000  | 0.1315 
9     | 2           | [101, 102]          | [0.7000, 0.3000]                 | 0.2100   | 0.4400  | 0.4242 
10    | 4           | [98, 99, 100, 101]  | [0.0400, 0.2100, 0.6300, 0.1200] | 0.4611   | 0.6200  | 0.5485 
11    | 3           | [101, 102, 103]     | [0.8400, 0.1500, 0.0100]         | 0.1611   | 0.2800  | 0.2746 
12    | 3           | [98, 99, 100]       | [0.4400, 0.2000, 0.3600]         | 0.7936   | 0.6600  | 0.6432 
13    | 2           | [100, 101]          | [0.3200, 0.6800]                 | 0.2176   | 0.4000  | 0.4396 
14    | 3           | [99, 100, 101]      | [0.1300, 0.6200, 0.2500]         | 0.3656   | 0.5400  | 0.5416 
15    | 4           | [99, 100, 101, 102] | [0.0200, 0.4400, 0.3900, 0.1500] | 0.5611   | 0.5800  | 0.6378 
16    | 3           | [99, 100, 101]      | [0.1100, 0.5900, 0.3000]         | 0.3739   | 0.5200  | 0.5554 
17    | 3           | [97, 98, 99]        | [0.4300, 0.4300, 0.1400]         | 0.4859   | 0.6000  | 0.6168 
18    | 4           | [98, 99, 100, 101]  | [0.0100, 0.3800, 0.5900, 0.0200] | 0.2956   | 0.5600  | 0.5121 
19    | 3           | [99, 100, 101]      | [0.1700, 0.3900, 0.4400]         | 0.5371   | 0.5200  | 0.6317 
20    | 2           | [100, 101]          | [0.9800, 0.0200]                 | 0.0196   | 0.0400  | 0.0396 

[Per-locus summary - Population 2]
Locus | Num_Alleles | Alleles               | Frequencies                              | Variance | Obs_Het | Exp_Het
------+-------------+-----------------------+------------------------------------------+----------+---------+--------
1     | 5           | [95, 96, 97, 98, 102] | [0.0300, 0.0800, 0.5500, 0.1100, 0.2300] | 4.8056   | 0.5800  | 0.6315 
2     | 3           | [99, 101, 102]        | [0.0100, 0.9600, 0.0300]                 | 0.0699   | 0.0800  | 0.0782 
3     | 4           | [98, 99, 101, 102]    | [0.6100, 0.1800, 0.0600, 0.1500]         | 2.1984   | 0.6200  | 0.5752 
4     | 4           | [99, 100, 101, 102]   | [0.2100, 0.4100, 0.3600, 0.0200]         | 0.6139   | 0.5800  | 0.6644 
5     | 2           | [99, 100]             | [0.7800, 0.2200]                         | 0.1716   | 0.3600  | 0.3467 
6     | 3           | [100, 101, 102]       | [0.0500, 0.6300, 0.3200]                 | 0.2971   | 0.5600  | 0.5032 
7     | 4           | [99, 100, 101, 102]   | [0.0200, 0.5300, 0.1600, 0.2900]         | 0.8216   | 0.5600  | 0.6151 
8     | 2           | [100, 101]            | [0.1600, 0.8400]                         | 0.1344   | 0.2800  | 0.2715 
9     | 3           | [100, 101, 102]       | [0.0100, 0.7900, 0.2000]                 | 0.1739   | 0.3400  | 0.3392 
10    | 4           | [98, 99, 100, 101]    | [0.0500, 0.1300, 0.7500, 0.0700]         | 0.3744   | 0.4600  | 0.4174 
11    | 3           | [100, 101, 102]       | [0.0300, 0.7400, 0.2300]                 | 0.2200   | 0.4800  | 0.4026 
12    | 3           | [98, 99, 100]         | [0.5000, 0.2800, 0.2200]                 | 0.6416   | 0.7000  | 0.6295 
13    | 3           | [100, 101, 102]       | [0.2900, 0.7000, 0.0100]                 | 0.2216   | 0.4600  | 0.4301 
14    | 3           | [99, 100, 101]        | [0.0300, 0.7100, 0.2600]                 | 0.2371   | 0.4000  | 0.4317 
15    | 4           | [99, 100, 101, 102]   | [0.0400, 0.5300, 0.2600, 0.1700]         | 0.6664   | 0.6800  | 0.6273 
16    | 3           | [99, 100, 101]        | [0.0900, 0.5300, 0.3800]                 | 0.3859   | 0.5800  | 0.5723 
17    | 4           | [96, 97, 98, 99]      | [0.0100, 0.4400, 0.4300, 0.1200]         | 0.4844   | 0.5600  | 0.6131 
18    | 2           | [99, 100]             | [0.3500, 0.6500]                         | 0.2275   | 0.5800  | 0.4596 
19    | 4           | [99, 100, 101, 102]   | [0.1400, 0.5200, 0.3300, 0.0100]         | 0.4659   | 0.6800  | 0.6071 
20    | 3           | [99, 100, 101]        | [0.0100, 0.9400, 0.0500]                 | 0.0584   | 0.1200  | 0.1149 
