
[Simulation Info]
simulation_id = sim_0009091
timestamp     = 20250428_111030
seed          = 943997
output_folder = /home/lejeunet/Bureau/simulations/Ref_table/sim_0009091

[Model Parameters]
pop_size           = 1116
num_loci           = 20
sample1_generation = 30
sample2_generation = 10
low_repeats        = 1
high_repeats       = 200
mutation_rate      = 0.001
recap_Ne           = 1116

[Sampling Design]
sample1_size_Ne  = 50
sample2_size_Ne  = 50
sample1_size_CMR = 50
sample2_size_CMR = 50

[Capture-Marquage-Recapture]
census_N   =  650
MatchCount =  4

[Ne Estimates - One Sample - Decreasing critical values [0.050, 0.020, 0.010, 0+]]

[Linkage Desequilibrium]
LD_Ne_Pop1 = [1347.1, 548.2, 653.0, 653.0]
LD_r2_Pop1 = [0.021523, 0.021882, 0.021785, 0.021785]
LD_Ne_Pop2 = [1529.7, 985.3, 1413.5, 1413.5]
LD_r2_Pop2 = [0.021494, 0.021614, 0.021511, 0.021511]

[Heterozygote excess]
HE_Neb_mean_Pop1        = [35.4, 42.0, 44.0, 44.0]
HE_weighted_D_mean_Pop1 = [0.01432, 0.01205, 0.0115, 0.0115]
HE_Neb_mean_Pop2        = [34.0, 40.1, 41.1, 41.1]
HE_weighted_D_mean_Pop2 = [0.01492, 0.01263, 0.01232, 0.01232]

[Molecular Coancestry]
Coan_Neb_n_Pop1 = None
Coan_f1_Pop1    = -0.0147
Coan_Neb_n_Pop2 = 31.4
Coan_f1_Pop2    = 0.01593

[Ne Estimates - Temporal - Decreasing critical values (0.050, 0.020, 0.010, 0+)]

[Pollak]
P_Ne     = [-3308.0, -7232.6, -9738.1, -9738.1]
P_Fk     = [0.01849, 0.01931, 0.01949, 0.01949]
P_Fprime = [-0.00151, -0.00069, -0.00051, -0.00051]

[Nei/Tajima]
N_Ne     = [-2332.6, -3493.4, -3947.9, -3947.9]
N_Fc     = [0.01786, 0.01857, 0.01873, 0.01873]
N_Fprime = [-0.00214, -0.00143, -0.00127, -0.00127]

[Jorde/Ryman]
J_Ne     = [-1885.3, -1692.9, -1700.3, -1700.3]
J_Fs     = [0.01745, 0.01715, 0.01716, 0.01716]
J_Fprime = [-0.00265, -0.00295, -0.00294, -0.00294]

[Genetic Diversity - Heterozygosity]
mean_exp_het_pop1 = 0.7056
mean_obs_het_pop1 = 0.7067
mean_exp_het_pop2 = 0.6931
mean_obs_het_pop2 = 0.6943

[Genetic Diversity - Allele Counts]
mean_alleles_pop1 = 6.0
var_alleles_pop1  = 1.5
sum_alleles_pop1  = 126
mean_alleles_pop2 = 6.19
var_alleles_pop2  = 1.18
sum_alleles_pop2  = 260

[Genetic Diversity - Allelic Size Variance]
var_allele_size_pop1 = 2.1832
var_allele_size_pop2 = 1.9198

[Per-locus summary - Population 1]
Locus | Num_Alleles | Alleles                                 | Frequencies                                                              | Variance | Obs_Het | Exp_Het
------+-------------+-----------------------------------------+--------------------------------------------------------------------------+----------+---------+--------
1     | 4           | [96, 97, 98, 99]                        | [0.0900, 0.5000, 0.3500, 0.0600]                                         | 0.5356   | 0.7000  | 0.6220 
2     | 7           | [97, 99, 100, 101, 102, 103, 104]       | [0.0100, 0.0800, 0.1700, 0.0200, 0.5000, 0.2100, 0.0100]                 | 1.7436   | 0.7400  | 0.6768 
3     | 6           | [98, 99, 100, 101, 102, 103]            | [0.0300, 0.0900, 0.0700, 0.2900, 0.3400, 0.1800]                         | 1.6304   | 0.8000  | 0.7616 
4     | 7           | [98, 99, 100, 101, 102, 103, 104]       | [0.0400, 0.0300, 0.2100, 0.2900, 0.0900, 0.2000, 0.1400]                 | 2.5696   | 0.8600  | 0.8097 
5     | 6           | [97, 98, 99, 100, 101, 102]             | [0.0300, 0.0300, 0.4700, 0.4000, 0.0600, 0.0100]                         | 0.6684   | 0.6000  | 0.6198 
6     | 5           | [99, 100, 101, 102, 103]                | [0.0100, 0.3500, 0.2900, 0.2900, 0.0600]                                 | 0.9184   | 0.7000  | 0.7127 
7     | 4           | [97, 98, 99, 100]                       | [0.2000, 0.4200, 0.1600, 0.2200]                                         | 1.0800   | 0.8000  | 0.7168 
8     | 9           | [93, 95, 96, 97, 98, 99, 100, 101, 102] | [0.0300, 0.0100, 0.0300, 0.1100, 0.3300, 0.0500, 0.2000, 0.0600, 0.1800] | 4.3400   | 0.8200  | 0.8067 
9     | 7           | [98, 99, 100, 101, 102, 103, 104]       | [0.0600, 0.2000, 0.5500, 0.0100, 0.0600, 0.0600, 0.0600]                 | 2.1371   | 0.6400  | 0.6495 
10    | 8           | [95, 96, 97, 98, 102, 103, 104, 105]    | [0.1000, 0.1100, 0.0900, 0.0400, 0.0800, 0.2400, 0.2600, 0.0800]         | 12.8091  | 0.9000  | 0.8386 
11    | 6           | [98, 99, 100, 101, 102, 103]            | [0.0100, 0.0100, 0.2300, 0.1700, 0.4500, 0.1300]                         | 1.1451   | 0.7200  | 0.7057 
12    | 6           | [96, 97, 98, 99, 100, 101]              | [0.0100, 0.2300, 0.3800, 0.1600, 0.1800, 0.0400]                         | 1.3579   | 0.6600  | 0.7505 
13    | 5           | [97, 98, 99, 100, 101]                  | [0.0800, 0.0200, 0.1200, 0.4700, 0.3100]                                 | 1.2219   | 0.6800  | 0.6685 
14    | 6           | [98, 99, 100, 101, 102, 103]            | [0.0400, 0.1300, 0.0100, 0.3700, 0.3900, 0.0600]                         | 1.5056   | 0.6800  | 0.6958 
15    | 6           | [98, 99, 100, 101, 103, 104]            | [0.0100, 0.3100, 0.4200, 0.0400, 0.0100, 0.2100]                         | 3.5036   | 0.6400  | 0.6885 
16    | 7           | [97, 98, 99, 100, 101, 102, 103]        | [0.0200, 0.0900, 0.0500, 0.1000, 0.3900, 0.3200, 0.0300]                 | 1.8411   | 0.7000  | 0.7309 
17    | 5           | [99, 100, 101, 102, 103]                | [0.0900, 0.3000, 0.5100, 0.0800, 0.0200]                                 | 0.6904   | 0.5600  | 0.6414 
18    | 5           | [98, 99, 100, 101, 102]                 | [0.2600, 0.4000, 0.1300, 0.1800, 0.0300]                                 | 1.2776   | 0.6000  | 0.7295 
19    | 5           | [98, 99, 100, 101, 102]                 | [0.0200, 0.3700, 0.4500, 0.0900, 0.0700]                                 | 0.7876   | 0.6600  | 0.6537 
20    | 6           | [99, 100, 101, 102, 103, 104]           | [0.0100, 0.1300, 0.6400, 0.0700, 0.0500, 0.1000]                         | 1.2376   | 0.6200  | 0.5616 
21    | 6           | [97, 98, 99, 101, 102, 103]             | [0.0200, 0.1000, 0.1100, 0.2100, 0.3400, 0.2200]                         | 2.8476   | 0.7600  | 0.7772 

[Per-locus summary - Population 2]
Locus | Num_Alleles | Alleles                                  | Frequencies                                                              | Variance | Obs_Het | Exp_Het
------+-------------+------------------------------------------+--------------------------------------------------------------------------+----------+---------+--------
1     | 5           | [95, 96, 97, 98, 99]                     | [0.0100, 0.0600, 0.5200, 0.3400, 0.0700]                                 | 0.5600   | 0.5400  | 0.6115 
2     | 6           | [97, 99, 100, 101, 102, 103]             | [0.0100, 0.0800, 0.1200, 0.0200, 0.5500, 0.2200]                         | 1.5811   | 0.6400  | 0.6341 
3     | 6           | [98, 99, 100, 101, 102, 103]             | [0.0200, 0.0900, 0.1500, 0.2200, 0.3600, 0.1600]                         | 1.6059   | 0.7200  | 0.7731 
4     | 6           | [99, 100, 101, 102, 103, 104]            | [0.0300, 0.1900, 0.4100, 0.1000, 0.1900, 0.0800]                         | 1.6691   | 0.7800  | 0.7499 
5     | 6           | [97, 98, 99, 100, 101, 102]              | [0.0300, 0.0300, 0.4400, 0.4200, 0.0500, 0.0300]                         | 0.7696   | 0.6000  | 0.6311 
6     | 5           | [99, 100, 101, 102, 103]                 | [0.0200, 0.3900, 0.2100, 0.3300, 0.0500]                                 | 1.0000   | 0.7200  | 0.6990 
7     | 6           | [95, 97, 98, 99, 100, 101]               | [0.0500, 0.2000, 0.3400, 0.1600, 0.2400, 0.0100]                         | 1.7576   | 0.7400  | 0.7663 
8     | 8           | [93, 95, 97, 98, 99, 100, 101, 102]      | [0.0200, 0.0100, 0.1600, 0.3200, 0.0700, 0.2600, 0.0600, 0.1000]         | 3.2256   | 0.7600  | 0.7933 
9     | 7           | [98, 99, 100, 101, 102, 103, 104]        | [0.0400, 0.2300, 0.5900, 0.0300, 0.0300, 0.0700, 0.0100]                 | 1.3291   | 0.6000  | 0.5966 
10    | 9           | [95, 96, 97, 98, 99, 102, 103, 104, 105] | [0.0600, 0.0900, 0.1400, 0.0400, 0.0200, 0.1500, 0.1500, 0.3000, 0.0500] | 11.3396  | 0.8200  | 0.8376 
11    | 5           | [99, 100, 101, 102, 103]                 | [0.0300, 0.2000, 0.1600, 0.5300, 0.0800]                                 | 0.9851   | 0.6600  | 0.6527 
12    | 5           | [97, 98, 99, 100, 101]                   | [0.3100, 0.3700, 0.1400, 0.1500, 0.0300]                                 | 1.2716   | 0.8000  | 0.7313 
13    | 5           | [97, 99, 100, 101, 102]                  | [0.0400, 0.2200, 0.5300, 0.2000, 0.0100]                                 | 0.8056   | 0.6400  | 0.6353 
14    | 6           | [99, 100, 101, 102, 103, 104]            | [0.0600, 0.0200, 0.4500, 0.4300, 0.0300, 0.0100]                         | 0.7556   | 0.6800  | 0.6137 
15    | 7           | [98, 99, 100, 101, 102, 103, 104]        | [0.0300, 0.2400, 0.4500, 0.0600, 0.0100, 0.0700, 0.1400]                 | 3.0275   | 0.7600  | 0.7180 
16    | 6           | [98, 99, 100, 101, 102, 103]             | [0.0900, 0.0500, 0.1800, 0.3400, 0.3000, 0.0400]                         | 1.6211   | 0.8400  | 0.7574 
17    | 5           | [99, 100, 101, 102, 103]                 | [0.0700, 0.3800, 0.4100, 0.1300, 0.0100]                                 | 0.6931   | 0.6200  | 0.6723 
18    | 6           | [97, 98, 99, 100, 101, 102]              | [0.0100, 0.2800, 0.3600, 0.1400, 0.2000, 0.0100]                         | 1.2771   | 0.6800  | 0.7396 
19    | 5           | [98, 99, 100, 101, 102]                  | [0.0200, 0.3700, 0.4500, 0.0900, 0.0700]                                 | 0.7876   | 0.5800  | 0.6537 
20    | 6           | [99, 100, 101, 102, 103, 104]            | [0.0400, 0.1500, 0.6400, 0.0600, 0.0500, 0.0600]                         | 1.0979   | 0.6200  | 0.5622 
21    | 6           | [97, 98, 99, 101, 102, 103]              | [0.0200, 0.1100, 0.1700, 0.0700, 0.4500, 0.1800]                         | 3.1564   | 0.7800  | 0.7261 
