
[Simulation Info]
simulation_id = sim_0005210
timestamp     = 20250428_092708
seed          = 390679
output_folder = /home/lejeunet/Bureau/simulations/Ref_table/sim_0005210

[Model Parameters]
pop_size           = 2365
num_loci           = 20
sample1_generation = 30
sample2_generation = 10
low_repeats        = 1
high_repeats       = 200
mutation_rate      = 0.001
recap_Ne           = 2365

[Sampling Design]
sample1_size_Ne  = 50
sample2_size_Ne  = 50
sample1_size_CMR = 50
sample2_size_CMR = 50

[Capture-Marquage-Recapture]
census_N   =  0
MatchCount =  0
# There were no match between sampling of individuals during CMR.

[Ne Estimates - One Sample - Decreasing critical values [0.050, 0.020, 0.010, 0+]]

[Linkage Desequilibrium]
LD_Ne_Pop1 = [424.3, 667.8, 1173.8, 1173.8]
LD_r2_Pop1 = [0.022058, 0.021774, 0.021559, 0.021559]
LD_Ne_Pop2 = [364.0, 364.9, 294.9, 294.9]
LD_r2_Pop2 = [0.022187, 0.022184, 0.022398, 0.022398]

[Heterozygote excess]
HE_Neb_mean_Pop1        = [None, None, None, None]
HE_weighted_D_mean_Pop1 = [-0.0025, -0.00614, -0.00627, -0.00627]
HE_Neb_mean_Pop2        = [None, None, None, None]
HE_weighted_D_mean_Pop2 = [-0.01006, -0.00811, -0.00813, -0.00813]

[Molecular Coancestry]
Coan_Neb_n_Pop1 = 39.5
Coan_f1_Pop1    = 0.01266
Coan_Neb_n_Pop2 = 81.2
Coan_f1_Pop2    = 0.00616

[Ne Estimates - Temporal - Decreasing critical values (0.050, 0.020, 0.010, 0+)]

[Pollak]
P_Ne     = [2437.7, 1493.7, 1877.8, 1988.4]
P_Fk     = [0.02205, 0.02335, 0.02266, 0.02251]
P_Fprime = [0.00205, 0.00335, 0.00266, 0.00251]

[Nei/Tajima]
N_Ne     = [2893.7, 1712.2, 2143.4, 2268.2]
N_Fc     = [0.02173, 0.02292, 0.02233, 0.0222]
N_Fprime = [0.00173, 0.00292, 0.00233, 0.0022]

[Jorde/Ryman]
J_Ne     = [2330.0, 1774.4, 1830.0, 1838.1]
J_Fs     = [0.02225, 0.02292, 0.02283, 0.02282]
J_Fprime = [0.00215, 0.00282, 0.00273, 0.00272]

[Genetic Diversity - Heterozygosity]
mean_exp_het_pop1 = 0.7985
mean_obs_het_pop1 = 0.7971
mean_exp_het_pop2 = 0.8
mean_obs_het_pop2 = 0.7848

[Genetic Diversity - Allele Counts]
mean_alleles_pop1 = 8.1
var_alleles_pop1  = 1.69
sum_alleles_pop1  = 170
mean_alleles_pop2 = 8.05
var_alleles_pop2  = 1.51
sum_alleles_pop2  = 338

[Genetic Diversity - Allelic Size Variance]
var_allele_size_pop1 = 4.0916
var_allele_size_pop2 = 4.0443

[Per-locus summary - Population 1]
Locus | Num_Alleles | Alleles                                           | Frequencies                                                                      | Variance | Obs_Het | Exp_Het
------+-------------+---------------------------------------------------+----------------------------------------------------------------------------------+----------+---------+--------
1     | 8           | [97, 98, 99, 100, 101, 102, 103, 105]             | [0.2000, 0.1000, 0.0500, 0.1300, 0.2800, 0.2000, 0.0200, 0.0200]                 | 4.0099   | 0.7800  | 0.8196 
2     | 7           | [97, 98, 99, 100, 101, 102, 103]                  | [0.0100, 0.2500, 0.5400, 0.1000, 0.0300, 0.0200, 0.0500]                         | 1.4675   | 0.6400  | 0.6384 
3     | 10          | [94, 95, 96, 97, 98, 99, 100, 101, 103, 104]      | [0.0100, 0.1300, 0.0900, 0.1600, 0.0700, 0.1300, 0.2100, 0.1000, 0.0700, 0.0300] | 6.1779   | 0.8600  | 0.8764 
4     | 9           | [96, 97, 98, 99, 100, 101, 102, 103, 104]         | [0.0300, 0.2900, 0.2700, 0.0700, 0.2000, 0.0800, 0.0200, 0.0300, 0.0100]         | 3.0075   | 0.8800  | 0.7974 
5     | 9           | [96, 97, 98, 99, 100, 102, 103, 104, 105]         | [0.0600, 0.0700, 0.0500, 0.1500, 0.0700, 0.0700, 0.1300, 0.3000, 0.1000]         | 8.3491   | 0.9400  | 0.8483 
6     | 9           | [94, 95, 96, 97, 98, 99, 101, 102, 103]           | [0.0600, 0.1000, 0.1700, 0.0700, 0.2400, 0.0600, 0.1100, 0.1200, 0.0700]         | 7.2571   | 0.8800  | 0.8687 
7     | 7           | [99, 100, 101, 102, 103, 104, 105]                | [0.0900, 0.2300, 0.1200, 0.2600, 0.2500, 0.0200, 0.0300]                         | 2.2291   | 0.7600  | 0.8012 
8     | 6           | [98, 99, 100, 101, 102, 103]                      | [0.1400, 0.4800, 0.1000, 0.1500, 0.0600, 0.0700]                                 | 1.9816   | 0.8800  | 0.7162 
9     | 9           | [96, 97, 99, 100, 101, 102, 103, 104, 105]        | [0.0200, 0.0900, 0.0100, 0.1100, 0.0700, 0.2500, 0.2800, 0.1400, 0.0300]         | 4.6224   | 0.8000  | 0.8212 
10    | 8           | [97, 98, 99, 100, 101, 102, 103, 104]             | [0.0600, 0.3800, 0.1500, 0.1600, 0.0900, 0.0500, 0.1000, 0.0100]                 | 3.2464   | 0.6200  | 0.7911 
11    | 8           | [98, 99, 100, 101, 102, 103, 104, 105]            | [0.0800, 0.0600, 0.2000, 0.1000, 0.2600, 0.0600, 0.1000, 0.1400]                 | 4.3376   | 0.8400  | 0.8477 
12    | 7           | [96, 97, 98, 99, 100, 101, 102]                   | [0.1900, 0.2500, 0.2300, 0.1700, 0.1000, 0.0400, 0.0200]                         | 2.2564   | 0.8600  | 0.8158 
13    | 9           | [96, 97, 98, 99, 100, 101, 102, 103, 104]         | [0.1200, 0.0900, 0.1300, 0.2600, 0.2300, 0.1000, 0.0200, 0.0300, 0.0200]         | 3.3584   | 0.8000  | 0.8368 
14    | 7           | [97, 98, 99, 100, 101, 102, 103]                  | [0.0300, 0.2500, 0.3400, 0.0900, 0.0600, 0.2200, 0.0100]                         | 2.4800   | 0.7200  | 0.7685 
15    | 10          | [93, 94, 95, 96, 97, 98, 99, 100, 101, 102]       | [0.0400, 0.0100, 0.1000, 0.0100, 0.0100, 0.0500, 0.3600, 0.3100, 0.0100, 0.1000] | 4.6944   | 0.7400  | 0.7574 
16    | 8           | [97, 98, 99, 100, 101, 102, 103, 104]             | [0.0200, 0.2700, 0.0300, 0.1900, 0.0700, 0.2300, 0.1800, 0.0100]                 | 3.8296   | 0.8200  | 0.8075 
17    | 6           | [97, 98, 99, 100, 101, 103]                       | [0.0400, 0.3300, 0.1800, 0.3300, 0.0500, 0.0700]                                 | 2.0500   | 0.8200  | 0.7483 
18    | 9           | [95, 96, 97, 98, 99, 100, 101, 102, 103]          | [0.0900, 0.0700, 0.0200, 0.0200, 0.1600, 0.3300, 0.1600, 0.1400, 0.0100]         | 4.3296   | 0.7400  | 0.8145 
19    | 6           | [97, 98, 99, 100, 101, 102]                       | [0.2100, 0.2900, 0.1500, 0.2800, 0.0200, 0.0500]                                 | 1.8824   | 0.8200  | 0.7758 
20    | 8           | [98, 99, 100, 101, 102, 103, 104, 105]            | [0.0100, 0.0800, 0.0100, 0.0600, 0.2800, 0.3400, 0.1100, 0.1100]                 | 2.4691   | 0.7400  | 0.7794 
21    | 10          | [99, 100, 101, 102, 103, 104, 107, 108, 109, 110] | [0.1300, 0.2900, 0.1900, 0.0400, 0.0100, 0.1300, 0.0900, 0.0100, 0.0400, 0.0700] | 11.8884  | 0.8000  | 0.8380 

[Per-locus summary - Population 2]
Locus | Num_Alleles | Alleles                                        | Frequencies                                                                      | Variance | Obs_Het | Exp_Het
------+-------------+------------------------------------------------+----------------------------------------------------------------------------------+----------+---------+--------
1     | 10          | [96, 97, 98, 99, 100, 101, 102, 103, 104, 105] | [0.0100, 0.2300, 0.1100, 0.0600, 0.1300, 0.2400, 0.1600, 0.0200, 0.0100, 0.0300] | 4.6600   | 0.9000  | 0.8382 
2     | 7           | [97, 98, 99, 100, 101, 102, 103]               | [0.0200, 0.2500, 0.4800, 0.2000, 0.0300, 0.0100, 0.0100]                         | 0.8984   | 0.6600  | 0.6723 
3     | 9           | [95, 96, 97, 98, 99, 100, 101, 103, 104]       | [0.1700, 0.0900, 0.1500, 0.0400, 0.1500, 0.2200, 0.0700, 0.1000, 0.0100]         | 6.2896   | 0.8200  | 0.8616 
4     | 7           | [97, 98, 99, 100, 101, 102, 103]               | [0.2000, 0.2100, 0.0700, 0.3600, 0.0800, 0.0200, 0.0600]                         | 2.7859   | 0.7000  | 0.7788 
5     | 9           | [96, 97, 98, 99, 100, 102, 103, 104, 105]      | [0.0700, 0.1000, 0.0400, 0.1400, 0.0500, 0.0400, 0.1800, 0.3300, 0.0500]         | 8.6979   | 0.8200  | 0.8242 
6     | 9           | [94, 95, 96, 97, 98, 99, 101, 102, 103]        | [0.0800, 0.0500, 0.2100, 0.1000, 0.2700, 0.0900, 0.0700, 0.1000, 0.0300]         | 5.7204   | 0.8200  | 0.8487 
7     | 7           | [99, 100, 101, 102, 103, 104, 105]             | [0.0800, 0.1200, 0.2100, 0.2400, 0.2700, 0.0700, 0.0100]                         | 1.9875   | 0.8400  | 0.8077 
8     | 6           | [98, 99, 100, 101, 102, 103]                   | [0.1300, 0.5100, 0.1500, 0.0600, 0.1000, 0.0500]                                 | 1.8104   | 0.6800  | 0.6913 
9     | 8           | [96, 97, 100, 101, 102, 103, 104, 105]         | [0.0200, 0.0200, 0.0500, 0.1500, 0.3000, 0.3000, 0.1300, 0.0300]                 | 2.6276   | 0.7600  | 0.7842 
10    | 8           | [97, 98, 99, 100, 101, 102, 103, 104]          | [0.0200, 0.2800, 0.1500, 0.2400, 0.0700, 0.1300, 0.0800, 0.0300]                 | 3.2336   | 0.7800  | 0.8202 
11    | 8           | [98, 99, 100, 101, 102, 103, 104, 105]         | [0.1000, 0.0400, 0.2100, 0.1600, 0.1500, 0.0500, 0.1900, 0.1000]                 | 4.5331   | 0.8000  | 0.8562 
12    | 7           | [96, 97, 98, 99, 100, 101, 102]                | [0.1500, 0.1700, 0.1600, 0.2000, 0.1900, 0.1100, 0.0200]                         | 2.7696   | 0.9200  | 0.8428 
13    | 7           | [96, 97, 98, 99, 100, 101, 103]                | [0.1500, 0.1300, 0.1600, 0.1700, 0.2500, 0.0600, 0.0800]                         | 3.7676   | 0.8200  | 0.8420 
14    | 8           | [97, 98, 99, 100, 101, 102, 103, 104]          | [0.0100, 0.1900, 0.2600, 0.0500, 0.1400, 0.3000, 0.0400, 0.0100]                 | 2.9171   | 0.7600  | 0.7903 
15    | 9           | [93, 94, 95, 96, 98, 99, 100, 101, 102]        | [0.0400, 0.0100, 0.0900, 0.0100, 0.0900, 0.3500, 0.2800, 0.0500, 0.0800]         | 4.4875   | 0.8400  | 0.7800 
16    | 7           | [97, 98, 99, 100, 101, 102, 103]               | [0.0100, 0.3000, 0.0100, 0.1900, 0.1000, 0.2400, 0.1500]                         | 3.5579   | 0.7200  | 0.7915 
17    | 6           | [98, 99, 100, 101, 102, 103]                   | [0.3300, 0.2700, 0.2300, 0.0800, 0.0100, 0.0800]                                 | 2.0819   | 0.6200  | 0.7600 
18    | 9           | [95, 96, 97, 98, 99, 100, 101, 102, 103]       | [0.0900, 0.0100, 0.0400, 0.0700, 0.1100, 0.3500, 0.1800, 0.1300, 0.0200]         | 3.9104   | 0.7800  | 0.8091 
19    | 6           | [97, 98, 99, 100, 101, 102]                    | [0.3100, 0.3100, 0.1800, 0.1200, 0.0200, 0.0600]                                 | 1.9419   | 0.7200  | 0.7647 
20    | 8           | [98, 99, 100, 101, 102, 103, 104, 105]         | [0.0200, 0.0700, 0.0700, 0.1200, 0.3300, 0.2000, 0.1100, 0.0800]                 | 2.6979   | 0.8200  | 0.8162 
21    | 9           | [99, 100, 101, 102, 103, 104, 107, 109, 110]   | [0.2100, 0.3000, 0.1600, 0.0100, 0.0300, 0.1000, 0.0500, 0.0200, 0.1200]         | 13.5539  | 0.9000  | 0.8202 
