
[Simulation Info]
simulation_id = sim_0007503
timestamp     = 20250428_102500
seed          = 349397
output_folder = /home/lejeunet/Bureau/simulations/Ref_table/sim_0007503

[Model Parameters]
pop_size           = 6133
num_loci           = 20
sample1_generation = 30
sample2_generation = 10
low_repeats        = 1
high_repeats       = 200
mutation_rate      = 0.001
recap_Ne           = 6133

[Sampling Design]
sample1_size_Ne  = 50
sample2_size_Ne  = 50
sample1_size_CMR = 50
sample2_size_CMR = 50

[Capture-Marquage-Recapture]
census_N   =  2601
MatchCount =  1

[Ne Estimates - One Sample - Decreasing critical values [0.050, 0.020, 0.010, 0+]]

[Linkage Desequilibrium]
LD_Ne_Pop1 = [None, None, None, None]
LD_r2_Pop1 = [0.021195, 0.021167, 0.021136, 0.021136]
LD_Ne_Pop2 = [None, None, None, None]
LD_r2_Pop2 = [0.021097, 0.021081, 0.021085, 0.021085]

[Heterozygote excess]
HE_Neb_mean_Pop1        = [123.2, 213.6, 359.8, 359.8]
HE_weighted_D_mean_Pop1 = [0.00408, 0.00235, 0.00139, 0.00139]
HE_Neb_mean_Pop2        = [None, 98.0, 131.4, 131.4]
HE_weighted_D_mean_Pop2 = [-0.00039, 0.00513, 0.00382, 0.00382]

[Molecular Coancestry]
Coan_Neb_n_Pop1 = 51.3
Coan_f1_Pop1    = 0.00974
Coan_Neb_n_Pop2 = None
Coan_f1_Pop2    = -0.00383

[Ne Estimates - Temporal - Decreasing critical values (0.050, 0.020, 0.010, 0+)]

[Pollak]
P_Ne     = [7862.0, 3553.9, 13536.3, 24576.8]
P_Fk     = [0.02064, 0.02141, 0.02037, 0.0202]
P_Fprime = [0.00064, 0.00141, 0.00037, 0.0002]

[Nei/Tajima]
N_Ne     = [26374.9, 5002.1, 72072.1, -69225.2]
N_Fc     = [0.02019, 0.021, 0.02007, 0.01993]
N_Fprime = [0.00019, 0.001, 7e-05, -7e-05]

[Jorde/Ryman]
J_Ne     = [-38523.8, 10812.8, 16226.1, 17533.2]
J_Fs     = [0.01997, 0.02056, 0.02041, 0.02039]
J_Fprime = [-0.00013, 0.00046, 0.00031, 0.00029]

[Genetic Diversity - Heterozygosity]
mean_exp_het_pop1 = 0.8775
mean_obs_het_pop1 = 0.8762
mean_exp_het_pop2 = 0.8737
mean_obs_het_pop2 = 0.8695

[Genetic Diversity - Allele Counts]
mean_alleles_pop1 = 12.9
var_alleles_pop1  = 6.69
sum_alleles_pop1  = 271
mean_alleles_pop2 = 13.29
var_alleles_pop2  = 5.38
sum_alleles_pop2  = 558

[Genetic Diversity - Allelic Size Variance]
var_allele_size_pop1 = 12.058
var_allele_size_pop2 = 11.7061

[Per-locus summary - Population 1]
Locus | Num_Alleles | Alleles                                                                                   | Frequencies                                                                                                                                              | Variance | Obs_Het | Exp_Het
------+-------------+-------------------------------------------------------------------------------------------+----------------------------------------------------------------------------------------------------------------------------------------------------------+----------+---------+--------
1     | 12          | [89, 90, 91, 92, 93, 97, 98, 99, 100, 101, 102, 103]                                      | [0.0200, 0.1900, 0.1000, 0.2200, 0.0700, 0.0100, 0.0700, 0.0600, 0.1300, 0.0300, 0.0600, 0.0400]                                                         | 20.7371  | 0.8400  | 0.8774 
2     | 13          | [94, 95, 96, 97, 98, 99, 100, 101, 102, 103, 104, 105, 106]                               | [0.0200, 0.1000, 0.0600, 0.0700, 0.1800, 0.1400, 0.0400, 0.0200, 0.0600, 0.1100, 0.0200, 0.1700, 0.0100]                                                 | 11.8379  | 0.8600  | 0.8909 
3     | 11          | [97, 98, 99, 100, 101, 102, 103, 104, 105, 106, 107]                                      | [0.0100, 0.0500, 0.3200, 0.0900, 0.0800, 0.1600, 0.1000, 0.1600, 0.0100, 0.0100, 0.0100]                                                                 | 4.7451   | 0.8400  | 0.8273 
4     | 17          | [91, 92, 93, 94, 95, 96, 97, 98, 99, 100, 101, 102, 103, 104, 105, 106, 107]              | [0.0300, 0.0300, 0.0300, 0.0100, 0.0800, 0.0600, 0.2000, 0.0800, 0.0400, 0.0900, 0.0700, 0.0100, 0.0900, 0.0900, 0.0200, 0.0600, 0.0100]                 | 15.8691  | 0.9800  | 0.9150 
5     | 10          | [99, 100, 101, 102, 103, 104, 105, 106, 107, 108]                                         | [0.0100, 0.1000, 0.1400, 0.0800, 0.1300, 0.1200, 0.2800, 0.0600, 0.0700, 0.0100]                                                                         | 4.6099   | 0.8000  | 0.8541 
6     | 15          | [94, 95, 96, 97, 98, 99, 100, 101, 104, 105, 106, 107, 108, 109, 110]                     | [0.0100, 0.0700, 0.0100, 0.0200, 0.0500, 0.1100, 0.1300, 0.1100, 0.1300, 0.0600, 0.1100, 0.0800, 0.0900, 0.0100, 0.0100]                                 | 16.4244  | 0.9800  | 0.9127 
7     | 15          | [91, 92, 93, 94, 95, 96, 98, 99, 100, 101, 102, 103, 104, 105, 106]                       | [0.0400, 0.0600, 0.2600, 0.0400, 0.0700, 0.0100, 0.0800, 0.0600, 0.0100, 0.0400, 0.1300, 0.1000, 0.0700, 0.0200, 0.0100]                                 | 20.8891  | 0.8200  | 0.8854 
8     | 14          | [92, 93, 97, 98, 99, 100, 101, 102, 103, 104, 105, 106, 107, 108]                         | [0.0200, 0.1300, 0.1500, 0.0900, 0.0800, 0.0100, 0.0400, 0.0800, 0.1400, 0.0300, 0.0800, 0.0400, 0.0800, 0.0300]                                         | 20.6600  | 0.9200  | 0.9109 
9     | 13          | [88, 89, 90, 92, 93, 94, 95, 96, 97, 98, 99, 100, 101]                                    | [0.0100, 0.0100, 0.0200, 0.0100, 0.0700, 0.0900, 0.1200, 0.1100, 0.2400, 0.1300, 0.0900, 0.0900, 0.0100]                                                 | 6.2504   | 0.8600  | 0.8778 
10    | 10          | [94, 95, 96, 97, 98, 99, 100, 101, 102, 103]                                              | [0.1800, 0.0900, 0.1300, 0.1400, 0.3200, 0.0600, 0.0400, 0.0200, 0.0100, 0.0100]                                                                         | 3.9500   | 0.9000  | 0.8230 
11    | 13          | [96, 97, 98, 99, 100, 101, 102, 103, 104, 105, 106, 107, 108]                             | [0.0100, 0.0400, 0.2400, 0.0700, 0.0400, 0.1800, 0.1300, 0.0700, 0.0800, 0.0300, 0.0100, 0.0800, 0.0200]                                                 | 9.0539   | 0.8400  | 0.8746 
12    | 8           | [96, 97, 98, 99, 100, 101, 102, 103]                                                      | [0.1300, 0.0900, 0.2100, 0.2100, 0.2100, 0.0400, 0.0600, 0.0500]                                                                                         | 3.4379   | 0.7600  | 0.8434 
13    | 13          | [95, 96, 97, 98, 99, 100, 101, 102, 103, 104, 105, 106, 109]                              | [0.0300, 0.0500, 0.0900, 0.0400, 0.1000, 0.0400, 0.1400, 0.2500, 0.1300, 0.0600, 0.0400, 0.0200, 0.0100]                                                 | 7.6456   | 0.9000  | 0.8794 
14    | 12          | [92, 93, 94, 96, 97, 98, 99, 100, 101, 102, 103, 104]                                     | [0.0500, 0.0100, 0.1400, 0.1200, 0.1200, 0.0900, 0.1100, 0.0900, 0.0600, 0.1500, 0.0400, 0.0200]                                                         | 10.0056  | 0.8800  | 0.9016 
15    | 19          | [92, 93, 94, 97, 98, 99, 100, 101, 102, 103, 104, 105, 106, 107, 108, 109, 110, 111, 112] | [0.0100, 0.0400, 0.0300, 0.0500, 0.0900, 0.1100, 0.1400, 0.1300, 0.0500, 0.0100, 0.0100, 0.0200, 0.0300, 0.0200, 0.0500, 0.1000, 0.0400, 0.0600, 0.0100] | 26.8116  | 0.9200  | 0.9253 
16    | 11          | [93, 94, 95, 97, 100, 101, 102, 103, 104, 105, 106]                                       | [0.0500, 0.0700, 0.1100, 0.0400, 0.0200, 0.1600, 0.2800, 0.0400, 0.1200, 0.0700, 0.0400]                                                                 | 14.6091  | 0.8800  | 0.8606 
17    | 16          | [93, 94, 95, 96, 97, 98, 99, 100, 101, 102, 103, 104, 105, 106, 107, 110]                 | [0.0100, 0.0200, 0.0300, 0.1100, 0.0500, 0.0700, 0.1200, 0.1100, 0.1200, 0.0200, 0.1200, 0.0400, 0.0500, 0.0400, 0.0700, 0.0200]                         | 14.1611  | 0.9000  | 0.9216 
18    | 14          | [93, 94, 95, 96, 97, 98, 99, 100, 101, 103, 104, 105, 106, 108]                           | [0.0300, 0.0800, 0.1800, 0.1200, 0.0700, 0.0200, 0.1100, 0.0300, 0.0100, 0.0300, 0.1800, 0.0500, 0.0800, 0.0100]                                         | 18.8800  | 0.9000  | 0.8941 
19    | 12          | [96, 97, 98, 99, 100, 101, 102, 103, 104, 105, 106, 107]                                  | [0.0500, 0.1300, 0.1300, 0.0800, 0.2800, 0.0900, 0.0600, 0.0700, 0.0100, 0.0200, 0.0200, 0.0600]                                                         | 7.8211   | 0.8800  | 0.8665 
20    | 13          | [92, 93, 94, 95, 96, 97, 98, 99, 100, 101, 104, 105, 106]                                 | [0.0400, 0.0800, 0.0200, 0.0300, 0.0100, 0.1100, 0.1300, 0.1800, 0.2700, 0.0700, 0.0200, 0.0300, 0.0100]                                                 | 8.7400   | 0.9600  | 0.8586 
21    | 10          | [93, 95, 98, 99, 100, 101, 102, 103, 104, 105]                                            | [0.0200, 0.0200, 0.0300, 0.0700, 0.1300, 0.0300, 0.1100, 0.2800, 0.2500, 0.0600]                                                                         | 6.0796   | 0.7800  | 0.8273 

[Per-locus summary - Population 2]
Locus | Num_Alleles | Alleles                                                                        | Frequencies                                                                                                                              | Variance | Obs_Het | Exp_Het
------+-------------+--------------------------------------------------------------------------------+------------------------------------------------------------------------------------------------------------------------------------------+----------+---------+--------
1     | 13          | [89, 90, 91, 92, 93, 97, 98, 99, 100, 101, 102, 103, 104]                      | [0.0100, 0.1100, 0.1200, 0.1800, 0.0700, 0.0100, 0.0600, 0.1600, 0.1400, 0.0300, 0.0500, 0.0500, 0.0100]                                 | 20.4859  | 0.8600  | 0.8901 
2     | 12          | [94, 95, 96, 97, 98, 99, 101, 102, 103, 104, 105, 106]                         | [0.0100, 0.0300, 0.1200, 0.1000, 0.1700, 0.1200, 0.0100, 0.0700, 0.1900, 0.0400, 0.1300, 0.0100]                                         | 10.9604  | 0.8600  | 0.8804 
3     | 9           | [96, 97, 98, 99, 100, 101, 102, 103, 104]                                      | [0.0400, 0.0200, 0.0900, 0.3000, 0.0900, 0.1300, 0.1500, 0.0700, 0.1100]                                                                 | 4.4556   | 0.8000  | 0.8438 
4     | 16          | [91, 92, 93, 95, 96, 97, 98, 99, 100, 101, 102, 103, 104, 105, 106, 107]       | [0.0200, 0.0100, 0.0300, 0.0800, 0.1100, 0.1900, 0.0500, 0.0300, 0.0600, 0.0400, 0.0400, 0.1300, 0.0800, 0.0300, 0.0900, 0.0100]         | 16.3836  | 0.8600  | 0.9105 
5     | 11          | [95, 96, 97, 100, 101, 102, 103, 104, 105, 106, 107]                           | [0.0100, 0.0100, 0.0300, 0.0300, 0.0900, 0.0800, 0.1100, 0.1800, 0.2900, 0.0900, 0.0800]                                                 | 5.9011   | 0.8400  | 0.8489 
6     | 15          | [94, 95, 96, 97, 98, 99, 100, 101, 104, 105, 106, 107, 108, 109, 110]          | [0.0100, 0.0400, 0.0200, 0.0300, 0.0800, 0.1400, 0.1000, 0.1200, 0.0700, 0.0600, 0.0900, 0.1300, 0.0800, 0.0200, 0.0100]                 | 17.0244  | 0.9400  | 0.9153 
7     | 12          | [92, 93, 94, 95, 98, 99, 100, 101, 102, 103, 104, 105]                         | [0.0700, 0.2000, 0.0400, 0.0800, 0.0400, 0.0800, 0.0300, 0.0200, 0.1600, 0.1800, 0.0700, 0.0300]                                         | 20.0075  | 0.9000  | 0.8828 
8     | 13          | [92, 93, 97, 98, 99, 101, 102, 103, 104, 105, 106, 107, 108]                   | [0.0100, 0.0700, 0.1300, 0.2100, 0.0600, 0.0400, 0.0400, 0.1000, 0.0600, 0.1500, 0.0100, 0.0900, 0.0300]                                 | 17.8300  | 0.9600  | 0.8909 
9     | 12          | [88, 89, 90, 93, 94, 95, 96, 97, 98, 99, 100, 101]                             | [0.0100, 0.0100, 0.0100, 0.0300, 0.1500, 0.1800, 0.0900, 0.1500, 0.1700, 0.0900, 0.0900, 0.0200]                                         | 5.9264   | 0.8400  | 0.8766 
10    | 10          | [94, 95, 96, 97, 98, 99, 100, 101, 102, 105]                                   | [0.0600, 0.0600, 0.1900, 0.1300, 0.3800, 0.0600, 0.0400, 0.0600, 0.0100, 0.0100]                                                         | 3.5500   | 0.8000  | 0.7943 
11    | 10          | [97, 98, 99, 100, 101, 102, 104, 105, 106, 107]                                | [0.0600, 0.2100, 0.1100, 0.0700, 0.1900, 0.0500, 0.1000, 0.0100, 0.1000, 0.1000]                                                         | 10.4611  | 0.8800  | 0.8753 
12    | 11          | [94, 95, 96, 97, 98, 99, 100, 101, 102, 103, 104]                              | [0.0100, 0.0100, 0.0700, 0.0600, 0.2500, 0.3000, 0.1600, 0.0700, 0.0400, 0.0100, 0.0200]                                                 | 2.9779   | 0.7800  | 0.8143 
13    | 13          | [95, 96, 97, 98, 99, 100, 101, 102, 103, 104, 105, 106, 109]                   | [0.0500, 0.0600, 0.0600, 0.0800, 0.0900, 0.0500, 0.1400, 0.2000, 0.1600, 0.0300, 0.0500, 0.0200, 0.0100]                                 | 8.3376   | 0.8800  | 0.8931 
14    | 13          | [92, 93, 94, 95, 96, 97, 98, 99, 100, 101, 102, 103, 104]                      | [0.0500, 0.0300, 0.0300, 0.0100, 0.1700, 0.0800, 0.0600, 0.0900, 0.1600, 0.0900, 0.1700, 0.0400, 0.0200]                                 | 9.4244   | 0.8600  | 0.8929 
15    | 16          | [93, 94, 95, 97, 98, 99, 100, 101, 102, 103, 105, 106, 108, 109, 110, 111]     | [0.0700, 0.0100, 0.0100, 0.0100, 0.1000, 0.2100, 0.1200, 0.0800, 0.0200, 0.0800, 0.0600, 0.0100, 0.0300, 0.1100, 0.0400, 0.0400]         | 24.0875  | 0.9000  | 0.9022 
16    | 14          | [93, 94, 95, 96, 97, 98, 99, 100, 101, 102, 103, 104, 105, 106]                | [0.0200, 0.0500, 0.1700, 0.0300, 0.0200, 0.0100, 0.0100, 0.0400, 0.1000, 0.2800, 0.0400, 0.1100, 0.1000, 0.0200]                         | 14.1844  | 0.8400  | 0.8612 
17    | 17          | [92, 94, 95, 96, 97, 98, 99, 100, 101, 102, 103, 104, 105, 106, 107, 109, 110] | [0.0200, 0.0300, 0.0100, 0.1100, 0.0200, 0.0600, 0.0700, 0.0800, 0.0700, 0.1000, 0.1500, 0.0500, 0.1000, 0.0600, 0.0300, 0.0200, 0.0200] | 15.5659  | 0.9000  | 0.9253 
18    | 14          | [92, 93, 94, 95, 96, 97, 98, 99, 100, 101, 103, 104, 105, 106]                 | [0.0100, 0.0600, 0.0700, 0.0900, 0.0600, 0.1100, 0.0500, 0.2200, 0.0300, 0.0100, 0.0400, 0.1600, 0.0600, 0.0300]                         | 15.2099  | 0.9800  | 0.8929 
19    | 10          | [96, 97, 98, 99, 100, 101, 102, 103, 105, 107]                                 | [0.0500, 0.1100, 0.1300, 0.1300, 0.2900, 0.0600, 0.0800, 0.0700, 0.0400, 0.0400]                                                         | 6.4099   | 0.9200  | 0.8580 
20    | 15          | [91, 92, 93, 94, 95, 96, 97, 98, 99, 100, 101, 103, 104, 105, 106]             | [0.0500, 0.0500, 0.0700, 0.0200, 0.0100, 0.0100, 0.0400, 0.1500, 0.1400, 0.3000, 0.0900, 0.0300, 0.0200, 0.0100, 0.0100]                 | 11.1724  | 0.8400  | 0.8548 
21    | 11          | [93, 95, 96, 98, 99, 100, 101, 102, 103, 104, 105]                             | [0.0100, 0.0100, 0.0200, 0.0200, 0.0700, 0.2300, 0.0400, 0.1200, 0.2200, 0.1900, 0.0700]                                                 | 5.4724   | 0.8200  | 0.8442 
