
[Simulation Info]
simulation_id = sim_0008861
timestamp     = 20250428_110334
seed          = 189919
output_folder = /home/lejeunet/Bureau/simulations/Ref_table/sim_0008861

[Model Parameters]
pop_size           = 8607
num_loci           = 20
sample1_generation = 30
sample2_generation = 10
low_repeats        = 1
high_repeats       = 200
mutation_rate      = 0.001
recap_Ne           = 8607

[Sampling Design]
sample1_size_Ne  = 50
sample2_size_Ne  = 50
sample1_size_CMR = 50
sample2_size_CMR = 50

[Capture-Marquage-Recapture]
census_N   =  0
MatchCount =  0
# There were no match between sampling of individuals during CMR.

[Ne Estimates - One Sample - Decreasing critical values [0.050, 0.020, 0.010, 0+]]

[Linkage Desequilibrium]
LD_Ne_Pop1 = [401.1, 1246.2, 1117.2, 1117.2]
LD_r2_Pop1 = [0.022103, 0.021543, 0.021574, 0.021574]
LD_Ne_Pop2 = [1412.7, None, 27472.4, 27472.4]
LD_r2_Pop2 = [0.021512, 0.021254, 0.021288, 0.021288]

[Heterozygote excess]
HE_Neb_mean_Pop1        = [137.7, 162.9, 277.3, 277.3]
HE_weighted_D_mean_Pop1 = [0.00364, 0.00308, 0.00181, 0.00181]
HE_Neb_mean_Pop2        = [24.7, 30.0, 32.3, 32.3]
HE_weighted_D_mean_Pop2 = [0.02065, 0.01692, 0.01573, 0.01573]

[Molecular Coancestry]
Coan_Neb_n_Pop1 = 259.4
Coan_f1_Pop1    = 0.00193
Coan_Neb_n_Pop2 = 105.3
Coan_f1_Pop2    = 0.00475

[Ne Estimates - Temporal - Decreasing critical values (0.050, 0.020, 0.010, 0+)]

[Pollak]
P_Ne     = [-7401.3, -8311.9, -4687.5, -4651.2]
P_Fk     = [0.01932, 0.0194, 0.01893, 0.01893]
P_Fprime = [-0.00068, -0.0006, -0.00107, -0.00107]

[Nei/Tajima]
N_Ne     = [-5037.5, -5972.4, -3953.3, -3948.3]
N_Fc     = [0.01901, 0.01916, 0.01874, 0.01873]
N_Fprime = [-0.00099, -0.00084, -0.00126, -0.00127]

[Jorde/Ryman]
J_Ne     = [-5038.8, -53841.4, -14509.1, -14003.5]
J_Fs     = [0.01911, 0.02001, 0.01976, 0.01974]
J_Fprime = [-0.00099, -9e-05, -0.00034, -0.00036]

[Genetic Diversity - Heterozygosity]
mean_exp_het_pop1 = 0.8654
mean_obs_het_pop1 = 0.8657
mean_exp_het_pop2 = 0.8635
mean_obs_het_pop2 = 0.8829

[Genetic Diversity - Allele Counts]
mean_alleles_pop1 = 12.48
var_alleles_pop1  = 6.66
sum_alleles_pop1  = 262
mean_alleles_pop2 = 12.55
var_alleles_pop2  = 8.79
sum_alleles_pop2  = 527

[Genetic Diversity - Allelic Size Variance]
var_allele_size_pop1 = 19.9646
var_allele_size_pop2 = 19.6673

[Per-locus summary - Population 1]
Locus | Num_Alleles | Alleles                                                                         | Frequencies                                                                                                                              | Variance | Obs_Het | Exp_Het
------+-------------+---------------------------------------------------------------------------------+------------------------------------------------------------------------------------------------------------------------------------------+----------+---------+--------
1     | 12          | [100, 101, 102, 103, 104, 105, 106, 107, 108, 109, 110, 111]                    | [0.0100, 0.0200, 0.0400, 0.0300, 0.1800, 0.0600, 0.1300, 0.0600, 0.0900, 0.2400, 0.1300, 0.0100]                                         | 6.9700   | 0.8800  | 0.8665 
2     | 13          | [86, 87, 88, 89, 90, 91, 92, 93, 94, 95, 96, 97, 98]                            | [0.0300, 0.1100, 0.1000, 0.0800, 0.0100, 0.0400, 0.0800, 0.0300, 0.0800, 0.2300, 0.1400, 0.0600, 0.0100]                                 | 12.6131  | 0.8600  | 0.8879 
3     | 15          | [96, 97, 98, 99, 100, 101, 107, 108, 109, 110, 111, 112, 114, 115, 116]         | [0.0600, 0.0800, 0.0300, 0.0700, 0.0400, 0.0400, 0.0300, 0.0200, 0.1400, 0.1800, 0.1700, 0.0700, 0.0400, 0.0200, 0.0100]                 | 36.1219  | 0.8600  | 0.9008 
4     | 11          | [85, 86, 87, 88, 89, 90, 91, 92, 93, 94, 95]                                    | [0.0400, 0.0700, 0.0500, 0.0800, 0.0200, 0.1200, 0.2100, 0.1800, 0.0600, 0.0900, 0.0800]                                                 | 7.3300   | 0.9200  | 0.8840 
5     | 13          | [86, 87, 88, 89, 90, 91, 92, 93, 94, 95, 96, 97, 98]                            | [0.0100, 0.0300, 0.0400, 0.1100, 0.2500, 0.1200, 0.0500, 0.0300, 0.0200, 0.0400, 0.0700, 0.1800, 0.0500]                                 | 11.6275  | 0.8800  | 0.8719 
6     | 14          | [88, 89, 90, 91, 92, 93, 94, 95, 96, 97, 98, 99, 100, 101]                      | [0.0100, 0.1000, 0.0300, 0.0200, 0.0600, 0.1100, 0.0900, 0.1400, 0.0600, 0.0200, 0.2100, 0.0800, 0.0300, 0.0400]                         | 11.7275  | 0.9600  | 0.8972 
7     | 8           | [89, 90, 91, 92, 93, 94, 95, 96]                                                | [0.0200, 0.0200, 0.2100, 0.2600, 0.3300, 0.1200, 0.0300, 0.0100]                                                                         | 1.5579   | 0.7600  | 0.7709 
8     | 14          | [86, 87, 88, 89, 90, 91, 92, 94, 95, 96, 97, 98, 99, 102]                       | [0.0100, 0.0300, 0.1700, 0.1900, 0.1600, 0.1200, 0.0700, 0.0100, 0.0600, 0.0500, 0.1000, 0.0100, 0.0100, 0.0100]                         | 11.4371  | 0.8200  | 0.8814 
9     | 9           | [93, 94, 95, 96, 97, 98, 99, 100, 101]                                          | [0.0500, 0.0600, 0.1300, 0.1800, 0.3800, 0.0200, 0.1400, 0.0300, 0.0100]                                                                 | 2.8979   | 0.7600  | 0.7871 
10    | 9           | [95, 98, 99, 100, 101, 102, 103, 104, 105]                                      | [0.0300, 0.0400, 0.1400, 0.0400, 0.0800, 0.1900, 0.2500, 0.1700, 0.0600]                                                                 | 5.0476   | 0.9400  | 0.8473 
11    | 11          | [93, 94, 95, 96, 97, 98, 99, 101, 102, 103, 104]                                | [0.0200, 0.1600, 0.1200, 0.1500, 0.0500, 0.1000, 0.0200, 0.1300, 0.0500, 0.1500, 0.0500]                                                 | 12.2859  | 0.8800  | 0.8887 
12    | 10          | [93, 95, 96, 97, 98, 99, 100, 101, 102, 103]                                    | [0.0100, 0.1200, 0.0900, 0.1700, 0.2000, 0.1800, 0.1000, 0.0800, 0.0400, 0.0100]                                                         | 4.0451   | 0.8600  | 0.8667 
13    | 13          | [96, 97, 98, 99, 100, 101, 102, 103, 104, 105, 106, 107, 108]                   | [0.0100, 0.0700, 0.0600, 0.1300, 0.2400, 0.0700, 0.0700, 0.0400, 0.1100, 0.0600, 0.0600, 0.0700, 0.0100]                                 | 9.1100   | 0.8800  | 0.8901 
14    | 17          | [86, 87, 88, 89, 90, 91, 92, 93, 94, 95, 107, 112, 113, 114, 115, 116, 117]     | [0.0200, 0.0500, 0.0300, 0.0900, 0.2100, 0.0700, 0.0200, 0.1100, 0.0500, 0.0100, 0.0100, 0.0500, 0.0300, 0.0600, 0.0900, 0.0600, 0.0400] | 132.7000 | 0.9400  | 0.9127 
15    | 13          | [99, 100, 101, 107, 108, 109, 110, 111, 112, 113, 114, 115, 116]                | [0.0500, 0.1700, 0.0600, 0.0100, 0.0100, 0.0200, 0.0500, 0.2200, 0.2400, 0.1400, 0.0100, 0.0100, 0.0100]                                 | 28.7419  | 0.7800  | 0.8444 
16    | 9           | [103, 104, 105, 106, 107, 108, 109, 110, 111]                                   | [0.0300, 0.0400, 0.2100, 0.0500, 0.1000, 0.2000, 0.2400, 0.1100, 0.0200]                                                                 | 4.0556   | 0.8400  | 0.8392 
17    | 12          | [96, 97, 98, 99, 101, 102, 103, 104, 105, 106, 107, 108]                        | [0.0100, 0.1400, 0.1300, 0.0700, 0.0200, 0.0400, 0.0700, 0.0800, 0.2000, 0.1900, 0.0300, 0.0200]                                         | 13.1675  | 0.9000  | 0.8766 
18    | 12          | [92, 93, 94, 95, 96, 97, 98, 99, 100, 102, 103, 104]                            | [0.0200, 0.0200, 0.1200, 0.1500, 0.3800, 0.1200, 0.0700, 0.0200, 0.0200, 0.0200, 0.0500, 0.0100]                                         | 5.6636   | 0.7400  | 0.8028 
19    | 15          | [96, 98, 99, 100, 101, 102, 103, 105, 106, 107, 108, 109, 110, 111, 112]        | [0.0100, 0.0300, 0.0400, 0.0800, 0.0600, 0.0100, 0.1100, 0.0100, 0.0100, 0.0900, 0.0600, 0.1100, 0.1500, 0.2100, 0.0200]                 | 19.8291  | 0.9400  | 0.8931 
20    | 17          | [94, 95, 96, 97, 98, 99, 100, 101, 102, 103, 104, 113, 114, 115, 116, 117, 118] | [0.0200, 0.0600, 0.0100, 0.0100, 0.0100, 0.0100, 0.1100, 0.2900, 0.0600, 0.0500, 0.0100, 0.0100, 0.0500, 0.0700, 0.1900, 0.0200, 0.0200] | 59.3100  | 0.8600  | 0.8574 
21    | 15          | [85, 86, 87, 88, 89, 90, 91, 92, 96, 97, 98, 99, 100, 102, 103]                 | [0.0300, 0.0400, 0.0900, 0.0700, 0.1300, 0.1800, 0.1100, 0.0200, 0.0300, 0.0400, 0.1000, 0.1000, 0.0400, 0.0100, 0.0100]                 | 23.0179  | 0.9200  | 0.9075 

[Per-locus summary - Population 2]
Locus | Num_Alleles | Alleles                                                                              | Frequencies                                                                                                                                              | Variance | Obs_Het | Exp_Het
------+-------------+--------------------------------------------------------------------------------------+----------------------------------------------------------------------------------------------------------------------------------------------------------+----------+---------+--------
1     | 9           | [101, 102, 104, 105, 106, 107, 108, 109, 110]                                        | [0.0100, 0.0900, 0.2400, 0.0900, 0.1300, 0.1300, 0.1300, 0.1200, 0.0600]                                                                                 | 5.4299   | 0.9200  | 0.8661 
2     | 12          | [86, 87, 88, 89, 90, 91, 92, 93, 94, 95, 96, 97]                                     | [0.0800, 0.1400, 0.0900, 0.0400, 0.0100, 0.0300, 0.0500, 0.0200, 0.1100, 0.2500, 0.1200, 0.0600]                                                         | 14.3764  | 0.8400  | 0.8766 
3     | 16          | [96, 97, 98, 100, 101, 104, 107, 108, 109, 110, 111, 112, 113, 114, 115, 116]        | [0.0200, 0.1500, 0.0300, 0.0100, 0.0300, 0.0100, 0.0300, 0.0400, 0.1200, 0.1600, 0.1600, 0.0900, 0.0200, 0.0200, 0.0300, 0.0800]                         | 37.7400  | 0.9800  | 0.8998 
4     | 12          | [85, 86, 87, 88, 89, 90, 91, 92, 93, 94, 95, 96]                                     | [0.0400, 0.0600, 0.0600, 0.0300, 0.0400, 0.1000, 0.1800, 0.1800, 0.0600, 0.1100, 0.1300, 0.0100]                                                         | 8.1475   | 0.9000  | 0.8901 
5     | 12          | [87, 88, 89, 90, 91, 92, 93, 94, 95, 96, 97, 98]                                     | [0.0700, 0.0700, 0.0800, 0.2100, 0.1300, 0.0800, 0.0200, 0.0200, 0.0500, 0.0900, 0.1400, 0.0400]                                                         | 11.4819  | 1.0000  | 0.8927 
6     | 14          | [88, 89, 90, 91, 92, 93, 94, 95, 96, 97, 98, 99, 100, 101]                           | [0.0100, 0.2000, 0.0500, 0.0200, 0.0800, 0.1200, 0.1400, 0.0400, 0.0800, 0.0700, 0.1100, 0.0400, 0.0100, 0.0300]                                         | 12.2816  | 0.9000  | 0.8980 
7     | 7           | [89, 90, 91, 92, 93, 94, 95]                                                         | [0.0400, 0.0100, 0.2100, 0.3900, 0.2300, 0.1000, 0.0200]                                                                                                 | 1.4004   | 0.7400  | 0.7463 
8     | 12          | [87, 88, 89, 90, 91, 92, 94, 95, 96, 97, 98, 101]                                    | [0.0400, 0.1600, 0.1500, 0.1400, 0.0800, 0.0400, 0.0100, 0.1700, 0.0800, 0.0900, 0.0300, 0.0100]                                                         | 12.5336  | 0.9000  | 0.8871 
9     | 9           | [93, 94, 95, 96, 97, 98, 99, 100, 101]                                               | [0.0400, 0.0700, 0.1100, 0.2300, 0.3000, 0.0300, 0.1600, 0.0400, 0.0200]                                                                                 | 3.2171   | 0.7400  | 0.8182 
10    | 9           | [98, 99, 100, 101, 102, 103, 104, 105, 106]                                          | [0.0200, 0.1900, 0.0500, 0.0900, 0.2500, 0.2500, 0.0500, 0.0900, 0.0100]                                                                                 | 3.7076   | 0.8400  | 0.8255 
11    | 12          | [93, 94, 95, 96, 97, 98, 99, 100, 101, 102, 103, 104]                                | [0.0300, 0.1300, 0.1600, 0.1100, 0.0500, 0.0700, 0.0400, 0.0200, 0.0900, 0.0800, 0.1300, 0.0900]                                                         | 13.2664  | 0.9200  | 0.9046 
12    | 10          | [93, 95, 96, 97, 98, 99, 100, 101, 102, 103]                                         | [0.0100, 0.0400, 0.0600, 0.2200, 0.1200, 0.1700, 0.1900, 0.1300, 0.0500, 0.0100]                                                                         | 3.7576   | 0.9000  | 0.8560 
13    | 13          | [96, 97, 98, 99, 100, 101, 102, 103, 104, 105, 106, 107, 109]                        | [0.0100, 0.1200, 0.1000, 0.0500, 0.2900, 0.0500, 0.0800, 0.0600, 0.0900, 0.0700, 0.0500, 0.0200, 0.0100]                                                 | 8.4196   | 0.9200  | 0.8691 
14    | 19          | [85, 86, 87, 88, 89, 90, 91, 92, 93, 94, 95, 107, 108, 112, 113, 114, 115, 116, 117] | [0.0100, 0.0500, 0.0500, 0.0500, 0.0900, 0.2000, 0.1000, 0.0200, 0.0500, 0.0400, 0.0100, 0.0300, 0.0200, 0.0300, 0.0500, 0.0500, 0.0900, 0.0500, 0.0100] | 127.6579 | 0.9200  | 0.9210 
15    | 14          | [99, 100, 101, 103, 104, 106, 107, 109, 110, 111, 112, 113, 114, 115]                | [0.0700, 0.1700, 0.0400, 0.0200, 0.0100, 0.0100, 0.0100, 0.0200, 0.0800, 0.2000, 0.2200, 0.1000, 0.0400, 0.0100]                                         | 29.3091  | 0.8800  | 0.8657 
16    | 9           | [102, 104, 105, 106, 107, 108, 109, 110, 111]                                        | [0.0100, 0.1600, 0.2100, 0.0300, 0.0200, 0.1600, 0.2100, 0.1500, 0.0500]                                                                                 | 5.6475   | 0.8800  | 0.8426 
17    | 10          | [97, 98, 99, 101, 102, 103, 104, 105, 106, 107]                                      | [0.1200, 0.1600, 0.0500, 0.0300, 0.0500, 0.1100, 0.0600, 0.3100, 0.0900, 0.0200]                                                                         | 11.0800  | 0.8600  | 0.8422 
18    | 9           | [94, 95, 96, 97, 98, 99, 100, 102, 103]                                              | [0.0700, 0.1600, 0.4100, 0.1500, 0.1000, 0.0300, 0.0300, 0.0100, 0.0400]                                                                                 | 3.7000   | 0.8400  | 0.7731 
19    | 12          | [98, 99, 100, 101, 103, 104, 107, 108, 109, 110, 111, 112]                           | [0.0300, 0.0600, 0.1000, 0.0500, 0.0700, 0.0100, 0.0600, 0.0500, 0.1800, 0.1800, 0.1600, 0.0500]                                                         | 20.3316  | 0.8400  | 0.8879 
20    | 15          | [94, 95, 98, 99, 100, 101, 102, 103, 104, 113, 114, 115, 116, 117, 118]              | [0.0200, 0.0400, 0.0100, 0.0200, 0.0700, 0.3000, 0.1200, 0.0100, 0.0300, 0.0700, 0.0500, 0.0400, 0.1600, 0.0200, 0.0400]                                 | 55.5144  | 0.8800  | 0.8592 
21    | 15          | [85, 86, 87, 88, 89, 90, 91, 92, 96, 97, 98, 99, 100, 101, 102]                      | [0.0400, 0.0300, 0.0800, 0.0600, 0.1300, 0.1700, 0.1300, 0.0400, 0.0200, 0.0300, 0.0700, 0.0900, 0.0700, 0.0200, 0.0200]                                 | 24.0124  | 0.9400  | 0.9123 
