
[Simulation Info]
simulation_id = sim_0001941
timestamp     = 20250428_081228
seed          = 305403
output_folder = /home/lejeunet/Bureau/simulations/Ref_table/sim_0001941

[Model Parameters]
pop_size           = 1654
num_loci           = 20
sample1_generation = 30
sample2_generation = 10
low_repeats        = 1
high_repeats       = 200
mutation_rate      = 0.001
recap_Ne           = 1654

[Sampling Design]
sample1_size_Ne  = 50
sample2_size_Ne  = 50
sample1_size_CMR = 50
sample2_size_CMR = 50

[Capture-Marquage-Recapture]
census_N   =  0
MatchCount =  0
# There were no match between sampling of individuals during CMR.

[Ne Estimates - One Sample - Decreasing critical values [0.050, 0.020, 0.010, 0+]]

[Linkage Desequilibrium]
LD_Ne_Pop1 = [722.1, 641.9, 434.7, 434.7]
LD_r2_Pop1 = [0.021736, 0.021794, 0.022039, 0.022039]
LD_Ne_Pop2 = [305.9, 509.8, 469.8, 469.8]
LD_r2_Pop2 = [0.022358, 0.021927, 0.021982, 0.021982]

[Heterozygote excess]
HE_Neb_mean_Pop1        = [None, None, None, None]
HE_weighted_D_mean_Pop1 = [-0.01778, -0.01551, -0.01557, -0.01557]
HE_Neb_mean_Pop2        = [55.2, 327.9, 408.4, 408.4]
HE_weighted_D_mean_Pop2 = [0.00914, 0.00153, 0.00123, 0.00123]

[Molecular Coancestry]
Coan_Neb_n_Pop1 = 1057.6
Coan_f1_Pop1    = 0.00047
Coan_Neb_n_Pop2 = None
Coan_f1_Pop2    = -0.02801

[Ne Estimates - Temporal - Decreasing critical values (0.050, 0.020, 0.010, 0+)]

[Pollak]
P_Ne     = [567.1, 605.3, 693.6, 693.6]
P_Fk     = [0.02882, 0.02826, 0.02721, 0.02721]
P_Fprime = [0.00882, 0.00826, 0.00721, 0.00721]

[Nei/Tajima]
N_Ne     = [628.1, 668.5, 756.1, 756.1]
N_Fc     = [0.02796, 0.02748, 0.02661, 0.02661]
N_Fprime = [0.00796, 0.00748, 0.00661, 0.00661]

[Jorde/Ryman]
J_Ne     = [720.8, 767.9, 775.8, 775.8]
J_Fs     = [0.02705, 0.02662, 0.02656, 0.02656]
J_Fprime = [0.00694, 0.00651, 0.00645, 0.00645]

[Genetic Diversity - Heterozygosity]
mean_exp_het_pop1 = 0.7445
mean_obs_het_pop1 = 0.7229
mean_exp_het_pop2 = 0.7366
mean_obs_het_pop2 = 0.7381

[Genetic Diversity - Allele Counts]
mean_alleles_pop1 = 6.52
var_alleles_pop1  = 1.86
sum_alleles_pop1  = 137
mean_alleles_pop2 = 6.86
var_alleles_pop2  = 1.69
sum_alleles_pop2  = 288

[Genetic Diversity - Allelic Size Variance]
var_allele_size_pop1 = 2.3667
var_allele_size_pop2 = 2.087

[Per-locus summary - Population 1]
Locus | Num_Alleles | Alleles                                    | Frequencies                                                              | Variance | Obs_Het | Exp_Het
------+-------------+--------------------------------------------+--------------------------------------------------------------------------+----------+---------+--------
1     | 6           | [97, 98, 99, 100, 101, 102]                | [0.0200, 0.0500, 0.1700, 0.5000, 0.2100, 0.0500]                         | 0.9596   | 0.6800  | 0.6784 
2     | 5           | [97, 98, 99, 101, 102]                     | [0.2500, 0.2300, 0.4100, 0.0400, 0.0700]                                 | 1.8264   | 0.7800  | 0.7172 
3     | 6           | [97, 98, 99, 100, 101, 102]                | [0.0600, 0.1000, 0.3000, 0.4200, 0.0900, 0.0300]                         | 1.1691   | 0.7200  | 0.7182 
4     | 8           | [98, 99, 100, 101, 102, 103, 104, 105]     | [0.0600, 0.1400, 0.0400, 0.3200, 0.1700, 0.2100, 0.0300, 0.0300]         | 2.8100   | 0.8400  | 0.8061 
5     | 7           | [97, 98, 99, 100, 101, 102, 103]           | [0.1300, 0.0900, 0.1100, 0.3100, 0.1400, 0.2100, 0.0100]                 | 2.7019   | 0.7600  | 0.8111 
6     | 9           | [97, 98, 99, 100, 101, 102, 103, 104, 105] | [0.0900, 0.1500, 0.0800, 0.1600, 0.1500, 0.1500, 0.0700, 0.1300, 0.0200] | 5.0531   | 0.8800  | 0.8790 
7     | 7           | [97, 98, 99, 100, 101, 102, 103]           | [0.1300, 0.0500, 0.0200, 0.3900, 0.3600, 0.0400, 0.0100]                 | 1.9984   | 0.6600  | 0.7038 
8     | 7           | [97, 98, 100, 101, 102, 103, 104]          | [0.0600, 0.1000, 0.2700, 0.2100, 0.2000, 0.0100, 0.1500]                 | 3.7004   | 0.8000  | 0.8149 
9     | 7           | [95, 96, 97, 98, 99, 100, 101]             | [0.0900, 0.1300, 0.4800, 0.1800, 0.0800, 0.0100, 0.0300]                 | 1.5276   | 0.6800  | 0.7119 
10    | 7           | [97, 98, 99, 100, 101, 102, 103]           | [0.0200, 0.1200, 0.4400, 0.1200, 0.0900, 0.1200, 0.0900]                 | 2.4604   | 0.7200  | 0.7541 
11    | 6           | [97, 98, 99, 100, 102, 103]                | [0.0400, 0.4300, 0.0700, 0.0400, 0.3100, 0.1100]                         | 4.3700   | 0.7200  | 0.7059 
12    | 6           | [97, 98, 99, 100, 101, 102]                | [0.0300, 0.1900, 0.0800, 0.2600, 0.3300, 0.1100]                         | 1.8800   | 0.6200  | 0.7758 
13    | 3           | [99, 100, 101]                             | [0.1900, 0.4600, 0.3500]                                                 | 0.5144   | 0.6800  | 0.6362 
14    | 8           | [96, 97, 98, 99, 100, 101, 102, 103]       | [0.0100, 0.0800, 0.0100, 0.1800, 0.3600, 0.1200, 0.1900, 0.0500]         | 2.4011   | 0.7200  | 0.7863 
15    | 6           | [99, 100, 101, 102, 103, 104]              | [0.0100, 0.0800, 0.2600, 0.2400, 0.3700, 0.0400]                         | 1.2000   | 0.6600  | 0.7372 
16    | 6           | [97, 98, 99, 100, 101, 104]                | [0.0900, 0.1100, 0.4700, 0.2200, 0.0200, 0.0900]                         | 2.8436   | 0.6800  | 0.7091 
17    | 6           | [95, 96, 97, 98, 99, 100]                  | [0.0100, 0.1000, 0.3000, 0.2900, 0.1800, 0.1200]                         | 1.4379   | 0.7200  | 0.7768 
18    | 6           | [97, 98, 99, 100, 101, 102]                | [0.0200, 0.2100, 0.2000, 0.4400, 0.1200, 0.0100]                         | 1.0884   | 0.7400  | 0.7146 
19    | 7           | [96, 97, 98, 99, 100, 101, 102]            | [0.0100, 0.0900, 0.0200, 0.2300, 0.3100, 0.2400, 0.1000]                 | 1.9004   | 0.7000  | 0.7826 
20    | 9           | [96, 97, 98, 99, 100, 101, 102, 103, 104]  | [0.1200, 0.3600, 0.1900, 0.0100, 0.0400, 0.0500, 0.0600, 0.1100, 0.0600] | 6.7059   | 0.7400  | 0.8044 
21    | 5           | [96, 97, 98, 99, 101]                      | [0.1200, 0.1400, 0.5900, 0.1000, 0.0500]                                 | 1.1531   | 0.6800  | 0.6115 

[Per-locus summary - Population 2]
Locus | Num_Alleles | Alleles                                       | Frequencies                                                                      | Variance | Obs_Het | Exp_Het
------+-------------+-----------------------------------------------+----------------------------------------------------------------------------------+----------+---------+--------
1     | 6           | [98, 99, 100, 101, 102, 103]                  | [0.1000, 0.2100, 0.3900, 0.1900, 0.1000, 0.0100]                                 | 1.2899   | 0.8000  | 0.7551 
2     | 6           | [97, 98, 99, 100, 101, 102]                   | [0.2100, 0.2400, 0.4400, 0.0100, 0.0600, 0.0400]                                 | 1.5219   | 0.6400  | 0.7065 
3     | 6           | [97, 98, 99, 100, 101, 102]                   | [0.1000, 0.0300, 0.4000, 0.3500, 0.0600, 0.0600]                                 | 1.3836   | 0.6600  | 0.7065 
4     | 8           | [98, 99, 100, 101, 102, 103, 104, 105]        | [0.0200, 0.1100, 0.0500, 0.3100, 0.2500, 0.2400, 0.0100, 0.0100]                 | 1.9091   | 0.8400  | 0.7764 
5     | 7           | [97, 98, 99, 100, 101, 102, 103]              | [0.0800, 0.0600, 0.1900, 0.1900, 0.2100, 0.2200, 0.0500]                         | 2.6275   | 0.7600  | 0.8311 
6     | 9           | [97, 98, 99, 100, 101, 102, 103, 104, 105]    | [0.0200, 0.1100, 0.1000, 0.1700, 0.3100, 0.1100, 0.0200, 0.1500, 0.0100]         | 3.5604   | 0.8200  | 0.8257 
7     | 5           | [97, 98, 100, 101, 102]                       | [0.0600, 0.1200, 0.3300, 0.4600, 0.0300]                                         | 1.5900   | 0.7000  | 0.6673 
8     | 8           | [97, 98, 99, 100, 101, 102, 103, 104]         | [0.1300, 0.1400, 0.0700, 0.1800, 0.1900, 0.2400, 0.0100, 0.0400]                 | 3.6656   | 0.8400  | 0.8392 
9     | 7           | [95, 96, 97, 98, 99, 100, 101]                | [0.0500, 0.1100, 0.4800, 0.1300, 0.1400, 0.0500, 0.0400]                         | 1.8299   | 0.6800  | 0.7216 
10    | 7           | [97, 98, 99, 100, 101, 102, 103]              | [0.0500, 0.1600, 0.5000, 0.1200, 0.0800, 0.0700, 0.0200]                         | 1.6539   | 0.6800  | 0.7028 
11    | 8           | [97, 98, 99, 100, 101, 102, 103, 104]         | [0.0800, 0.4500, 0.0500, 0.0200, 0.0200, 0.2300, 0.1400, 0.0100]                 | 4.8675   | 0.7200  | 0.7224 
12    | 7           | [96, 97, 98, 99, 100, 101, 102]               | [0.0100, 0.0700, 0.3000, 0.1500, 0.1400, 0.2600, 0.0700]                         | 2.3200   | 0.7200  | 0.7984 
13    | 5           | [99, 100, 101, 102, 103]                      | [0.1300, 0.3600, 0.4800, 0.0200, 0.0100]                                         | 0.6036   | 0.6200  | 0.6289 
14    | 8           | [96, 97, 98, 99, 100, 101, 102, 103]          | [0.0100, 0.1000, 0.0200, 0.1700, 0.3800, 0.1200, 0.1400, 0.0600]                 | 2.5291   | 0.8200  | 0.7865 
15    | 5           | [100, 101, 102, 103, 104]                     | [0.0400, 0.2700, 0.3600, 0.3000, 0.0300]                                         | 0.8499   | 0.8600  | 0.7121 
16    | 6           | [97, 98, 99, 100, 101, 104]                   | [0.0400, 0.1100, 0.4900, 0.2000, 0.0800, 0.0800]                                 | 2.4651   | 0.7200  | 0.7004 
17    | 5           | [96, 97, 98, 99, 100]                         | [0.0200, 0.3000, 0.3200, 0.2400, 0.1200]                                         | 1.0804   | 0.6600  | 0.7426 
18    | 5           | [97, 98, 99, 100, 101]                        | [0.0300, 0.2600, 0.2600, 0.3000, 0.1500]                                         | 1.2016   | 0.8400  | 0.7590 
19    | 7           | [96, 97, 98, 99, 100, 101, 102]               | [0.0100, 0.1000, 0.0100, 0.3200, 0.3300, 0.1600, 0.0700]                         | 1.7156   | 0.7400  | 0.7556 
20    | 10          | [95, 96, 97, 98, 99, 100, 101, 102, 103, 104] | [0.0100, 0.0900, 0.3600, 0.3400, 0.0200, 0.0200, 0.0600, 0.0300, 0.0600, 0.0100] | 3.7675   | 0.7800  | 0.7450 
21    | 6           | [96, 97, 98, 99, 100, 101]                    | [0.1500, 0.1400, 0.6100, 0.0200, 0.0100, 0.0700]                                 | 1.3939   | 0.6000  | 0.5863 
