
[Simulation Info]
simulation_id = sim_0004025
timestamp     = 20250428_085859
seed          = 647873
output_folder = /home/lejeunet/Bureau/simulations/Ref_table/sim_0004025

[Model Parameters]
pop_size           = 5161
num_loci           = 20
sample1_generation = 30
sample2_generation = 10
low_repeats        = 1
high_repeats       = 200
mutation_rate      = 0.001
recap_Ne           = 5161

[Sampling Design]
sample1_size_Ne  = 50
sample2_size_Ne  = 50
sample1_size_CMR = 50
sample2_size_CMR = 50

[Capture-Marquage-Recapture]
census_N   =  0
MatchCount =  0
# There were no match between sampling of individuals during CMR.

[Ne Estimates - One Sample - Decreasing critical values [0.050, 0.020, 0.010, 0+]]

[Linkage Desequilibrium]
LD_Ne_Pop1 = [None, None, 3161.9, 3161.9]
LD_r2_Pop1 = [0.021119, 0.021242, 0.021381, 0.021381]
LD_Ne_Pop2 = [None, None, None, None]
LD_r2_Pop2 = [0.021107, 0.021008, 0.021043, 0.021043]

[Heterozygote excess]
HE_Neb_mean_Pop1        = [None, None, None, None]
HE_weighted_D_mean_Pop1 = [-0.02033, -0.01166, -0.01174, -0.01174]
HE_Neb_mean_Pop2        = [50.2, 55.3, 59.6, 59.6]
HE_weighted_D_mean_Pop2 = [0.01005, 0.00912, 0.00847, 0.00847]

[Molecular Coancestry]
Coan_Neb_n_Pop1 = None
Coan_f1_Pop1    = -0.00344
Coan_Neb_n_Pop2 = 27.2
Coan_f1_Pop2    = 0.01836

[Ne Estimates - Temporal - Decreasing critical values (0.050, 0.020, 0.010, 0+)]

[Pollak]
P_Ne     = [1510.2, 3821.0, 4087.6, 3800.1]
P_Fk     = [0.02331, 0.02131, 0.02122, 0.02132]
P_Fprime = [0.00331, 0.00131, 0.00122, 0.00132]

[Nei/Tajima]
N_Ne     = [1759.5, 4831.4, 5262.4, 4788.1]
N_Fc     = [0.02284, 0.02103, 0.02095, 0.02104]
N_Fprime = [0.00284, 0.00103, 0.00095, 0.00104]

[Jorde/Ryman]
J_Ne     = [1631.7, 2608.2, 3014.4, 2955.8]
J_Fs     = [0.02317, 0.02202, 0.02176, 0.02179]
J_Fprime = [0.00306, 0.00192, 0.00166, 0.00169]

[Genetic Diversity - Heterozygosity]
mean_exp_het_pop1 = 0.8415
mean_obs_het_pop1 = 0.8276
mean_exp_het_pop2 = 0.8496
mean_obs_het_pop2 = 0.8581

[Genetic Diversity - Allele Counts]
mean_alleles_pop1 = 10.81
var_alleles_pop1  = 3.46
sum_alleles_pop1  = 227
mean_alleles_pop2 = 11.5
var_alleles_pop2  = 5.38
sum_alleles_pop2  = 483

[Genetic Diversity - Allelic Size Variance]
var_allele_size_pop1 = 10.5298
var_allele_size_pop2 = 10.7454

[Per-locus summary - Population 1]
Locus | Num_Alleles | Alleles                                                                | Frequencies                                                                                                              | Variance | Obs_Het | Exp_Het
------+-------------+------------------------------------------------------------------------+--------------------------------------------------------------------------------------------------------------------------+----------+---------+--------
1     | 10          | [90, 91, 92, 93, 94, 95, 96, 97, 98, 99]                               | [0.0300, 0.0200, 0.2800, 0.1600, 0.1600, 0.0900, 0.1500, 0.0700, 0.0300, 0.0100]                                         | 3.9731   | 0.9000  | 0.8410 
2     | 12          | [95, 96, 97, 98, 99, 100, 101, 102, 103, 104, 105, 106]                | [0.0400, 0.0800, 0.0300, 0.0100, 0.0100, 0.1000, 0.1600, 0.0900, 0.1800, 0.0900, 0.0900, 0.1200]                         | 9.6171   | 0.8400  | 0.8931 
3     | 9           | [86, 87, 89, 90, 91, 102, 103, 104, 105]                               | [0.0800, 0.0200, 0.0300, 0.0100, 0.1600, 0.0200, 0.3000, 0.2300, 0.1500]                                                 | 46.4504  | 0.6600  | 0.8089 
4     | 13          | [89, 90, 91, 92, 93, 94, 95, 98, 99, 100, 101, 102, 103]               | [0.0100, 0.0400, 0.0100, 0.0300, 0.0200, 0.0400, 0.0300, 0.1700, 0.1700, 0.2400, 0.1000, 0.0200, 0.1200]                 | 11.3156  | 0.8800  | 0.8628 
5     | 13          | [95, 96, 97, 98, 99, 100, 101, 102, 104, 106, 107, 108, 109]           | [0.0400, 0.0800, 0.2300, 0.2800, 0.0600, 0.0200, 0.0500, 0.0400, 0.0200, 0.0500, 0.0300, 0.0300, 0.0700]                 | 16.8624  | 0.8400  | 0.8515 
6     | 13          | [94, 95, 96, 97, 98, 99, 100, 101, 102, 103, 104, 105, 106]            | [0.0200, 0.0700, 0.0600, 0.0600, 0.0400, 0.0500, 0.0300, 0.0400, 0.0900, 0.2000, 0.3000, 0.0300, 0.0100]                 | 10.8259  | 0.7800  | 0.8503 
7     | 11          | [97, 98, 99, 100, 101, 102, 103, 104, 105, 106, 107]                   | [0.0400, 0.0700, 0.1000, 0.1900, 0.0400, 0.0400, 0.0600, 0.1400, 0.2500, 0.0600, 0.0100]                                 | 7.8676   | 0.8800  | 0.8634 
8     | 10          | [97, 98, 100, 102, 104, 105, 106, 107, 108, 109]                       | [0.0100, 0.0800, 0.0700, 0.0200, 0.2900, 0.1000, 0.1500, 0.0700, 0.1800, 0.0300]                                         | 9.1579   | 0.8600  | 0.8418 
9     | 11          | [91, 92, 93, 94, 95, 96, 97, 98, 99, 100, 101]                         | [0.0100, 0.0300, 0.0100, 0.1000, 0.0700, 0.1700, 0.1600, 0.1000, 0.2300, 0.0700, 0.0500]                                 | 5.0579   | 0.8600  | 0.8679 
10    | 9           | [95, 96, 97, 98, 99, 100, 101, 102, 103]                               | [0.0800, 0.2700, 0.2700, 0.1300, 0.0100, 0.0600, 0.0500, 0.1000, 0.0300]                                                 | 5.0716   | 0.8600  | 0.8220 
11    | 15          | [94, 95, 97, 98, 99, 100, 101, 102, 103, 104, 105, 106, 107, 108, 109] | [0.0300, 0.0200, 0.0900, 0.1600, 0.0900, 0.1300, 0.0100, 0.0500, 0.0300, 0.0300, 0.1200, 0.0100, 0.0700, 0.1100, 0.0500] | 18.5744  | 0.9600  | 0.9107 
12    | 11          | [94, 95, 96, 97, 98, 99, 100, 101, 102, 104, 105]                      | [0.0100, 0.0700, 0.1500, 0.1000, 0.0100, 0.1200, 0.2000, 0.2200, 0.0900, 0.0100, 0.0200]                                 | 5.9819   | 0.7000  | 0.8596 
13    | 9           | [95, 96, 97, 98, 99, 100, 101, 102, 104]                               | [0.0100, 0.0900, 0.1100, 0.0700, 0.2100, 0.1200, 0.3100, 0.0700, 0.0100]                                                 | 3.5600   | 0.8200  | 0.8234 
14    | 11          | [95, 97, 98, 99, 100, 101, 102, 103, 107, 108, 109]                    | [0.0100, 0.0100, 0.1000, 0.1300, 0.3500, 0.1500, 0.0200, 0.0200, 0.0200, 0.0200, 0.1700]                                 | 14.5211  | 0.7400  | 0.8054 
15    | 9           | [98, 99, 100, 101, 102, 103, 104, 105, 106]                            | [0.0600, 0.1800, 0.4600, 0.1400, 0.0500, 0.0200, 0.0200, 0.0600, 0.0100]                                                 | 2.9264   | 0.7400  | 0.7331 
16    | 10          | [95, 96, 97, 98, 99, 100, 101, 102, 103, 104]                          | [0.0600, 0.1600, 0.1100, 0.2600, 0.0300, 0.2100, 0.0200, 0.0300, 0.0800, 0.0400]                                         | 5.8244   | 0.8600  | 0.8452 
17    | 7           | [96, 97, 98, 99, 100, 101, 102]                                        | [0.0200, 0.1900, 0.1900, 0.2100, 0.2800, 0.0100, 0.1000]                                                                 | 2.3491   | 0.8200  | 0.8028 
18    | 11          | [93, 94, 95, 96, 97, 98, 99, 100, 101, 102, 104]                       | [0.0100, 0.0600, 0.0700, 0.1000, 0.2100, 0.1300, 0.2300, 0.1300, 0.0100, 0.0100, 0.0400]                                 | 4.8779   | 0.8400  | 0.8574 
19    | 13          | [91, 92, 93, 94, 95, 96, 97, 98, 102, 103, 104, 106, 107]              | [0.0400, 0.0600, 0.1000, 0.1200, 0.0400, 0.1800, 0.0300, 0.0500, 0.0300, 0.0600, 0.1700, 0.1000, 0.0200]                 | 25.6859  | 0.8600  | 0.8982 
20    | 10          | [98, 99, 100, 101, 102, 103, 105, 106, 107, 108]                       | [0.0200, 0.1400, 0.3500, 0.0800, 0.1300, 0.1600, 0.0200, 0.0300, 0.0300, 0.0400]                                         | 5.7675   | 0.8800  | 0.8129 
21    | 10          | [93, 94, 96, 97, 98, 99, 100, 101, 102, 103]                           | [0.0100, 0.0600, 0.0200, 0.0100, 0.1200, 0.2800, 0.0600, 0.2400, 0.1700, 0.0300]                                         | 4.8579   | 0.8000  | 0.8202 

[Per-locus summary - Population 2]
Locus | Num_Alleles | Alleles                                                                | Frequencies                                                                                                              | Variance | Obs_Het | Exp_Het
------+-------------+------------------------------------------------------------------------+--------------------------------------------------------------------------------------------------------------------------+----------+---------+--------
1     | 10          | [90, 91, 92, 93, 94, 95, 96, 97, 98, 99]                               | [0.0100, 0.0300, 0.2300, 0.1800, 0.1600, 0.0600, 0.1400, 0.1000, 0.0600, 0.0300]                                         | 4.6924   | 0.9400  | 0.8590 
2     | 12          | [95, 96, 97, 98, 99, 100, 101, 102, 103, 104, 105, 106]                | [0.0400, 0.1000, 0.0600, 0.0100, 0.0400, 0.0900, 0.1100, 0.0700, 0.1600, 0.1800, 0.0500, 0.0900]                         | 10.4600  | 0.8800  | 0.8984 
3     | 14          | [85, 86, 87, 88, 89, 90, 91, 92, 101, 102, 103, 104, 105, 106]         | [0.0300, 0.0700, 0.0500, 0.0600, 0.0100, 0.0300, 0.0900, 0.0100, 0.0200, 0.0100, 0.2700, 0.1800, 0.1400, 0.0300]         | 56.9275  | 0.9200  | 0.8612 
4     | 14          | [90, 91, 92, 93, 94, 95, 97, 98, 99, 100, 101, 102, 103, 104]          | [0.0400, 0.0200, 0.0200, 0.0300, 0.0200, 0.0200, 0.0200, 0.2000, 0.2400, 0.2200, 0.0300, 0.0200, 0.1100, 0.0100]         | 10.0251  | 0.8800  | 0.8444 
5     | 14          | [95, 96, 97, 98, 99, 100, 101, 102, 104, 106, 107, 108, 109, 110]      | [0.0200, 0.0300, 0.2300, 0.2700, 0.1200, 0.0200, 0.0800, 0.0700, 0.0200, 0.0300, 0.0300, 0.0200, 0.0500, 0.0100]         | 13.7811  | 0.8600  | 0.8501 
6     | 12          | [94, 95, 96, 97, 98, 99, 100, 101, 102, 103, 104, 105]                 | [0.0100, 0.0600, 0.1100, 0.0900, 0.0900, 0.0800, 0.0300, 0.0700, 0.0900, 0.1200, 0.1900, 0.0600]                         | 10.8044  | 0.9600  | 0.9026 
7     | 12          | [96, 97, 98, 99, 100, 101, 102, 103, 104, 105, 106, 107]               | [0.0200, 0.0300, 0.0200, 0.1100, 0.2900, 0.0300, 0.0200, 0.0500, 0.0300, 0.2800, 0.1000, 0.0200]                         | 8.7344   | 0.7400  | 0.8168 
8     | 13          | [96, 98, 99, 100, 102, 103, 104, 105, 106, 107, 108, 109, 110]         | [0.0100, 0.0800, 0.0300, 0.0300, 0.0100, 0.0100, 0.3200, 0.1100, 0.0900, 0.0500, 0.2300, 0.0200, 0.0100]                 | 9.8244   | 0.8200  | 0.8212 
9     | 9           | [92, 94, 95, 96, 97, 98, 99, 100, 101]                                 | [0.0200, 0.1300, 0.1600, 0.1100, 0.1600, 0.1200, 0.2300, 0.0500, 0.0200]                                                 | 4.2179   | 0.8800  | 0.8578 
10    | 10          | [95, 96, 97, 98, 99, 100, 101, 102, 103, 104]                          | [0.0700, 0.1100, 0.2600, 0.2600, 0.0500, 0.0400, 0.0700, 0.1100, 0.0200, 0.0100]                                         | 4.7275   | 0.8600  | 0.8346 
11    | 15          | [94, 96, 97, 98, 99, 100, 101, 102, 103, 104, 105, 106, 107, 108, 109] | [0.0500, 0.0100, 0.1200, 0.0900, 0.1100, 0.1600, 0.0300, 0.0400, 0.0300, 0.0600, 0.1400, 0.0100, 0.0400, 0.1000, 0.0100] | 16.0556  | 0.9200  | 0.9079 
12    | 11          | [95, 96, 97, 98, 99, 100, 101, 102, 103, 105, 107]                     | [0.0600, 0.0700, 0.1000, 0.0300, 0.1600, 0.2300, 0.1700, 0.0900, 0.0100, 0.0700, 0.0100]                                 | 6.5700   | 0.8600  | 0.8687 
13    | 9           | [95, 96, 97, 98, 99, 100, 101, 102, 104]                               | [0.0100, 0.1200, 0.0700, 0.0700, 0.2600, 0.2000, 0.2300, 0.0200, 0.0200]                                                 | 3.3459   | 0.8600  | 0.8226 
14    | 10          | [95, 97, 98, 99, 100, 101, 102, 107, 108, 109]                         | [0.0300, 0.0300, 0.1200, 0.1600, 0.2500, 0.2300, 0.0300, 0.0100, 0.0200, 0.1200]                                         | 12.5784  | 0.7800  | 0.8354 
15    | 8           | [98, 99, 100, 101, 102, 103, 104, 105]                                 | [0.0800, 0.1700, 0.4000, 0.1700, 0.0600, 0.0200, 0.0400, 0.0600]                                                         | 2.9896   | 0.8600  | 0.7743 
16    | 9           | [95, 96, 97, 98, 99, 100, 101, 102, 103]                               | [0.1000, 0.1700, 0.1500, 0.1700, 0.1200, 0.1500, 0.0600, 0.0300, 0.0500]                                                 | 4.6876   | 0.8400  | 0.8746 
17    | 7           | [96, 97, 98, 99, 100, 101, 102]                                        | [0.0200, 0.1600, 0.2100, 0.1500, 0.3200, 0.0400, 0.1000]                                                                 | 2.3979   | 0.7200  | 0.8014 
18    | 10          | [93, 94, 95, 96, 97, 98, 99, 100, 101, 104]                            | [0.0100, 0.1300, 0.0300, 0.1100, 0.2300, 0.0600, 0.2500, 0.1300, 0.0200, 0.0300]                                         | 5.1704   | 0.8600  | 0.8412 
19    | 15          | [91, 92, 93, 94, 95, 96, 97, 98, 101, 102, 103, 104, 105, 106, 107]    | [0.0300, 0.1500, 0.1800, 0.1100, 0.0300, 0.1400, 0.0400, 0.0500, 0.0100, 0.0400, 0.0300, 0.0700, 0.0300, 0.0600, 0.0300] | 24.4404  | 0.9000  | 0.9036 
20    | 10          | [98, 99, 100, 101, 102, 103, 104, 105, 106, 108]                       | [0.0200, 0.0900, 0.3700, 0.1800, 0.0700, 0.1300, 0.0200, 0.0200, 0.0500, 0.0500]                                         | 5.4884   | 0.7600  | 0.8026 
21    | 10          | [92, 94, 95, 96, 98, 99, 100, 101, 102, 103]                           | [0.0600, 0.0500, 0.0100, 0.0500, 0.0800, 0.2400, 0.1600, 0.1700, 0.1200, 0.0600]                                         | 7.7344   | 0.9200  | 0.8634 
