
[Simulation Info]
simulation_id = sim_0000151
timestamp     = 20250428_073747
seed          = 989144
output_folder = /home/lejeunet/Bureau/simulations/Ref_table/sim_0000151

[Model Parameters]
pop_size           = 7523
num_loci           = 20
sample1_generation = 30
sample2_generation = 10
low_repeats        = 1
high_repeats       = 200
mutation_rate      = 0.001
recap_Ne           = 7523

[Sampling Design]
sample1_size_Ne  = 50
sample2_size_Ne  = 50
sample1_size_CMR = 50
sample2_size_CMR = 50

[Capture-Marquage-Recapture]
census_N   =  0
MatchCount =  0
# There were no match between sampling of individuals during CMR.

[Ne Estimates - One Sample - Decreasing critical values [0.050, 0.020, 0.010, 0+]]

[Linkage Desequilibrium]
LD_Ne_Pop1 = [None, None, None, None]
LD_r2_Pop1 = [0.021189, 0.021037, 0.020923, 0.020923]
LD_Ne_Pop2 = [None, None, None, None]
LD_r2_Pop2 = [0.021107, 0.021198, 0.021272, 0.021272]

[Heterozygote excess]
HE_Neb_mean_Pop1        = [195.8, 146.8, 187.3, 187.3]
HE_weighted_D_mean_Pop1 = [0.00256, 0.00342, 0.00268, 0.00268]
HE_Neb_mean_Pop2        = [51.5, 80.1, 85.0, 85.0]
HE_weighted_D_mean_Pop2 = [0.00981, 0.00628, 0.00592, 0.00592]

[Molecular Coancestry]
Coan_Neb_n_Pop1 = None
Coan_f1_Pop1    = -0.0125
Coan_Neb_n_Pop2 = 32.5
Coan_f1_Pop2    = 0.01537

[Ne Estimates - Temporal - Decreasing critical values (0.050, 0.020, 0.010, 0+)]

[Pollak]
P_Ne     = [12775.6, 2841.2, 5017.7, 4712.9]
P_Fk     = [0.02039, 0.02176, 0.021, 0.02106]
P_Fprime = [0.00039, 0.00176, 0.001, 0.00106]

[Nei/Tajima]
N_Ne     = [14762.6, 3189.3, 5796.7, 5409.4]
N_Fc     = [0.02034, 0.02157, 0.02086, 0.02092]
N_Fprime = [0.00034, 0.00157, 0.00086, 0.00092]

[Jorde/Ryman]
J_Ne     = [2429.0, 1780.8, 1890.4, 1890.7]
J_Fs     = [0.02216, 0.02291, 0.02275, 0.02275]
J_Fprime = [0.00206, 0.00281, 0.00264, 0.00264]

[Genetic Diversity - Heterozygosity]
mean_exp_het_pop1 = 0.8576
mean_obs_het_pop1 = 0.861
mean_exp_het_pop2 = 0.8631
mean_obs_het_pop2 = 0.8695

[Genetic Diversity - Allele Counts]
mean_alleles_pop1 = 11.38
var_alleles_pop1  = 6.75
sum_alleles_pop1  = 239
mean_alleles_pop2 = 11.74
var_alleles_pop2  = 6.59
sum_alleles_pop2  = 493

[Genetic Diversity - Allelic Size Variance]
var_allele_size_pop1 = 13.5568
var_allele_size_pop2 = 13.5887

[Per-locus summary - Population 1]
Locus | Num_Alleles | Alleles                                                                   | Frequencies                                                                                                                      | Variance | Obs_Het | Exp_Het
------+-------------+---------------------------------------------------------------------------+----------------------------------------------------------------------------------------------------------------------------------+----------+---------+--------
1     | 16          | [93, 94, 95, 96, 97, 98, 99, 100, 101, 102, 103, 104, 105, 107, 108, 112] | [0.0500, 0.0800, 0.0800, 0.1400, 0.1200, 0.1100, 0.0900, 0.0200, 0.0200, 0.0300, 0.0300, 0.0900, 0.0800, 0.0100, 0.0400, 0.0100] | 18.4796  | 0.9000  | 0.9208 
2     | 10          | [95, 96, 97, 98, 99, 100, 101, 102, 103, 104]                             | [0.0200, 0.0300, 0.0100, 0.1300, 0.2400, 0.0700, 0.1800, 0.1400, 0.1700, 0.0100]                                                 | 4.1924   | 0.8800  | 0.8467 
3     | 12          | [95, 96, 97, 98, 99, 100, 101, 102, 103, 104, 105, 106]                   | [0.0100, 0.1000, 0.1000, 0.0100, 0.1400, 0.2200, 0.1600, 0.1300, 0.0200, 0.0600, 0.0400, 0.0100]                                 | 6.1051   | 0.8400  | 0.8723 
4     | 11          | [92, 93, 94, 95, 96, 97, 98, 99, 100, 101, 103]                           | [0.0100, 0.0800, 0.0900, 0.1100, 0.2000, 0.0700, 0.1800, 0.1400, 0.0800, 0.0200, 0.0200]                                         | 5.4544   | 0.9400  | 0.8780 
5     | 14          | [95, 96, 97, 98, 99, 100, 101, 102, 104, 105, 106, 107, 108, 109]         | [0.0300, 0.0200, 0.0200, 0.0500, 0.0700, 0.0200, 0.0800, 0.0600, 0.0500, 0.1600, 0.1600, 0.2000, 0.0700, 0.0100]                 | 13.4275  | 0.9400  | 0.8907 
6     | 9           | [95, 96, 97, 98, 99, 100, 101, 102, 103]                                  | [0.0400, 0.0300, 0.1400, 0.1100, 0.0300, 0.0900, 0.2400, 0.2600, 0.0600]                                                         | 5.0275   | 0.8400  | 0.8364 
7     | 14          | [90, 91, 92, 93, 94, 95, 96, 97, 98, 99, 100, 101, 102, 104]              | [0.0100, 0.1100, 0.0400, 0.1400, 0.1400, 0.1000, 0.0600, 0.0100, 0.0100, 0.1300, 0.1300, 0.0600, 0.0100, 0.0500]                 | 14.0131  | 0.9000  | 0.9022 
8     | 14          | [88, 89, 90, 91, 92, 93, 94, 95, 96, 97, 98, 99, 100, 101]                | [0.0200, 0.0800, 0.0500, 0.0100, 0.0900, 0.0400, 0.0200, 0.0600, 0.2700, 0.0900, 0.0400, 0.1500, 0.0500, 0.0300]                 | 11.8776  | 0.9200  | 0.8772 
9     | 8           | [96, 97, 98, 99, 100, 101, 102, 103]                                      | [0.0200, 0.0800, 0.3900, 0.1700, 0.1900, 0.1000, 0.0400, 0.0100]                                                                 | 1.9964   | 0.7400  | 0.7721 
10    | 15          | [88, 89, 90, 92, 93, 94, 95, 108, 109, 110, 111, 112, 113, 114, 115]      | [0.0100, 0.0200, 0.0300, 0.0500, 0.0900, 0.1200, 0.0600, 0.0100, 0.0300, 0.1500, 0.1500, 0.1300, 0.0500, 0.0800, 0.0200]         | 84.1464  | 0.9600  | 0.9069 
11    | 10          | [96, 97, 98, 99, 100, 101, 102, 103, 104, 105]                            | [0.0100, 0.0500, 0.0600, 0.0900, 0.0200, 0.1200, 0.3200, 0.1600, 0.1000, 0.0700]                                                 | 4.6019   | 0.7800  | 0.8364 
12    | 13          | [89, 92, 93, 94, 95, 101, 102, 103, 104, 105, 106, 109, 110]              | [0.0200, 0.0200, 0.2200, 0.0700, 0.0400, 0.0400, 0.0600, 0.0600, 0.0800, 0.2300, 0.1400, 0.0100, 0.0100]                         | 32.6100  | 0.9000  | 0.8650 
13    | 9           | [98, 99, 100, 101, 102, 103, 104, 105, 107]                               | [0.0300, 0.0600, 0.1100, 0.0600, 0.3000, 0.2100, 0.1700, 0.0500, 0.0100]                                                         | 3.0811   | 0.7800  | 0.8224 
14    | 10          | [94, 95, 96, 97, 101, 102, 103, 104, 105, 106]                            | [0.0400, 0.2100, 0.1500, 0.0100, 0.1200, 0.2900, 0.0200, 0.0100, 0.1300, 0.0200]                                                 | 14.6475  | 0.7600  | 0.8236 
15    | 14          | [85, 86, 87, 90, 91, 92, 93, 94, 95, 96, 97, 98, 99, 100]                 | [0.0100, 0.0100, 0.0200, 0.0200, 0.0400, 0.1100, 0.0500, 0.1600, 0.1900, 0.0800, 0.0500, 0.0400, 0.1600, 0.0600]                 | 10.2784  | 0.8800  | 0.8903 
16    | 12          | [97, 98, 99, 100, 101, 102, 103, 104, 105, 106, 107, 108]                 | [0.0700, 0.0400, 0.0700, 0.2100, 0.1100, 0.1100, 0.0500, 0.1400, 0.0400, 0.1100, 0.0300, 0.0200]                                 | 8.1619   | 0.9600  | 0.8921 
17    | 9           | [96, 97, 98, 99, 100, 101, 102, 103, 104]                                 | [0.0500, 0.2500, 0.2400, 0.2000, 0.0600, 0.0600, 0.0900, 0.0400, 0.0100]                                                         | 3.6371   | 0.8800  | 0.8287 
18    | 12          | [90, 91, 92, 93, 94, 95, 96, 97, 98, 99, 100, 101]                        | [0.0300, 0.0200, 0.0700, 0.1100, 0.1600, 0.0800, 0.1700, 0.1900, 0.0900, 0.0400, 0.0300, 0.0100]                                 | 5.6531   | 0.8800  | 0.8828 
19    | 9           | [97, 98, 99, 100, 101, 102, 103, 104, 105]                                | [0.0100, 0.1900, 0.0400, 0.1200, 0.3400, 0.1100, 0.0500, 0.0600, 0.0800]                                                         | 4.2700   | 0.8000  | 0.8158 
20    | 12          | [89, 90, 91, 92, 93, 95, 97, 100, 101, 103, 104, 105]                     | [0.0600, 0.1000, 0.2900, 0.0500, 0.1200, 0.1000, 0.0100, 0.0100, 0.0200, 0.0300, 0.1600, 0.0500]                                 | 31.1184  | 0.8600  | 0.8543 
21    | 6           | [102, 103, 104, 105, 106, 107]                                            | [0.2200, 0.2800, 0.1800, 0.2200, 0.0600, 0.0400]                                                                                 | 1.9124   | 0.7400  | 0.7952 

[Per-locus summary - Population 2]
Locus | Num_Alleles | Alleles                                                                        | Frequencies                                                                                                                              | Variance | Obs_Het | Exp_Het
------+-------------+--------------------------------------------------------------------------------+------------------------------------------------------------------------------------------------------------------------------------------+----------+---------+--------
1     | 17          | [93, 94, 95, 96, 97, 98, 99, 100, 101, 102, 103, 104, 105, 106, 107, 108, 110] | [0.0600, 0.0500, 0.1400, 0.0700, 0.1000, 0.0700, 0.1400, 0.0200, 0.0500, 0.0300, 0.0200, 0.1400, 0.0500, 0.0200, 0.0100, 0.0100, 0.0200] | 17.6811  | 0.9400  | 0.9168 
2     | 11          | [95, 96, 97, 98, 99, 100, 101, 102, 103, 104, 107]                             | [0.0300, 0.0100, 0.0600, 0.1700, 0.1700, 0.1700, 0.1100, 0.1400, 0.1000, 0.0200, 0.0200]                                                 | 5.1691   | 0.8800  | 0.8750 
3     | 12          | [94, 96, 97, 98, 99, 100, 101, 102, 103, 104, 105, 106]                        | [0.0100, 0.0700, 0.1100, 0.0200, 0.0500, 0.2200, 0.2700, 0.1200, 0.0300, 0.0600, 0.0200, 0.0200]                                         | 5.7100   | 0.9000  | 0.8475 
4     | 9           | [93, 94, 95, 96, 97, 98, 99, 100, 101]                                         | [0.0400, 0.1400, 0.1000, 0.2000, 0.0500, 0.2000, 0.1700, 0.0700, 0.0300]                                                                 | 4.4779   | 0.8800  | 0.8602 
5     | 13          | [95, 96, 97, 98, 99, 100, 101, 102, 104, 105, 106, 107, 108]                   | [0.0400, 0.0300, 0.0100, 0.0400, 0.1100, 0.0200, 0.0800, 0.0200, 0.0300, 0.1400, 0.2200, 0.2100, 0.0500]                                 | 14.5019  | 0.8200  | 0.8697 
6     | 10          | [94, 95, 96, 97, 98, 99, 100, 101, 102, 103]                                   | [0.0300, 0.0800, 0.0800, 0.1700, 0.0500, 0.0200, 0.0400, 0.2300, 0.2200, 0.0800]                                                         | 7.5556   | 0.8400  | 0.8537 
7     | 12          | [91, 92, 93, 94, 95, 96, 97, 98, 99, 100, 101, 102]                            | [0.0900, 0.0800, 0.1200, 0.1300, 0.1200, 0.0500, 0.0300, 0.0200, 0.1600, 0.1500, 0.0100, 0.0400]                                         | 10.8851  | 0.9000  | 0.8952 
8     | 13          | [89, 90, 91, 92, 93, 94, 95, 96, 97, 98, 99, 100, 101]                         | [0.1000, 0.0400, 0.0100, 0.0600, 0.1300, 0.0200, 0.0600, 0.2500, 0.0800, 0.0200, 0.1500, 0.0300, 0.0500]                                 | 11.4916  | 0.8600  | 0.8774 
9     | 7           | [96, 97, 98, 99, 100, 101, 102]                                                | [0.0100, 0.1100, 0.2800, 0.2300, 0.1700, 0.1400, 0.0600]                                                                                 | 2.0700   | 0.7600  | 0.8125 
10    | 14          | [89, 90, 92, 93, 94, 95, 108, 109, 110, 111, 112, 113, 114, 115]               | [0.0200, 0.0200, 0.0400, 0.0600, 0.2100, 0.0200, 0.0300, 0.0300, 0.1400, 0.1500, 0.1300, 0.0700, 0.0700, 0.0100]                         | 79.4704  | 0.8800  | 0.8877 
11    | 9           | [97, 98, 99, 100, 101, 102, 103, 104, 105]                                     | [0.0700, 0.0600, 0.0900, 0.0700, 0.1500, 0.1900, 0.2100, 0.1200, 0.0400]                                                                 | 4.6636   | 0.9200  | 0.8685 
12    | 13          | [89, 92, 93, 94, 95, 101, 102, 103, 104, 105, 106, 107, 110]                   | [0.0400, 0.0300, 0.2000, 0.0500, 0.0500, 0.0200, 0.1000, 0.0400, 0.1200, 0.1400, 0.1800, 0.0100, 0.0200]                                 | 34.7224  | 0.9000  | 0.8824 
13    | 10          | [98, 99, 100, 101, 102, 103, 104, 105, 106, 107]                               | [0.0700, 0.0200, 0.1000, 0.1000, 0.1500, 0.2600, 0.1500, 0.1100, 0.0300, 0.0100]                                                         | 4.2036   | 0.8600  | 0.8576 
14    | 13          | [93, 94, 95, 96, 97, 99, 100, 101, 102, 103, 104, 105, 106]                    | [0.0100, 0.0200, 0.1400, 0.0300, 0.0100, 0.0100, 0.0100, 0.2900, 0.1700, 0.0200, 0.0500, 0.1700, 0.0700]                                 | 12.7779  | 0.8000  | 0.8374 
15    | 13          | [85, 87, 88, 90, 91, 92, 94, 95, 96, 97, 98, 99, 100]                          | [0.0200, 0.0300, 0.0100, 0.0600, 0.0300, 0.0600, 0.1500, 0.1600, 0.0800, 0.1100, 0.0300, 0.2000, 0.0600]                                 | 12.5171  | 0.9000  | 0.8883 
16    | 12          | [97, 98, 99, 100, 101, 102, 103, 104, 105, 106, 107, 108]                      | [0.0100, 0.0300, 0.1000, 0.1500, 0.0700, 0.1600, 0.0800, 0.0900, 0.1400, 0.0700, 0.0300, 0.0700]                                         | 7.9139   | 0.9200  | 0.9002 
17    | 9           | [96, 97, 98, 99, 100, 101, 102, 103, 104]                                      | [0.0700, 0.2200, 0.1800, 0.2100, 0.0900, 0.0900, 0.0900, 0.0300, 0.0200]                                                                 | 3.9251   | 0.9000  | 0.8531 
18    | 11          | [90, 91, 92, 93, 94, 95, 96, 97, 98, 99, 100]                                  | [0.0400, 0.0300, 0.0400, 0.0400, 0.1200, 0.0800, 0.2600, 0.2000, 0.1200, 0.0600, 0.0100]                                                 | 5.0211   | 0.8400  | 0.8564 
19    | 10          | [97, 98, 99, 100, 101, 102, 103, 104, 105, 106]                                | [0.0100, 0.1800, 0.0300, 0.1900, 0.3100, 0.0900, 0.0200, 0.0800, 0.0400, 0.0500]                                                         | 4.8675   | 0.8800  | 0.8236 
20    | 14          | [89, 90, 91, 92, 93, 94, 95, 97, 100, 101, 102, 103, 104, 105]                 | [0.0200, 0.0800, 0.2800, 0.0800, 0.0700, 0.0300, 0.0700, 0.0100, 0.0200, 0.0300, 0.0100, 0.0600, 0.1900, 0.0500]                         | 33.5499  | 0.9200  | 0.8626 
21    | 7           | [101, 102, 103, 104, 105, 106, 107]                                            | [0.0200, 0.3100, 0.2000, 0.2000, 0.1500, 0.0900, 0.0300]                                                                                 | 2.1884   | 0.7600  | 0.8000 
