
[Simulation Info]
simulation_id = sim_0003490
timestamp     = 20250428_084507
seed          = 84589
output_folder = /home/lejeunet/Bureau/simulations/Ref_table/sim_0003490

[Model Parameters]
pop_size           = 1479
num_loci           = 20
sample1_generation = 30
sample2_generation = 10
low_repeats        = 1
high_repeats       = 200
mutation_rate      = 0.001
recap_Ne           = 1479

[Sampling Design]
sample1_size_Ne  = 50
sample2_size_Ne  = 50
sample1_size_CMR = 50
sample2_size_CMR = 50

[Capture-Marquage-Recapture]
census_N   =  1300
MatchCount =  2

[Ne Estimates - One Sample - Decreasing critical values [0.050, 0.020, 0.010, 0+]]

[Linkage Desequilibrium]
LD_Ne_Pop1 = [None, None, None, None]
LD_r2_Pop1 = [0.020241, 0.020512, 0.021205, 0.021205]
LD_Ne_Pop2 = [None, 796.4, 1287.4, 1287.4]
LD_r2_Pop2 = [0.021244, 0.021693, 0.021535, 0.021535]

[Heterozygote excess]
HE_Neb_mean_Pop1        = [35.2, 38.1, 40.3, 40.3]
HE_weighted_D_mean_Pop1 = [0.0144, 0.01329, 0.01256, 0.01256]
HE_Neb_mean_Pop2        = [None, None, None, None]
HE_weighted_D_mean_Pop2 = [-0.02335, -0.02433, -0.02405, -0.02405]

[Molecular Coancestry]
Coan_Neb_n_Pop1 = None
Coan_f1_Pop1    = -0.02609
Coan_Neb_n_Pop2 = None
Coan_f1_Pop2    = -0.01409

[Ne Estimates - Temporal - Decreasing critical values (0.050, 0.020, 0.010, 0+)]

[Pollak]
P_Ne     = [2391.1, 1588.1, 1996.7, 1868.7]
P_Fk     = [0.02209, 0.02315, 0.0225, 0.02268]
P_Fprime = [0.00209, 0.00315, 0.0025, 0.00268]

[Nei/Tajima]
N_Ne     = [4888.1, 2515.6, 3346.8, 3040.6]
N_Fc     = [0.02102, 0.02199, 0.02149, 0.02164]
N_Fprime = [0.00102, 0.00199, 0.00149, 0.00164]

[Jorde/Ryman]
J_Ne     = [-4261.1, -6510.2, -6041.3, -6148.6]
J_Fs     = [0.01893, 0.01933, 0.01927, 0.01929]
J_Fprime = [-0.00117, -0.00077, -0.00083, -0.00081]

[Genetic Diversity - Heterozygosity]
mean_exp_het_pop1 = 0.6635
mean_obs_het_pop1 = 0.679
mean_exp_het_pop2 = 0.6558
mean_obs_het_pop2 = 0.6371

[Genetic Diversity - Allele Counts]
mean_alleles_pop1 = 5.43
var_alleles_pop1  = 2.06
sum_alleles_pop1  = 114
mean_alleles_pop2 = 5.71
var_alleles_pop2  = 1.72
sum_alleles_pop2  = 240

[Genetic Diversity - Allelic Size Variance]
var_allele_size_pop1 = 1.4841
var_allele_size_pop2 = 1.4633

[Per-locus summary - Population 1]
Locus | Num_Alleles | Alleles                                  | Frequencies                                                              | Variance | Obs_Het | Exp_Het
------+-------------+------------------------------------------+--------------------------------------------------------------------------+----------+---------+--------
1     | 6           | [98, 99, 100, 101, 102, 103]             | [0.0200, 0.1700, 0.3200, 0.4100, 0.0700, 0.0100]                         | 0.8931   | 0.6800  | 0.7022 
2     | 5           | [99, 100, 101, 102, 103]                 | [0.0100, 0.0100, 0.4300, 0.3800, 0.1700]                                 | 0.6339   | 0.5600  | 0.6481 
3     | 4           | [98, 99, 100, 101]                       | [0.2600, 0.4900, 0.2100, 0.0400]                                         | 0.6291   | 0.6600  | 0.6531 
4     | 5           | [99, 100, 101, 102, 103]                 | [0.0800, 0.3600, 0.4300, 0.0500, 0.0800]                                 | 0.9539   | 0.7600  | 0.6770 
5     | 5           | [97, 98, 99, 100, 101]                   | [0.0200, 0.1300, 0.5700, 0.2600, 0.0200]                                 | 0.5331   | 0.6400  | 0.5958 
6     | 5           | [96, 97, 98, 99, 100]                    | [0.1000, 0.4100, 0.2100, 0.2000, 0.0800]                                 | 1.2675   | 0.7400  | 0.7388 
7     | 7           | [97, 98, 99, 100, 101, 102, 103]         | [0.1300, 0.1200, 0.0700, 0.1100, 0.1600, 0.3000, 0.1100]                 | 3.9179   | 0.9200  | 0.8323 
8     | 8           | [94, 95, 96, 97, 98, 99, 100, 101]       | [0.0100, 0.0700, 0.3900, 0.1400, 0.0300, 0.0600, 0.1500, 0.1500]         | 4.3704   | 0.8000  | 0.7816 
9     | 6           | [98, 99, 100, 102, 103, 104]             | [0.0600, 0.5200, 0.1100, 0.0900, 0.2100, 0.0100]                         | 3.1259   | 0.6800  | 0.6683 
10    | 7           | [98, 99, 100, 101, 102, 103, 104]        | [0.2600, 0.0500, 0.3100, 0.1200, 0.1700, 0.0800, 0.0100]                 | 2.7411   | 0.7600  | 0.7919 
11    | 3           | [101, 102, 103]                          | [0.7800, 0.2100, 0.0100]                                                 | 0.1971   | 0.3200  | 0.3509 
12    | 5           | [97, 98, 99, 100, 101]                   | [0.0200, 0.0500, 0.4600, 0.3800, 0.0900]                                 | 0.6491   | 0.7200  | 0.6394 
13    | 4           | [97, 99, 100, 101]                       | [0.1000, 0.4400, 0.3300, 0.1300]                                         | 1.0979   | 0.6800  | 0.6774 
14    | 6           | [98, 99, 100, 101, 102, 103]             | [0.0100, 0.1400, 0.4700, 0.2800, 0.0500, 0.0500]                         | 0.9731   | 0.7000  | 0.6828 
15    | 5           | [100, 101, 102, 103, 105]                | [0.0800, 0.1000, 0.4600, 0.3400, 0.0200]                                 | 0.9204   | 0.6000  | 0.6626 
16    | 5           | [98, 99, 100, 101, 102]                  | [0.0700, 0.1500, 0.4700, 0.2800, 0.0300]                                 | 0.8275   | 0.7200  | 0.6792 
17    | 5           | [99, 100, 101, 102, 103]                 | [0.0200, 0.5500, 0.1900, 0.2300, 0.0100]                                 | 0.7844   | 0.6800  | 0.6141 
18    | 6           | [98, 99, 100, 101, 102, 103]             | [0.0900, 0.2600, 0.2100, 0.1900, 0.2000, 0.0500]                         | 1.9700   | 0.8800  | 0.8097 
19    | 9           | [95, 96, 97, 98, 99, 100, 101, 102, 103] | [0.0100, 0.1200, 0.2800, 0.0300, 0.0700, 0.3800, 0.0700, 0.0100, 0.0300] | 3.5176   | 0.7600  | 0.7586 
20    | 4           | [98, 99, 100, 101]                       | [0.3400, 0.0800, 0.5700, 0.0100]                                         | 0.8875   | 0.5600  | 0.5586 
21    | 4           | [101, 102, 103, 104]                     | [0.1000, 0.7500, 0.1400, 0.0100]                                         | 0.2764   | 0.4400  | 0.4119 

[Per-locus summary - Population 2]
Locus | Num_Alleles | Alleles                              | Frequencies                                                      | Variance | Obs_Het | Exp_Het
------+-------------+--------------------------------------+------------------------------------------------------------------+----------+---------+--------
1     | 5           | [98, 99, 100, 101, 102]              | [0.0200, 0.1300, 0.3400, 0.4200, 0.0900]                         | 0.8051   | 0.7200  | 0.6895 
2     | 5           | [99, 100, 101, 102, 103]             | [0.0100, 0.0300, 0.5100, 0.3600, 0.0900]                         | 0.5499   | 0.5600  | 0.6073 
3     | 4           | [98, 99, 100, 101]                   | [0.3300, 0.5400, 0.1000, 0.0300]                                 | 0.5211   | 0.6800  | 0.5946 
4     | 6           | [98, 99, 100, 101, 102, 103]         | [0.0400, 0.1000, 0.3300, 0.4100, 0.0600, 0.0600]                 | 1.1691   | 0.7000  | 0.7113 
5     | 5           | [97, 98, 99, 100, 101]               | [0.0100, 0.0900, 0.5500, 0.3400, 0.0100]                         | 0.4475   | 0.6000  | 0.5794 
6     | 6           | [95, 96, 97, 98, 99, 100]            | [0.0200, 0.0900, 0.5100, 0.1700, 0.1400, 0.0700]                 | 1.2491   | 0.6600  | 0.6848 
7     | 8           | [96, 97, 98, 99, 100, 101, 102, 103] | [0.0100, 0.1700, 0.1300, 0.1400, 0.1300, 0.1900, 0.2000, 0.0300] | 3.5371   | 0.8000  | 0.8491 
8     | 6           | [95, 96, 97, 99, 100, 101]           | [0.1700, 0.3300, 0.2100, 0.0400, 0.1700, 0.0800]                 | 3.9224   | 0.8400  | 0.7891 
9     | 7           | [98, 99, 100, 101, 102, 103, 104]    | [0.0300, 0.5800, 0.0300, 0.0100, 0.0400, 0.2500, 0.0600]         | 3.8864   | 0.6000  | 0.6000 
10    | 7           | [98, 99, 100, 101, 102, 103, 104]    | [0.2800, 0.0300, 0.2800, 0.1200, 0.1000, 0.1800, 0.0100]         | 3.3539   | 0.8000  | 0.7933 
11    | 4           | [99, 100, 101, 102]                  | [0.0100, 0.0300, 0.6700, 0.2900]                                 | 0.3024   | 0.3400  | 0.4707 
12    | 5           | [97, 98, 99, 100, 101]               | [0.0100, 0.0600, 0.4700, 0.3400, 0.1200]                         | 0.6700   | 0.6600  | 0.6519 
13    | 4           | [97, 99, 100, 101]                   | [0.0500, 0.5200, 0.3300, 0.1000]                                 | 0.7451   | 0.5600  | 0.6143 
14    | 5           | [99, 100, 101, 102, 103]             | [0.1400, 0.4300, 0.3600, 0.0500, 0.0200]                         | 0.7356   | 0.6200  | 0.6697 
15    | 6           | [100, 101, 102, 103, 104, 105]       | [0.0500, 0.2100, 0.3900, 0.3000, 0.0400, 0.0100]                 | 0.9500   | 0.6200  | 0.7168 
16    | 5           | [98, 99, 100, 101, 102]              | [0.0500, 0.1800, 0.4900, 0.2600, 0.0200]                         | 0.7196   | 0.7200  | 0.6636 
17    | 5           | [99, 100, 101, 102, 103]             | [0.0400, 0.6200, 0.0800, 0.2400, 0.0200]                         | 0.9236   | 0.5200  | 0.5552 
18    | 7           | [97, 98, 99, 100, 101, 102, 103]     | [0.0500, 0.0900, 0.1700, 0.2400, 0.2600, 0.1800, 0.0100]         | 2.0275   | 0.7800  | 0.8109 
19    | 8           | [96, 97, 98, 99, 100, 101, 102, 103] | [0.1400, 0.2700, 0.0200, 0.1500, 0.3500, 0.0400, 0.0100, 0.0200] | 3.0864   | 0.6800  | 0.7677 
20    | 5           | [97, 98, 99, 100, 101]               | [0.0100, 0.2700, 0.0900, 0.6200, 0.0100]                         | 0.8475   | 0.5000  | 0.5398 
21    | 4           | [101, 102, 103, 104]                 | [0.1200, 0.7500, 0.1200, 0.0100]                                 | 0.2796   | 0.4200  | 0.4127 
