
[Simulation Info]
simulation_id = sim_0008092
timestamp     = 20250428_104147
seed          = 67064
output_folder = /home/lejeunet/Bureau/simulations/Ref_table/sim_0008092

[Model Parameters]
pop_size           = 1881
num_loci           = 20
sample1_generation = 30
sample2_generation = 10
low_repeats        = 1
high_repeats       = 200
mutation_rate      = 0.001
recap_Ne           = 1881

[Sampling Design]
sample1_size_Ne  = 50
sample2_size_Ne  = 50
sample1_size_CMR = 50
sample2_size_CMR = 50

[Capture-Marquage-Recapture]
census_N   =  867
MatchCount =  3

[Ne Estimates - One Sample - Decreasing critical values [0.050, 0.020, 0.010, 0+]]

[Linkage Desequilibrium]
LD_Ne_Pop1 = [None, None, None, None]
LD_r2_Pop1 = [0.021188, 0.02116, 0.021063, 0.021063]
LD_Ne_Pop2 = [None, None, None, None]
LD_r2_Pop2 = [0.020407, 0.020598, 0.020853, 0.020853]

[Heterozygote excess]
HE_Neb_mean_Pop1        = [None, None, None, None]
HE_weighted_D_mean_Pop1 = [-0.01635, -0.01342, -0.01324, -0.01324]
HE_Neb_mean_Pop2        = [149.0, 49.6, 52.0, 52.0]
HE_weighted_D_mean_Pop2 = [0.00337, 0.01017, 0.0097, 0.0097]

[Molecular Coancestry]
Coan_Neb_n_Pop1 = 14.1
Coan_f1_Pop1    = 0.03551
Coan_Neb_n_Pop2 = None
Coan_f1_Pop2    = -0.01744

[Ne Estimates - Temporal - Decreasing critical values (0.050, 0.020, 0.010, 0+)]

[Pollak]
P_Ne     = [3723.1, -9062.4, -18164.2, -26926.2]
P_Fk     = [0.02134, 0.01945, 0.01972, 0.01981]
P_Fprime = [0.00134, -0.00055, -0.00028, -0.00019]

[Nei/Tajima]
N_Ne     = [2490.4, 32418.2, 14387.5, 11938.3]
N_Fc     = [0.02201, 0.02015, 0.02035, 0.02042]
N_Fprime = [0.00201, 0.00015, 0.00035, 0.00042]

[Jorde/Ryman]
J_Ne     = [848.8, 931.4, 929.8, 927.7]
J_Fs     = [0.026, 0.02548, 0.02549, 0.0255]
J_Fprime = [0.00589, 0.00537, 0.00538, 0.00539]

[Genetic Diversity - Heterozygosity]
mean_exp_het_pop1 = 0.7721
mean_obs_het_pop1 = 0.759
mean_exp_het_pop2 = 0.7777
mean_obs_het_pop2 = 0.7876

[Genetic Diversity - Allele Counts]
mean_alleles_pop1 = 7.86
var_alleles_pop1  = 3.23
sum_alleles_pop1  = 165
mean_alleles_pop2 = 8.19
var_alleles_pop2  = 3.96
sum_alleles_pop2  = 344

[Genetic Diversity - Allelic Size Variance]
var_allele_size_pop1 = 5.3282
var_allele_size_pop2 = 5.3985

[Per-locus summary - Population 1]
Locus | Num_Alleles | Alleles                                            | Frequencies                                                                              | Variance | Obs_Het | Exp_Het
------+-------------+----------------------------------------------------+------------------------------------------------------------------------------------------+----------+---------+--------
1     | 5           | [97, 98, 99, 100, 101]                             | [0.0700, 0.3200, 0.2000, 0.3300, 0.0800]                                                 | 1.2491   | 0.6800  | 0.7449 
2     | 9           | [95, 96, 97, 98, 99, 100, 101, 102, 104]           | [0.0100, 0.1400, 0.5800, 0.0800, 0.0100, 0.0200, 0.0100, 0.1400, 0.0100]                 | 3.9739   | 0.6200  | 0.6234 
3     | 6           | [98, 99, 100, 101, 102, 103]                       | [0.1700, 0.1500, 0.2300, 0.3000, 0.0400, 0.1100]                                         | 2.2316   | 0.8200  | 0.8000 
4     | 7           | [95, 96, 97, 98, 99, 100, 101]                     | [0.0200, 0.1500, 0.1000, 0.4100, 0.1000, 0.2000, 0.0200]                                 | 1.9500   | 0.6600  | 0.7562 
5     | 10          | [96, 97, 98, 99, 103, 104, 105, 106, 107, 108]     | [0.0300, 0.0400, 0.1700, 0.0800, 0.0200, 0.2600, 0.1000, 0.1600, 0.1100, 0.0300]         | 13.0419  | 0.8800  | 0.8541 
6     | 5           | [96, 97, 98, 99, 100]                              | [0.3800, 0.2100, 0.3300, 0.0100, 0.0700]                                                 | 1.3476   | 0.6600  | 0.7046 
7     | 8           | [97, 98, 100, 101, 102, 103, 104, 105]             | [0.0300, 0.1300, 0.3200, 0.0200, 0.0600, 0.1900, 0.2300, 0.0200]                         | 5.0356   | 0.8000  | 0.7943 
8     | 6           | [95, 96, 97, 98, 99, 100]                          | [0.0100, 0.0200, 0.1300, 0.3000, 0.4200, 0.1200]                                         | 0.9884   | 0.7200  | 0.7089 
9     | 9           | [98, 99, 100, 101, 102, 103, 104, 105, 106]        | [0.0900, 0.1900, 0.0800, 0.1600, 0.0300, 0.0600, 0.2600, 0.1200, 0.0100]                 | 5.8971   | 0.8000  | 0.8457 
10    | 5           | [95, 97, 98, 99, 100]                              | [0.0300, 0.0800, 0.2600, 0.5400, 0.0900]                                                 | 0.9475   | 0.6600  | 0.6317 
11    | 8           | [94, 95, 96, 97, 98, 99, 100, 101]                 | [0.0400, 0.0500, 0.1200, 0.0500, 0.0600, 0.1900, 0.1100, 0.3800]                         | 4.7675   | 0.7600  | 0.7907 
12    | 9           | [93, 94, 95, 96, 99, 100, 101, 102, 103]           | [0.0100, 0.1200, 0.0500, 0.0100, 0.0500, 0.0800, 0.1100, 0.2900, 0.2800]                 | 9.9000   | 0.7800  | 0.8075 
13    | 8           | [97, 98, 99, 100, 101, 104, 106, 108]              | [0.1000, 0.1800, 0.2200, 0.1800, 0.0600, 0.0600, 0.0600, 0.1400]                         | 13.1700  | 0.7800  | 0.8549 
14    | 10          | [97, 98, 99, 100, 101, 102, 103, 105, 106, 107]    | [0.0900, 0.2100, 0.1900, 0.0100, 0.1500, 0.1400, 0.0300, 0.1200, 0.0400, 0.0200]         | 7.8556   | 0.8200  | 0.8608 
15    | 8           | [98, 99, 100, 101, 102, 103, 104, 107]             | [0.0100, 0.3600, 0.0800, 0.1600, 0.1500, 0.1400, 0.0600, 0.0400]                         | 4.2996   | 0.7600  | 0.7990 
16    | 8           | [99, 100, 101, 102, 103, 104, 105, 106]            | [0.0100, 0.0900, 0.0300, 0.1100, 0.2000, 0.3900, 0.1300, 0.0400]                         | 2.3859   | 0.7800  | 0.7760 
17    | 9           | [96, 97, 98, 99, 100, 101, 103, 104, 105]          | [0.0100, 0.0500, 0.2400, 0.3800, 0.0700, 0.0500, 0.0300, 0.1000, 0.0700]                 | 5.5944   | 0.8000  | 0.7800 
18    | 8           | [95, 96, 97, 99, 100, 101, 102, 103]               | [0.0500, 0.3600, 0.2200, 0.0600, 0.2400, 0.0200, 0.0400, 0.0100]                         | 4.1216   | 0.8000  | 0.7638 
19    | 10          | [94, 95, 96, 97, 98, 99, 104, 105, 106, 107]       | [0.1400, 0.1000, 0.0200, 0.3400, 0.0200, 0.1900, 0.0200, 0.0600, 0.1000, 0.0100]         | 14.4756  | 0.8400  | 0.8119 
20    | 6           | [99, 100, 101, 102, 103, 104]                      | [0.0100, 0.0700, 0.3200, 0.3400, 0.0900, 0.1700]                                         | 1.4564   | 0.7400  | 0.7475 
21    | 11          | [95, 96, 97, 98, 99, 100, 101, 103, 104, 105, 106] | [0.0100, 0.0200, 0.0100, 0.0300, 0.2200, 0.3800, 0.0100, 0.0300, 0.0400, 0.2300, 0.0200] | 7.2019   | 0.7800  | 0.7574 

[Per-locus summary - Population 2]
Locus | Num_Alleles | Alleles                                              | Frequencies                                                                              | Variance | Obs_Het | Exp_Het
------+-------------+------------------------------------------------------+------------------------------------------------------------------------------------------+----------+---------+--------
1     | 5           | [97, 98, 99, 100, 101]                               | [0.0500, 0.1600, 0.2500, 0.5000, 0.0400]                                                 | 0.9176   | 0.6600  | 0.6644 
2     | 9           | [94, 96, 97, 98, 99, 100, 101, 102, 103]             | [0.0400, 0.1900, 0.4800, 0.0700, 0.0400, 0.0200, 0.0400, 0.1100, 0.0100]                 | 4.2611   | 0.6800  | 0.7184 
3     | 6           | [98, 99, 100, 101, 102, 103]                         | [0.1900, 0.1800, 0.2400, 0.2100, 0.0200, 0.1600]                                         | 2.6411   | 0.8200  | 0.8119 
4     | 6           | [96, 97, 98, 99, 100, 101]                           | [0.1400, 0.1200, 0.2900, 0.0700, 0.3600, 0.0200]                                         | 2.1675   | 0.8200  | 0.7546 
5     | 11          | [95, 96, 97, 98, 99, 103, 104, 105, 106, 107, 108]   | [0.0100, 0.0200, 0.0300, 0.2000, 0.0200, 0.0300, 0.1600, 0.1500, 0.2200, 0.1300, 0.0300] | 13.4939  | 0.8000  | 0.8515 
6     | 6           | [95, 96, 97, 98, 99, 100]                            | [0.0200, 0.5200, 0.1500, 0.2600, 0.0200, 0.0300]                                         | 1.1811   | 0.7400  | 0.6442 
7     | 9           | [97, 98, 99, 100, 101, 102, 103, 104, 105]           | [0.0500, 0.1100, 0.0100, 0.2900, 0.0400, 0.0900, 0.1800, 0.2100, 0.0200]                 | 5.0376   | 0.8000  | 0.8228 
8     | 6           | [95, 96, 97, 98, 99, 100]                            | [0.0200, 0.0100, 0.1600, 0.4100, 0.2400, 0.1600]                                         | 1.1576   | 0.7200  | 0.7299 
9     | 9           | [98, 99, 100, 101, 102, 103, 104, 105, 106]          | [0.0100, 0.2300, 0.0800, 0.1100, 0.0600, 0.0400, 0.3400, 0.1200, 0.0100]                 | 5.2856   | 0.8800  | 0.8012 
10    | 5           | [95, 97, 98, 99, 100]                                | [0.0900, 0.0400, 0.2300, 0.4700, 0.1700]                                                 | 1.7500   | 0.6600  | 0.6946 
11    | 9           | [94, 95, 96, 97, 98, 99, 100, 101, 102]              | [0.0300, 0.0400, 0.0700, 0.0700, 0.0600, 0.2800, 0.1300, 0.3100, 0.0100]                 | 3.8164   | 0.8400  | 0.8006 
12    | 9           | [94, 95, 96, 99, 100, 101, 102, 103, 104]            | [0.0900, 0.0500, 0.0300, 0.0600, 0.1000, 0.0800, 0.2900, 0.2800, 0.0200]                 | 8.7379   | 0.8200  | 0.8137 
13    | 8           | [97, 98, 99, 100, 101, 104, 106, 108]                | [0.1200, 0.1800, 0.2400, 0.1600, 0.1000, 0.0400, 0.0500, 0.1100]                         | 11.3896  | 0.8200  | 0.8523 
14    | 11          | [97, 98, 99, 100, 101, 102, 103, 104, 105, 106, 107] | [0.1000, 0.1700, 0.2100, 0.0100, 0.1900, 0.1400, 0.0200, 0.0200, 0.1000, 0.0100, 0.0300] | 7.0891   | 0.8000  | 0.8580 
15    | 7           | [99, 100, 101, 102, 103, 104, 107]                   | [0.3500, 0.1000, 0.1400, 0.1300, 0.2200, 0.0300, 0.0300]                                 | 3.8584   | 0.7600  | 0.7887 
16    | 8           | [99, 100, 101, 102, 103, 104, 105, 106]              | [0.0200, 0.1500, 0.0100, 0.1000, 0.2300, 0.2900, 0.1900, 0.0100]                         | 2.9475   | 0.8600  | 0.8018 
17    | 10          | [96, 97, 98, 99, 100, 101, 102, 103, 104, 105]       | [0.0100, 0.0800, 0.2300, 0.3900, 0.0300, 0.0300, 0.0100, 0.0600, 0.1000, 0.0600]         | 5.8600   | 0.7400  | 0.7772 
18    | 8           | [95, 96, 97, 99, 100, 101, 102, 103]                 | [0.0500, 0.2200, 0.2400, 0.0400, 0.3200, 0.0300, 0.0600, 0.0400]                         | 4.9756   | 0.8400  | 0.7893 
19    | 11          | [94, 95, 96, 97, 98, 99, 100, 104, 105, 106, 107]    | [0.2300, 0.0700, 0.0300, 0.2900, 0.0600, 0.0900, 0.0200, 0.0200, 0.0400, 0.1400, 0.0100] | 17.2724  | 0.8600  | 0.8317 
20    | 6           | [96, 100, 101, 102, 103, 104]                        | [0.0300, 0.1200, 0.3600, 0.2100, 0.1000, 0.1800]                                         | 2.6376   | 0.8400  | 0.7764 
21    | 9           | [95, 96, 97, 98, 99, 100, 104, 105, 106]             | [0.0100, 0.0300, 0.0300, 0.0300, 0.2500, 0.4000, 0.0600, 0.1700, 0.0200]                 | 6.8904   | 0.7800  | 0.7493 
