
[Simulation Info]
simulation_id = sim_0010419
timestamp     = 20250429_084057
seed          = 340299
output_folder = /home/lejeunet/Bureau/simulations/Ref_table/sim_0010419

[Model Parameters]
pop_size           = 1506
num_loci           = 20
sample1_generation = 30
sample2_generation = 10
low_repeats        = 1
high_repeats       = 200
mutation_rate      = 0.001
recap_Ne           = 1506

[Sampling Design]
sample1_size_Ne  = 50
sample2_size_Ne  = 50
sample1_size_CMR = 50
sample2_size_CMR = 50

[Capture-Marquage-Recapture]
census_N   =  0
MatchCount =  0
# There were no match between sampling of individuals during CMR.

[Ne Estimates - One Sample - Decreasing critical values [0.050, 0.020, 0.010, 0+]]

[Linkage Desequilibrium]
LD_Ne_Pop1 = [16157.8, 1765.8, None, None]
LD_r2_Pop1 = [0.021297, 0.021465, 0.021181, 0.021181]
LD_Ne_Pop2 = [None, 704.8, 1075.4, 1075.4]
LD_r2_Pop2 = [0.021247, 0.021748, 0.021585, 0.021585]

[Heterozygote excess]
HE_Neb_mean_Pop1        = [39.1, 39.1, 42.5, 42.5]
HE_weighted_D_mean_Pop1 = [0.01296, 0.01294, 0.0119, 0.0119]
HE_Neb_mean_Pop2        = [28.2, 25.8, 26.5, 26.5]
HE_weighted_D_mean_Pop2 = [0.01806, 0.01979, 0.01919, 0.01919]

[Molecular Coancestry]
Coan_Neb_n_Pop1 = 303.5
Coan_f1_Pop1    = 0.00165
Coan_Neb_n_Pop2 = 12.8
Coan_f1_Pop2    = 0.03897

[Ne Estimates - Temporal - Decreasing critical values (0.050, 0.020, 0.010, 0+)]

[Pollak]
P_Ne     = [1161.8, 1681.2, 1561.2, 1432.7]
P_Fk     = [0.0243, 0.02297, 0.0232, 0.02349]
P_Fprime = [0.0043, 0.00297, 0.0032, 0.00349]

[Nei/Tajima]
N_Ne     = [1508.1, 2192.0, 1993.7, 1810.7]
N_Fc     = [0.02332, 0.02228, 0.02251, 0.02276]
N_Fprime = [0.00332, 0.00228, 0.00251, 0.00276]

[Jorde/Ryman]
J_Ne     = [1473.5, 1586.3, 1545.5, 1531.8]
J_Fs     = [0.0235, 0.02325, 0.02334, 0.02337]
J_Fprime = [0.00339, 0.00315, 0.00324, 0.00326]

[Genetic Diversity - Heterozygosity]
mean_exp_het_pop1 = 0.6575
mean_obs_het_pop1 = 0.6667
mean_exp_het_pop2 = 0.6547
mean_obs_het_pop2 = 0.6676

[Genetic Diversity - Allele Counts]
mean_alleles_pop1 = 6.19
var_alleles_pop1  = 1.86
sum_alleles_pop1  = 130
mean_alleles_pop2 = 6.38
var_alleles_pop2  = 2.0
sum_alleles_pop2  = 268

[Genetic Diversity - Allelic Size Variance]
var_allele_size_pop1 = 2.0647
var_allele_size_pop2 = 1.9388

[Per-locus summary - Population 1]
Locus | Num_Alleles | Alleles                                     | Frequencies                                                              | Variance | Obs_Het | Exp_Het
------+-------------+---------------------------------------------+--------------------------------------------------------------------------+----------+---------+--------
1     | 5           | [97, 98, 99, 100, 101]                      | [0.0800, 0.1700, 0.6100, 0.1100, 0.0300]                                 | 0.6944   | 0.7200  | 0.5855 
2     | 9           | [98, 99, 100, 101, 102, 103, 104, 106, 107] | [0.0200, 0.1900, 0.3700, 0.2300, 0.0200, 0.1200, 0.0100, 0.0100, 0.0300] | 3.1459   | 0.8200  | 0.7654 
3     | 7           | [101, 102, 103, 104, 105, 106, 107]         | [0.1400, 0.2000, 0.4200, 0.0600, 0.0500, 0.0400, 0.0900]                 | 2.7944   | 0.7600  | 0.7558 
4     | 9           | [96, 97, 98, 99, 100, 101, 102, 103, 104]   | [0.0100, 0.0700, 0.0100, 0.0700, 0.1000, 0.4400, 0.1900, 0.1000, 0.0100] | 2.4876   | 0.7400  | 0.7477 
5     | 5           | [101, 102, 103, 104, 105]                   | [0.1500, 0.6200, 0.2100, 0.0100, 0.0100]                                 | 0.4779   | 0.5800  | 0.5543 
6     | 4           | [98, 99, 100, 102]                          | [0.1600, 0.6600, 0.1600, 0.0200]                                         | 0.4964   | 0.4400  | 0.5180 
7     | 7           | [98, 99, 100, 101, 104, 105, 106]           | [0.1000, 0.5800, 0.1500, 0.0200, 0.0300, 0.1000, 0.0200]                 | 4.6996   | 0.6400  | 0.6257 
8     | 7           | [98, 99, 100, 101, 103, 104, 105]           | [0.0300, 0.6200, 0.1800, 0.0600, 0.0700, 0.0200, 0.0200]                 | 2.1971   | 0.6600  | 0.5788 
9     | 5           | [99, 101, 102, 103, 104]                    | [0.0800, 0.0400, 0.3000, 0.4000, 0.1800]                                 | 1.6496   | 0.6800  | 0.7168 
10    | 6           | [98, 99, 100, 101, 102, 103]                | [0.0200, 0.0100, 0.0600, 0.1000, 0.6000, 0.2100]                         | 0.9456   | 0.5800  | 0.5877 
11    | 5           | [98, 100, 101, 102, 103]                    | [0.0200, 0.1300, 0.4500, 0.3500, 0.0500]                                 | 0.7924   | 0.6400  | 0.6618 
12    | 6           | [95, 96, 97, 98, 99, 101]                   | [0.0100, 0.2000, 0.5400, 0.1800, 0.0100, 0.0600]                         | 1.3716   | 0.6600  | 0.6386 
13    | 7           | [99, 100, 101, 102, 103, 105, 106]          | [0.0700, 0.3200, 0.2400, 0.1700, 0.0400, 0.1500, 0.0100]                 | 3.3864   | 0.7800  | 0.7899 
14    | 5           | [98, 99, 100, 101, 102]                     | [0.0200, 0.5900, 0.2700, 0.0600, 0.0600]                                 | 0.7675   | 0.4800  | 0.5772 
15    | 6           | [98, 99, 100, 101, 102, 103]                | [0.0100, 0.6700, 0.1300, 0.0100, 0.1500, 0.0300]                         | 1.5059   | 0.5200  | 0.5158 
16    | 6           | [96, 97, 98, 100, 101, 102]                 | [0.0400, 0.6500, 0.1500, 0.0500, 0.1000, 0.0100]                         | 1.9859   | 0.5400  | 0.5463 
17    | 7           | [97, 98, 99, 100, 101, 104, 105]            | [0.0900, 0.1900, 0.4200, 0.0800, 0.0400, 0.0700, 0.1100]                 | 5.8600   | 0.8000  | 0.7620 
18    | 4           | [97, 99, 100, 101]                          | [0.0100, 0.1600, 0.4300, 0.4000]                                         | 0.6059   | 0.7400  | 0.6358 
19    | 6           | [99, 100, 101, 102, 103, 104]               | [0.0600, 0.1500, 0.3300, 0.1300, 0.3100, 0.0200]                         | 1.6484   | 0.7400  | 0.7592 
20    | 7           | [101, 102, 103, 104, 105, 106, 107]         | [0.1200, 0.0400, 0.1100, 0.3800, 0.3200, 0.0100, 0.0200]                 | 1.8675   | 0.7000  | 0.7319 
21    | 7           | [98, 99, 100, 101, 102, 105, 107]           | [0.1800, 0.4200, 0.1400, 0.0400, 0.1400, 0.0700, 0.0100]                 | 3.9784   | 0.7800  | 0.7529 

[Per-locus summary - Population 2]
Locus | Num_Alleles | Alleles                                         | Frequencies                                                                      | Variance | Obs_Het | Exp_Het
------+-------------+-------------------------------------------------+----------------------------------------------------------------------------------+----------+---------+--------
1     | 4           | [97, 98, 99, 100]                               | [0.1000, 0.1700, 0.5600, 0.1700]                                                 | 0.7000   | 0.6200  | 0.6249 
2     | 10          | [97, 98, 99, 100, 101, 102, 103, 104, 106, 107] | [0.0100, 0.0200, 0.2000, 0.3400, 0.2300, 0.0200, 0.1300, 0.0200, 0.0200, 0.0100] | 2.9444   | 0.8000  | 0.7806 
3     | 7           | [101, 102, 103, 104, 105, 106, 107]             | [0.2500, 0.2800, 0.3500, 0.0600, 0.0300, 0.0100, 0.0200]                         | 1.5675   | 0.7600  | 0.7390 
4     | 8           | [96, 97, 98, 99, 100, 101, 102, 103]            | [0.0200, 0.0900, 0.0200, 0.0800, 0.1200, 0.4500, 0.1700, 0.0500]                 | 2.6491   | 0.8200  | 0.7438 
5     | 5           | [101, 102, 103, 104, 105]                       | [0.1100, 0.5400, 0.3100, 0.0300, 0.0100]                                         | 0.5459   | 0.6000  | 0.6052 
6     | 5           | [98, 99, 100, 101, 102]                         | [0.1500, 0.6100, 0.1600, 0.0500, 0.0300]                                         | 0.7400   | 0.5000  | 0.5822 
7     | 7           | [98, 99, 100, 102, 104, 105, 106]               | [0.1200, 0.6600, 0.0600, 0.0300, 0.0400, 0.0700, 0.0200]                         | 4.3259   | 0.5200  | 0.5440 
8     | 8           | [98, 99, 100, 101, 102, 103, 104, 105]          | [0.0400, 0.5300, 0.1800, 0.0500, 0.0500, 0.0900, 0.0400, 0.0200]                 | 2.8851   | 0.7400  | 0.6768 
9     | 5           | [99, 101, 102, 103, 104]                        | [0.1100, 0.0900, 0.2700, 0.4500, 0.0800]                                         | 1.8139   | 0.7400  | 0.7050 
10    | 5           | [98, 100, 101, 102, 103]                        | [0.0200, 0.0800, 0.0400, 0.6300, 0.2300]                                         | 0.9075   | 0.6200  | 0.5473 
11    | 5           | [100, 101, 102, 103, 104]                       | [0.1200, 0.5000, 0.3400, 0.0300, 0.0100]                                         | 0.5739   | 0.7000  | 0.6252 
12    | 6           | [95, 96, 97, 98, 99, 101]                       | [0.0200, 0.2000, 0.4600, 0.2500, 0.0300, 0.0400]                                 | 1.2371   | 0.8600  | 0.6899 
13    | 6           | [99, 100, 101, 102, 105, 106]                   | [0.0800, 0.3500, 0.2500, 0.0700, 0.2100, 0.0400]                                 | 4.7400   | 0.8200  | 0.7657 
14    | 5           | [98, 99, 100, 101, 102]                         | [0.0200, 0.6100, 0.3000, 0.0200, 0.0500]                                         | 0.6291   | 0.5400  | 0.5400 
15    | 6           | [98, 99, 100, 101, 102, 103]                    | [0.0200, 0.6900, 0.1500, 0.0100, 0.1200, 0.0100]                                 | 1.1475   | 0.4400  | 0.4913 
16    | 6           | [96, 97, 98, 99, 100, 101]                      | [0.0600, 0.6100, 0.2100, 0.0100, 0.0300, 0.0800]                                 | 1.5236   | 0.5800  | 0.5786 
17    | 7           | [97, 98, 99, 100, 101, 104, 105]                | [0.0700, 0.2500, 0.4400, 0.0900, 0.0200, 0.0600, 0.0700]                         | 4.5084   | 0.7200  | 0.7293 
18    | 5           | [97, 98, 99, 100, 101]                          | [0.0100, 0.0200, 0.2100, 0.3500, 0.4100]                                         | 0.7731   | 0.6800  | 0.6715 
19    | 6           | [99, 100, 101, 102, 103, 104]                   | [0.0600, 0.0600, 0.3500, 0.0700, 0.4300, 0.0300]                                 | 1.6544   | 0.5800  | 0.6865 
20    | 7           | [101, 102, 103, 104, 105, 106, 107]             | [0.0200, 0.0300, 0.1800, 0.5600, 0.0900, 0.0100, 0.1100]                         | 1.5804   | 0.6200  | 0.6388 
21    | 7           | [97, 98, 99, 100, 101, 102, 105]                | [0.0100, 0.2000, 0.3600, 0.1800, 0.0700, 0.1200, 0.0600]                         | 3.2676   | 0.7600  | 0.7828 
