
[Simulation Info]
simulation_id = sim_0011328
timestamp     = 20250429_090749
seed          = 831331
output_folder = /home/lejeunet/Bureau/simulations/Ref_table/sim_0011328

[Model Parameters]
pop_size           = 7084
num_loci           = 20
sample1_generation = 30
sample2_generation = 10
low_repeats        = 1
high_repeats       = 200
mutation_rate      = 0.001
recap_Ne           = 7084

[Sampling Design]
sample1_size_Ne  = 50
sample2_size_Ne  = 50
sample1_size_CMR = 50
sample2_size_CMR = 50

[Capture-Marquage-Recapture]
census_N   =  2601
MatchCount =  1

[Ne Estimates - One Sample - Decreasing critical values [0.050, 0.020, 0.010, 0+]]

[Linkage Desequilibrium]
LD_Ne_Pop1 = [983.3, 1917.2, None, None]
LD_r2_Pop1 = [0.021614, 0.02145, 0.021256, 0.021256]
LD_Ne_Pop2 = [None, None, None, None]
LD_r2_Pop2 = [0.021107, 0.021057, 0.020898, 0.020898]

[Heterozygote excess]
HE_Neb_mean_Pop1        = [72.4, 155.6, 189.7, 189.7]
HE_weighted_D_mean_Pop1 = [0.00696, 0.00322, 0.00264, 0.00264]
HE_Neb_mean_Pop2        = [30.9, 53.6, 62.4, 62.4]
HE_weighted_D_mean_Pop2 = [0.01645, 0.00941, 0.00808, 0.00808]

[Molecular Coancestry]
Coan_Neb_n_Pop1 = 93.6
Coan_f1_Pop1    = 0.00534
Coan_Neb_n_Pop2 = None
Coan_f1_Pop2    = -0.00485

[Ne Estimates - Temporal - Decreasing critical values (0.050, 0.020, 0.010, 0+)]

[Pollak]
P_Ne     = [-3964.9, 8312.1, 3395.8, 4386.7]
P_Fk     = [0.01874, 0.0206, 0.02147, 0.02114]
P_Fprime = [-0.00126, 0.0006, 0.00147, 0.00114]

[Nei/Tajima]
N_Ne     = [-2856.3, 102382.7, 5763.2, 8659.5]
N_Fc     = [0.01825, 0.02005, 0.02087, 0.02058]
N_Fprime = [-0.00175, 5e-05, 0.00087, 0.00058]

[Jorde/Ryman]
J_Ne     = [-2054.1, -2453.6, -2558.5, -2513.9]
J_Fs     = [0.01767, 0.01806, 0.01815, 0.01811]
J_Fprime = [-0.00243, -0.00204, -0.00195, -0.00199]

[Genetic Diversity - Heterozygosity]
mean_exp_het_pop1 = 0.8353
mean_obs_het_pop1 = 0.84
mean_exp_het_pop2 = 0.8418
mean_obs_het_pop2 = 0.8495

[Genetic Diversity - Allele Counts]
mean_alleles_pop1 = 10.86
var_alleles_pop1  = 4.13
sum_alleles_pop1  = 228
mean_alleles_pop2 = 11.43
var_alleles_pop2  = 4.93
sum_alleles_pop2  = 480

[Genetic Diversity - Allelic Size Variance]
var_allele_size_pop1 = 8.2308
var_allele_size_pop2 = 8.5591

[Per-locus summary - Population 1]
Locus | Num_Alleles | Alleles                                                              | Frequencies                                                                                                      | Variance | Obs_Het | Exp_Het
------+-------------+----------------------------------------------------------------------+------------------------------------------------------------------------------------------------------------------+----------+---------+--------
1     | 12          | [94, 95, 96, 97, 98, 99, 100, 101, 102, 103, 104, 105]               | [0.0100, 0.0400, 0.0600, 0.2800, 0.0600, 0.0100, 0.1300, 0.3000, 0.0300, 0.0300, 0.0300, 0.0200]                 | 6.1200   | 0.8400  | 0.8107 
2     | 13          | [93, 94, 95, 96, 98, 99, 100, 101, 102, 104, 105, 106, 108]          | [0.0500, 0.0500, 0.1900, 0.0500, 0.1400, 0.2100, 0.0500, 0.1200, 0.0700, 0.0200, 0.0100, 0.0300, 0.0100]         | 10.5704  | 0.8000  | 0.8782 
3     | 13          | [93, 95, 96, 97, 98, 99, 100, 101, 102, 103, 104, 105, 106]          | [0.0400, 0.0200, 0.0300, 0.1100, 0.1100, 0.0500, 0.0700, 0.0700, 0.2100, 0.0900, 0.0700, 0.1000, 0.0300]         | 10.4556  | 0.8400  | 0.9016 
4     | 10          | [97, 98, 99, 100, 101, 102, 103, 104, 105, 107]                      | [0.0200, 0.0400, 0.0300, 0.1200, 0.4100, 0.2700, 0.0800, 0.0100, 0.0100, 0.0100]                                 | 2.0876   | 0.7200  | 0.7424 
5     | 10          | [96, 97, 98, 99, 100, 101, 102, 103, 104, 105]                       | [0.0400, 0.0200, 0.0600, 0.1100, 0.2200, 0.1900, 0.1100, 0.1100, 0.0800, 0.0600]                                 | 4.7419   | 0.9400  | 0.8723 
6     | 9           | [94, 95, 96, 97, 98, 99, 100, 101, 102]                              | [0.0200, 0.1200, 0.2400, 0.1400, 0.0700, 0.0900, 0.2200, 0.0700, 0.0300]                                         | 4.5400   | 0.8400  | 0.8493 
7     | 13          | [96, 97, 98, 99, 100, 101, 102, 103, 104, 105, 106, 108, 109]        | [0.0500, 0.0300, 0.0400, 0.0600, 0.0100, 0.1900, 0.0100, 0.0600, 0.4200, 0.0600, 0.0200, 0.0300, 0.0200]         | 8.3896   | 0.9000  | 0.7776 
8     | 11          | [91, 92, 93, 95, 96, 97, 98, 99, 100, 101, 102]                      | [0.0500, 0.2100, 0.1200, 0.0600, 0.0300, 0.0500, 0.2000, 0.1600, 0.0800, 0.0300, 0.0100]                         | 10.4275  | 0.8600  | 0.8677 
9     | 9           | [93, 94, 95, 97, 98, 99, 100, 101, 103]                              | [0.0200, 0.0500, 0.0700, 0.0200, 0.2300, 0.3400, 0.1200, 0.1300, 0.0200]                                         | 4.1484   | 0.7800  | 0.7996 
10    | 8           | [92, 93, 94, 95, 96, 97, 98, 100]                                    | [0.0200, 0.0500, 0.1600, 0.3000, 0.3200, 0.0900, 0.0300, 0.0300]                                                 | 2.0636   | 0.8000  | 0.7770 
11    | 12          | [89, 90, 91, 92, 93, 94, 95, 96, 100, 102, 103, 104]                 | [0.0400, 0.0200, 0.0600, 0.0900, 0.2200, 0.2300, 0.1300, 0.0200, 0.0200, 0.0200, 0.1300, 0.0200]                 | 16.2584  | 0.9200  | 0.8582 
12    | 8           | [95, 97, 98, 99, 100, 101, 102, 103]                                 | [0.0400, 0.1400, 0.1600, 0.1300, 0.2400, 0.2000, 0.0700, 0.0200]                                                 | 3.2411   | 0.8000  | 0.8418 
13    | 13          | [91, 92, 93, 94, 95, 96, 97, 98, 99, 100, 101, 102, 103]             | [0.0200, 0.0800, 0.1200, 0.2100, 0.0200, 0.0300, 0.0300, 0.0100, 0.0300, 0.1600, 0.1200, 0.1600, 0.0100]         | 14.4539  | 0.9000  | 0.8746 
14    | 10          | [92, 93, 95, 96, 97, 98, 99, 100, 101, 102]                          | [0.0200, 0.0300, 0.1700, 0.2300, 0.0800, 0.1500, 0.1800, 0.0900, 0.0300, 0.0200]                                 | 4.5059   | 0.8800  | 0.8548 
15    | 8           | [95, 96, 97, 98, 99, 100, 101, 105]                                  | [0.0100, 0.0100, 0.1300, 0.1600, 0.4000, 0.1900, 0.0600, 0.0400]                                                 | 2.7964   | 0.7800  | 0.7636 
16    | 11          | [93, 95, 96, 97, 98, 99, 100, 101, 102, 103, 104]                    | [0.0700, 0.1500, 0.1000, 0.0100, 0.0200, 0.2200, 0.1600, 0.1300, 0.0300, 0.0900, 0.0200]                         | 8.6179   | 0.8800  | 0.8705 
17    | 12          | [92, 93, 94, 95, 96, 97, 98, 99, 100, 102, 103, 104]                 | [0.0500, 0.0400, 0.0800, 0.3800, 0.1300, 0.0400, 0.0800, 0.0300, 0.0100, 0.0100, 0.1400, 0.0100]                 | 10.1619  | 0.9200  | 0.8075 
18    | 9           | [92, 93, 94, 95, 96, 97, 98, 99, 100]                                | [0.0600, 0.2500, 0.1500, 0.1000, 0.0700, 0.1700, 0.1200, 0.0500, 0.0300]                                         | 4.9859   | 0.8000  | 0.8584 
19    | 14          | [97, 98, 100, 101, 102, 103, 107, 108, 109, 110, 111, 112, 113, 114] | [0.0300, 0.0800, 0.0100, 0.0200, 0.0400, 0.0100, 0.0100, 0.0600, 0.1000, 0.1100, 0.2800, 0.1400, 0.0400, 0.0700] | 23.2939  | 0.8400  | 0.8689 
20    | 14          | [88, 89, 90, 91, 92, 93, 94, 95, 96, 97, 102, 103, 105, 106]         | [0.0400, 0.0300, 0.0200, 0.1000, 0.1400, 0.1500, 0.1800, 0.1300, 0.0200, 0.0500, 0.0300, 0.0600, 0.0200, 0.0300] | 18.0696  | 0.8200  | 0.8960 
21    | 9           | [97, 98, 99, 100, 101, 102, 103, 104, 105]                           | [0.0200, 0.1700, 0.3900, 0.2100, 0.0800, 0.0400, 0.0300, 0.0300, 0.0300]                                         | 2.9171   | 0.7800  | 0.7715 

[Per-locus summary - Population 2]
Locus | Num_Alleles | Alleles                                                                 | Frequencies                                                                                                              | Variance | Obs_Het | Exp_Het
------+-------------+-------------------------------------------------------------------------+--------------------------------------------------------------------------------------------------------------------------+----------+---------+--------
1     | 10          | [95, 96, 97, 98, 99, 100, 101, 102, 103, 105]                           | [0.0900, 0.0900, 0.2800, 0.0600, 0.0700, 0.0900, 0.1900, 0.0700, 0.0500, 0.0100]                                         | 5.9739   | 0.9600  | 0.8537 
2     | 13          | [93, 94, 95, 96, 97, 98, 99, 100, 101, 102, 103, 104, 106]              | [0.0100, 0.1100, 0.2100, 0.0200, 0.0200, 0.1100, 0.1500, 0.0800, 0.0700, 0.1000, 0.0400, 0.0400, 0.0400]                 | 11.4500  | 0.9000  | 0.8911 
3     | 13          | [93, 95, 96, 97, 98, 99, 100, 101, 102, 103, 104, 105, 106]             | [0.0300, 0.0100, 0.0200, 0.0400, 0.1200, 0.0300, 0.1000, 0.0900, 0.2400, 0.1500, 0.0900, 0.0700, 0.0100]                 | 7.7364   | 0.8800  | 0.8792 
4     | 8           | [98, 99, 100, 101, 102, 103, 104, 107]                                  | [0.1100, 0.0800, 0.1500, 0.3400, 0.1900, 0.0600, 0.0600, 0.0100]                                                         | 2.7819   | 0.7800  | 0.8081 
5     | 11          | [96, 97, 98, 99, 100, 101, 102, 103, 104, 105, 106]                     | [0.0100, 0.0300, 0.0400, 0.1500, 0.2500, 0.1700, 0.0900, 0.0500, 0.1000, 0.0600, 0.0500]                                 | 5.3204   | 0.8800  | 0.8655 
6     | 10          | [94, 95, 96, 97, 98, 99, 100, 101, 102, 104]                            | [0.0100, 0.1500, 0.2600, 0.1500, 0.0700, 0.1400, 0.1400, 0.0300, 0.0400, 0.0100]                                         | 4.4851   | 0.8600  | 0.8491 
7     | 15          | [96, 97, 98, 99, 100, 101, 102, 103, 104, 105, 106, 107, 108, 109, 110] | [0.0200, 0.0500, 0.0800, 0.0800, 0.0100, 0.1400, 0.0100, 0.0800, 0.3600, 0.0700, 0.0400, 0.0100, 0.0200, 0.0200, 0.0100] | 9.3091   | 0.8400  | 0.8293 
8     | 12          | [90, 91, 92, 93, 95, 96, 97, 98, 99, 100, 101, 102]                     | [0.0300, 0.0600, 0.2300, 0.1300, 0.0800, 0.0100, 0.0300, 0.1600, 0.1100, 0.1000, 0.0400, 0.0200]                         | 12.2691  | 0.7800  | 0.8774 
9     | 11          | [92, 93, 94, 95, 97, 98, 99, 100, 101, 102, 104]                        | [0.0600, 0.0500, 0.0600, 0.0800, 0.0700, 0.2200, 0.2400, 0.0500, 0.1200, 0.0300, 0.0200]                                 | 7.8316   | 0.8600  | 0.8634 
10    | 8           | [92, 93, 94, 95, 96, 97, 98, 100]                                       | [0.0100, 0.0500, 0.1800, 0.3000, 0.2900, 0.1200, 0.0400, 0.0100]                                                         | 1.6979   | 0.7400  | 0.7826 
11    | 11          | [89, 90, 91, 92, 93, 94, 95, 96, 102, 103, 104]                         | [0.0300, 0.0300, 0.0800, 0.1100, 0.1900, 0.1800, 0.2400, 0.0100, 0.0400, 0.0700, 0.0200]                                 | 12.8499  | 0.8200  | 0.8551 
12    | 9           | [95, 96, 97, 98, 99, 100, 101, 102, 103]                                | [0.0200, 0.0300, 0.1700, 0.1500, 0.1500, 0.2300, 0.1600, 0.0700, 0.0200]                                                 | 3.2076   | 0.9600  | 0.8495 
13    | 12          | [91, 92, 93, 94, 95, 96, 97, 99, 100, 101, 102, 103]                    | [0.0100, 0.0900, 0.1100, 0.1900, 0.0200, 0.0500, 0.0300, 0.0100, 0.1100, 0.1000, 0.2500, 0.0300]                         | 15.8451  | 0.9600  | 0.8628 
14    | 11          | [92, 93, 94, 95, 96, 97, 98, 99, 100, 101, 103]                         | [0.0100, 0.0100, 0.0300, 0.2500, 0.2300, 0.1000, 0.0700, 0.1600, 0.1000, 0.0100, 0.0300]                                 | 4.7600   | 0.8200  | 0.8404 
15    | 9           | [94, 95, 96, 97, 98, 99, 100, 101, 105]                                 | [0.0100, 0.0300, 0.0700, 0.0800, 0.2200, 0.4300, 0.1200, 0.0300, 0.0100]                                                 | 2.2296   | 0.7000  | 0.7465 
16    | 13          | [92, 93, 94, 95, 96, 97, 98, 99, 100, 101, 102, 103, 104]               | [0.0100, 0.0700, 0.0100, 0.1000, 0.0700, 0.0300, 0.0200, 0.3300, 0.1500, 0.0100, 0.0500, 0.1200, 0.0300]                 | 8.8616   | 0.8400  | 0.8378 
17    | 11          | [92, 93, 94, 95, 96, 97, 98, 99, 100, 103, 105]                         | [0.0400, 0.0900, 0.0400, 0.3300, 0.1800, 0.0200, 0.1000, 0.0500, 0.0100, 0.1200, 0.0200]                                 | 10.1219  | 0.7800  | 0.8279 
18    | 8           | [92, 93, 94, 95, 96, 97, 98, 99]                                        | [0.0400, 0.2000, 0.0700, 0.1500, 0.1300, 0.2200, 0.1100, 0.0800]                                                         | 4.1131   | 0.8800  | 0.8558 
19    | 14          | [97, 98, 99, 101, 102, 107, 108, 109, 110, 111, 112, 113, 114, 115]     | [0.0100, 0.1100, 0.0300, 0.0300, 0.0200, 0.0100, 0.0500, 0.0300, 0.0700, 0.3200, 0.1800, 0.0700, 0.0600, 0.0100]         | 26.6539  | 0.9000  | 0.8422 
20    | 14          | [88, 89, 90, 91, 92, 93, 94, 95, 96, 102, 103, 104, 105, 106]           | [0.0100, 0.0100, 0.0200, 0.1200, 0.1100, 0.1600, 0.1600, 0.1900, 0.0400, 0.0400, 0.0300, 0.0500, 0.0300, 0.0300]         | 19.6456  | 0.9000  | 0.8861 
21    | 9           | [97, 98, 99, 100, 101, 102, 103, 104, 105]                              | [0.0300, 0.1300, 0.3600, 0.2700, 0.1000, 0.0200, 0.0300, 0.0500, 0.0100]                                                 | 2.5971   | 0.8000  | 0.7735 
