
[Simulation Info]
simulation_id = sim_0009255
timestamp     = 20250428_111450
seed          = 675325
output_folder = /home/lejeunet/Bureau/simulations/Ref_table/sim_0009255

[Model Parameters]
pop_size           = 2157
num_loci           = 20
sample1_generation = 30
sample2_generation = 10
low_repeats        = 1
high_repeats       = 200
mutation_rate      = 0.001
recap_Ne           = 2157

[Sampling Design]
sample1_size_Ne  = 50
sample2_size_Ne  = 50
sample1_size_CMR = 50
sample2_size_CMR = 50

[Capture-Marquage-Recapture]
census_N   =  2601
MatchCount =  1

[Ne Estimates - One Sample - Decreasing critical values [0.050, 0.020, 0.010, 0+]]

[Linkage Desequilibrium]
LD_Ne_Pop1 = [20357.5, 6466.3, None, None]
LD_r2_Pop1 = [0.021292, 0.021328, 0.021011, 0.021011]
LD_Ne_Pop2 = [765.5, 934.7, None, None]
LD_r2_Pop2 = [0.02171, 0.021632, 0.021235, 0.021235]

[Heterozygote excess]
HE_Neb_mean_Pop1        = [None, 3084.8, None, None]
HE_weighted_D_mean_Pop1 = [-0.00115, 0.00016, -0.00013, -0.00013]
HE_Neb_mean_Pop2        = [25.2, 27.1, 28.5, 28.5]
HE_weighted_D_mean_Pop2 = [0.02026, 0.01881, 0.01786, 0.01786]

[Molecular Coancestry]
Coan_Neb_n_Pop1 = None
Coan_f1_Pop1    = -0.00487
Coan_Neb_n_Pop2 = None
Coan_f1_Pop2    = -0.01349

[Ne Estimates - Temporal - Decreasing critical values (0.050, 0.020, 0.010, 0+)]

[Pollak]
P_Ne     = [-20087.8, -36560.6, 72840.6, 22043.1]
P_Fk     = [0.01975, 0.01986, 0.02007, 0.02023]
P_Fprime = [-0.00025, -0.00014, 7e-05, 0.00023]

[Nei/Tajima]
N_Ne     = [-10880.7, -13147.7, -25815.0, -88788.2]
N_Fc     = [0.01954, 0.01962, 0.01981, 0.01994]
N_Fprime = [-0.00046, -0.00038, -0.00019, -6e-05]

[Jorde/Ryman]
J_Ne     = [-16234.4, -11668.2, -14198.5, -14748.7]
J_Fs     = [0.01979, 0.01967, 0.01975, 0.01976]
J_Fprime = [-0.00031, -0.00043, -0.00035, -0.00034]

[Genetic Diversity - Heterozygosity]
mean_exp_het_pop1 = 0.7268
mean_obs_het_pop1 = 0.7248
mean_exp_het_pop2 = 0.7234
mean_obs_het_pop2 = 0.74

[Genetic Diversity - Allele Counts]
mean_alleles_pop1 = 6.43
var_alleles_pop1  = 1.86
sum_alleles_pop1  = 135
mean_alleles_pop2 = 6.83
var_alleles_pop2  = 2.04
sum_alleles_pop2  = 287

[Genetic Diversity - Allelic Size Variance]
var_allele_size_pop1 = 2.1087
var_allele_size_pop2 = 2.119

[Per-locus summary - Population 1]
Locus | Num_Alleles | Alleles                                       | Frequencies                                                                      | Variance | Obs_Het | Exp_Het
------+-------------+-----------------------------------------------+----------------------------------------------------------------------------------+----------+---------+--------
1     | 6           | [94, 95, 96, 97, 98, 103]                     | [0.0600, 0.2900, 0.0800, 0.1500, 0.3400, 0.0800]                                 | 4.9996   | 0.8200  | 0.7691 
2     | 7           | [98, 99, 100, 101, 102, 103, 104]             | [0.0100, 0.2000, 0.2200, 0.3300, 0.0400, 0.1400, 0.0600]                         | 2.2275   | 0.8000  | 0.7857 
3     | 6           | [95, 96, 97, 98, 99, 100]                     | [0.0100, 0.0700, 0.2800, 0.1000, 0.4200, 0.1200]                                 | 1.5059   | 0.7000  | 0.7230 
4     | 6           | [97, 98, 99, 100, 101, 102]                   | [0.0900, 0.0200, 0.2400, 0.2100, 0.2500, 0.1900]                                 | 2.1336   | 0.7600  | 0.7992 
5     | 6           | [97, 98, 99, 100, 101, 102]                   | [0.0900, 0.5600, 0.1800, 0.1100, 0.0400, 0.0200]                                 | 1.1299   | 0.6400  | 0.6382 
6     | 7           | [96, 97, 98, 99, 100, 101, 103]               | [0.0700, 0.0400, 0.0600, 0.5100, 0.2700, 0.0300, 0.0200]                         | 1.5564   | 0.6600  | 0.6622 
7     | 7           | [97, 98, 99, 100, 101, 102, 103]              | [0.0100, 0.1100, 0.2900, 0.0600, 0.1300, 0.2900, 0.1100]                         | 2.8500   | 0.7200  | 0.7950 
8     | 6           | [97, 99, 100, 101, 102, 103]                  | [0.0700, 0.1200, 0.2400, 0.4200, 0.1400, 0.0100]                                 | 1.6600   | 0.6800  | 0.7343 
9     | 5           | [97, 98, 99, 100, 101]                        | [0.1300, 0.2100, 0.3400, 0.3100, 0.0100]                                         | 1.0604   | 0.8200  | 0.7346 
10    | 7           | [95, 97, 98, 99, 100, 101, 102]               | [0.0100, 0.0800, 0.0600, 0.5100, 0.0700, 0.2600, 0.0100]                         | 1.6104   | 0.7200  | 0.6638 
11    | 8           | [98, 99, 100, 101, 102, 103, 104, 105]        | [0.0100, 0.0700, 0.1300, 0.1400, 0.4100, 0.1500, 0.0800, 0.0100]                 | 1.9139   | 0.7200  | 0.7691 
12    | 8           | [94, 95, 96, 97, 98, 99, 100, 101]            | [0.0500, 0.1000, 0.2600, 0.2800, 0.1300, 0.0100, 0.0700, 0.1000]                 | 3.4875   | 0.7200  | 0.8178 
13    | 8           | [97, 99, 100, 101, 102, 103, 104, 105]        | [0.0500, 0.2400, 0.0500, 0.0400, 0.4800, 0.0500, 0.0400, 0.0500]                 | 3.6211   | 0.7000  | 0.7059 
14    | 10          | [95, 96, 97, 98, 99, 100, 101, 102, 104, 105] | [0.0400, 0.0700, 0.2800, 0.3000, 0.1700, 0.0100, 0.0200, 0.0200, 0.0700, 0.0200] | 5.0075   | 0.9000  | 0.7980 
15    | 4           | [98, 99, 100, 101]                            | [0.2100, 0.3400, 0.3400, 0.1100]                                                 | 0.8675   | 0.8000  | 0.7198 
16    | 5           | [96, 97, 98, 99, 101]                         | [0.1000, 0.4000, 0.3000, 0.0500, 0.1500]                                         | 2.1900   | 0.5600  | 0.7222 
17    | 5           | [98, 99, 100, 101, 102]                       | [0.1400, 0.1300, 0.4500, 0.1600, 0.1200]                                         | 1.3299   | 0.6800  | 0.7283 
18    | 7           | [98, 99, 100, 101, 102, 104, 106]             | [0.1300, 0.0100, 0.2900, 0.3400, 0.1800, 0.0400, 0.0100]                         | 2.1675   | 0.7600  | 0.7568 
19    | 6           | [98, 99, 100, 101, 102, 104]                  | [0.1500, 0.2800, 0.4100, 0.1100, 0.0400, 0.0100]                                 | 1.1875   | 0.7600  | 0.7244 
20    | 6           | [99, 100, 101, 102, 103, 104]                 | [0.0100, 0.0100, 0.2800, 0.1100, 0.5400, 0.0500]                                 | 1.0539   | 0.6200  | 0.6214 
21    | 5           | [97, 98, 99, 100, 101]                        | [0.2100, 0.5900, 0.1100, 0.0800, 0.0100]                                         | 0.7219   | 0.6800  | 0.5951 

[Per-locus summary - Population 2]
Locus | Num_Alleles | Alleles                                       | Frequencies                                                                      | Variance | Obs_Het | Exp_Het
------+-------------+-----------------------------------------------+----------------------------------------------------------------------------------+----------+---------+--------
1     | 6           | [94, 95, 96, 97, 98, 103]                     | [0.0100, 0.4100, 0.0300, 0.2000, 0.2100, 0.1400]                                 | 6.9811   | 0.8000  | 0.7346 
2     | 7           | [98, 99, 100, 101, 102, 103, 104]             | [0.0300, 0.2100, 0.2500, 0.2600, 0.0500, 0.1500, 0.0500]                         | 2.3924   | 0.6600  | 0.8054 
3     | 5           | [96, 97, 98, 99, 100]                         | [0.0400, 0.3400, 0.1000, 0.3600, 0.1600]                                         | 1.4324   | 0.9200  | 0.7248 
4     | 7           | [96, 97, 98, 99, 100, 101, 102]               | [0.0200, 0.0500, 0.0200, 0.2100, 0.2900, 0.2400, 0.1700]                         | 1.9700   | 0.8200  | 0.7899 
5     | 7           | [97, 98, 99, 100, 101, 102, 103]              | [0.1200, 0.5500, 0.1500, 0.1000, 0.0600, 0.0100, 0.0100]                         | 1.3700   | 0.6200  | 0.6533 
6     | 8           | [95, 96, 97, 98, 99, 100, 101, 103]           | [0.0100, 0.1200, 0.0600, 0.0800, 0.4100, 0.2300, 0.0600, 0.0300]                 | 2.4931   | 0.7800  | 0.7576 
7     | 6           | [98, 99, 100, 101, 102, 103]                  | [0.1000, 0.2800, 0.1000, 0.1900, 0.2300, 0.1000]                                 | 2.4691   | 0.8000  | 0.8107 
8     | 6           | [97, 99, 100, 101, 102, 103]                  | [0.1100, 0.1100, 0.2000, 0.4200, 0.1300, 0.0300]                                 | 2.2011   | 0.7200  | 0.7491 
9     | 6           | [97, 98, 99, 100, 101, 102]                   | [0.0900, 0.2400, 0.3500, 0.2800, 0.0300, 0.0100]                                 | 1.0875   | 0.7800  | 0.7398 
10    | 7           | [95, 97, 98, 99, 100, 101, 102]               | [0.0300, 0.0600, 0.0500, 0.3900, 0.1300, 0.3200, 0.0200]                         | 2.0684   | 0.7600  | 0.7285 
11    | 7           | [98, 99, 100, 101, 102, 103, 104]             | [0.0100, 0.0200, 0.1400, 0.1100, 0.3800, 0.1800, 0.1600]                         | 1.8299   | 0.8400  | 0.7731 
12    | 9           | [94, 95, 96, 97, 98, 99, 100, 101, 102]       | [0.0200, 0.1000, 0.3600, 0.3100, 0.1000, 0.0100, 0.0400, 0.0500, 0.0100]         | 2.4731   | 0.7600  | 0.7572 
13    | 9           | [97, 98, 99, 100, 101, 102, 103, 104, 105]    | [0.0100, 0.0400, 0.1300, 0.1000, 0.0600, 0.5400, 0.0500, 0.0600, 0.0100]         | 2.4644   | 0.7200  | 0.6768 
14    | 10          | [95, 96, 97, 98, 99, 100, 101, 103, 104, 105] | [0.0500, 0.1000, 0.2600, 0.2500, 0.2200, 0.0200, 0.0500, 0.0100, 0.0300, 0.0100] | 3.6700   | 0.7800  | 0.8131 
15    | 5           | [97, 98, 99, 100, 101]                        | [0.0200, 0.2400, 0.1900, 0.3800, 0.1700]                                         | 1.1864   | 0.7400  | 0.7400 
16    | 6           | [96, 97, 98, 99, 101, 103]                    | [0.0600, 0.4600, 0.3500, 0.0400, 0.0700, 0.0200]                                 | 1.8171   | 0.7000  | 0.6620 
17    | 5           | [98, 99, 100, 101, 102]                       | [0.1300, 0.1800, 0.3800, 0.1900, 0.1200]                                         | 1.3699   | 0.8200  | 0.7634 
18    | 7           | [98, 100, 101, 102, 103, 104, 106]            | [0.0600, 0.3800, 0.2400, 0.2000, 0.0300, 0.0500, 0.0400]                         | 2.6875   | 0.6400  | 0.7570 
19    | 7           | [97, 98, 99, 100, 101, 102, 104]              | [0.0100, 0.0500, 0.3100, 0.5200, 0.0600, 0.0300, 0.0200]                         | 1.0424   | 0.6600  | 0.6323 
20    | 5           | [100, 101, 102, 103, 104]                     | [0.0100, 0.3000, 0.1000, 0.5500, 0.0400]                                         | 0.9539   | 0.6600  | 0.6018 
21    | 5           | [95, 97, 98, 99, 100]                         | [0.0100, 0.1900, 0.6600, 0.1000, 0.0400]                                         | 0.5384   | 0.5600  | 0.5218 
