
[Simulation Info]
simulation_id = sim_0011609
timestamp     = 20250429_091614
seed          = 845442
output_folder = /home/lejeunet/Bureau/simulations/Ref_table/sim_0011609

[Model Parameters]
pop_size           = 7028
num_loci           = 20
sample1_generation = 30
sample2_generation = 10
low_repeats        = 1
high_repeats       = 200
mutation_rate      = 0.001
recap_Ne           = 7028

[Sampling Design]
sample1_size_Ne  = 50
sample2_size_Ne  = 50
sample1_size_CMR = 50
sample2_size_CMR = 50

[Capture-Marquage-Recapture]
census_N   =  2601
MatchCount =  1

[Ne Estimates - One Sample - Decreasing critical values [0.050, 0.020, 0.010, 0+]]

[Linkage Desequilibrium]
LD_Ne_Pop1 = [None, 17195.1, None, None]
LD_r2_Pop1 = [0.021222, 0.021295, 0.021227, 0.021227]
LD_Ne_Pop2 = [None, None, None, None]
LD_r2_Pop2 = [0.020936, 0.021037, 0.0211, 0.0211]

[Heterozygote excess]
HE_Neb_mean_Pop1        = [None, None, None, None]
HE_weighted_D_mean_Pop1 = [-0.00497, -0.01031, -0.00496, -0.00496]
HE_Neb_mean_Pop2        = [41.3, 40.1, 45.7, 45.7]
HE_weighted_D_mean_Pop2 = [0.01227, 0.01263, 0.01107, 0.01107]

[Molecular Coancestry]
Coan_Neb_n_Pop1 = 119.1
Coan_f1_Pop1    = 0.0042
Coan_Neb_n_Pop2 = None
Coan_f1_Pop2    = -0.01598

[Ne Estimates - Temporal - Decreasing critical values (0.050, 0.020, 0.010, 0+)]

[Pollak]
P_Ne     = [-3847.1, -4246.7, -6011.1, -6784.9]
P_Fk     = [0.0187, 0.01882, 0.01917, 0.01926]
P_Fprime = [-0.0013, -0.00118, -0.00083, -0.00074]

[Nei/Tajima]
N_Ne     = [-3022.3, -3480.3, -4499.0, -4944.0]
N_Fc     = [0.01835, 0.01856, 0.01889, 0.01899]
N_Fprime = [-0.00165, -0.00144, -0.00111, -0.00101]

[Jorde/Ryman]
J_Ne     = [-2641.8, -3674.4, -3567.4, -3617.4]
J_Fs     = [0.01821, 0.01874, 0.0187, 0.01872]
J_Fprime = [-0.00189, -0.00136, -0.0014, -0.00138]

[Genetic Diversity - Heterozygosity]
mean_exp_het_pop1 = 0.9019
mean_obs_het_pop1 = 0.8952
mean_exp_het_pop2 = 0.8987
mean_obs_het_pop2 = 0.9038

[Genetic Diversity - Allele Counts]
mean_alleles_pop1 = 15.29
var_alleles_pop1  = 12.41
sum_alleles_pop1  = 321
mean_alleles_pop2 = 15.55
var_alleles_pop2  = 14.4
sum_alleles_pop2  = 653

[Genetic Diversity - Allelic Size Variance]
var_allele_size_pop1 = 43.8239
var_allele_size_pop2 = 42.7324

[Per-locus summary - Population 1]
Locus | Num_Alleles | Alleles                                                                                                  | Frequencies                                                                                                                                                                                      | Variance | Obs_Het | Exp_Het
------+-------------+----------------------------------------------------------------------------------------------------------+--------------------------------------------------------------------------------------------------------------------------------------------------------------------------------------------------+----------+---------+--------
1     | 15          | [88, 89, 90, 91, 92, 93, 94, 95, 96, 97, 98, 100, 101, 102, 103]                                         | [0.0200, 0.0400, 0.1000, 0.1100, 0.0700, 0.2200, 0.0400, 0.0100, 0.0100, 0.1000, 0.0300, 0.0900, 0.0800, 0.0400, 0.0400]                                                                         | 18.5276  | 0.9400  | 0.9012 
2     | 19          | [84, 87, 88, 89, 90, 91, 92, 94, 108, 109, 110, 111, 112, 114, 115, 116, 117, 119, 121]                  | [0.0100, 0.0700, 0.0800, 0.1800, 0.0700, 0.1300, 0.0800, 0.0100, 0.0100, 0.0400, 0.0500, 0.0300, 0.0100, 0.0200, 0.0800, 0.0800, 0.0300, 0.0100, 0.0100]                                         | 141.4296 | 0.8800  | 0.9176 
3     | 13          | [97, 98, 99, 100, 101, 102, 103, 104, 105, 106, 107, 108, 109]                                           | [0.0600, 0.1400, 0.0800, 0.0900, 0.1200, 0.0700, 0.2600, 0.0200, 0.0100, 0.0300, 0.0200, 0.0200, 0.0800]                                                                                         | 10.9611  | 0.8800  | 0.8756 
4     | 24          | [82, 84, 85, 86, 87, 88, 90, 91, 92, 93, 94, 95, 96, 97, 98, 99, 101, 102, 107, 109, 110, 111, 112, 113] | [0.0100, 0.1200, 0.0500, 0.0300, 0.0100, 0.0500, 0.0100, 0.0200, 0.0500, 0.1700, 0.0300, 0.0200, 0.0100, 0.0200, 0.0100, 0.0200, 0.0300, 0.0100, 0.0400, 0.0100, 0.1300, 0.0600, 0.0700, 0.0200] | 104.7739 | 0.9600  | 0.9261 
5     | 18          | [88, 89, 90, 91, 92, 93, 94, 96, 97, 98, 99, 100, 101, 102, 103, 104, 105, 106]                          | [0.0400, 0.0900, 0.0900, 0.0700, 0.0400, 0.0100, 0.0200, 0.0200, 0.0300, 0.0500, 0.0600, 0.1400, 0.1200, 0.1600, 0.0300, 0.0100, 0.0100, 0.0100]                                                 | 27.7544  | 0.9000  | 0.9162 
6     | 15          | [92, 93, 94, 95, 96, 97, 98, 99, 100, 101, 102, 103, 104, 105, 106]                                      | [0.0100, 0.0300, 0.0800, 0.1400, 0.1400, 0.0600, 0.0800, 0.1100, 0.0500, 0.0700, 0.0700, 0.0400, 0.0500, 0.0600, 0.0100]                                                                         | 12.5419  | 0.9400  | 0.9204 
7     | 14          | [79, 80, 81, 82, 83, 84, 85, 87, 88, 89, 90, 91, 92, 94]                                                 | [0.0100, 0.0700, 0.1300, 0.1000, 0.0500, 0.0800, 0.0800, 0.0100, 0.0200, 0.0800, 0.1700, 0.0400, 0.1300, 0.0300]                                                                                 | 19.7724  | 0.8800  | 0.9067 
8     | 13          | [92, 93, 94, 95, 96, 97, 98, 99, 100, 101, 102, 103, 104]                                                | [0.0500, 0.1800, 0.0900, 0.0200, 0.0300, 0.0100, 0.0900, 0.0300, 0.0700, 0.2000, 0.0900, 0.0800, 0.0600]                                                                                         | 15.7200  | 0.9000  | 0.8925 
9     | 13          | [95, 96, 97, 98, 99, 100, 101, 102, 103, 104, 105, 106, 107]                                             | [0.0500, 0.0400, 0.0300, 0.0700, 0.1700, 0.1300, 0.1200, 0.2200, 0.0400, 0.0200, 0.0500, 0.0100, 0.0500]                                                                                         | 7.9779   | 0.8400  | 0.8832 
10    | 13          | [87, 88, 89, 90, 91, 92, 93, 104, 105, 106, 107, 108, 109]                                               | [0.0300, 0.0400, 0.0600, 0.0800, 0.0900, 0.1500, 0.0700, 0.0400, 0.1800, 0.1300, 0.0500, 0.0400, 0.0400]                                                                                         | 60.6384  | 0.9200  | 0.9044 
11    | 14          | [88, 89, 90, 91, 92, 93, 94, 95, 96, 97, 98, 99, 100, 101]                                               | [0.0300, 0.0200, 0.0600, 0.0900, 0.1200, 0.0600, 0.0600, 0.1000, 0.0700, 0.1100, 0.0300, 0.1500, 0.0600, 0.0400]                                                                                 | 12.6299  | 0.9200  | 0.9190 
12    | 9           | [97, 98, 99, 101, 102, 103, 104, 105, 106]                                                               | [0.0100, 0.1000, 0.0400, 0.0100, 0.1700, 0.1400, 0.2700, 0.2200, 0.0400]                                                                                                                         | 5.2136   | 0.8400  | 0.8250 
13    | 19          | [93, 95, 96, 100, 101, 102, 103, 105, 106, 107, 108, 109, 110, 111, 112, 113, 114, 115, 116]             | [0.0400, 0.0700, 0.0200, 0.0700, 0.0900, 0.0700, 0.0100, 0.0200, 0.1000, 0.0600, 0.0100, 0.0200, 0.0200, 0.0700, 0.1100, 0.0600, 0.0600, 0.0600, 0.0400]                                         | 45.0356  | 0.8800  | 0.9402 
14    | 19          | [85, 86, 87, 88, 89, 92, 94, 96, 116, 117, 118, 119, 120, 121, 122, 123, 124, 126, 127]                  | [0.0400, 0.0600, 0.1200, 0.1100, 0.0300, 0.0100, 0.0500, 0.0200, 0.0100, 0.0300, 0.0400, 0.0900, 0.0500, 0.0400, 0.1100, 0.1300, 0.0300, 0.0100, 0.0200]                                         | 272.5224 | 0.9600  | 0.9285 
15    | 14          | [84, 85, 86, 87, 88, 89, 90, 91, 92, 93, 94, 95, 97, 98]                                                 | [0.0300, 0.0200, 0.0400, 0.0200, 0.0400, 0.0200, 0.0200, 0.0800, 0.2800, 0.0500, 0.1900, 0.1600, 0.0400, 0.0100]                                                                                 | 9.4179   | 0.7800  | 0.8521 
16    | 14          | [96, 97, 98, 99, 100, 101, 102, 103, 104, 105, 106, 107, 108, 109]                                       | [0.0100, 0.0600, 0.0600, 0.0800, 0.0900, 0.1600, 0.0400, 0.1400, 0.1600, 0.0700, 0.0200, 0.0300, 0.0700, 0.0100]                                                                                 | 9.5059   | 0.9800  | 0.9036 
17    | 18          | [83, 84, 85, 86, 87, 88, 89, 90, 91, 92, 93, 94, 95, 96, 97, 98, 99, 100]                                | [0.0200, 0.0200, 0.0600, 0.0800, 0.0300, 0.1000, 0.0800, 0.0400, 0.1100, 0.0900, 0.0600, 0.0700, 0.0300, 0.0500, 0.0800, 0.0300, 0.0200, 0.0300]                                                 | 18.8571  | 0.9200  | 0.9390 
18    | 18          | [84, 85, 86, 88, 91, 92, 93, 94, 95, 96, 97, 98, 106, 107, 108, 109, 110, 112]                           | [0.0200, 0.0100, 0.1100, 0.0400, 0.0300, 0.0100, 0.0400, 0.0100, 0.0800, 0.1500, 0.0700, 0.0900, 0.0100, 0.0800, 0.1000, 0.0900, 0.0200, 0.0400]                                                 | 68.4444  | 0.9600  | 0.9238 
19    | 10          | [93, 94, 95, 96, 97, 98, 107, 108, 109, 110]                                                             | [0.0200, 0.0700, 0.1300, 0.1800, 0.2700, 0.0800, 0.0400, 0.0500, 0.0700, 0.0900]                                                                                                                 | 31.7339  | 0.8000  | 0.8576 
20    | 17          | [88, 89, 90, 91, 92, 93, 94, 95, 97, 98, 99, 100, 101, 102, 103, 104, 105]                               | [0.0100, 0.0400, 0.0400, 0.0500, 0.1000, 0.0700, 0.0300, 0.0600, 0.0200, 0.1000, 0.1500, 0.1700, 0.0700, 0.0200, 0.0300, 0.0300, 0.0100]                                                         | 18.2516  | 0.8800  | 0.9150 
21    | 12          | [92, 93, 95, 96, 97, 98, 99, 100, 101, 102, 103, 104]                                                    | [0.0700, 0.0400, 0.0500, 0.0600, 0.1500, 0.1700, 0.1700, 0.1200, 0.0300, 0.0800, 0.0100, 0.0500]                                                                                                 | 8.5931   | 0.8400  | 0.8917 

[Per-locus summary - Population 2]
Locus | Num_Alleles | Alleles                                                                                               | Frequencies                                                                                                                                                                              | Variance | Obs_Het | Exp_Het
------+-------------+-------------------------------------------------------------------------------------------------------+------------------------------------------------------------------------------------------------------------------------------------------------------------------------------------------+----------+---------+--------
1     | 15          | [88, 89, 90, 91, 92, 93, 94, 95, 97, 98, 99, 100, 101, 102, 103]                                      | [0.0100, 0.0500, 0.1500, 0.0200, 0.0500, 0.2100, 0.0600, 0.0100, 0.0700, 0.0700, 0.0300, 0.1100, 0.0400, 0.0400, 0.0800]                                                                 | 20.2475  | 0.9000  | 0.9008 
2     | 17          | [87, 88, 89, 90, 91, 92, 93, 109, 110, 111, 114, 115, 116, 118, 119, 120, 121]                        | [0.0400, 0.1600, 0.1700, 0.0600, 0.1300, 0.0300, 0.0100, 0.0500, 0.1000, 0.0500, 0.0200, 0.0500, 0.0900, 0.0100, 0.0100, 0.0100, 0.0100]                                                 | 141.5804 | 0.9400  | 0.9051 
3     | 14          | [97, 98, 99, 100, 101, 102, 103, 104, 105, 106, 107, 108, 109, 110]                                   | [0.0200, 0.1600, 0.0600, 0.0600, 0.1200, 0.0200, 0.3000, 0.1000, 0.0100, 0.0200, 0.0300, 0.0200, 0.0700, 0.0100]                                                                         | 10.5259  | 0.8600  | 0.8537 
4     | 23          | [83, 84, 85, 87, 88, 90, 91, 92, 93, 94, 95, 97, 98, 99, 100, 101, 103, 107, 109, 110, 111, 112, 113] | [0.0200, 0.0700, 0.0100, 0.0200, 0.1000, 0.0200, 0.0500, 0.0800, 0.0700, 0.0500, 0.0100, 0.1000, 0.0100, 0.0200, 0.0200, 0.0400, 0.0100, 0.0300, 0.0100, 0.0900, 0.0400, 0.1000, 0.0300] | 92.0424  | 0.9800  | 0.9426 
5     | 15          | [88, 89, 90, 91, 92, 94, 96, 97, 98, 99, 100, 101, 102, 103, 105]                                     | [0.0300, 0.0500, 0.1900, 0.0700, 0.0600, 0.0100, 0.0700, 0.0200, 0.0400, 0.0800, 0.0800, 0.1000, 0.1400, 0.0100, 0.0500]                                                                 | 28.1876  | 0.9600  | 0.9091 
6     | 15          | [92, 93, 94, 95, 96, 97, 98, 99, 100, 101, 102, 103, 104, 105, 106]                                   | [0.0100, 0.0300, 0.0400, 0.0800, 0.1500, 0.0400, 0.0900, 0.1300, 0.0700, 0.1000, 0.0600, 0.0500, 0.0800, 0.0300, 0.0400]                                                                 | 12.2856  | 0.9400  | 0.9212 
7     | 14          | [79, 80, 81, 82, 83, 84, 85, 87, 88, 89, 90, 91, 92, 94]                                              | [0.0300, 0.0700, 0.1300, 0.1200, 0.1100, 0.0500, 0.0300, 0.0300, 0.0400, 0.1200, 0.1100, 0.0800, 0.0700, 0.0100]                                                                         | 18.4019  | 0.9200  | 0.9162 
8     | 13          | [91, 92, 93, 94, 95, 97, 98, 99, 100, 101, 102, 103, 104]                                             | [0.0100, 0.0700, 0.1500, 0.0900, 0.0400, 0.0400, 0.0400, 0.0500, 0.0700, 0.0900, 0.1000, 0.1900, 0.0600]                                                                                 | 18.0819  | 0.9000  | 0.9034 
9     | 15          | [94, 95, 96, 97, 98, 99, 100, 101, 102, 103, 104, 105, 106, 107, 108]                                 | [0.0300, 0.0400, 0.0200, 0.0300, 0.0600, 0.1800, 0.1200, 0.1400, 0.1900, 0.0200, 0.0100, 0.0600, 0.0300, 0.0600, 0.0100]                                                                 | 9.9275   | 0.9000  | 0.8903 
10    | 13          | [87, 88, 89, 90, 91, 92, 93, 104, 105, 106, 107, 108, 109]                                            | [0.0100, 0.0400, 0.0800, 0.0200, 0.1000, 0.2200, 0.0800, 0.0300, 0.1500, 0.0500, 0.0800, 0.0800, 0.0600]                                                                                 | 61.1600  | 0.9000  | 0.8933 
11    | 14          | [88, 89, 90, 91, 92, 93, 94, 95, 96, 97, 98, 99, 100, 101]                                            | [0.0200, 0.0100, 0.0600, 0.1300, 0.0900, 0.0500, 0.0800, 0.1400, 0.0900, 0.1100, 0.0600, 0.1000, 0.0300, 0.0300]                                                                         | 10.4475  | 0.9000  | 0.9160 
12    | 8           | [97, 98, 101, 102, 103, 104, 105, 106]                                                                | [0.0200, 0.0900, 0.0200, 0.1300, 0.2100, 0.2200, 0.3000, 0.0100]                                                                                                                         | 4.6779   | 0.7800  | 0.7996 
13    | 17          | [92, 93, 94, 95, 100, 101, 102, 105, 106, 107, 108, 111, 112, 113, 114, 115, 116]                     | [0.0100, 0.0600, 0.1000, 0.1000, 0.0400, 0.1000, 0.0200, 0.0200, 0.1600, 0.0300, 0.0400, 0.0500, 0.1100, 0.0400, 0.0600, 0.0500, 0.0100]                                                 | 56.1371  | 0.9200  | 0.9226 
14    | 20          | [86, 87, 88, 89, 93, 94, 95, 99, 116, 117, 118, 119, 120, 121, 122, 123, 124, 125, 126, 128]          | [0.0400, 0.0600, 0.1800, 0.0300, 0.0200, 0.0900, 0.0100, 0.0100, 0.0100, 0.0400, 0.0500, 0.0900, 0.0700, 0.0400, 0.0700, 0.1200, 0.0100, 0.0300, 0.0200, 0.0100]                         | 251.7059 | 0.9400  | 0.9224 
15    | 13          | [84, 86, 87, 88, 89, 90, 91, 92, 93, 94, 95, 96, 97]                                                  | [0.0200, 0.0500, 0.0100, 0.0500, 0.0200, 0.0200, 0.1200, 0.2000, 0.0500, 0.1500, 0.2500, 0.0100, 0.0500]                                                                                 | 8.6084   | 0.8400  | 0.8578 
16    | 13          | [96, 97, 98, 99, 100, 101, 102, 103, 104, 105, 106, 107, 108]                                         | [0.0500, 0.0700, 0.0400, 0.0200, 0.0600, 0.1800, 0.0800, 0.1500, 0.1600, 0.0800, 0.0500, 0.0100, 0.0500]                                                                                 | 9.1419   | 0.9200  | 0.8976 
17    | 18          | [83, 84, 85, 86, 87, 88, 89, 90, 91, 92, 93, 94, 95, 96, 97, 98, 99, 100]                             | [0.0400, 0.0100, 0.0500, 0.0700, 0.0500, 0.0800, 0.0500, 0.0800, 0.1400, 0.1100, 0.0700, 0.0500, 0.0300, 0.0100, 0.1000, 0.0400, 0.0100, 0.0100]                                         | 16.9784  | 0.9000  | 0.9305 
18    | 14          | [85, 86, 88, 94, 95, 96, 97, 98, 106, 107, 108, 109, 110, 112]                                        | [0.0300, 0.0800, 0.0400, 0.0200, 0.2000, 0.1000, 0.0800, 0.0400, 0.0400, 0.1100, 0.1400, 0.0500, 0.0400, 0.0300]                                                                         | 64.2475  | 0.8800  | 0.9034 
19    | 11          | [91, 93, 94, 95, 96, 97, 98, 107, 108, 109, 110]                                                      | [0.0200, 0.0300, 0.0600, 0.1700, 0.2100, 0.2000, 0.0600, 0.0300, 0.0600, 0.0800, 0.0800]                                                                                                 | 33.7875  | 0.8600  | 0.8699 
20    | 16          | [88, 89, 90, 91, 92, 93, 94, 95, 97, 98, 99, 100, 101, 103, 104, 105]                                 | [0.0300, 0.0700, 0.0300, 0.0300, 0.0900, 0.0900, 0.0200, 0.1200, 0.0400, 0.0900, 0.1400, 0.0800, 0.0900, 0.0200, 0.0500, 0.0100]                                                         | 19.7739  | 0.9200  | 0.9238 
21    | 13          | [92, 93, 94, 95, 96, 97, 98, 99, 100, 101, 102, 103, 104]                                             | [0.0700, 0.0500, 0.0200, 0.0200, 0.0500, 0.1400, 0.2100, 0.1500, 0.0900, 0.0300, 0.0800, 0.0400, 0.0500]                                                                                 | 9.4339   | 0.9200  | 0.8925 
