
[Simulation Info]
simulation_id = sim_0010938
timestamp     = 20250429_085637
seed          = 413060
output_folder = /home/lejeunet/Bureau/simulations/Ref_table/sim_0010938

[Model Parameters]
pop_size           = 1634
num_loci           = 20
sample1_generation = 30
sample2_generation = 10
low_repeats        = 1
high_repeats       = 200
mutation_rate      = 0.001
recap_Ne           = 1634

[Sampling Design]
sample1_size_Ne  = 50
sample2_size_Ne  = 50
sample1_size_CMR = 50
sample2_size_CMR = 50

[Capture-Marquage-Recapture]
census_N   =  1300
MatchCount =  2

[Ne Estimates - One Sample - Decreasing critical values [0.050, 0.020, 0.010, 0+]]

[Linkage Desequilibrium]
LD_Ne_Pop1 = [626.8, 428.9, 419.4, 419.4]
LD_r2_Pop1 = [0.021806, 0.022049, 0.022067, 0.022067]
LD_Ne_Pop2 = [839.6, 1770.0, None, None]
LD_r2_Pop2 = [0.021672, 0.021464, 0.021069, 0.021069]

[Heterozygote excess]
HE_Neb_mean_Pop1        = [None, None, None, None]
HE_weighted_D_mean_Pop1 = [-0.03098, -0.02689, -0.02617, -0.02617]
HE_Neb_mean_Pop2        = [15.6, 17.2, 17.7, 17.7]
HE_weighted_D_mean_Pop2 = [0.03309, 0.02986, 0.029, 0.029]

[Molecular Coancestry]
Coan_Neb_n_Pop1 = None
Coan_f1_Pop1    = -0.0025
Coan_Neb_n_Pop2 = 82.9
Coan_f1_Pop2    = 0.00603

[Ne Estimates - Temporal - Decreasing critical values (0.050, 0.020, 0.010, 0+)]

[Pollak]
P_Ne     = [10104.5, -6756.9, -6537.1, -6537.1]
P_Fk     = [0.02049, 0.01926, 0.01924, 0.01924]
P_Fprime = [0.00049, -0.00074, -0.00076, -0.00076]

[Nei/Tajima]
N_Ne     = [156713.6, -5109.9, -5023.0, -5023.0]
N_Fc     = [0.02003, 0.01902, 0.019, 0.019]
N_Fprime = [3e-05, -0.00098, -0.001, -0.001]

[Jorde/Ryman]
J_Ne     = [-14276.3, -6589.1, -6666.4, -6666.4]
J_Fs     = [0.01975, 0.01934, 0.01935, 0.01935]
J_Fprime = [-0.00035, -0.00076, -0.00075, -0.00075]

[Genetic Diversity - Heterozygosity]
mean_exp_het_pop1 = 0.6398
mean_obs_het_pop1 = 0.6143
mean_exp_het_pop2 = 0.6435
mean_obs_het_pop2 = 0.6733

[Genetic Diversity - Allele Counts]
mean_alleles_pop1 = 5.76
var_alleles_pop1  = 1.19
sum_alleles_pop1  = 121
mean_alleles_pop2 = 6.17
var_alleles_pop2  = 1.07
sum_alleles_pop2  = 259

[Genetic Diversity - Allelic Size Variance]
var_allele_size_pop1 = 1.1285
var_allele_size_pop2 = 1.2397

[Per-locus summary - Population 1]
Locus | Num_Alleles | Alleles                                  | Frequencies                                                      | Variance | Obs_Het | Exp_Het
------+-------------+------------------------------------------+------------------------------------------------------------------+----------+---------+--------
1     | 5           | [100, 102, 103, 104, 105]                | [0.0100, 0.1100, 0.1000, 0.6600, 0.1200]                         | 0.7624   | 0.4800  | 0.5331 
2     | 8           | [97, 98, 99, 100, 101, 102, 103, 104]    | [0.0100, 0.0200, 0.0400, 0.2000, 0.1100, 0.4600, 0.1200, 0.0400] | 1.8064   | 0.6800  | 0.7255 
3     | 5           | [98, 100, 101, 102, 103]                 | [0.0200, 0.0700, 0.2600, 0.5300, 0.1200]                         | 0.8504   | 0.5800  | 0.6382 
4     | 5           | [100, 102, 103, 104, 105]                | [0.0400, 0.0500, 0.5300, 0.3700, 0.0100]                         | 0.7716   | 0.6000  | 0.5838 
5     | 7           | [95, 96, 97, 98, 99, 100, 101]           | [0.0100, 0.1000, 0.2100, 0.4900, 0.1200, 0.0600, 0.0100]         | 1.1211   | 0.6800  | 0.6946 
6     | 5           | [99, 104, 105, 106, 107]                 | [0.0200, 0.0400, 0.2700, 0.6500, 0.0200]                         | 1.2091   | 0.5400  | 0.5073 
7     | 5           | [101, 102, 103, 104, 105]                | [0.0100, 0.0800, 0.5200, 0.3500, 0.0400]                         | 0.5211   | 0.6200  | 0.6050 
8     | 6           | [95, 98, 99, 100, 101, 102]              | [0.0300, 0.0300, 0.0700, 0.5100, 0.2700, 0.0900]                 | 1.5411   | 0.5800  | 0.6588 
9     | 5           | [100, 101, 102, 103, 104]                | [0.0400, 0.1200, 0.2100, 0.5300, 0.1000]                         | 0.9291   | 0.5800  | 0.6556 
10    | 5           | [98, 99, 100, 101, 106]                  | [0.0200, 0.2900, 0.6000, 0.0800, 0.0100]                         | 0.7739   | 0.6400  | 0.5545 
11    | 6           | [95, 96, 97, 98, 101, 102]               | [0.1800, 0.4200, 0.2800, 0.0800, 0.0100, 0.0300]                 | 1.8699   | 0.6000  | 0.7125 
12    | 5           | [95, 98, 99, 100, 101]                   | [0.0200, 0.1000, 0.6800, 0.0500, 0.1500]                         | 1.0411   | 0.5200  | 0.5073 
13    | 5           | [99, 100, 101, 102, 103]                 | [0.5000, 0.0800, 0.3100, 0.0800, 0.0300]                         | 1.3964   | 0.5600  | 0.6467 
14    | 8           | [95, 96, 97, 98, 99, 100, 101, 103]      | [0.0100, 0.0500, 0.0100, 0.1200, 0.5900, 0.1400, 0.0500, 0.0300] | 1.5891   | 0.6800  | 0.6180 
15    | 5           | [101, 102, 103, 104, 105]                | [0.0200, 0.0700, 0.1700, 0.6100, 0.1300]                         | 0.7024   | 0.6200  | 0.5826 
16    | 6           | [98, 99, 100, 101, 102, 103]             | [0.0600, 0.1200, 0.1800, 0.2300, 0.3500, 0.0600]                 | 1.7731   | 0.7800  | 0.7784 
17    | 5           | [98, 99, 100, 101, 102]                  | [0.0200, 0.3100, 0.3600, 0.1400, 0.1700]                         | 1.1931   | 0.6800  | 0.7327 
18    | 8           | [101, 102, 103, 104, 105, 106, 107, 108] | [0.0100, 0.0500, 0.3700, 0.3700, 0.1200, 0.0600, 0.0100, 0.0100] | 1.2339   | 0.6800  | 0.7125 
19    | 6           | [99, 100, 101, 102, 103, 104]            | [0.0300, 0.2000, 0.4700, 0.2800, 0.0100, 0.0100]                 | 0.7251   | 0.5600  | 0.6663 
20    | 6           | [99, 100, 101, 102, 103, 104]            | [0.0100, 0.0100, 0.0100, 0.1200, 0.4300, 0.4200]                 | 0.7859   | 0.5200  | 0.6303 
21    | 5           | [98, 99, 100, 101, 102]                  | [0.0300, 0.2600, 0.4600, 0.0900, 0.1600]                         | 1.1019   | 0.7200  | 0.6931 

[Per-locus summary - Population 2]
Locus | Num_Alleles | Alleles                                  | Frequencies                                                      | Variance | Obs_Het | Exp_Het
------+-------------+------------------------------------------+------------------------------------------------------------------+----------+---------+--------
1     | 5           | [100, 102, 103, 104, 105]                | [0.0300, 0.0900, 0.1900, 0.6200, 0.0700]                         | 0.9236   | 0.6200  | 0.5713 
2     | 6           | [98, 99, 100, 101, 102, 103]             | [0.0200, 0.0500, 0.2400, 0.0700, 0.5400, 0.0800]                 | 1.3900   | 0.6600  | 0.6430 
3     | 6           | [98, 99, 100, 101, 102, 103]             | [0.0300, 0.0100, 0.1000, 0.2200, 0.5500, 0.0900]                 | 1.0496   | 0.6600  | 0.6364 
4     | 5           | [100, 102, 103, 104, 105]                | [0.0300, 0.0400, 0.5000, 0.4100, 0.0200]                         | 0.6976   | 0.5600  | 0.5848 
5     | 7           | [95, 96, 97, 98, 99, 100, 101]           | [0.0200, 0.1600, 0.2300, 0.3600, 0.1500, 0.0600, 0.0200]         | 1.5416   | 0.8200  | 0.7727 
6     | 5           | [99, 104, 105, 106, 107]                 | [0.0500, 0.0400, 0.3300, 0.5600, 0.0200]                         | 2.4124   | 0.6200  | 0.5788 
7     | 6           | [101, 102, 103, 104, 105, 106]           | [0.0100, 0.1200, 0.4800, 0.3200, 0.0600, 0.0100]                 | 0.7011   | 0.6800  | 0.6556 
8     | 6           | [95, 98, 99, 100, 101, 102]              | [0.0100, 0.0900, 0.0900, 0.4700, 0.2700, 0.0700]                 | 1.2419   | 0.6800  | 0.6919 
9     | 5           | [100, 101, 102, 103, 104]                | [0.0200, 0.0700, 0.2000, 0.6700, 0.0400]                         | 0.5704   | 0.5000  | 0.5093 
10    | 6           | [98, 99, 100, 101, 102, 106]             | [0.0400, 0.2300, 0.6200, 0.0800, 0.0200, 0.0100]                 | 0.8931   | 0.6800  | 0.5598 
11    | 7           | [94, 95, 96, 97, 98, 101, 102]           | [0.0100, 0.1000, 0.4500, 0.3300, 0.0400, 0.0200, 0.0500]         | 2.4539   | 0.7000  | 0.6808 
12    | 7           | [95, 97, 98, 99, 100, 101, 102]          | [0.0100, 0.0200, 0.1100, 0.5800, 0.0400, 0.2300, 0.0100]         | 1.2844   | 0.6400  | 0.6024 
13    | 6           | [98, 99, 100, 101, 102, 103]             | [0.0200, 0.4500, 0.1100, 0.2700, 0.1100, 0.0400]                 | 1.5856   | 0.7400  | 0.7055 
14    | 8           | [95, 96, 97, 98, 99, 100, 101, 103]      | [0.0500, 0.0500, 0.0200, 0.0800, 0.5900, 0.1500, 0.0400, 0.0200] | 2.0144   | 0.6400  | 0.6218 
15    | 6           | [101, 102, 103, 104, 105, 106]           | [0.0200, 0.0800, 0.2500, 0.6200, 0.0200, 0.0100]                 | 0.6251   | 0.6000  | 0.5513 
16    | 6           | [98, 99, 100, 101, 102, 103]             | [0.0300, 0.0800, 0.2000, 0.2300, 0.4300, 0.0300]                 | 1.3384   | 0.7200  | 0.7212 
17    | 6           | [98, 99, 100, 101, 102, 103]             | [0.0100, 0.1900, 0.4200, 0.2300, 0.1400, 0.0100]                 | 1.0011   | 0.7800  | 0.7220 
18    | 8           | [101, 102, 103, 104, 105, 106, 107, 108] | [0.0200, 0.0400, 0.3700, 0.3000, 0.1700, 0.0500, 0.0300, 0.0200] | 1.6651   | 0.7600  | 0.7459 
19    | 4           | [100, 101, 102, 103]                     | [0.2800, 0.4700, 0.2300, 0.0200]                                 | 0.5899   | 0.7400  | 0.6539 
20    | 7           | [99, 100, 102, 103, 104, 105, 106]       | [0.0100, 0.0200, 0.0500, 0.5400, 0.3100, 0.0400, 0.0300]         | 1.0211   | 0.6600  | 0.6129 
21    | 5           | [98, 99, 100, 101, 102]                  | [0.0300, 0.2100, 0.4800, 0.1300, 0.1500]                         | 1.0344   | 0.6800  | 0.6921 
