
[Simulation Info]
simulation_id = sim_0005140
timestamp     = 20250428_092506
seed          = 719111
output_folder = /home/lejeunet/Bureau/simulations/Ref_table/sim_0005140

[Model Parameters]
pop_size           = 1964
num_loci           = 20
sample1_generation = 30
sample2_generation = 10
low_repeats        = 1
high_repeats       = 200
mutation_rate      = 0.001
recap_Ne           = 1964

[Sampling Design]
sample1_size_Ne  = 50
sample2_size_Ne  = 50
sample1_size_CMR = 50
sample2_size_CMR = 50

[Capture-Marquage-Recapture]
census_N   =  0
MatchCount =  0
# There were no match between sampling of individuals during CMR.

[Ne Estimates - One Sample - Decreasing critical values [0.050, 0.020, 0.010, 0+]]

[Linkage Desequilibrium]
LD_Ne_Pop1 = [1441.8, 1091.2, 1855.1, 1855.1]
LD_r2_Pop1 = [0.021507, 0.021581, 0.021455, 0.021455]
LD_Ne_Pop2 = [None, 3581.7, None, None]
LD_r2_Pop2 = [0.0211, 0.021369, 0.021247, 0.021247]

[Heterozygote excess]
HE_Neb_mean_Pop1        = [51.5, 38.4, 38.4, 38.4]
HE_weighted_D_mean_Pop1 = [0.0098, 0.0132, 0.0132, 0.0132]
HE_Neb_mean_Pop2        = [None, None, None, None]
HE_weighted_D_mean_Pop2 = [-9e-05, -0.00306, -0.00306, -0.00306]

[Molecular Coancestry]
Coan_Neb_n_Pop1 = 33.6
Coan_f1_Pop1    = 0.01487
Coan_Neb_n_Pop2 = None
Coan_f1_Pop2    = -0.0001

[Ne Estimates - Temporal - Decreasing critical values (0.050, 0.020, 0.010, 0+)]

[Pollak]
P_Ne     = [-116246.1, 9723.7, 14041.0, 14041.0]
P_Fk     = [0.01996, 0.02051, 0.02036, 0.02036]
P_Fprime = [-4e-05, 0.00051, 0.00036, 0.00036]

[Nei/Tajima]
N_Ne     = [-23439.5, 18274.9, 36179.9, 36179.9]
N_Fc     = [0.01979, 0.02027, 0.02014, 0.02014]
N_Fprime = [-0.00021, 0.00027, 0.00014, 0.00014]

[Jorde/Ryman]
J_Ne     = [-13568.0, -28857.1, -22480.2, -22480.2]
J_Fs     = [0.01973, 0.01993, 0.01988, 0.01988]
J_Fprime = [-0.00037, -0.00017, -0.00022, -0.00022]

[Genetic Diversity - Heterozygosity]
mean_exp_het_pop1 = 0.7842
mean_obs_het_pop1 = 0.7924
mean_exp_het_pop2 = 0.7894
mean_obs_het_pop2 = 0.7886

[Genetic Diversity - Allele Counts]
mean_alleles_pop1 = 6.95
var_alleles_pop1  = 1.75
sum_alleles_pop1  = 146
mean_alleles_pop2 = 7.29
var_alleles_pop2  = 1.53
sum_alleles_pop2  = 306

[Genetic Diversity - Allelic Size Variance]
var_allele_size_pop1 = 3.2174
var_allele_size_pop2 = 3.2161

[Per-locus summary - Population 1]
Locus | Num_Alleles | Alleles                                        | Frequencies                                                                      | Variance | Obs_Het | Exp_Het
------+-------------+------------------------------------------------+----------------------------------------------------------------------------------+----------+---------+--------
1     | 10          | [96, 97, 98, 99, 100, 101, 102, 103, 104, 105] | [0.0100, 0.0300, 0.1700, 0.0500, 0.2100, 0.1600, 0.0900, 0.0500, 0.1500, 0.0800] | 5.5891   | 0.8800  | 0.8671 
2     | 6           | [98, 99, 100, 101, 102, 103]                   | [0.1000, 0.3700, 0.0800, 0.1700, 0.2700, 0.0100]                                 | 2.0811   | 0.8000  | 0.7523 
3     | 6           | [97, 98, 99, 100, 101, 102]                    | [0.0700, 0.1400, 0.2900, 0.1500, 0.1700, 0.1800]                                 | 2.3075   | 0.8000  | 0.8158 
4     | 5           | [98, 99, 100, 101, 102]                        | [0.1200, 0.3500, 0.2100, 0.1300, 0.1900]                                         | 1.7136   | 0.8200  | 0.7737 
5     | 8           | [96, 97, 98, 99, 100, 101, 102, 103]           | [0.0500, 0.1000, 0.1100, 0.1100, 0.3000, 0.1900, 0.0400, 0.1000]                 | 3.4324   | 0.8000  | 0.8339 
6     | 7           | [94, 97, 98, 99, 100, 101, 102]                | [0.0200, 0.1100, 0.1500, 0.0400, 0.2200, 0.2600, 0.2000]                         | 3.3931   | 0.9000  | 0.8156 
7     | 6           | [97, 98, 99, 100, 101, 103]                    | [0.0300, 0.3200, 0.1000, 0.3300, 0.0900, 0.1300]                                 | 2.7875   | 0.7600  | 0.7604 
8     | 8           | [97, 98, 99, 100, 101, 102, 103, 104]          | [0.0200, 0.0200, 0.1500, 0.0300, 0.1500, 0.2000, 0.3900, 0.0400]                 | 2.8531   | 0.6800  | 0.7673 
9     | 6           | [98, 99, 100, 101, 102, 103]                   | [0.0500, 0.1800, 0.1700, 0.4100, 0.1600, 0.0300]                                 | 1.4084   | 0.8400  | 0.7491 
10    | 8           | [97, 98, 99, 100, 101, 102, 103, 104]          | [0.1100, 0.1800, 0.1500, 0.1100, 0.0700, 0.0500, 0.2300, 0.1000]                 | 5.6236   | 0.9000  | 0.8592 
11    | 7           | [94, 95, 96, 100, 101, 102, 103]               | [0.1600, 0.2500, 0.0500, 0.2700, 0.0700, 0.1700, 0.0300]                         | 10.1819  | 0.8200  | 0.8099 
12    | 7           | [98, 99, 100, 101, 102, 103, 104]              | [0.0800, 0.1900, 0.1900, 0.2600, 0.1400, 0.1300, 0.0100]                         | 2.2756   | 0.9000  | 0.8255 
13    | 5           | [96, 98, 99, 100, 101]                         | [0.0500, 0.4900, 0.4200, 0.0200, 0.0200]                                         | 0.7036   | 0.4000  | 0.5861 
14    | 7           | [97, 98, 99, 100, 101, 102, 103]               | [0.0700, 0.1200, 0.3600, 0.1800, 0.0500, 0.2000, 0.0200]                         | 2.4100   | 0.8000  | 0.7836 
15    | 6           | [97, 98, 99, 100, 101, 102]                    | [0.0100, 0.1800, 0.1600, 0.3200, 0.3000, 0.0300]                                 | 1.3539   | 0.7600  | 0.7562 
16    | 8           | [94, 95, 96, 97, 98, 99, 100, 101]             | [0.0500, 0.1300, 0.0900, 0.2100, 0.0700, 0.0600, 0.3000, 0.0900]                 | 4.6075   | 0.8000  | 0.8301 
17    | 5           | [96, 97, 98, 99, 101]                          | [0.0300, 0.0800, 0.6100, 0.1200, 0.1600]                                         | 1.5484   | 0.5600  | 0.5865 
18    | 9           | [95, 96, 97, 98, 99, 100, 101, 102, 103]       | [0.0300, 0.0200, 0.0600, 0.2700, 0.1600, 0.1700, 0.0600, 0.0900, 0.1400]         | 4.3275   | 0.9000  | 0.8448 
19    | 7           | [98, 99, 100, 101, 102, 103, 104]              | [0.1200, 0.0700, 0.2500, 0.1300, 0.3200, 0.0800, 0.0300]                         | 2.4876   | 0.8400  | 0.7996 
20    | 7           | [96, 97, 98, 99, 100, 101, 102]                | [0.0400, 0.1900, 0.2500, 0.0900, 0.2200, 0.2000, 0.0100]                         | 2.4700   | 0.8800  | 0.8113 
21    | 8           | [96, 97, 98, 99, 100, 101, 102, 103]           | [0.0100, 0.2000, 0.0900, 0.1600, 0.2300, 0.0400, 0.1700, 0.1000]                 | 4.0100   | 0.8000  | 0.8412 

[Per-locus summary - Population 2]
Locus | Num_Alleles | Alleles                                        | Frequencies                                                                      | Variance | Obs_Het | Exp_Het
------+-------------+------------------------------------------------+----------------------------------------------------------------------------------+----------+---------+--------
1     | 10          | [96, 97, 98, 99, 100, 101, 102, 103, 104, 105] | [0.0600, 0.0300, 0.1100, 0.0700, 0.2300, 0.1400, 0.0400, 0.0400, 0.1800, 0.1000] | 6.8964   | 0.7800  | 0.8691 
2     | 6           | [98, 99, 100, 101, 102, 103]                   | [0.1600, 0.3300, 0.1200, 0.1200, 0.2400, 0.0300]                                 | 2.3184   | 0.7800  | 0.7861 
3     | 7           | [97, 98, 99, 100, 101, 102, 103]               | [0.0300, 0.1800, 0.3200, 0.2100, 0.1600, 0.0900, 0.0100]                         | 1.7600   | 0.8000  | 0.7943 
4     | 7           | [97, 98, 99, 100, 101, 102, 103]               | [0.0200, 0.0800, 0.4200, 0.2000, 0.0900, 0.1700, 0.0200]                         | 1.8475   | 0.6800  | 0.7469 
5     | 9           | [95, 96, 97, 98, 99, 100, 101, 102, 103]       | [0.0100, 0.0700, 0.0400, 0.1600, 0.1000, 0.2800, 0.1700, 0.0600, 0.1100]         | 3.8075   | 0.8400  | 0.8432 
6     | 6           | [97, 98, 99, 100, 101, 102]                    | [0.1200, 0.1600, 0.1400, 0.2000, 0.2100, 0.1700]                                 | 2.6771   | 0.8200  | 0.8358 
7     | 7           | [96, 97, 98, 99, 100, 101, 103]                | [0.0100, 0.0300, 0.3100, 0.0700, 0.3600, 0.0900, 0.1300]                         | 2.8844   | 0.7800  | 0.7509 
8     | 8           | [97, 98, 99, 100, 101, 102, 103, 104]          | [0.0100, 0.0200, 0.1600, 0.0800, 0.0800, 0.1800, 0.4100, 0.0600]                 | 2.9576   | 0.7600  | 0.7647 
9     | 6           | [98, 99, 100, 101, 102, 103]                   | [0.0300, 0.2400, 0.2300, 0.3400, 0.1200, 0.0400]                                 | 1.3800   | 0.7400  | 0.7647 
10    | 8           | [97, 98, 99, 100, 101, 102, 103, 104]          | [0.0800, 0.1900, 0.1700, 0.1300, 0.0300, 0.1500, 0.1500, 0.1000]                 | 5.0779   | 0.8800  | 0.8644 
11    | 7           | [94, 95, 96, 100, 101, 102, 103]               | [0.1100, 0.1600, 0.0500, 0.3600, 0.1100, 0.1600, 0.0500]                         | 8.7936   | 0.8600  | 0.7980 
12    | 8           | [97, 98, 99, 100, 101, 102, 103, 104]          | [0.0200, 0.1100, 0.1200, 0.1700, 0.2500, 0.1900, 0.1300, 0.0100]                 | 2.6444   | 0.7800  | 0.8370 
13    | 6           | [96, 97, 98, 99, 100, 101]                     | [0.0800, 0.0200, 0.3600, 0.4800, 0.0400, 0.0200]                                 | 0.9664   | 0.6000  | 0.6376 
14    | 7           | [97, 98, 99, 100, 101, 102, 103]               | [0.0700, 0.0300, 0.3100, 0.2800, 0.0700, 0.2300, 0.0100]                         | 2.1396   | 0.7600  | 0.7695 
15    | 6           | [97, 98, 99, 100, 101, 102]                    | [0.0100, 0.1900, 0.1300, 0.2100, 0.3900, 0.0700]                                 | 1.6499   | 0.7600  | 0.7533 
16    | 9           | [94, 95, 96, 97, 98, 99, 100, 101, 102]        | [0.0100, 0.1400, 0.0500, 0.2600, 0.0700, 0.1100, 0.3100, 0.0300, 0.0200]         | 3.8136   | 0.8600  | 0.8038 
17    | 5           | [96, 97, 98, 99, 101]                          | [0.0400, 0.1100, 0.4800, 0.1300, 0.2400]                                         | 2.1244   | 0.7000  | 0.6883 
18    | 9           | [95, 96, 97, 98, 99, 100, 101, 102, 103]       | [0.0200, 0.0400, 0.0600, 0.3800, 0.1200, 0.1100, 0.0100, 0.1500, 0.1100]         | 4.4576   | 0.8600  | 0.7968 
19    | 7           | [98, 99, 100, 101, 102, 103, 104]              | [0.1600, 0.1500, 0.3200, 0.0800, 0.2000, 0.0800, 0.0100]                         | 2.4659   | 0.7800  | 0.8046 
20    | 7           | [96, 97, 98, 99, 100, 101, 102]                | [0.0700, 0.1400, 0.2200, 0.1400, 0.1900, 0.2100, 0.0300]                         | 2.7099   | 0.9400  | 0.8347 
21    | 7           | [97, 98, 99, 100, 101, 102, 103]               | [0.2400, 0.0700, 0.1200, 0.1700, 0.1000, 0.2300, 0.0700]                         | 4.1659   | 0.8000  | 0.8347 
