
[Simulation Info]
simulation_id = sim_0000572
timestamp     = 20250428_074454
seed          = 795446
output_folder = /home/lejeunet/Bureau/simulations/Ref_table/sim_0000572

[Model Parameters]
pop_size           = 80
num_loci           = 20
sample1_generation = 30
sample2_generation = 10
low_repeats        = 1
high_repeats       = 200
mutation_rate      = 0.001
recap_Ne           = 80

[Sampling Design]
sample1_size_Ne  = 50
sample2_size_Ne  = 50
sample1_size_CMR = 50
sample2_size_CMR = 50

[Capture-Marquage-Recapture]
census_N   =  83
MatchCount =  31

[Ne Estimates - One Sample - Decreasing critical values [0.050, 0.020, 0.010, 0+]]

[Linkage Desequilibrium]
LD_Ne_Pop1 = [35.1, 81418.2, None, None]
LD_r2_Pop1 = [0.03022, 0.02128, 0.018562, 0.018562]
LD_Ne_Pop2 = [39.9, 27.3, 74.9, 74.9]
LD_r2_Pop2 = [0.029197, 0.03257, 0.025603, 0.025603]

[Heterozygote excess]
HE_Neb_mean_Pop1        = [149.9, 65.6, 73.8, 73.8]
HE_weighted_D_mean_Pop1 = [0.00335, 0.00768, 0.00683, 0.00683]
HE_Neb_mean_Pop2        = [75.3, 53.8, 63.3, 63.3]
HE_weighted_D_mean_Pop2 = [0.00669, 0.00937, 0.00797, 0.00797]

[Molecular Coancestry]
Coan_Neb_n_Pop1 = None
Coan_f1_Pop1    = -0.06236
Coan_Neb_n_Pop2 = 25.9
Coan_f1_Pop2    = 0.01931

[Ne Estimates - Temporal - Decreasing critical values (0.050, 0.020, 0.010, 0+)]

[Pollak]
P_Ne     = [118.2, 121.1, 140.1, 152.8]
P_Fk     = [0.06228, 0.06129, 0.05568, 0.05272]
P_Fprime = [0.04228, 0.04129, 0.03568, 0.03272]

[Nei/Tajima]
N_Ne     = [117.3, 121.2, 137.8, 152.3]
N_Fc     = [0.06263, 0.06126, 0.05629, 0.05284]
N_Fprime = [0.04263, 0.04126, 0.03629, 0.03284]

[Jorde/Ryman]
J_Ne     = [153.5, 153.4, 154.6, 155.5]
J_Fs     = [0.05295, 0.05296, 0.05269, 0.05252]
J_Fprime = [0.03258, 0.03259, 0.03233, 0.03216]

[Genetic Diversity - Heterozygosity]
mean_exp_het_pop1 = 0.2429
mean_obs_het_pop1 = 0.2467
mean_exp_het_pop2 = 0.2345
mean_obs_het_pop2 = 0.2425

[Genetic Diversity - Allele Counts]
mean_alleles_pop1 = 2.0
var_alleles_pop1  = 0.35
sum_alleles_pop1  = 36
mean_alleles_pop2 = 2.22
var_alleles_pop2  = 0.29
sum_alleles_pop2  = 80

[Genetic Diversity - Allelic Size Variance]
var_allele_size_pop1 = 0.1103
var_allele_size_pop2 = 0.121

[Per-locus summary - Population 1]
Locus | Num_Alleles | Alleles        | Frequencies              | Variance | Obs_Het | Exp_Het
------+-------------+----------------+--------------------------+----------+---------+--------
1     | 2           | [99, 100]      | [0.6300, 0.3700]         | 0.2331   | 0.4200  | 0.4709 
2     | 2           | [99, 100]      | [0.0300, 0.9700]         | 0.0291   | 0.0600  | 0.0588 
3     | 2           | [99, 100]      | [0.0100, 0.9900]         | 0.0099   | 0.0200  | 0.0200 
4     | 2           | [99, 100]      | [0.5200, 0.4800]         | 0.2496   | 0.5200  | 0.5042 
5     | 2           | [100, 101]     | [0.6200, 0.3800]         | 0.2356   | 0.6000  | 0.4760 
6     | 2           | [99, 100]      | [0.0100, 0.9900]         | 0.0099   | 0.0200  | 0.0200 
7     | 2           | [100, 101]     | [0.9700, 0.0300]         | 0.0291   | 0.0600  | 0.0588 
8     | 2           | [99, 100]      | [0.3600, 0.6400]         | 0.2304   | 0.4800  | 0.4654 
9     | 2           | [100, 101]     | [0.9500, 0.0500]         | 0.0475   | 0.1000  | 0.0960 
10    | 1           | [99]           | [1.0000]                 | 0.0000   | NA      | NA     
11    | 3           | [99, 100, 101] | [0.0200, 0.8900, 0.0900] | 0.1051   | 0.1800  | 0.2014 
12    | 2           | [99, 100]      | [0.0200, 0.9800]         | 0.0196   | 0.0400  | 0.0396 
13    | 1           | [100]          | [1.0000]                 | 0.0000   | NA      | NA     
14    | 3           | [98, 99, 100]  | [0.0700, 0.3100, 0.6200] | 0.3875   | 0.4800  | 0.5198 
15    | 2           | [99, 100]      | [0.0400, 0.9600]         | 0.0384   | 0.0800  | 0.0776 
16    | 1           | [100]          | [1.0000]                 | 0.0000   | NA      | NA     
17    | 3           | [98, 99, 100]  | [0.0200, 0.2200, 0.7600] | 0.2324   | 0.3800  | 0.3774 
18    | 2           | [100, 101]     | [0.8500, 0.1500]         | 0.1275   | 0.2600  | 0.2576 

[Per-locus summary - Population 2]
Locus | Num_Alleles | Alleles        | Frequencies              | Variance | Obs_Het | Exp_Het
------+-------------+----------------+--------------------------+----------+---------+--------
1     | 3           | [99, 100, 101] | [0.5600, 0.3500, 0.0900] | 0.4291   | 0.5400  | 0.5614 
2     | 2           | [99, 100]      | [0.1400, 0.8600]         | 0.1204   | 0.2000  | 0.2432 
3     | 2           | [99, 100]      | [0.0100, 0.9900]         | 0.0099   | 0.0200  | 0.0200 
4     | 2           | [99, 100]      | [0.3900, 0.6100]         | 0.2379   | 0.6600  | 0.4806 
5     | 2           | [100, 101]     | [0.7500, 0.2500]         | 0.1875   | 0.4600  | 0.3788 
6     | 2           | [99, 100]      | [0.1000, 0.9000]         | 0.0900   | 0.1600  | 0.1818 
7     | 1           | [100]          | [1.0000]                 | 0.0000   | NA      | NA     
8     | 3           | [98, 99, 100]  | [0.0200, 0.2900, 0.6900] | 0.2611   | 0.4600  | 0.4438 
9     | 1           | [100]          | [1.0000]                 | 0.0000   | NA      | NA     
10    | 3           | [99, 100, 101] | [0.9700, 0.0200, 0.0100] | 0.0584   | 0.0600  | 0.0592 
11    | 2           | [100, 101]     | [0.9600, 0.0400]         | 0.0384   | 0.0800  | 0.0776 
12    | 2           | [99, 100]      | [0.0300, 0.9700]         | 0.0291   | 0.0600  | 0.0588 
13    | 2           | [99, 100]      | [0.0100, 0.9900]         | 0.0099   | 0.0200  | 0.0200 
14    | 3           | [98, 99, 100]  | [0.0500, 0.2900, 0.6600] | 0.3379   | 0.4200  | 0.4826 
15    | 2           | [99, 100]      | [0.0700, 0.9300]         | 0.0651   | 0.1400  | 0.1315 
16    | 2           | [100, 101]     | [0.9900, 0.0100]         | 0.0099   | 0.0200  | 0.0200 
17    | 2           | [99, 100]      | [0.1200, 0.8800]         | 0.1056   | 0.1600  | 0.2133 
18    | 2           | [100, 101]     | [0.7500, 0.2500]         | 0.1875   | 0.4200  | 0.3788 
