
[Simulation Info]
simulation_id = sim_0004539
timestamp     = 20250428_091046
seed          = 424526
output_folder = /home/lejeunet/Bureau/simulations/Ref_table/sim_0004539

[Model Parameters]
pop_size           = 62
num_loci           = 20
sample1_generation = 30
sample2_generation = 10
low_repeats        = 1
high_repeats       = 200
mutation_rate      = 0.001
recap_Ne           = 62

[Sampling Design]
sample1_size_Ne  = 50
sample2_size_Ne  = 50
sample1_size_CMR = 50
sample2_size_CMR = 50

[Capture-Marquage-Recapture]
census_N   =  66
MatchCount =  39

[Ne Estimates - One Sample - Decreasing critical values [0.050, 0.020, 0.010, 0+]]

[Linkage Desequilibrium]
LD_Ne_Pop1 = [39.3, 48.0, 44.8, 44.8]
LD_r2_Pop1 = [0.02931, 0.027924, 0.028379, 0.028379]
LD_Ne_Pop2 = [32.1, 106.3, 31.3, 31.3]
LD_r2_Pop2 = [0.030984, 0.024352, 0.031214, 0.031214]

[Heterozygote excess]
HE_Neb_mean_Pop1        = [10.2, 11.0, 12.8, 12.8]
HE_weighted_D_mean_Pop1 = [0.05134, 0.04735, 0.04059, 0.04059]
HE_Neb_mean_Pop2        = [16.8, 17.7, 20.7, 20.7]
HE_weighted_D_mean_Pop2 = [0.03061, 0.02908, 0.02472, 0.02472]

[Molecular Coancestry]
Coan_Neb_n_Pop1 = 3.1
Coan_f1_Pop1    = 0.16185
Coan_Neb_n_Pop2 = 3.7
Coan_f1_Pop2    = 0.13553

[Ne Estimates - Temporal - Decreasing critical values (0.050, 0.020, 0.010, 0+)]

[Pollak]
P_Ne     = [90.6, 107.7, 115.1, 124.7]
P_Fk     = [0.07522, 0.06643, 0.06344, 0.0601]
P_Fprime = [0.05522, 0.04643, 0.04344, 0.0401]

[Nei/Tajima]
N_Ne     = [83.8, 96.8, 105.5, 116.3]
N_Fc     = [0.07964, 0.07166, 0.06739, 0.06298]
N_Fprime = [0.05964, 0.05166, 0.04739, 0.04298]

[Jorde/Ryman]
J_Ne     = [73.8, 76.2, 77.0, 77.4]
J_Fs     = [0.08896, 0.08682, 0.08614, 0.08578]
J_Fprime = [0.06771, 0.06563, 0.06497, 0.06463]

[Genetic Diversity - Heterozygosity]
mean_exp_het_pop1 = 0.2379
mean_obs_het_pop1 = 0.2467
mean_exp_het_pop2 = 0.2482
mean_obs_het_pop2 = 0.2547

[Genetic Diversity - Allele Counts]
mean_alleles_pop1 = 2.24
var_alleles_pop1  = 0.44
sum_alleles_pop1  = 38
mean_alleles_pop2 = 2.35
var_alleles_pop2  = 0.36
sum_alleles_pop2  = 80

[Genetic Diversity - Allelic Size Variance]
var_allele_size_pop1 = 0.1541
var_allele_size_pop2 = 0.1613

[Per-locus summary - Population 1]
Locus | Num_Alleles | Alleles         | Frequencies              | Variance | Obs_Het | Exp_Het
------+-------------+-----------------+--------------------------+----------+---------+--------
1     | 2           | [100, 101]      | [0.9900, 0.0100]         | 0.0099   | 0.0200  | 0.0200 
2     | 2           | [100, 101]      | [0.9700, 0.0300]         | 0.0291   | 0.0600  | 0.0588 
3     | 3           | [99, 100, 101]  | [0.0800, 0.9000, 0.0200] | 0.0964   | 0.2000  | 0.1850 
4     | 3           | [100, 101, 102] | [0.7300, 0.2000, 0.0700] | 0.3644   | 0.5200  | 0.4265 
5     | 3           | [99, 100, 101]  | [0.1000, 0.8800, 0.0200] | 0.1136   | 0.2400  | 0.2174 
6     | 2           | [99, 100]       | [0.3800, 0.6200]         | 0.2356   | 0.4800  | 0.4760 
7     | 2           | [99, 100]       | [0.0200, 0.9800]         | 0.0196   | 0.0400  | 0.0396 
8     | 1           | [100]           | [1.0000]                 | 0.0000   | NA      | NA     
9     | 2           | [100, 101]      | [0.9900, 0.0100]         | 0.0099   | 0.0200  | 0.0200 
10    | 3           | [99, 100, 101]  | [0.1300, 0.8300, 0.0400] | 0.1619   | 0.3000  | 0.2956 
11    | 2           | [99, 100]       | [0.0100, 0.9900]         | 0.0099   | 0.0200  | 0.0200 
12    | 2           | [100, 101]      | [0.8000, 0.2000]         | 0.1600   | 0.3200  | 0.3232 
13    | 3           | [98, 99, 101]   | [0.0100, 0.6700, 0.3200] | 0.8931   | 0.4600  | 0.4531 
14    | 3           | [99, 100, 101]  | [0.0100, 0.8500, 0.1400] | 0.1331   | 0.3000  | 0.2604 
15    | 2           | [99, 100]       | [0.1600, 0.8400]         | 0.1344   | 0.2800  | 0.2715 
16    | 1           | [100]           | [1.0000]                 | 0.0000   | NA      | NA     
17    | 2           | [100, 101]      | [0.4600, 0.5400]         | 0.2484   | 0.4400  | 0.5018 

[Per-locus summary - Population 2]
Locus | Num_Alleles | Alleles         | Frequencies              | Variance | Obs_Het | Exp_Het
------+-------------+-----------------+--------------------------+----------+---------+--------
1     | 3           | [99, 100, 101]  | [0.0400, 0.7700, 0.1900] | 0.2075   | 0.4000  | 0.3731 
2     | 1           | [100]           | [1.0000]                 | 0.0000   | NA      | NA     
3     | 2           | [99, 100]       | [0.0100, 0.9900]         | 0.0099   | 0.0200  | 0.0200 
4     | 3           | [100, 101, 102] | [0.6100, 0.2900, 0.1000] | 0.4499   | 0.6000  | 0.5392 
5     | 2           | [99, 100]       | [0.1300, 0.8700]         | 0.1131   | 0.2600  | 0.2285 
6     | 2           | [99, 100]       | [0.3000, 0.7000]         | 0.2100   | 0.3200  | 0.4242 
7     | 3           | [99, 100, 101]  | [0.0300, 0.9600, 0.0100] | 0.0396   | 0.0800  | 0.0782 
8     | 2           | [100, 101]      | [0.9900, 0.0100]         | 0.0099   | 0.0200  | 0.0200 
9     | 1           | [100]           | [1.0000]                 | 0.0000   | NA      | NA     
10    | 2           | [99, 100]       | [0.2900, 0.7100]         | 0.2059   | 0.3800  | 0.4160 
11    | 2           | [99, 100]       | [0.0100, 0.9900]         | 0.0099   | 0.0200  | 0.0200 
12    | 3           | [99, 100, 101]  | [0.0100, 0.8300, 0.1600] | 0.1475   | 0.2200  | 0.2883 
13    | 2           | [99, 101]       | [0.6500, 0.3500]         | 0.9100   | 0.5400  | 0.4596 
14    | 3           | [99, 100, 101]  | [0.0200, 0.9000, 0.0800] | 0.0964   | 0.2000  | 0.1850 
15    | 2           | [99, 100]       | [0.1500, 0.8500]         | 0.1275   | 0.3000  | 0.2576 
16    | 2           | [100, 101]      | [0.9600, 0.0400]         | 0.0384   | 0.0800  | 0.0776 
17    | 2           | [100, 101]      | [0.2100, 0.7900]         | 0.1659   | 0.3800  | 0.3352 
