
[Simulation Info]
simulation_id = sim_0001648
timestamp     = 20250428_080643
seed          = 191041
output_folder = /home/lejeunet/Bureau/simulations/Ref_table/sim_0001648

[Model Parameters]
pop_size           = 2718
num_loci           = 20
sample1_generation = 30
sample2_generation = 10
low_repeats        = 1
high_repeats       = 200
mutation_rate      = 0.001
recap_Ne           = 2718

[Sampling Design]
sample1_size_Ne  = 50
sample2_size_Ne  = 50
sample1_size_CMR = 50
sample2_size_CMR = 50

[Capture-Marquage-Recapture]
census_N   =  2601
MatchCount =  1

[Ne Estimates - One Sample - Decreasing critical values [0.050, 0.020, 0.010, 0+]]

[Linkage Desequilibrium]
LD_Ne_Pop1 = [None, None, None, None]
LD_r2_Pop1 = [0.02071, 0.02119, 0.021132, 0.021132]
LD_Ne_Pop2 = [701.3, 1686.4, 1954.8, 1954.8]
LD_r2_Pop2 = [0.02175, 0.021473, 0.021446, 0.021446]

[Heterozygote excess]
HE_Neb_mean_Pop1        = [None, 4699.2, 328.9, 328.9]
HE_weighted_D_mean_Pop1 = [-0.0033, 0.00011, 0.00152, 0.00152]
HE_Neb_mean_Pop2        = [108.1, 90.6, 107.6, 107.6]
HE_weighted_D_mean_Pop2 = [0.00465, 0.00555, 0.00467, 0.00467]

[Molecular Coancestry]
Coan_Neb_n_Pop1 = None
Coan_f1_Pop1    = -0.00385
Coan_Neb_n_Pop2 = 744.3
Coan_f1_Pop2    = 0.00067

[Ne Estimates - Temporal - Decreasing critical values (0.050, 0.020, 0.010, 0+)]

[Pollak]
P_Ne     = [2106.1, 85255.6, -6874.8, -6949.9]
P_Fk     = [0.02237, 0.02006, 0.01927, 0.01928]
P_Fprime = [0.00237, 6e-05, -0.00073, -0.00072]

[Nei/Tajima]
N_Ne     = [2381.1, 81467.6, -7691.8, -7767.2]
N_Fc     = [0.0221, 0.02006, 0.01935, 0.01936]
N_Fprime = [0.0021, 6e-05, -0.00065, -0.00064]

[Jorde/Ryman]
J_Ne     = [1888.3, 2142.4, 2150.9, 2151.0]
J_Fs     = [0.02275, 0.02244, 0.02243, 0.02243]
J_Fprime = [0.00265, 0.00233, 0.00232, 0.00232]

[Genetic Diversity - Heterozygosity]
mean_exp_het_pop1 = 0.7845
mean_obs_het_pop1 = 0.7838
mean_exp_het_pop2 = 0.7801
mean_obs_het_pop2 = 0.7857

[Genetic Diversity - Allele Counts]
mean_alleles_pop1 = 9.38
var_alleles_pop1  = 4.05
sum_alleles_pop1  = 197
mean_alleles_pop2 = 9.62
var_alleles_pop2  = 4.0
sum_alleles_pop2  = 404

[Genetic Diversity - Allelic Size Variance]
var_allele_size_pop1 = 6.1708
var_allele_size_pop2 = 6.0336

[Per-locus summary - Population 1]
Locus | Num_Alleles | Alleles                                                      | Frequencies                                                                                              | Variance | Obs_Het | Exp_Het
------+-------------+--------------------------------------------------------------+----------------------------------------------------------------------------------------------------------+----------+---------+--------
1     | 6           | [99, 100, 101, 102, 103, 105]                                | [0.0600, 0.1400, 0.2800, 0.4100, 0.0800, 0.0300]                                                         | 1.4051   | 0.7800  | 0.7303 
2     | 10          | [95, 96, 97, 98, 99, 100, 101, 102, 103, 104]                | [0.0300, 0.1200, 0.0100, 0.0900, 0.1500, 0.4900, 0.0100, 0.0500, 0.0400, 0.0100]                         | 3.4816   | 0.7600  | 0.7168 
3     | 8           | [96, 97, 98, 99, 100, 101, 102, 104]                         | [0.0200, 0.0800, 0.1900, 0.1700, 0.3300, 0.0500, 0.0600, 0.1000]                                         | 3.7700   | 0.7800  | 0.8113 
4     | 11          | [93, 94, 96, 97, 98, 99, 100, 101, 102, 105, 106]            | [0.0100, 0.0100, 0.0100, 0.0500, 0.1000, 0.4600, 0.2400, 0.0700, 0.0100, 0.0300, 0.0100]                 | 3.0776   | 0.7200  | 0.7192 
5     | 9           | [94, 95, 96, 97, 98, 101, 102, 103, 104]                     | [0.0300, 0.0600, 0.5300, 0.0600, 0.0200, 0.0500, 0.0900, 0.1100, 0.0500]                                 | 9.6364   | 0.7600  | 0.6923 
6     | 11          | [93, 94, 95, 96, 101, 102, 103, 104, 105, 106, 107]          | [0.0300, 0.1300, 0.0600, 0.1100, 0.0600, 0.0900, 0.1200, 0.1200, 0.2300, 0.0400, 0.0100]                 | 19.8539  | 0.9400  | 0.8802 
7     | 9           | [97, 98, 99, 100, 101, 102, 103, 104, 105]                   | [0.0100, 0.0700, 0.0900, 0.1400, 0.0100, 0.0100, 0.3800, 0.2200, 0.0700]                                 | 4.6204   | 0.8400  | 0.7772 
8     | 10          | [96, 99, 100, 101, 102, 103, 104, 105, 106, 107]             | [0.0300, 0.0400, 0.2100, 0.3800, 0.1000, 0.0500, 0.0100, 0.1300, 0.0200, 0.0300]                         | 4.8219   | 0.7400  | 0.7861 
9     | 10          | [93, 94, 95, 96, 97, 98, 99, 101, 102, 103]                  | [0.0300, 0.1100, 0.1500, 0.3000, 0.1500, 0.0400, 0.1200, 0.0500, 0.0400, 0.0100]                         | 4.9539   | 0.8000  | 0.8402 
10    | 10          | [92, 93, 94, 95, 97, 98, 99, 100, 103, 104]                  | [0.0200, 0.1500, 0.2200, 0.2700, 0.0100, 0.0400, 0.0100, 0.1500, 0.0300, 0.1000]                         | 13.1099  | 0.7800  | 0.8289 
11    | 12          | [97, 98, 99, 100, 101, 102, 103, 104, 105, 106, 107, 108]    | [0.0700, 0.0300, 0.0100, 0.0700, 0.1700, 0.1200, 0.2200, 0.0200, 0.2200, 0.0200, 0.0100, 0.0400]         | 6.8296   | 0.8800  | 0.8551 
12    | 10          | [94, 96, 97, 98, 99, 100, 101, 102, 103, 104]                | [0.0100, 0.1100, 0.0200, 0.0400, 0.3800, 0.1800, 0.0900, 0.1000, 0.0300, 0.0400]                         | 4.0096   | 0.7600  | 0.7964 
13    | 13          | [95, 96, 97, 98, 99, 100, 101, 102, 103, 104, 105, 106, 107] | [0.0200, 0.0300, 0.2300, 0.3500, 0.0700, 0.0300, 0.0300, 0.1500, 0.0100, 0.0100, 0.0200, 0.0400, 0.0100] | 7.0731   | 0.8200  | 0.7998 
14    | 9           | [93, 95, 96, 97, 98, 99, 101, 102, 103]                      | [0.0100, 0.0100, 0.0900, 0.4100, 0.0400, 0.1000, 0.1300, 0.1800, 0.0300]                                 | 5.5339   | 0.8400  | 0.7695 
15    | 5           | [102, 103, 104, 105, 106]                                    | [0.0500, 0.2600, 0.0800, 0.4400, 0.1700]                                                                 | 1.4036   | 0.7000  | 0.7081 
16    | 11          | [96, 97, 98, 99, 100, 101, 102, 103, 104, 105, 106]          | [0.0100, 0.1000, 0.0700, 0.0500, 0.0100, 0.0100, 0.1800, 0.2100, 0.3100, 0.0300, 0.0200]                 | 6.5196   | 0.8400  | 0.8166 
17    | 10          | [95, 96, 97, 98, 99, 100, 101, 102, 103, 104]                | [0.0100, 0.0300, 0.3100, 0.0200, 0.0100, 0.0900, 0.1400, 0.2500, 0.1100, 0.0300]                         | 6.2164   | 0.8000  | 0.8073 
18    | 10          | [95, 96, 97, 98, 99, 100, 101, 102, 103, 104]                | [0.0600, 0.0900, 0.3100, 0.2200, 0.0200, 0.0900, 0.0100, 0.0500, 0.0700, 0.0800]                         | 6.7619   | 0.8200  | 0.8297 
19    | 10          | [96, 98, 99, 100, 102, 103, 104, 105, 106, 107]              | [0.1200, 0.0900, 0.0200, 0.0300, 0.0200, 0.0400, 0.2600, 0.1800, 0.1500, 0.0900]                         | 12.5075  | 0.7200  | 0.8521 
20    | 6           | [99, 100, 101, 102, 103, 105]                                | [0.1100, 0.5100, 0.2200, 0.0800, 0.0300, 0.0500]                                                         | 1.7979   | 0.7200  | 0.6764 
21    | 7           | [96, 97, 98, 99, 100, 101, 103]                              | [0.0800, 0.0300, 0.1400, 0.3400, 0.1600, 0.2400, 0.0100]                                                 | 2.2024   | 0.6600  | 0.7820 

[Per-locus summary - Population 2]
Locus | Num_Alleles | Alleles                                                  | Frequencies                                                                                      | Variance | Obs_Het | Exp_Het
------+-------------+----------------------------------------------------------+--------------------------------------------------------------------------------------------------+----------+---------+--------
1     | 7           | [99, 100, 101, 102, 103, 104, 105]                       | [0.0500, 0.1200, 0.2300, 0.4500, 0.0700, 0.0200, 0.0600]                                         | 1.7411   | 0.7200  | 0.7261 
2     | 11          | [94, 95, 96, 97, 98, 99, 100, 101, 102, 103, 104]        | [0.0200, 0.0500, 0.0200, 0.0100, 0.0900, 0.1600, 0.5400, 0.0100, 0.0500, 0.0400, 0.0100]         | 3.3275   | 0.6200  | 0.6737 
3     | 9           | [96, 97, 98, 99, 100, 101, 102, 104, 105]                | [0.0200, 0.1500, 0.2100, 0.1800, 0.2100, 0.1000, 0.0400, 0.0800, 0.0100]                         | 4.1436   | 0.9400  | 0.8469 
4     | 10          | [93, 94, 97, 98, 99, 100, 101, 102, 105, 106]            | [0.0100, 0.0200, 0.0700, 0.0900, 0.3400, 0.2200, 0.0900, 0.0200, 0.1200, 0.0200]                 | 6.4251   | 0.8800  | 0.8073 
5     | 9           | [94, 95, 96, 97, 98, 101, 102, 103, 104]                 | [0.0300, 0.1000, 0.4200, 0.1500, 0.0100, 0.0400, 0.1000, 0.0500, 0.1000]                         | 10.0184  | 0.7400  | 0.7737 
6     | 12          | [93, 94, 95, 96, 100, 101, 102, 103, 104, 105, 106, 107] | [0.0400, 0.1000, 0.0700, 0.0700, 0.0100, 0.0900, 0.1000, 0.0900, 0.1900, 0.2000, 0.0200, 0.0200] | 18.3251  | 0.8800  | 0.8842 
7     | 7           | [98, 99, 100, 102, 103, 104, 105]                        | [0.0800, 0.0800, 0.0700, 0.0300, 0.3800, 0.3000, 0.0600]                                         | 4.1884   | 0.7800  | 0.7509 
8     | 11          | [96, 97, 99, 100, 101, 102, 103, 104, 105, 106, 107]     | [0.0500, 0.0100, 0.0200, 0.2400, 0.3400, 0.0700, 0.0800, 0.0500, 0.1100, 0.0200, 0.0100]         | 5.0219   | 0.7400  | 0.8054 
9     | 10          | [92, 93, 94, 95, 96, 97, 98, 99, 101, 102]               | [0.0100, 0.0300, 0.0700, 0.1500, 0.2900, 0.1000, 0.0900, 0.1000, 0.1000, 0.0600]                 | 5.8396   | 0.8200  | 0.8543 
10    | 11          | [92, 93, 94, 95, 96, 97, 98, 99, 100, 103, 104]          | [0.0200, 0.1400, 0.0700, 0.3700, 0.0300, 0.0300, 0.0600, 0.0400, 0.1100, 0.0400, 0.0900]         | 11.8500  | 0.8600  | 0.8176 
11    | 11          | [97, 98, 99, 100, 101, 102, 103, 104, 105, 106, 108]     | [0.0300, 0.0300, 0.0100, 0.0600, 0.1400, 0.1500, 0.2100, 0.0200, 0.3300, 0.0100, 0.0100]         | 4.8716   | 0.7200  | 0.8069 
12    | 11          | [94, 95, 96, 97, 98, 99, 100, 101, 102, 103, 104]        | [0.0100, 0.0100, 0.0200, 0.0200, 0.0300, 0.4500, 0.1800, 0.1000, 0.0900, 0.0400, 0.0500]         | 3.2744   | 0.7800  | 0.7485 
13    | 12          | [95, 96, 97, 98, 99, 100, 101, 102, 103, 105, 106, 107]  | [0.0100, 0.0400, 0.2100, 0.3200, 0.1200, 0.0700, 0.0200, 0.1200, 0.0100, 0.0200, 0.0400, 0.0200] | 7.0011   | 0.8800  | 0.8234 
14    | 10          | [93, 95, 96, 97, 98, 99, 100, 101, 102, 103]             | [0.0200, 0.0700, 0.0800, 0.4100, 0.0800, 0.0900, 0.0100, 0.0400, 0.1800, 0.0200]                 | 5.7011   | 0.8000  | 0.7790 
15    | 5           | [102, 103, 104, 105, 106]                                | [0.0800, 0.1700, 0.0300, 0.5700, 0.1500]                                                         | 1.3684   | 0.7000  | 0.6226 
16    | 10          | [96, 97, 98, 99, 100, 101, 102, 103, 104, 105]           | [0.0300, 0.0800, 0.0500, 0.0400, 0.0200, 0.0400, 0.2000, 0.2200, 0.3000, 0.0200]                 | 5.9500   | 0.8200  | 0.8160 
17    | 9           | [96, 97, 98, 99, 100, 101, 102, 103, 104]                | [0.0100, 0.2700, 0.0300, 0.0300, 0.0100, 0.1400, 0.3900, 0.1100, 0.0100]                         | 5.4675   | 0.6800  | 0.7487 
18    | 10          | [95, 96, 97, 98, 99, 100, 101, 102, 103, 104]            | [0.0300, 0.0400, 0.4500, 0.1300, 0.0300, 0.0800, 0.0200, 0.0700, 0.0500, 0.1000]                 | 6.8024   | 0.6600  | 0.7606 
19    | 10          | [96, 98, 99, 100, 102, 103, 104, 105, 106, 107]          | [0.0900, 0.0800, 0.0100, 0.0300, 0.0700, 0.0400, 0.2200, 0.1600, 0.2600, 0.0400]                 | 10.6875  | 0.9200  | 0.8432 
20    | 6           | [99, 100, 101, 102, 103, 105]                            | [0.1800, 0.4900, 0.1100, 0.1100, 0.0400, 0.0700]                                                 | 2.4556   | 0.7400  | 0.7038 
21    | 7           | [96, 97, 98, 99, 100, 101, 103]                          | [0.0500, 0.0800, 0.1900, 0.3400, 0.1000, 0.2200, 0.0200]                                         | 2.2456   | 0.8200  | 0.7885 
