
[Simulation Info]
simulation_id = sim_0003324
timestamp     = 20250428_084141
seed          = 961857
output_folder = /home/lejeunet/Bureau/simulations/Ref_table/sim_0003324

[Model Parameters]
pop_size           = 92
num_loci           = 20
sample1_generation = 30
sample2_generation = 10
low_repeats        = 1
high_repeats       = 200
mutation_rate      = 0.001
recap_Ne           = 92

[Sampling Design]
sample1_size_Ne  = 50
sample2_size_Ne  = 50
sample1_size_CMR = 50
sample2_size_CMR = 50

[Capture-Marquage-Recapture]
census_N   =  96
MatchCount =  27

[Ne Estimates - One Sample - Decreasing critical values [0.050, 0.020, 0.010, 0+]]

[Linkage Desequilibrium]
LD_Ne_Pop1 = [22.2, 44.7, 45.4, 45.4]
LD_r2_Pop1 = [0.034886, 0.028389, 0.028279, 0.028279]
LD_Ne_Pop2 = [77.1, 70.7, 101.9, 101.9]
LD_r2_Pop2 = [0.025483, 0.025852, 0.02448, 0.02448]

[Heterozygote excess]
HE_Neb_mean_Pop1        = [None, None, None, None]
HE_weighted_D_mean_Pop1 = [-0.06924, -0.07213, -0.06246, -0.06246]
HE_Neb_mean_Pop2        = [115.7, 103.7, 107.5, 107.5]
HE_weighted_D_mean_Pop2 = [0.00434, 0.00484, 0.00467, 0.00467]

[Molecular Coancestry]
Coan_Neb_n_Pop1 = 7.1
Coan_f1_Pop1    = 0.07054
Coan_Neb_n_Pop2 = 19.9
Coan_f1_Pop2    = 0.02508

[Ne Estimates - Temporal - Decreasing critical values (0.050, 0.020, 0.010, 0+)]

[Pollak]
P_Ne     = [79.5, 97.2, 105.4, 105.4]
P_Fk     = [0.0829, 0.07143, 0.06742, 0.06742]
P_Fprime = [0.0629, 0.05143, 0.04742, 0.04742]

[Nei/Tajima]
N_Ne     = [70.7, 87.0, 95.2, 95.2]
N_Fc     = [0.09072, 0.07745, 0.07251, 0.07251]
N_Fprime = [0.07072, 0.05745, 0.05251, 0.05251]

[Jorde/Ryman]
J_Ne     = [51.1, 53.2, 53.7, 53.7]
J_Fs     = [0.12042, 0.11626, 0.11539, 0.11539]
J_Fprime = [0.09788, 0.09392, 0.09309, 0.09309]

[Genetic Diversity - Heterozygosity]
mean_exp_het_pop1 = 0.2744
mean_obs_het_pop1 = 0.2558
mean_exp_het_pop2 = 0.2792
mean_obs_het_pop2 = 0.2778

[Genetic Diversity - Allele Counts]
mean_alleles_pop1 = 2.68
var_alleles_pop1  = 0.34
sum_alleles_pop1  = 51
mean_alleles_pop2 = 2.66
var_alleles_pop2  = 0.39
sum_alleles_pop2  = 101

[Genetic Diversity - Allelic Size Variance]
var_allele_size_pop1 = 0.1862
var_allele_size_pop2 = 0.1637

[Per-locus summary - Population 1]
Locus | Num_Alleles | Alleles            | Frequencies                      | Variance | Obs_Het | Exp_Het
------+-------------+--------------------+----------------------------------+----------+---------+--------
1     | 3           | [99, 100, 101]     | [0.4500, 0.4200, 0.1300]         | 0.4776   | 0.5000  | 0.6103 
2     | 3           | [98, 99, 100]      | [0.2300, 0.1400, 0.6300]         | 0.7000   | 0.4600  | 0.5360 
3     | 2           | [99, 100]          | [0.0200, 0.9800]                 | 0.0196   | 0.0400  | 0.0396 
4     | 3           | [98, 99, 100]      | [0.0200, 0.9000, 0.0800]         | 0.0964   | 0.1200  | 0.1850 
5     | 2           | [99, 100]          | [0.4100, 0.5900]                 | 0.2419   | 0.5000  | 0.4887 
6     | 2           | [99, 100]          | [0.4600, 0.5400]                 | 0.2484   | 0.4800  | 0.5018 
7     | 2           | [100, 101]         | [0.9600, 0.0400]                 | 0.0384   | 0.0800  | 0.0776 
8     | 2           | [100, 101]         | [0.9500, 0.0500]                 | 0.0475   | 0.1000  | 0.0960 
9     | 2           | [100, 101]         | [0.9800, 0.0200]                 | 0.0196   | 0.0400  | 0.0396 
10    | 3           | [99, 100, 101]     | [0.1900, 0.7800, 0.0300]         | 0.1944   | 0.3400  | 0.3582 
11    | 3           | [99, 100, 101]     | [0.0400, 0.9200, 0.0400]         | 0.0800   | 0.1600  | 0.1519 
12    | 3           | [100, 101, 102]    | [0.7700, 0.1500, 0.0800]         | 0.3739   | 0.4000  | 0.3820 
13    | 3           | [100, 101, 102]    | [0.5500, 0.4200, 0.0300]         | 0.3096   | 0.5400  | 0.5254 
14    | 3           | [99, 100, 101]     | [0.0100, 0.9700, 0.0200]         | 0.0299   | 0.0600  | 0.0592 
15    | 2           | [100, 101]         | [0.9100, 0.0900]                 | 0.0819   | 0.1400  | 0.1655 
16    | 4           | [98, 99, 100, 101] | [0.0100, 0.0100, 0.9700, 0.0100] | 0.0596   | 0.0400  | 0.0594 
17    | 3           | [99, 100, 101]     | [0.1700, 0.7400, 0.0900]         | 0.2536   | 0.4000  | 0.4196 
18    | 3           | [99, 100, 101]     | [0.0100, 0.9100, 0.0800]         | 0.0851   | 0.1400  | 0.1671 
19    | 3           | [100, 101, 102]    | [0.2100, 0.7800, 0.0100]         | 0.1800   | 0.3200  | 0.3509 

[Per-locus summary - Population 2]
Locus | Num_Alleles | Alleles         | Frequencies              | Variance | Obs_Het | Exp_Het
------+-------------+-----------------+--------------------------+----------+---------+--------
1     | 3           | [99, 100, 101]  | [0.2900, 0.4900, 0.2200] | 0.5051   | 0.6400  | 0.6337 
2     | 3           | [98, 99, 100]   | [0.0600, 0.1100, 0.8300] | 0.2971   | 0.3000  | 0.2984 
3     | 1           | [100]           | [1.0000]                 | 0.0000   | NA      | NA     
4     | 3           | [99, 100, 101]  | [0.8600, 0.0900, 0.0500] | 0.2539   | 0.2400  | 0.2523 
5     | 2           | [99, 100]       | [0.1000, 0.9000]         | 0.0900   | 0.2000  | 0.1818 
6     | 2           | [99, 100]       | [0.3400, 0.6600]         | 0.2244   | 0.4400  | 0.4533 
7     | 2           | [100, 101]      | [0.9800, 0.0200]         | 0.0196   | 0.0400  | 0.0396 
8     | 3           | [99, 100, 101]  | [0.0200, 0.7700, 0.2100] | 0.1939   | 0.3800  | 0.3663 
9     | 2           | [100, 101]      | [0.9900, 0.0100]         | 0.0099   | 0.0200  | 0.0200 
10    | 3           | [99, 100, 101]  | [0.1100, 0.8800, 0.0100] | 0.1100   | 0.2000  | 0.2156 
11    | 3           | [99, 100, 101]  | [0.0300, 0.9500, 0.0200] | 0.0499   | 0.1000  | 0.0972 
12    | 3           | [100, 101, 102] | [0.5700, 0.3600, 0.0700] | 0.3900   | 0.5000  | 0.5461 
13    | 2           | [100, 101]      | [0.5700, 0.4300]         | 0.2451   | 0.4200  | 0.4951 
14    | 2           | [100, 101]      | [0.9500, 0.0500]         | 0.0475   | 0.1000  | 0.0960 
15    | 3           | [99, 100, 101]  | [0.0100, 0.8200, 0.1700] | 0.1544   | 0.2800  | 0.3016 
16    | 3           | [99, 100, 101]  | [0.0400, 0.9400, 0.0200] | 0.0596   | 0.1200  | 0.1156 
17    | 3           | [99, 100, 101]  | [0.0500, 0.8900, 0.0600] | 0.1099   | 0.2200  | 0.2038 
18    | 2           | [100, 101]      | [0.8600, 0.1400]         | 0.1204   | 0.2400  | 0.2432 
19    | 2           | [100, 101]      | [0.3600, 0.6400]         | 0.2304   | 0.5600  | 0.4654 
