
[Simulation Info]
simulation_id = sim_0004271
timestamp     = 20250428_090446
seed          = 859480
output_folder = /home/lejeunet/Bureau/simulations/Ref_table/sim_0004271

[Model Parameters]
pop_size           = 712
num_loci           = 20
sample1_generation = 30
sample2_generation = 10
low_repeats        = 1
high_repeats       = 200
mutation_rate      = 0.001
recap_Ne           = 712

[Sampling Design]
sample1_size_Ne  = 50
sample2_size_Ne  = 50
sample1_size_CMR = 50
sample2_size_CMR = 50

[Capture-Marquage-Recapture]
census_N   =  1300
MatchCount =  2

[Ne Estimates - One Sample - Decreasing critical values [0.050, 0.020, 0.010, 0+]]

[Linkage Desequilibrium]
LD_Ne_Pop1 = [2341.1, 246402.0, 2520.2, 2520.2]
LD_r2_Pop1 = [0.021418, 0.021277, 0.021408, 0.021408]
LD_Ne_Pop2 = [284.9, 323.6, 682.6, 682.6]
LD_r2_Pop2 = [0.022438, 0.0223, 0.021763, 0.021763]

[Heterozygote excess]
HE_Neb_mean_Pop1        = [None, None, None, None]
HE_weighted_D_mean_Pop1 = [-0.02367, -0.01572, -0.0149, -0.0149]
HE_Neb_mean_Pop2        = [19.8, 22.6, 22.7, 22.7]
HE_weighted_D_mean_Pop2 = [0.02592, 0.02263, 0.02249, 0.02249]

[Molecular Coancestry]
Coan_Neb_n_Pop1 = None
Coan_f1_Pop1    = -0.00974
Coan_Neb_n_Pop2 = 146.1
Coan_f1_Pop2    = 0.00342

[Ne Estimates - Temporal - Decreasing critical values (0.050, 0.020, 0.010, 0+)]

[Pollak]
P_Ne     = [736.6, 797.3, 858.3, 858.3]
P_Fk     = [0.02679, 0.02627, 0.02583, 0.02583]
P_Fprime = [0.00679, 0.00627, 0.00583, 0.00583]

[Nei/Tajima]
N_Ne     = [776.7, 829.3, 880.8, 880.8]
N_Fc     = [0.02644, 0.02603, 0.02568, 0.02568]
N_Fprime = [0.00644, 0.00603, 0.00568, 0.00568]

[Jorde/Ryman]
J_Ne     = [619.5, 620.6, 619.6, 619.6]
J_Fs     = [0.02819, 0.02817, 0.02819, 0.02819]
J_Fprime = [0.00807, 0.00806, 0.00807, 0.00807]

[Genetic Diversity - Heterozygosity]
mean_exp_het_pop1 = 0.6729
mean_obs_het_pop1 = 0.6648
mean_exp_het_pop2 = 0.684
mean_obs_het_pop2 = 0.7076

[Genetic Diversity - Allele Counts]
mean_alleles_pop1 = 5.1
var_alleles_pop1  = 0.59
sum_alleles_pop1  = 107
mean_alleles_pop2 = 5.05
var_alleles_pop2  = 0.63
sum_alleles_pop2  = 212

[Genetic Diversity - Allelic Size Variance]
var_allele_size_pop1 = 1.3103
var_allele_size_pop2 = 1.2825

[Per-locus summary - Population 1]
Locus | Num_Alleles | Alleles                           | Frequencies                                              | Variance | Obs_Het | Exp_Het
------+-------------+-----------------------------------+----------------------------------------------------------+----------+---------+--------
1     | 7           | [98, 99, 100, 101, 102, 103, 104] | [0.0200, 0.3700, 0.1100, 0.1300, 0.1200, 0.2300, 0.0200] | 2.9171   | 0.7000  | 0.7737 
2     | 4           | [97, 98, 99, 100]                 | [0.1000, 0.0300, 0.6500, 0.2200]                         | 0.6499   | 0.5200  | 0.5234 
3     | 5           | [96, 97, 98, 99, 101]             | [0.0300, 0.4100, 0.1900, 0.3400, 0.0300]                 | 1.1384   | 0.5800  | 0.6853 
4     | 6           | [97, 98, 99, 100, 101, 102]       | [0.0200, 0.2800, 0.1000, 0.3200, 0.2000, 0.0800]         | 1.7904   | 0.7200  | 0.7701 
5     | 5           | [99, 100, 101, 102, 103]          | [0.0100, 0.5500, 0.1000, 0.3300, 0.0100]                 | 0.9116   | 0.7400  | 0.5842 
6     | 5           | [97, 98, 99, 100, 101]            | [0.0400, 0.0700, 0.3100, 0.4900, 0.0900]                 | 0.8096   | 0.7000  | 0.6558 
7     | 5           | [98, 99, 100, 101, 102]           | [0.1100, 0.3400, 0.2300, 0.1800, 0.1400]                 | 1.5100   | 0.7200  | 0.7752 
8     | 5           | [97, 98, 99, 100, 101]            | [0.0900, 0.4200, 0.1100, 0.3300, 0.0500]                 | 1.2811   | 0.7000  | 0.6990 
9     | 5           | [98, 99, 101, 102, 103]           | [0.2200, 0.2000, 0.0200, 0.4400, 0.1200]                 | 3.5556   | 0.6400  | 0.7103 
10    | 5           | [98, 99, 100, 101, 102]           | [0.2600, 0.1800, 0.3000, 0.1400, 0.1200]                 | 1.7376   | 0.7200  | 0.7838 
11    | 6           | [98, 99, 100, 101, 102, 103]      | [0.0300, 0.0200, 0.0300, 0.4300, 0.4100, 0.0800]         | 0.9419   | 0.6200  | 0.6449 
12    | 6           | [98, 99, 100, 101, 102, 103]      | [0.0500, 0.3100, 0.4100, 0.1200, 0.0600, 0.0500]         | 1.3196   | 0.7600  | 0.7200 
13    | 5           | [99, 100, 101, 102, 103]          | [0.0300, 0.1900, 0.1200, 0.5500, 0.1100]                 | 1.0296   | 0.6200  | 0.6404 
14    | 4           | [98, 99, 100, 101]                | [0.0700, 0.3200, 0.3900, 0.2200]                         | 0.7624   | 0.7200  | 0.6992 
15    | 5           | [98, 99, 100, 101, 102]           | [0.0100, 0.2400, 0.5700, 0.1700, 0.0100]                 | 0.4851   | 0.6200  | 0.5943 
16    | 4           | [99, 100, 101, 102]               | [0.0600, 0.4600, 0.4000, 0.0800]                         | 0.5300   | 0.5800  | 0.6247 
17    | 5           | [98, 99, 100, 101, 102]           | [0.0300, 0.1200, 0.4300, 0.3600, 0.0600]                 | 0.7500   | 0.6800  | 0.6733 
18    | 5           | [98, 99, 100, 101, 102]           | [0.0100, 0.0100, 0.3800, 0.4100, 0.1900]                 | 0.6424   | 0.6600  | 0.6578 
19    | 6           | [98, 99, 100, 101, 102, 103]      | [0.1000, 0.1700, 0.1800, 0.0200, 0.4000, 0.1300]         | 2.6544   | 0.8200  | 0.7590 
20    | 5           | [97, 98, 99, 100, 101]            | [0.1300, 0.1800, 0.5300, 0.1000, 0.0600]                 | 0.9916   | 0.6600  | 0.6628 
21    | 4           | [98, 99, 100, 101]                | [0.1000, 0.1400, 0.0700, 0.6900]                         | 1.1075   | 0.4800  | 0.4943 

[Per-locus summary - Population 2]
Locus | Num_Alleles | Alleles                           | Frequencies                                              | Variance | Obs_Het | Exp_Het
------+-------------+-----------------------------------+----------------------------------------------------------+----------+---------+--------
1     | 7           | [98, 99, 100, 101, 102, 103, 104] | [0.0400, 0.1600, 0.1600, 0.2000, 0.2900, 0.1400, 0.0100] | 2.1000   | 0.8600  | 0.8115 
2     | 4           | [97, 98, 99, 100]                 | [0.1100, 0.1300, 0.5500, 0.2100]                         | 0.7604   | 0.6600  | 0.6307 
3     | 5           | [96, 97, 98, 99, 101]             | [0.0100, 0.5600, 0.1300, 0.2600, 0.0400]                 | 1.1800   | 0.5600  | 0.6063 
4     | 5           | [98, 99, 100, 101, 102]           | [0.2500, 0.1000, 0.2800, 0.2300, 0.1400]                 | 1.8819   | 0.8400  | 0.7844 
5     | 4           | [99, 100, 101, 102]               | [0.0100, 0.5800, 0.1100, 0.3000]                         | 0.8300   | 0.6200  | 0.5671 
6     | 5           | [97, 98, 99, 100, 101]            | [0.0500, 0.0800, 0.3200, 0.4700, 0.0800]                 | 0.8675   | 0.6400  | 0.6681 
7     | 5           | [98, 99, 100, 101, 102]           | [0.0700, 0.2600, 0.2700, 0.2900, 0.1100]                 | 1.2579   | 0.8200  | 0.7661 
8     | 5           | [97, 98, 99, 100, 101]            | [0.0400, 0.3900, 0.1600, 0.3400, 0.0700]                 | 1.1699   | 0.8000  | 0.7073 
9     | 5           | [98, 99, 101, 102, 103]           | [0.2500, 0.1200, 0.0600, 0.5200, 0.0500]                 | 3.3131   | 0.6200  | 0.6531 
10    | 6           | [97, 98, 99, 100, 101, 102]       | [0.0300, 0.1800, 0.2500, 0.2200, 0.1900, 0.1300]         | 1.8875   | 0.8600  | 0.8109 
11    | 5           | [99, 100, 101, 102, 103]          | [0.0200, 0.0300, 0.3000, 0.4800, 0.1700]                 | 0.7075   | 0.7000  | 0.6560 
12    | 6           | [98, 99, 100, 101, 102, 103]      | [0.0800, 0.2800, 0.3700, 0.0700, 0.1200, 0.0800]         | 1.8579   | 0.7600  | 0.7602 
13    | 5           | [99, 100, 101, 102, 103]          | [0.0400, 0.2500, 0.1200, 0.4300, 0.1600]                 | 1.3036   | 0.7400  | 0.7182 
14    | 4           | [98, 99, 100, 101]                | [0.0800, 0.3500, 0.4100, 0.1600]                         | 0.7075   | 0.7200  | 0.6842 
15    | 4           | [99, 100, 101, 102]               | [0.3500, 0.4900, 0.1400, 0.0200]                         | 0.5411   | 0.8200  | 0.6236 
16    | 4           | [99, 100, 101, 102]               | [0.0700, 0.4200, 0.4500, 0.0600]                         | 0.5100   | 0.6200  | 0.6188 
17    | 5           | [98, 99, 100, 101, 102]           | [0.0200, 0.2600, 0.3100, 0.3900, 0.0200]                 | 0.7931   | 0.7200  | 0.6903 
18    | 5           | [98, 99, 100, 101, 102]           | [0.0100, 0.0100, 0.4000, 0.3600, 0.2200]                 | 0.6971   | 0.7400  | 0.6685 
19    | 6           | [98, 99, 100, 101, 102, 103]      | [0.0200, 0.2400, 0.1700, 0.0100, 0.4600, 0.1000]         | 2.1675   | 0.5800  | 0.6984 
20    | 5           | [97, 98, 99, 100, 101]            | [0.0800, 0.2800, 0.4200, 0.1100, 0.1100]                 | 1.1379   | 0.6800  | 0.7218 
21    | 4           | [98, 99, 100, 101]                | [0.1400, 0.1100, 0.0800, 0.6700]                         | 1.2616   | 0.5000  | 0.5182 
