
[Simulation Info]
simulation_id = sim_0010446
timestamp     = 20250429_084148
seed          = 801259
output_folder = /home/lejeunet/Bureau/simulations/Ref_table/sim_0010446

[Model Parameters]
pop_size           = 955
num_loci           = 20
sample1_generation = 30
sample2_generation = 10
low_repeats        = 1
high_repeats       = 200
mutation_rate      = 0.001
recap_Ne           = 955

[Sampling Design]
sample1_size_Ne  = 50
sample2_size_Ne  = 50
sample1_size_CMR = 50
sample2_size_CMR = 50

[Capture-Marquage-Recapture]
census_N   =  867
MatchCount =  3

[Ne Estimates - One Sample - Decreasing critical values [0.050, 0.020, 0.010, 0+]]

[Linkage Desequilibrium]
LD_Ne_Pop1 = [269.0, 270.5, 446.8, 446.8]
LD_r2_Pop1 = [0.022505, 0.022499, 0.022019, 0.022019]
LD_Ne_Pop2 = [197.0, 362.2, 479.5, 479.5]
LD_r2_Pop2 = [0.022951, 0.022191, 0.021968, 0.021968]

[Heterozygote excess]
HE_Neb_mean_Pop1        = [81.8, 88.1, 98.9, 98.9]
HE_weighted_D_mean_Pop1 = [0.00615, 0.00571, 0.00508, 0.00508]
HE_Neb_mean_Pop2        = [261.4, 533.6, 612.7, 612.7]
HE_weighted_D_mean_Pop2 = [0.00192, 0.00094, 0.00082, 0.00082]

[Molecular Coancestry]
Coan_Neb_n_Pop1 = 14.9
Coan_f1_Pop1    = 0.03366
Coan_Neb_n_Pop2 = 75.6
Coan_f1_Pop2    = 0.00661

[Ne Estimates - Temporal - Decreasing critical values (0.050, 0.020, 0.010, 0+)]

[Pollak]
P_Ne     = [4916.1, 1946.2, 1766.7, 1797.4]
P_Fk     = [0.02102, 0.02257, 0.02283, 0.02278]
P_Fprime = [0.00102, 0.00257, 0.00283, 0.00278]

[Nei/Tajima]
N_Ne     = [-29502.4, 3919.3, 3221.3, 3268.7]
N_Fc     = [0.01983, 0.02128, 0.02155, 0.02153]
N_Fprime = [-0.00017, 0.00128, 0.00155, 0.00153]

[Jorde/Ryman]
J_Ne     = [-2023.9, -2538.8, -2554.3, -2554.2]
J_Fs     = [0.01763, 0.01813, 0.01814, 0.01814]
J_Fprime = [-0.00247, -0.00197, -0.00196, -0.00196]

[Genetic Diversity - Heterozygosity]
mean_exp_het_pop1 = 0.7146
mean_obs_het_pop1 = 0.7257
mean_exp_het_pop2 = 0.7073
mean_obs_het_pop2 = 0.6952

[Genetic Diversity - Allele Counts]
mean_alleles_pop1 = 6.19
var_alleles_pop1  = 3.06
sum_alleles_pop1  = 130
mean_alleles_pop2 = 6.31
var_alleles_pop2  = 3.05
sum_alleles_pop2  = 265

[Genetic Diversity - Allelic Size Variance]
var_allele_size_pop1 = 4.1187
var_allele_size_pop2 = 4.21

[Per-locus summary - Population 1]
Locus | Num_Alleles | Alleles                                         | Frequencies                                                                      | Variance | Obs_Het | Exp_Het
------+-------------+-------------------------------------------------+----------------------------------------------------------------------------------+----------+---------+--------
1     | 3           | [101, 102, 103]                                 | [0.5600, 0.3300, 0.1100]                                                         | 0.4675   | 0.6400  | 0.5711 
2     | 4           | [100, 101, 102, 103]                            | [0.1100, 0.4100, 0.3500, 0.1300]                                                 | 0.7300   | 0.7000  | 0.6873 
3     | 7           | [100, 101, 102, 103, 104, 105, 106]             | [0.0600, 0.0800, 0.0700, 0.0900, 0.5300, 0.1600, 0.0100]                         | 1.9691   | 0.6800  | 0.6772 
4     | 7           | [93, 94, 95, 96, 97, 98, 99]                    | [0.1100, 0.0500, 0.1500, 0.1200, 0.3400, 0.2100, 0.0200]                         | 2.6424   | 0.8200  | 0.7964 
5     | 5           | [98, 99, 100, 101, 102]                         | [0.1000, 0.0300, 0.3800, 0.4500, 0.0400]                                         | 0.9500   | 0.7400  | 0.6471 
6     | 4           | [96, 97, 98, 99]                                | [0.0100, 0.0800, 0.7400, 0.1700]                                                 | 0.2851   | 0.4400  | 0.4212 
7     | 6           | [89, 93, 94, 95, 97, 98]                        | [0.2800, 0.1500, 0.3000, 0.1900, 0.0200, 0.0600]                                 | 7.3564   | 0.7600  | 0.7768 
8     | 5           | [100, 101, 102, 103, 104]                       | [0.2200, 0.3300, 0.3200, 0.1200, 0.0100]                                         | 0.9731   | 0.8000  | 0.7331 
9     | 7           | [97, 98, 99, 100, 101, 102, 103]                | [0.1600, 0.0900, 0.2700, 0.1900, 0.1400, 0.1300, 0.0200]                         | 2.6891   | 0.8400  | 0.8287 
10    | 7           | [97, 98, 99, 104, 105, 106, 107]                | [0.0300, 0.0900, 0.1600, 0.0200, 0.5400, 0.1500, 0.0100]                         | 9.4776   | 0.7000  | 0.6574 
11    | 5           | [100, 101, 102, 103, 104]                       | [0.1600, 0.3100, 0.1900, 0.2200, 0.1200]                                         | 1.6211   | 0.8000  | 0.7873 
12    | 9           | [102, 103, 105, 106, 107, 108, 109, 110, 111]   | [0.0300, 0.0900, 0.0100, 0.2000, 0.3400, 0.0500, 0.2500, 0.0200, 0.0100]         | 3.8136   | 0.8000  | 0.7776 
13    | 6           | [97, 98, 99, 102, 104, 105]                     | [0.1400, 0.2500, 0.4700, 0.0500, 0.0800, 0.0100]                                 | 3.6136   | 0.7000  | 0.6949 
14    | 9           | [94, 95, 96, 97, 98, 99, 100, 102, 103]         | [0.3100, 0.0600, 0.0100, 0.1800, 0.0100, 0.1100, 0.0200, 0.2400, 0.0600]         | 11.2059  | 0.6600  | 0.8020 
15    | 6           | [100, 101, 102, 103, 104, 105]                  | [0.0300, 0.1700, 0.5600, 0.0300, 0.1800, 0.0300]                                 | 1.2475   | 0.7000  | 0.6287 
16    | 5           | [94, 95, 96, 97, 98]                            | [0.1100, 0.0500, 0.2600, 0.2600, 0.3200]                                         | 1.6331   | 0.7000  | 0.7553 
17    | 6           | [97, 98, 99, 100, 101, 102]                     | [0.0100, 0.0600, 0.1500, 0.2500, 0.5100, 0.0200]                                 | 1.0075   | 0.5600  | 0.6574 
18    | 5           | [101, 102, 103, 104, 105]                       | [0.1200, 0.2900, 0.3800, 0.1800, 0.0300]                                         | 0.9859   | 0.8000  | 0.7311 
19    | 7           | [96, 97, 98, 99, 100, 101, 102]                 | [0.0200, 0.1000, 0.1400, 0.1200, 0.2000, 0.3600, 0.0600]                         | 2.4100   | 0.8000  | 0.7903 
20    | 10          | [93, 94, 95, 100, 101, 102, 103, 104, 105, 106] | [0.0200, 0.1400, 0.0100, 0.0100, 0.0700, 0.0900, 0.2300, 0.0300, 0.3500, 0.0500] | 15.4736  | 0.7600  | 0.7960 
21    | 7           | [93, 94, 101, 102, 103, 104, 105]               | [0.1500, 0.0100, 0.0100, 0.2900, 0.1100, 0.1600, 0.2700]                         | 15.9400  | 0.8400  | 0.7905 

[Per-locus summary - Population 2]
Locus | Num_Alleles | Alleles                                     | Frequencies                                                                      | Variance | Obs_Het | Exp_Het
------+-------------+---------------------------------------------+----------------------------------------------------------------------------------+----------+---------+--------
1     | 3           | [101, 102, 103]                             | [0.5200, 0.3300, 0.1500]                                                         | 0.5331   | 0.5000  | 0.6042 
2     | 4           | [100, 101, 102, 103]                        | [0.0900, 0.4200, 0.3300, 0.1600]                                                 | 0.7464   | 0.7000  | 0.6879 
3     | 7           | [100, 101, 102, 103, 104, 105, 106]         | [0.0500, 0.0500, 0.0600, 0.1800, 0.5200, 0.1200, 0.0200]                         | 1.6299   | 0.7200  | 0.6806 
4     | 7           | [93, 94, 95, 96, 97, 98, 99]                | [0.1100, 0.0200, 0.2900, 0.0500, 0.3200, 0.1600, 0.0500]                         | 2.7531   | 0.8000  | 0.7782 
5     | 5           | [98, 99, 100, 101, 102]                     | [0.1000, 0.0800, 0.3300, 0.4700, 0.0200]                                         | 0.9771   | 0.6400  | 0.6600 
6     | 4           | [97, 98, 99, 100]                           | [0.0100, 0.7600, 0.2100, 0.0200]                                                 | 0.2424   | 0.3000  | 0.3816 
7     | 7           | [89, 92, 93, 94, 95, 97, 98]                | [0.2800, 0.0100, 0.1300, 0.2900, 0.1400, 0.0400, 0.1100]                         | 8.7075   | 0.8000  | 0.7952 
8     | 5           | [100, 101, 102, 103, 104]                   | [0.1300, 0.4100, 0.3200, 0.1300, 0.0100]                                         | 0.8296   | 0.6000  | 0.7026 
9     | 7           | [97, 98, 99, 100, 101, 102, 103]            | [0.0200, 0.1300, 0.3500, 0.1500, 0.2400, 0.0700, 0.0400]                         | 1.9011   | 0.8400  | 0.7814 
10    | 6           | [97, 98, 99, 105, 106, 107]                 | [0.0200, 0.0500, 0.1500, 0.6400, 0.1100, 0.0300]                                 | 7.8224   | 0.5400  | 0.5576 
11    | 5           | [100, 101, 102, 103, 104]                   | [0.2300, 0.2100, 0.1800, 0.3100, 0.0700]                                         | 1.6716   | 0.7200  | 0.7774 
12    | 8           | [102, 103, 106, 107, 108, 109, 110, 111]    | [0.0700, 0.0600, 0.2200, 0.2800, 0.0100, 0.2800, 0.0200, 0.0600]                 | 5.1964   | 0.8600  | 0.7901 
13    | 7           | [96, 97, 98, 99, 100, 102, 104]             | [0.0100, 0.1300, 0.2300, 0.4100, 0.0300, 0.0800, 0.1100]                         | 4.2500   | 0.7400  | 0.7501 
14    | 10          | [93, 94, 95, 96, 97, 98, 99, 100, 102, 103] | [0.0100, 0.3800, 0.0300, 0.0600, 0.1500, 0.0200, 0.1100, 0.0300, 0.1700, 0.0400] | 10.1656  | 0.8600  | 0.7925 
15    | 7           | [99, 100, 101, 102, 103, 104, 105]          | [0.0200, 0.0500, 0.0900, 0.5700, 0.0100, 0.2100, 0.0500]                         | 1.6611   | 0.6200  | 0.6236 
16    | 6           | [93, 94, 95, 96, 97, 98]                    | [0.0200, 0.1100, 0.1100, 0.2800, 0.1500, 0.3300]                                 | 2.0236   | 0.7800  | 0.7733 
17    | 4           | [98, 99, 100, 101]                          | [0.0900, 0.0900, 0.2900, 0.5300]                                                 | 0.9124   | 0.6200  | 0.6250 
18    | 5           | [101, 102, 103, 104, 105]                   | [0.1900, 0.2600, 0.3100, 0.2200, 0.0200]                                         | 1.1756   | 0.7200  | 0.7590 
19    | 6           | [97, 98, 99, 100, 101, 102]                 | [0.1500, 0.1200, 0.0800, 0.1500, 0.4200, 0.0800]                                 | 2.6139   | 0.7400  | 0.7590 
20    | 8           | [94, 95, 101, 102, 103, 104, 105, 106]      | [0.1700, 0.0100, 0.0600, 0.1000, 0.1500, 0.0100, 0.3900, 0.1100]                 | 16.8059  | 0.7200  | 0.7784 
21    | 6           | [93, 95, 102, 103, 104, 105]                | [0.1500, 0.0200, 0.3100, 0.1300, 0.1700, 0.2200]                                 | 15.7904  | 0.7800  | 0.7947 
