
[Simulation Info]
simulation_id = sim_0012834
timestamp     = 20250429_100441
seed          = 68632
output_folder = /home/lejeunet/Bureau/simulations/Ref_table/sim_0012834

[Model Parameters]
pop_size           = 1189
num_loci           = 20
sample1_generation = 30
sample2_generation = 10
low_repeats        = 1
high_repeats       = 200
mutation_rate      = 0.001
recap_Ne           = 1189

[Sampling Design]
sample1_size_Ne  = 50
sample2_size_Ne  = 50
sample1_size_CMR = 50
sample2_size_CMR = 50

[Capture-Marquage-Recapture]
census_N   =  867
MatchCount =  3

[Ne Estimates - One Sample - Decreasing critical values [0.050, 0.020, 0.010, 0+]]

[Linkage Desequilibrium]
LD_Ne_Pop1 = [1144.6, 2380.6, 5038.8, 5038.8]
LD_r2_Pop1 = [0.021567, 0.021416, 0.021342, 0.021342]
LD_Ne_Pop2 = [535.3, 1176.0, 642.5, 642.5]
LD_r2_Pop2 = [0.021896, 0.021559, 0.021793, 0.021793]

[Heterozygote excess]
HE_Neb_mean_Pop1        = [None, None, None, None]
HE_weighted_D_mean_Pop1 = [-0.00509, -0.00813, -0.00815, -0.00815]
HE_Neb_mean_Pop2        = [104.7, 156.9, 170.0, 170.0]
HE_weighted_D_mean_Pop2 = [0.0048, 0.0032, 0.00295, 0.00295]

[Molecular Coancestry]
Coan_Neb_n_Pop1 = 16.3
Coan_f1_Pop1    = 0.03062
Coan_Neb_n_Pop2 = None
Coan_f1_Pop2    = -0.03913

[Ne Estimates - Temporal - Decreasing critical values (0.050, 0.020, 0.010, 0+)]

[Pollak]
P_Ne     = [13003.4, 2664.0, 2219.6, 2426.2]
P_Fk     = [0.02038, 0.02188, 0.02225, 0.02206]
P_Fprime = [0.00038, 0.00188, 0.00225, 0.00206]

[Nei/Tajima]
N_Ne     = [-19051.6, 4692.8, 3537.8, 3977.7]
N_Fc     = [0.01974, 0.02107, 0.02141, 0.02126]
N_Fprime = [-0.00026, 0.00107, 0.00141, 0.00126]

[Jorde/Ryman]
J_Ne     = [-3804.0, -4822.2, -5167.5, -5092.3]
J_Fs     = [0.01879, 0.01906, 0.01913, 0.01912]
J_Fprime = [-0.00131, -0.00104, -0.00097, -0.00098]

[Genetic Diversity - Heterozygosity]
mean_exp_het_pop1 = 0.6714
mean_obs_het_pop1 = 0.6648
mean_exp_het_pop2 = 0.6757
mean_obs_het_pop2 = 0.6781

[Genetic Diversity - Allele Counts]
mean_alleles_pop1 = 6.24
var_alleles_pop1  = 1.09
sum_alleles_pop1  = 131
mean_alleles_pop2 = 6.21
var_alleles_pop2  = 1.39
sum_alleles_pop2  = 261

[Genetic Diversity - Allelic Size Variance]
var_allele_size_pop1 = 2.3933
var_allele_size_pop2 = 2.3235

[Per-locus summary - Population 1]
Locus | Num_Alleles | Alleles                                | Frequencies                                                      | Variance | Obs_Het | Exp_Het
------+-------------+----------------------------------------+------------------------------------------------------------------+----------+---------+--------
1     | 6           | [98, 99, 100, 101, 102, 103]           | [0.0100, 0.5200, 0.2000, 0.1600, 0.0700, 0.0400]                 | 1.3456   | 0.6400  | 0.6640 
2     | 6           | [96, 97, 98, 100, 101, 102]            | [0.0500, 0.0500, 0.0200, 0.2300, 0.5400, 0.1100]                 | 2.1731   | 0.7200  | 0.6444 
3     | 6           | [99, 100, 101, 102, 103, 104]          | [0.1800, 0.1900, 0.4200, 0.0800, 0.0100, 0.1200]                 | 2.1019   | 0.7200  | 0.7416 
4     | 5           | [98, 99, 100, 101, 102]                | [0.0200, 0.1500, 0.5000, 0.2200, 0.1100]                         | 0.8275   | 0.8200  | 0.6733 
5     | 8           | [95, 96, 97, 98, 99, 100, 101, 103]    | [0.0800, 0.4600, 0.2200, 0.0800, 0.0400, 0.0600, 0.0400, 0.0200] | 2.9200   | 0.6400  | 0.7273 
6     | 5           | [101, 102, 103, 104, 105]              | [0.5600, 0.2500, 0.0200, 0.1300, 0.0400]                         | 1.4344   | 0.6600  | 0.6111 
7     | 6           | [96, 97, 98, 99, 100, 101]             | [0.0500, 0.0400, 0.0800, 0.4700, 0.3200, 0.0400]                 | 1.1619   | 0.6800  | 0.6713 
8     | 7           | [96, 97, 98, 99, 100, 101, 102]        | [0.0100, 0.0900, 0.2100, 0.0100, 0.0400, 0.5800, 0.0600]         | 2.6384   | 0.6200  | 0.6121 
9     | 7           | [98, 99, 100, 101, 102, 103, 104]      | [0.0200, 0.0500, 0.2100, 0.0100, 0.0800, 0.6200, 0.0100]         | 2.2796   | 0.5800  | 0.5677 
10    | 7           | [97, 98, 99, 100, 101, 102, 103]       | [0.0500, 0.2500, 0.1000, 0.3900, 0.1700, 0.0300, 0.0100]         | 1.6899   | 0.8000  | 0.7505 
11    | 8           | [95, 96, 97, 98, 99, 101, 102, 103]    | [0.0100, 0.0500, 0.0300, 0.5900, 0.0300, 0.1200, 0.1500, 0.0200] | 3.4651   | 0.6400  | 0.6164 
12    | 6           | [95, 96, 97, 105, 106, 107]            | [0.4100, 0.4000, 0.0900, 0.0300, 0.0600, 0.0100]                 | 9.7044   | 0.7000  | 0.6659 
13    | 8           | [98, 99, 100, 101, 102, 103, 104, 106] | [0.0100, 0.0600, 0.4900, 0.1200, 0.0100, 0.0500, 0.0600, 0.2000] | 6.1475   | 0.7400  | 0.7026 
14    | 6           | [98, 99, 100, 101, 102, 104]           | [0.0400, 0.0800, 0.2700, 0.2100, 0.3600, 0.0400]                 | 1.6651   | 0.7400  | 0.7513 
15    | 6           | [97, 98, 99, 100, 101, 102]            | [0.0800, 0.4400, 0.1500, 0.2700, 0.0500, 0.0100]                 | 1.2800   | 0.6200  | 0.7091 
16    | 6           | [97, 98, 99, 100, 101, 102]            | [0.0900, 0.0100, 0.0900, 0.0700, 0.7000, 0.0400]                 | 1.6400   | 0.4800  | 0.4921 
17    | 4           | [99, 101, 102, 103]                    | [0.0300, 0.3900, 0.5600, 0.0200]                                 | 0.4684   | 0.5200  | 0.5384 
18    | 7           | [98, 99, 100, 101, 102, 103, 104]      | [0.0500, 0.1100, 0.2500, 0.1200, 0.2400, 0.2200, 0.0100]         | 2.3419   | 0.7400  | 0.8105 
19    | 5           | [94, 97, 98, 99, 100]                  | [0.0200, 0.0300, 0.2600, 0.5400, 0.1500]                         | 0.9571   | 0.4200  | 0.6232 
20    | 6           | [97, 98, 99, 100, 101, 102]            | [0.0800, 0.2200, 0.1400, 0.3000, 0.1900, 0.0700]                 | 1.9699   | 0.8200  | 0.8026 
21    | 6           | [95, 96, 97, 98, 99, 100]              | [0.0100, 0.0800, 0.4200, 0.1100, 0.1000, 0.2800]                 | 2.0475   | 0.6600  | 0.7238 

[Per-locus summary - Population 2]
Locus | Num_Alleles | Alleles                             | Frequencies                                                      | Variance | Obs_Het | Exp_Het
------+-------------+-------------------------------------+------------------------------------------------------------------+----------+---------+--------
1     | 6           | [98, 99, 100, 101, 102, 103]        | [0.0600, 0.5200, 0.1600, 0.1900, 0.0500, 0.0200]                 | 1.2459   | 0.6800  | 0.6681 
2     | 7           | [96, 97, 98, 100, 101, 102, 103]    | [0.0100, 0.1400, 0.0100, 0.2300, 0.3800, 0.1900, 0.0400]         | 2.8000   | 0.7200  | 0.7527 
3     | 7           | [99, 100, 101, 102, 103, 104, 105]  | [0.2000, 0.1600, 0.3000, 0.1600, 0.0300, 0.1200, 0.0300]         | 2.7804   | 0.7800  | 0.8107 
4     | 4           | [99, 100, 101, 102]                 | [0.1100, 0.5900, 0.1900, 0.1100]                                 | 0.6500   | 0.5800  | 0.5976 
5     | 8           | [95, 96, 97, 98, 99, 100, 101, 103] | [0.0200, 0.4200, 0.2500, 0.0800, 0.0200, 0.0900, 0.0600, 0.0600] | 4.3091   | 0.7600  | 0.7461 
6     | 5           | [99, 101, 102, 104, 105]            | [0.0100, 0.5100, 0.3500, 0.1200, 0.0100]                         | 1.0971   | 0.6200  | 0.6089 
7     | 6           | [96, 97, 98, 99, 100, 101]          | [0.0700, 0.0600, 0.0900, 0.4600, 0.2700, 0.0500]                 | 1.4275   | 0.7600  | 0.7034 
8     | 6           | [97, 98, 99, 100, 101, 102]         | [0.1200, 0.2500, 0.0100, 0.0500, 0.4600, 0.1100]                 | 2.9539   | 0.7000  | 0.7038 
9     | 6           | [98, 99, 100, 102, 103, 104]        | [0.0100, 0.0800, 0.2200, 0.0300, 0.6400, 0.0200]                 | 2.4784   | 0.5400  | 0.5396 
10    | 6           | [97, 98, 99, 100, 101, 103]         | [0.0800, 0.1900, 0.1300, 0.4800, 0.1100, 0.0100]                 | 1.4379   | 0.6400  | 0.7050 
11    | 7           | [96, 97, 98, 99, 101, 102, 103]     | [0.0700, 0.0600, 0.5500, 0.0200, 0.1400, 0.1300, 0.0300]         | 3.6219   | 0.7200  | 0.6578 
12    | 5           | [95, 96, 97, 105, 106]              | [0.4300, 0.4200, 0.1000, 0.0200, 0.0300]                         | 5.1275   | 0.7200  | 0.6337 
13    | 7           | [99, 100, 101, 103, 104, 105, 106]  | [0.0700, 0.4000, 0.1800, 0.0700, 0.0600, 0.0400, 0.1800]         | 5.9344   | 0.8600  | 0.7679 
14    | 7           | [98, 99, 100, 101, 102, 103, 104]   | [0.0300, 0.0200, 0.2900, 0.1700, 0.3900, 0.0100, 0.0900]         | 1.8124   | 0.7400  | 0.7327 
15    | 5           | [97, 98, 99, 100, 101]              | [0.0400, 0.4500, 0.1600, 0.3300, 0.0200]                         | 0.9944   | 0.6600  | 0.6677 
16    | 5           | [97, 99, 100, 101, 102]             | [0.1400, 0.1300, 0.0200, 0.6800, 0.0300]                         | 2.1539   | 0.4800  | 0.5049 
17    | 3           | [99, 101, 102]                      | [0.0200, 0.3500, 0.6300]                                         | 0.3619   | 0.4800  | 0.4850 
18    | 7           | [98, 99, 100, 101, 102, 103, 104]   | [0.0700, 0.1400, 0.2700, 0.1200, 0.2200, 0.1600, 0.0200]         | 2.4744   | 0.8000  | 0.8220 
19    | 5           | [94, 97, 98, 99, 100]               | [0.0500, 0.0100, 0.2100, 0.5600, 0.1700]                         | 1.5739   | 0.6200  | 0.6170 
20    | 6           | [97, 98, 99, 100, 101, 102]         | [0.1700, 0.0900, 0.1600, 0.3700, 0.1800, 0.0300]                 | 1.9779   | 0.8000  | 0.7750 
21    | 6           | [96, 97, 98, 99, 100, 101]          | [0.0200, 0.4900, 0.1800, 0.1100, 0.1800, 0.0200]                 | 1.5800   | 0.5800  | 0.6891 
