
[Simulation Info]
simulation_id = sim_0002858
timestamp     = 20250428_083120
seed          = 308089
output_folder = /home/lejeunet/Bureau/simulations/Ref_table/sim_0002858

[Model Parameters]
pop_size           = 1158
num_loci           = 20
sample1_generation = 30
sample2_generation = 10
low_repeats        = 1
high_repeats       = 200
mutation_rate      = 0.001
recap_Ne           = 1158

[Sampling Design]
sample1_size_Ne  = 50
sample2_size_Ne  = 50
sample1_size_CMR = 50
sample2_size_CMR = 50

[Capture-Marquage-Recapture]
census_N   =  1300
MatchCount =  2

[Ne Estimates - One Sample - Decreasing critical values [0.050, 0.020, 0.010, 0+]]

[Linkage Desequilibrium]
LD_Ne_Pop1 = [2113.7, None, None, None]
LD_r2_Pop1 = [0.021434, 0.021255, 0.021175, 0.021175]
LD_Ne_Pop2 = [318.0, 275.5, 809.8, 809.8]
LD_r2_Pop2 = [0.022318, 0.022477, 0.021687, 0.021687]

[Heterozygote excess]
HE_Neb_mean_Pop1        = [24.7, 34.1, 35.3, 35.3]
HE_weighted_D_mean_Pop1 = [0.02064, 0.01487, 0.01435, 0.01435]
HE_Neb_mean_Pop2        = [36.7, 25.3, 25.8, 25.8]
HE_weighted_D_mean_Pop2 = [0.01382, 0.02016, 0.01979, 0.01979]

[Molecular Coancestry]
Coan_Neb_n_Pop1 = 33.6
Coan_f1_Pop1    = 0.01487
Coan_Neb_n_Pop2 = 36.0
Coan_f1_Pop2    = 0.0139

[Ne Estimates - Temporal - Decreasing critical values (0.050, 0.020, 0.010, 0+)]

[Pollak]
P_Ne     = [868.6, 761.9, 716.9, 716.9]
P_Fk     = [0.02576, 0.02656, 0.02697, 0.02697]
P_Fprime = [0.00576, 0.00656, 0.00697, 0.00697]

[Nei/Tajima]
N_Ne     = [1046.8, 912.5, 854.4, 854.4]
N_Fc     = [0.02478, 0.02548, 0.02585, 0.02585]
N_Fprime = [0.00478, 0.00548, 0.00585, 0.00585]

[Jorde/Ryman]
J_Ne     = [1244.6, 1171.5, 1155.4, 1155.4]
J_Fs     = [0.02412, 0.02437, 0.02443, 0.02443]
J_Fprime = [0.00402, 0.00427, 0.00433, 0.00433]

[Genetic Diversity - Heterozygosity]
mean_exp_het_pop1 = 0.6322
mean_obs_het_pop1 = 0.6514
mean_exp_het_pop2 = 0.62
mean_obs_het_pop2 = 0.6333

[Genetic Diversity - Allele Counts]
mean_alleles_pop1 = 5.1
var_alleles_pop1  = 0.79
sum_alleles_pop1  = 107
mean_alleles_pop2 = 5.19
var_alleles_pop2  = 0.89
sum_alleles_pop2  = 218

[Genetic Diversity - Allelic Size Variance]
var_allele_size_pop1 = 0.8705
var_allele_size_pop2 = 0.847

[Per-locus summary - Population 1]
Locus | Num_Alleles | Alleles                         | Frequencies                                              | Variance | Obs_Het | Exp_Het
------+-------------+---------------------------------+----------------------------------------------------------+----------+---------+--------
1     | 4           | [98, 99, 100, 101]              | [0.0100, 0.1900, 0.7500, 0.0500]                         | 0.2544   | 0.4000  | 0.4028 
2     | 6           | [98, 99, 100, 101, 102, 103]    | [0.0100, 0.0900, 0.5500, 0.3200, 0.0100, 0.0200]         | 0.5859   | 0.6600  | 0.5923 
3     | 5           | [97, 99, 100, 101, 102]         | [0.0100, 0.2900, 0.4700, 0.1800, 0.0500]                 | 0.7584   | 0.6400  | 0.6667 
4     | 6           | [97, 98, 99, 100, 101, 102]     | [0.0100, 0.1500, 0.1700, 0.5100, 0.1500, 0.0100]         | 0.9411   | 0.6600  | 0.6725 
5     | 5           | [97, 98, 99, 100, 101]          | [0.0100, 0.1100, 0.3300, 0.3200, 0.2300]                 | 0.9675   | 0.6600  | 0.7309 
6     | 4           | [98, 99, 100, 101]              | [0.3000, 0.3900, 0.2600, 0.0500]                         | 0.7564   | 0.7600  | 0.6947 
7     | 5           | [99, 100, 101, 102, 103]        | [0.0300, 0.6100, 0.3000, 0.0200, 0.0400]                 | 0.5851   | 0.4600  | 0.5404 
8     | 5           | [98, 99, 100, 101, 102]         | [0.3100, 0.3000, 0.3400, 0.0400, 0.0100]                 | 0.8804   | 0.8800  | 0.7036 
9     | 5           | [97, 98, 99, 100, 101]          | [0.0300, 0.1200, 0.3400, 0.3700, 0.1400]                 | 0.9491   | 0.7000  | 0.7198 
10    | 5           | [99, 100, 101, 102, 103]        | [0.0600, 0.4600, 0.3600, 0.1100, 0.0100]                 | 0.6475   | 0.6400  | 0.6495 
11    | 4           | [98, 99, 100, 101]              | [0.0400, 0.3300, 0.6000, 0.0300]                         | 0.3756   | 0.5000  | 0.5339 
12    | 5           | [99, 100, 101, 102, 103]        | [0.0900, 0.1900, 0.5300, 0.1700, 0.0200]                 | 0.7744   | 0.7000  | 0.6521 
13    | 6           | [97, 98, 99, 100, 101, 102]     | [0.0600, 0.4200, 0.2000, 0.1900, 0.0900, 0.0400]         | 1.5675   | 0.8000  | 0.7416 
14    | 5           | [98, 99, 100, 101, 102]         | [0.0100, 0.1400, 0.4800, 0.1500, 0.2200]                 | 1.0251   | 0.8000  | 0.6859 
15    | 5           | [96, 98, 99, 100, 101]          | [0.0400, 0.0600, 0.3300, 0.5400, 0.0300]                 | 0.9036   | 0.5600  | 0.5994 
16    | 7           | [96, 97, 98, 99, 100, 101, 102] | [0.0200, 0.1200, 0.1000, 0.5700, 0.0500, 0.0500, 0.0900] | 1.8196   | 0.7400  | 0.6436 
17    | 3           | [99, 100, 101]                  | [0.0800, 0.8300, 0.0900]                                 | 0.1699   | 0.2800  | 0.2996 
18    | 6           | [99, 100, 101, 102, 103, 104]   | [0.0400, 0.1500, 0.5200, 0.0800, 0.2000, 0.0100]         | 1.2016   | 0.6200  | 0.6657 
19    | 5           | [99, 100, 101, 102, 103]        | [0.1700, 0.3600, 0.4000, 0.0600, 0.0100]                 | 0.7556   | 0.7400  | 0.6846 
20    | 6           | [98, 99, 100, 101, 102, 103]    | [0.0100, 0.3000, 0.3100, 0.2300, 0.1000, 0.0500]         | 1.3524   | 0.8000  | 0.7560 
21    | 5           | [99, 100, 101, 102, 103]        | [0.0800, 0.5400, 0.2400, 0.0600, 0.0800]                 | 1.0096   | 0.6800  | 0.6408 

[Per-locus summary - Population 2]
Locus | Num_Alleles | Alleles                          | Frequencies                                              | Variance | Obs_Het | Exp_Het
------+-------------+----------------------------------+----------------------------------------------------------+----------+---------+--------
1     | 4           | [98, 99, 100, 101]               | [0.0100, 0.1000, 0.8200, 0.0700]                         | 0.2075   | 0.3200  | 0.3158 
2     | 6           | [98, 99, 100, 101, 102, 103]     | [0.0100, 0.0700, 0.6100, 0.2300, 0.0300, 0.0500]         | 0.7875   | 0.6800  | 0.5723 
3     | 5           | [97, 98, 99, 100, 101]           | [0.0200, 0.0200, 0.2800, 0.6000, 0.0800]                 | 0.5300   | 0.6400  | 0.5600 
4     | 5           | [97, 98, 99, 100, 101]           | [0.0200, 0.0600, 0.1900, 0.5400, 0.1900]                 | 0.7676   | 0.6800  | 0.6386 
5     | 5           | [98, 99, 100, 101, 102]          | [0.1300, 0.2600, 0.3300, 0.2500, 0.0300]                 | 1.1059   | 0.7000  | 0.7507 
6     | 4           | [98, 99, 100, 101]               | [0.2900, 0.4100, 0.2400, 0.0600]                         | 0.7651   | 0.6200  | 0.6935 
7     | 4           | [99, 100, 101, 102]              | [0.0200, 0.5600, 0.4100, 0.0100]                         | 0.3019   | 0.4600  | 0.5230 
8     | 5           | [98, 99, 100, 101, 102]          | [0.2500, 0.3600, 0.3500, 0.0200, 0.0200]                 | 0.8200   | 0.6400  | 0.6915 
9     | 6           | [97, 98, 99, 100, 101, 102]      | [0.0100, 0.1800, 0.3300, 0.2500, 0.1600, 0.0700]         | 1.4036   | 0.8200  | 0.7733 
10    | 4           | [99, 100, 101, 102]              | [0.0700, 0.5600, 0.2500, 0.1200]                         | 0.6236   | 0.6200  | 0.6107 
11    | 4           | [98, 99, 100, 101]               | [0.0600, 0.3800, 0.4700, 0.0900]                         | 0.5419   | 0.6000  | 0.6293 
12    | 4           | [99, 100, 101, 102]              | [0.1200, 0.1600, 0.5700, 0.1500]                         | 0.7275   | 0.6800  | 0.6188 
13    | 5           | [98, 99, 100, 101, 102]          | [0.3700, 0.1600, 0.1400, 0.2700, 0.0600]                 | 1.8899   | 0.7400  | 0.7489 
14    | 5           | [98, 99, 100, 101, 102]          | [0.0400, 0.1400, 0.5800, 0.1000, 0.1400]                 | 0.9344   | 0.6200  | 0.6190 
15    | 5           | [96, 98, 99, 100, 101]           | [0.0100, 0.0700, 0.2400, 0.6300, 0.0500]                 | 0.5931   | 0.6200  | 0.5434 
16    | 7           | [97, 98, 99, 100, 101, 102, 103] | [0.1700, 0.1100, 0.5500, 0.0800, 0.0100, 0.0700, 0.0100] | 1.6900   | 0.6400  | 0.6515 
17    | 4           | [98, 99, 100, 101]               | [0.0300, 0.1300, 0.7900, 0.0500]                         | 0.2804   | 0.3200  | 0.3592 
18    | 6           | [99, 100, 101, 102, 103, 104]    | [0.0300, 0.3100, 0.5100, 0.0400, 0.1000, 0.0100]         | 0.9500   | 0.7000  | 0.6376 
19    | 6           | [98, 99, 100, 101, 102, 103]     | [0.0200, 0.1800, 0.3500, 0.3600, 0.0800, 0.0100]         | 0.9211   | 0.7200  | 0.7158 
20    | 6           | [98, 99, 100, 101, 102, 103]     | [0.0100, 0.3200, 0.2500, 0.2600, 0.1400, 0.0200]         | 1.2924   | 0.7800  | 0.7550 
21    | 5           | [99, 100, 101, 102, 103]         | [0.0900, 0.5500, 0.2800, 0.0600, 0.0200]                 | 0.6531   | 0.7000  | 0.6131 
