
[Simulation Info]
simulation_id = sim_0003042
timestamp     = 20250428_083540
seed          = 806711
output_folder = /home/lejeunet/Bureau/simulations/Ref_table/sim_0003042

[Model Parameters]
pop_size           = 825
num_loci           = 20
sample1_generation = 30
sample2_generation = 10
low_repeats        = 1
high_repeats       = 200
mutation_rate      = 0.001
recap_Ne           = 825

[Sampling Design]
sample1_size_Ne  = 50
sample2_size_Ne  = 50
sample1_size_CMR = 50
sample2_size_CMR = 50

[Capture-Marquage-Recapture]
census_N   =  867
MatchCount =  3

[Ne Estimates - One Sample - Decreasing critical values [0.050, 0.020, 0.010, 0+]]

[Linkage Desequilibrium]
LD_Ne_Pop1 = [363.6, 336.7, 297.6, 297.6]
LD_r2_Pop1 = [0.022188, 0.02226, 0.022388, 0.022388]
LD_Ne_Pop2 = [823.6, 425.9, 555.6, 555.6]
LD_r2_Pop2 = [0.02168, 0.022055, 0.021874, 0.021874]

[Heterozygote excess]
HE_Neb_mean_Pop1        = [48.7, 61.3, 61.3, 61.3]
HE_weighted_D_mean_Pop1 = [0.01038, 0.00823, 0.00823, 0.00823]
HE_Neb_mean_Pop2        = [None, None, None, None]
HE_weighted_D_mean_Pop2 = [-0.01215, -0.0063, -0.0063, -0.0063]

[Molecular Coancestry]
Coan_Neb_n_Pop1 = 37.3
Coan_f1_Pop1    = 0.01341
Coan_Neb_n_Pop2 = 16.7
Coan_f1_Pop2    = 0.02987

[Ne Estimates - Temporal - Decreasing critical values (0.050, 0.020, 0.010, 0+)]

[Pollak]
P_Ne     = [368.4, 432.2, 445.3, 445.3]
P_Fk     = [0.03357, 0.03157, 0.03123, 0.03123]
P_Fprime = [0.01357, 0.01157, 0.01123, 0.01123]

[Nei/Tajima]
N_Ne     = [348.7, 398.5, 408.6, 408.6]
N_Fc     = [0.03434, 0.03255, 0.03224, 0.03224]
N_Fprime = [0.01434, 0.01255, 0.01224, 0.01224]

[Jorde/Ryman]
J_Ne     = [251.3, 259.2, 259.4, 259.4]
J_Fs     = [0.0401, 0.03948, 0.03947, 0.03947]
J_Fprime = [0.0199, 0.01929, 0.01927, 0.01927]

[Genetic Diversity - Heterozygosity]
mean_exp_het_pop1 = 0.6891
mean_obs_het_pop1 = 0.6924
mean_exp_het_pop2 = 0.6712
mean_obs_het_pop2 = 0.6629

[Genetic Diversity - Allele Counts]
mean_alleles_pop1 = 5.48
var_alleles_pop1  = 1.06
sum_alleles_pop1  = 115
mean_alleles_pop2 = 5.74
var_alleles_pop2  = 1.22
sum_alleles_pop2  = 241

[Genetic Diversity - Allelic Size Variance]
var_allele_size_pop1 = 1.5055
var_allele_size_pop2 = 1.4342

[Per-locus summary - Population 1]
Locus | Num_Alleles | Alleles                               | Frequencies                                                      | Variance | Obs_Het | Exp_Het
------+-------------+---------------------------------------+------------------------------------------------------------------+----------+---------+--------
1     | 7           | [98, 99, 100, 101, 102, 103, 104]     | [0.0100, 0.0400, 0.5600, 0.2100, 0.0500, 0.0200, 0.1100]         | 1.8675   | 0.7600  | 0.6319 
2     | 7           | [96, 97, 98, 99, 100, 101, 102]       | [0.1200, 0.0200, 0.0700, 0.0200, 0.3100, 0.4500, 0.0100]         | 2.8371   | 0.5600  | 0.6881 
3     | 5           | [99, 100, 101, 102, 103]              | [0.0300, 0.0300, 0.1900, 0.6700, 0.0800]                         | 0.5924   | 0.5600  | 0.5119 
4     | 4           | [98, 99, 100, 102]                    | [0.2600, 0.4900, 0.1700, 0.0800]                                 | 1.1275   | 0.6400  | 0.6636 
5     | 8           | [97, 98, 99, 100, 101, 102, 103, 104] | [0.0200, 0.0600, 0.0200, 0.2200, 0.1800, 0.1900, 0.1800, 0.1300] | 3.0636   | 0.8600  | 0.8378 
6     | 5           | [99, 100, 101, 102, 103]              | [0.0800, 0.0100, 0.3300, 0.4800, 0.1000]                         | 0.9499   | 0.6600  | 0.6507 
7     | 5           | [97, 98, 99, 100, 101]                | [0.0700, 0.4400, 0.4500, 0.0200, 0.0200]                         | 0.5496   | 0.5200  | 0.6042 
8     | 6           | [97, 98, 99, 100, 101, 102]           | [0.0300, 0.3600, 0.3400, 0.1000, 0.1100, 0.0600]                 | 1.5536   | 0.7400  | 0.7356 
9     | 5           | [99, 100, 101, 102, 103]              | [0.4100, 0.1600, 0.1100, 0.1000, 0.2200]                         | 2.5864   | 0.7000  | 0.7432 
10    | 5           | [97, 98, 99, 100, 101]                | [0.1000, 0.0700, 0.2600, 0.4800, 0.0900]                         | 1.1579   | 0.7600  | 0.6859 
11    | 6           | [96, 97, 98, 99, 100, 101]            | [0.0200, 0.2500, 0.2400, 0.1600, 0.3200, 0.0100]                 | 1.5684   | 0.7800  | 0.7590 
12    | 6           | [98, 99, 100, 101, 102, 103]          | [0.0200, 0.2300, 0.1000, 0.3600, 0.2600, 0.0300]                 | 1.4900   | 0.7200  | 0.7461 
13    | 6           | [97, 98, 99, 100, 101, 102]           | [0.0400, 0.1100, 0.1200, 0.4000, 0.3000, 0.0300]                 | 1.3300   | 0.7400  | 0.7283 
14    | 6           | [98, 99, 100, 101, 102, 103]          | [0.0300, 0.2400, 0.2400, 0.0600, 0.3200, 0.1100]                 | 2.1571   | 0.7600  | 0.7735 
15    | 5           | [97, 99, 100, 101, 102]               | [0.0100, 0.0900, 0.3200, 0.3700, 0.2100]                         | 0.9411   | 0.7000  | 0.7156 
16    | 5           | [99, 100, 101, 102, 103]              | [0.0300, 0.3500, 0.1300, 0.4300, 0.0600]                         | 1.1204   | 0.7000  | 0.6780 
17    | 4           | [99, 100, 101, 102]                   | [0.2200, 0.5500, 0.2200, 0.0100]                                 | 0.4796   | 0.6000  | 0.6067 
18    | 5           | [95, 96, 97, 100, 101]                | [0.1600, 0.5900, 0.1400, 0.0500, 0.0600]                         | 2.3696   | 0.6200  | 0.6067 
19    | 4           | [99, 100, 101, 103]                   | [0.2800, 0.3700, 0.2600, 0.0900]                                 | 1.2875   | 0.8000  | 0.7162 
20    | 5           | [99, 100, 101, 102, 103]              | [0.0100, 0.1500, 0.2800, 0.4700, 0.0900]                         | 0.7896   | 0.6600  | 0.6768 
21    | 6           | [98, 99, 100, 101, 102, 103]          | [0.0200, 0.4400, 0.2500, 0.1600, 0.0100, 0.1200]                 | 1.7964   | 0.7000  | 0.7105 

[Per-locus summary - Population 2]
Locus | Num_Alleles | Alleles                                | Frequencies                                                      | Variance | Obs_Het | Exp_Het
------+-------------+----------------------------------------+------------------------------------------------------------------+----------+---------+--------
1     | 8           | [98, 99, 100, 101, 102, 103, 104, 105] | [0.0400, 0.1400, 0.4300, 0.2100, 0.0900, 0.0100, 0.0500, 0.0300] | 2.2075   | 0.7400  | 0.7457 
2     | 7           | [96, 97, 98, 99, 100, 101, 102]        | [0.1300, 0.0300, 0.0700, 0.0100, 0.2900, 0.4400, 0.0300]         | 3.1324   | 0.6200  | 0.7057 
3     | 5           | [99, 100, 101, 102, 103]               | [0.0500, 0.0100, 0.1800, 0.7000, 0.0600]                         | 0.6459   | 0.4000  | 0.4762 
4     | 5           | [98, 99, 100, 101, 102]                | [0.1900, 0.5600, 0.1500, 0.0100, 0.0900]                         | 1.1275   | 0.5800  | 0.6259 
5     | 7           | [98, 99, 100, 101, 102, 103, 104]      | [0.0400, 0.0200, 0.2300, 0.0700, 0.2700, 0.2900, 0.0800]         | 2.3300   | 0.8400  | 0.7846 
6     | 6           | [99, 100, 101, 102, 103, 104]          | [0.0400, 0.0300, 0.4200, 0.3700, 0.1300, 0.0100]                 | 0.8675   | 0.6800  | 0.6739 
7     | 5           | [97, 98, 99, 100, 101]                 | [0.0700, 0.4500, 0.4300, 0.0400, 0.0100]                         | 0.5291   | 0.5000  | 0.6121 
8     | 6           | [97, 98, 99, 100, 101, 102]            | [0.0500, 0.2000, 0.4400, 0.2000, 0.0700, 0.0400]                 | 1.2144   | 0.6200  | 0.7247 
9     | 6           | [99, 100, 101, 102, 103, 104]          | [0.4900, 0.1300, 0.1400, 0.0800, 0.1400, 0.0200]                 | 2.4339   | 0.7600  | 0.7040 
10    | 5           | [97, 98, 99, 100, 101]                 | [0.0600, 0.1500, 0.4400, 0.2200, 0.1300]                         | 1.0859   | 0.7400  | 0.7222 
11    | 5           | [96, 97, 98, 99, 100]                  | [0.0100, 0.1800, 0.4300, 0.1900, 0.1900]                         | 1.0331   | 0.7600  | 0.7176 
12    | 5           | [99, 100, 101, 102, 103]               | [0.2100, 0.0700, 0.4800, 0.1600, 0.0800]                         | 1.3611   | 0.7400  | 0.6956 
13    | 6           | [97, 98, 99, 100, 101, 102]            | [0.0100, 0.1600, 0.0700, 0.3700, 0.3600, 0.0300]                 | 1.2800   | 0.7600  | 0.7091 
14    | 5           | [99, 100, 101, 102, 103]               | [0.2000, 0.2200, 0.0400, 0.3800, 0.1600]                         | 2.0336   | 0.8400  | 0.7475 
15    | 4           | [99, 100, 101, 102]                    | [0.0800, 0.4400, 0.2400, 0.2400]                                 | 0.8704   | 0.7800  | 0.6917 
16    | 6           | [99, 100, 101, 102, 103, 104]          | [0.0500, 0.1800, 0.1400, 0.5000, 0.0900, 0.0400]                 | 1.3296   | 0.6600  | 0.6927 
17    | 4           | [99, 100, 101, 102]                    | [0.2400, 0.5800, 0.1700, 0.0100]                                 | 0.4475   | 0.5200  | 0.5828 
18    | 5           | [95, 96, 97, 100, 101]                 | [0.0700, 0.7900, 0.0500, 0.0600, 0.0300]                         | 1.6931   | 0.3400  | 0.3677 
19    | 5           | [99, 100, 101, 102, 103]               | [0.1300, 0.3900, 0.3400, 0.0200, 0.1200]                         | 1.2579   | 0.7400  | 0.7077 
20    | 5           | [99, 100, 101, 102, 103]               | [0.0100, 0.1400, 0.2600, 0.4800, 0.1100]                         | 0.8084   | 0.6400  | 0.6770 
21    | 8           | [97, 98, 99, 100, 101, 102, 103, 104]  | [0.0300, 0.0600, 0.4300, 0.2600, 0.0500, 0.0300, 0.1300, 0.0100] | 2.4300   | 0.6600  | 0.7299 
