
[Simulation Info]
simulation_id = sim_0011327
timestamp     = 20250429_090748
seed          = 388995
output_folder = /home/lejeunet/Bureau/simulations/Ref_table/sim_0011327

[Model Parameters]
pop_size           = 888
num_loci           = 20
sample1_generation = 30
sample2_generation = 10
low_repeats        = 1
high_repeats       = 200
mutation_rate      = 0.001
recap_Ne           = 888

[Sampling Design]
sample1_size_Ne  = 50
sample2_size_Ne  = 50
sample1_size_CMR = 50
sample2_size_CMR = 50

[Capture-Marquage-Recapture]
census_N   =  1300
MatchCount =  2

[Ne Estimates - One Sample - Decreasing critical values [0.050, 0.020, 0.010, 0+]]

[Linkage Desequilibrium]
LD_Ne_Pop1 = [1132.4, 1822.2, 1084.1, 1084.1]
LD_r2_Pop1 = [0.02157, 0.021459, 0.021583, 0.021583]
LD_Ne_Pop2 = [205.2, 368.0, 325.7, 325.7]
LD_r2_Pop2 = [0.022884, 0.022177, 0.022293, 0.022293]

[Heterozygote excess]
HE_Neb_mean_Pop1        = [None, None, None, None]
HE_weighted_D_mean_Pop1 = [-0.01677, -0.01284, -0.01265, -0.01265]
HE_Neb_mean_Pop2        = [None, None, None, None]
HE_weighted_D_mean_Pop2 = [-0.02717, -0.01788, -0.01776, -0.01776]

[Molecular Coancestry]
Coan_Neb_n_Pop1 = 69.8
Coan_f1_Pop1    = 0.00716
Coan_Neb_n_Pop2 = 13.4
Coan_f1_Pop2    = 0.03732

[Ne Estimates - Temporal - Decreasing critical values (0.050, 0.020, 0.010, 0+)]

[Pollak]
P_Ne     = [583.3, 576.8, 635.2, 626.3]
P_Fk     = [0.02857, 0.02867, 0.02787, 0.02798]
P_Fprime = [0.00857, 0.00867, 0.00787, 0.00798]

[Nei/Tajima]
N_Ne     = [616.3, 606.6, 659.0, 650.8]
N_Fc     = [0.02811, 0.02824, 0.02759, 0.02768]
N_Fprime = [0.00811, 0.00824, 0.00759, 0.00768]

[Jorde/Ryman]
J_Ne     = [581.8, 557.2, 562.5, 561.6]
J_Fs     = [0.02871, 0.02909, 0.02901, 0.02902]
J_Fprime = [0.00859, 0.00897, 0.00889, 0.0089]

[Genetic Diversity - Heterozygosity]
mean_exp_het_pop1 = 0.6968
mean_obs_het_pop1 = 0.6781
mean_exp_het_pop2 = 0.699
mean_obs_het_pop2 = 0.681

[Genetic Diversity - Allele Counts]
mean_alleles_pop1 = 5.86
var_alleles_pop1  = 2.13
sum_alleles_pop1  = 123
mean_alleles_pop2 = 6.02
var_alleles_pop2  = 1.88
sum_alleles_pop2  = 253

[Genetic Diversity - Allelic Size Variance]
var_allele_size_pop1 = 2.2745
var_allele_size_pop2 = 2.4232

[Per-locus summary - Population 1]
Locus | Num_Alleles | Alleles                                 | Frequencies                                                      | Variance | Obs_Het | Exp_Het
------+-------------+-----------------------------------------+------------------------------------------------------------------+----------+---------+--------
1     | 7           | [97, 98, 99, 100, 101, 102, 103]        | [0.0100, 0.1100, 0.2500, 0.4600, 0.0800, 0.0500, 0.0400]         | 1.3800   | 0.7200  | 0.7103 
2     | 6           | [95, 96, 97, 98, 100, 101]              | [0.0100, 0.0500, 0.3500, 0.0800, 0.2500, 0.2600]                 | 3.3400   | 0.6400  | 0.7459 
3     | 8           | [96, 97, 98, 99, 101, 102, 104, 105]    | [0.2000, 0.2000, 0.0600, 0.2300, 0.0700, 0.0400, 0.0300, 0.1700] | 10.0331  | 0.8200  | 0.8356 
4     | 8           | [95, 96, 97, 98, 99, 100, 101, 102]     | [0.0200, 0.1900, 0.1300, 0.0300, 0.2400, 0.3200, 0.0500, 0.0200] | 3.0684   | 0.7800  | 0.7907 
5     | 3           | [100, 101, 102]                         | [0.1400, 0.6100, 0.2500]                                         | 0.3779   | 0.4800  | 0.5513 
6     | 6           | [97, 98, 99, 100, 102, 103]             | [0.2000, 0.2300, 0.3300, 0.0800, 0.1300, 0.0300]                 | 2.7584   | 0.7200  | 0.7818 
7     | 8           | [96, 97, 98, 99, 100, 101, 104, 105]    | [0.0200, 0.1400, 0.2500, 0.1200, 0.3800, 0.0400, 0.0300, 0.0200] | 2.9804   | 0.7200  | 0.7634 
8     | 5           | [96, 97, 98, 99, 100]                   | [0.0800, 0.5200, 0.3700, 0.0200, 0.0100]                         | 0.4904   | 0.4600  | 0.5917 
9     | 5           | [101, 102, 103, 104, 105]               | [0.2600, 0.2500, 0.2300, 0.2500, 0.0100]                         | 1.3300   | 0.7200  | 0.7620 
10    | 7           | [97, 98, 99, 100, 101, 102, 103]        | [0.0100, 0.0200, 0.1500, 0.0400, 0.1100, 0.6200, 0.0500]         | 1.7216   | 0.6400  | 0.5822 
11    | 5           | [101, 102, 103, 104, 105]               | [0.0100, 0.4900, 0.0400, 0.2800, 0.1800]                         | 1.5131   | 0.6600  | 0.6539 
12    | 8           | [97, 100, 101, 102, 103, 104, 105, 106] | [0.0100, 0.2200, 0.0800, 0.0100, 0.0300, 0.2200, 0.3700, 0.0600] | 4.8475   | 0.7000  | 0.7628 
13    | 5           | [97, 100, 101, 102, 103]                | [0.0300, 0.0600, 0.0900, 0.3800, 0.4400]                         | 1.5136   | 0.5800  | 0.6560 
14    | 5           | [96, 99, 100, 101, 102]                 | [0.0700, 0.0300, 0.6400, 0.2100, 0.0500]                         | 1.5600   | 0.5000  | 0.5434 
15    | 6           | [96, 97, 98, 99, 100, 101]              | [0.2500, 0.3000, 0.1600, 0.0900, 0.0400, 0.1600]                 | 2.9675   | 0.8400  | 0.7945 
16    | 4           | [101, 102, 103, 104]                    | [0.1400, 0.5800, 0.2100, 0.0700]                                 | 0.5859   | 0.5600  | 0.6010 
17    | 5           | [100, 101, 102, 103, 104]               | [0.2200, 0.2400, 0.1600, 0.3300, 0.0500]                         | 1.5875   | 0.7800  | 0.7647 
18    | 6           | [98, 99, 100, 101, 102, 103]            | [0.0500, 0.0200, 0.2200, 0.3500, 0.3500, 0.0100]                 | 1.1384   | 0.7400  | 0.7107 
19    | 4           | [99, 100, 101, 102]                     | [0.0900, 0.6600, 0.2000, 0.0500]                                 | 0.4459   | 0.5400  | 0.5190 
20    | 5           | [101, 102, 103, 104, 105]               | [0.3000, 0.4200, 0.0100, 0.2600, 0.0100]                         | 1.3724   | 0.7400  | 0.6725 
21    | 7           | [97, 98, 99, 100, 101, 102, 103]        | [0.0300, 0.1800, 0.1700, 0.1900, 0.2200, 0.1000, 0.1100]         | 2.7531   | 0.9000  | 0.8396 

[Per-locus summary - Population 2]
Locus | Num_Alleles | Alleles                              | Frequencies                                                      | Variance | Obs_Het | Exp_Het
------+-------------+--------------------------------------+------------------------------------------------------------------+----------+---------+--------
1     | 7           | [97, 98, 99, 100, 101, 102, 103]     | [0.0200, 0.1000, 0.3300, 0.3900, 0.0600, 0.0800, 0.0200]         | 1.3739   | 0.6600  | 0.7255 
2     | 7           | [96, 97, 98, 99, 100, 101, 102]      | [0.1400, 0.3500, 0.0100, 0.0100, 0.1500, 0.3200, 0.0200]         | 4.2016   | 0.6800  | 0.7398 
3     | 8           | [96, 97, 98, 99, 101, 102, 104, 105] | [0.2200, 0.2800, 0.0400, 0.1900, 0.1300, 0.0100, 0.0100, 0.1200] | 8.2800   | 0.8000  | 0.8121 
4     | 7           | [96, 97, 98, 99, 100, 101, 102]      | [0.1400, 0.1800, 0.0400, 0.1500, 0.4500, 0.0300, 0.0100]         | 2.6016   | 0.7400  | 0.7277 
5     | 3           | [100, 101, 102]                      | [0.1800, 0.5900, 0.2300]                                         | 0.4075   | 0.5400  | 0.5723 
6     | 7           | [96, 97, 98, 99, 100, 102, 103]      | [0.0100, 0.2100, 0.1300, 0.2900, 0.1100, 0.1800, 0.0700]         | 3.7875   | 0.8400  | 0.8135 
7     | 8           | [96, 97, 98, 99, 100, 101, 104, 105] | [0.0500, 0.1200, 0.1800, 0.1300, 0.3700, 0.0900, 0.0300, 0.0300] | 3.5739   | 0.8600  | 0.7950 
8     | 4           | [96, 97, 98, 99]                     | [0.1500, 0.5000, 0.3000, 0.0500]                                 | 0.5875   | 0.6800  | 0.6414 
9     | 5           | [101, 102, 103, 104, 105]            | [0.2700, 0.2000, 0.3200, 0.1900, 0.0200]                         | 1.2899   | 0.7600  | 0.7558 
10    | 7           | [97, 98, 99, 100, 101, 102, 103]     | [0.0300, 0.0300, 0.2300, 0.0400, 0.1900, 0.4700, 0.0100]         | 2.1716   | 0.6800  | 0.6935 
11    | 5           | [101, 102, 103, 104, 105]            | [0.0700, 0.5900, 0.0300, 0.1900, 0.1200]                         | 1.4500   | 0.6000  | 0.6016 
12    | 6           | [100, 101, 102, 104, 105, 106]       | [0.1200, 0.2500, 0.0300, 0.2300, 0.3500, 0.0200]                 | 3.9100   | 0.7000  | 0.7539 
13    | 6           | [97, 100, 101, 102, 103, 104]        | [0.0800, 0.0200, 0.0400, 0.3000, 0.5500, 0.0100]                 | 2.7019   | 0.5600  | 0.6050 
14    | 5           | [96, 99, 100, 101, 102]              | [0.1700, 0.0400, 0.5500, 0.1600, 0.0800]                         | 3.0800   | 0.5800  | 0.6414 
15    | 6           | [96, 97, 98, 99, 100, 101]           | [0.3000, 0.2100, 0.1400, 0.1000, 0.0400, 0.2100]                 | 3.5600   | 0.7400  | 0.7986 
16    | 6           | [100, 101, 102, 103, 104, 105]       | [0.0100, 0.0400, 0.6700, 0.1600, 0.1000, 0.0200]                 | 0.6904   | 0.5200  | 0.5186 
17    | 5           | [100, 101, 102, 103, 104]            | [0.2700, 0.2700, 0.2000, 0.2300, 0.0300]                         | 1.4296   | 0.7600  | 0.7681 
18    | 5           | [98, 99, 100, 101, 102]              | [0.0300, 0.0300, 0.2300, 0.4200, 0.2900]                         | 0.9019   | 0.6800  | 0.6917 
19    | 5           | [98, 99, 100, 101, 102]              | [0.0100, 0.1200, 0.6300, 0.2200, 0.0200]                         | 0.4456   | 0.5400  | 0.5453 
20    | 4           | [101, 102, 103, 104]                 | [0.3600, 0.2900, 0.0200, 0.3300]                                 | 1.5976   | 0.6400  | 0.6838 
21    | 7           | [97, 98, 99, 100, 101, 102, 103]     | [0.0200, 0.2800, 0.0700, 0.1100, 0.2800, 0.1900, 0.0500]         | 2.8456   | 0.7400  | 0.7952 
