
[Simulation Info]
simulation_id = sim_0008747
timestamp     = 20250428_110002
seed          = 864421
output_folder = /home/lejeunet/Bureau/simulations/Ref_table/sim_0008747

[Model Parameters]
pop_size           = 725
num_loci           = 20
sample1_generation = 30
sample2_generation = 10
low_repeats        = 1
high_repeats       = 200
mutation_rate      = 0.001
recap_Ne           = 725

[Sampling Design]
sample1_size_Ne  = 50
sample2_size_Ne  = 50
sample1_size_CMR = 50
sample2_size_CMR = 50

[Capture-Marquage-Recapture]
census_N   =  650
MatchCount =  4

[Ne Estimates - One Sample - Decreasing critical values [0.050, 0.020, 0.010, 0+]]

[Linkage Desequilibrium]
LD_Ne_Pop1 = [205.0, 313.8, 526.9, 526.9]
LD_r2_Pop1 = [0.022886, 0.022331, 0.021906, 0.021906]
LD_Ne_Pop2 = [None, None, 733.5, 733.5]
LD_r2_Pop2 = [0.020684, 0.021156, 0.021729, 0.021729]

[Heterozygote excess]
HE_Neb_mean_Pop1        = [64.3, 78.4, 78.4, 78.4]
HE_weighted_D_mean_Pop1 = [0.00783, 0.00642, 0.00642, 0.00642]
HE_Neb_mean_Pop2        = [197.7, 100.0, 105.7, 105.7]
HE_weighted_D_mean_Pop2 = [0.00253, 0.00502, 0.00475, 0.00475]

[Molecular Coancestry]
Coan_Neb_n_Pop1 = None
Coan_f1_Pop1    = -0.0136
Coan_Neb_n_Pop2 = None
Coan_f1_Pop2    = -0.03182

[Ne Estimates - Temporal - Decreasing critical values (0.050, 0.020, 0.010, 0+)]

[Pollak]
P_Ne     = [348.2, 427.7, 460.6, 464.8]
P_Fk     = [0.03436, 0.03169, 0.03086, 0.03076]
P_Fprime = [0.01436, 0.01169, 0.01086, 0.01076]

[Nei/Tajima]
N_Ne     = [462.2, 550.9, 589.0, 591.5]
N_Fc     = [0.03082, 0.02908, 0.02849, 0.02845]
N_Fprime = [0.01082, 0.00908, 0.00849, 0.00845]

[Jorde/Ryman]
J_Ne     = [1387.4, 1438.7, 1460.0, 1453.1]
J_Fs     = [0.02371, 0.02358, 0.02353, 0.02354]
J_Fprime = [0.0036, 0.00348, 0.00342, 0.00344]

[Genetic Diversity - Heterozygosity]
mean_exp_het_pop1 = 0.5547
mean_obs_het_pop1 = 0.5543
mean_exp_het_pop2 = 0.5908
mean_obs_het_pop2 = 0.5971

[Genetic Diversity - Allele Counts]
mean_alleles_pop1 = 4.48
var_alleles_pop1  = 0.86
sum_alleles_pop1  = 94
mean_alleles_pop2 = 4.88
var_alleles_pop2  = 1.13
sum_alleles_pop2  = 205

[Genetic Diversity - Allelic Size Variance]
var_allele_size_pop1 = 0.8771
var_allele_size_pop2 = 1.047

[Per-locus summary - Population 1]
Locus | Num_Alleles | Alleles                      | Frequencies                                      | Variance | Obs_Het | Exp_Het
------+-------------+------------------------------+--------------------------------------------------+----------+---------+--------
1     | 6           | [98, 99, 100, 102, 103, 104] | [0.3400, 0.3600, 0.1000, 0.1200, 0.0700, 0.0100] | 2.6875   | 0.7400  | 0.7327 
2     | 3           | [99, 100, 101]               | [0.0200, 0.9000, 0.0800]                         | 0.0964   | 0.2000  | 0.1850 
3     | 5           | [98, 99, 100, 101, 102]      | [0.0200, 0.8400, 0.0100, 0.0600, 0.0700]         | 0.7976   | 0.2400  | 0.2883 
4     | 3           | [101, 102, 103]              | [0.8300, 0.1600, 0.0100]                         | 0.1676   | 0.3400  | 0.2883 
5     | 4           | [99, 100, 101, 102]          | [0.0500, 0.8700, 0.0500, 0.0300]                 | 0.2164   | 0.2600  | 0.2396 
6     | 5           | [100, 101, 102, 103, 104]    | [0.0500, 0.2100, 0.4800, 0.0400, 0.2200]         | 1.3011   | 0.6600  | 0.6798 
7     | 6           | [98, 99, 100, 101, 102, 103] | [0.0500, 0.0300, 0.0200, 0.4200, 0.3400, 0.1400] | 1.3379   | 0.6400  | 0.6915 
8     | 5           | [98, 99, 100, 101, 102]      | [0.0200, 0.2700, 0.3600, 0.3300, 0.0200]         | 0.7564   | 0.6800  | 0.6947 
9     | 5           | [99, 100, 101, 102, 103]     | [0.0700, 0.1600, 0.2900, 0.4200, 0.0600]         | 1.0424   | 0.6600  | 0.7125 
10    | 5           | [99, 100, 101, 102, 103]     | [0.0600, 0.0200, 0.4300, 0.4500, 0.0400]         | 0.7179   | 0.6400  | 0.6131 
11    | 4           | [98, 99, 100, 101]           | [0.0100, 0.7900, 0.1700, 0.0300]                 | 0.2516   | 0.3400  | 0.3495 
12    | 5           | [99, 100, 101, 102, 103]     | [0.0600, 0.4600, 0.3800, 0.0900, 0.0100]         | 0.6091   | 0.6600  | 0.6386 
13    | 5           | [98, 100, 101, 102, 103]     | [0.0700, 0.1500, 0.6400, 0.0900, 0.0500]         | 1.0411   | 0.6000  | 0.5580 
14    | 4           | [98, 99, 100, 101]           | [0.0200, 0.2200, 0.6400, 0.1200]                 | 0.4004   | 0.5600  | 0.5325 
15    | 5           | [99, 100, 101, 102, 103]     | [0.1600, 0.4100, 0.1900, 0.2300, 0.0100]         | 1.0896   | 0.7000  | 0.7244 
16    | 3           | [100, 101, 102]              | [0.4900, 0.3400, 0.1700]                         | 0.5576   | 0.6400  | 0.6216 
17    | 3           | [99, 100, 101]               | [0.4000, 0.5700, 0.0300]                         | 0.2931   | 0.5000  | 0.5194 
18    | 4           | [97, 98, 99, 100]            | [0.0400, 0.3500, 0.5300, 0.0800]                 | 0.4675   | 0.6200  | 0.5946 
19    | 5           | [98, 99, 100, 101, 102]      | [0.4300, 0.1100, 0.0200, 0.2700, 0.1700]         | 2.6504   | 0.7000  | 0.7079 
20    | 4           | [98, 99, 100, 102]           | [0.0200, 0.1700, 0.5900, 0.2200]                 | 1.0771   | 0.6200  | 0.5800 
21    | 5           | [97, 98, 99, 100, 101]       | [0.0800, 0.1800, 0.4400, 0.2800, 0.0200]         | 0.8596   | 0.6400  | 0.6958 

[Per-locus summary - Population 2]
Locus | Num_Alleles | Alleles                           | Frequencies                                              | Variance | Obs_Het | Exp_Het
------+-------------+-----------------------------------+----------------------------------------------------------+----------+---------+--------
1     | 5           | [98, 99, 100, 102, 103]           | [0.3500, 0.3400, 0.0300, 0.1300, 0.1500]                 | 3.5011   | 0.7800  | 0.7289 
2     | 3           | [99, 100, 101]                    | [0.1000, 0.8900, 0.0100]                                 | 0.1019   | 0.2200  | 0.1998 
3     | 5           | [98, 99, 100, 101, 102]           | [0.0200, 0.7700, 0.0400, 0.0800, 0.0900]                 | 0.9875   | 0.4400  | 0.3946 
4     | 4           | [100, 101, 102, 103]              | [0.1100, 0.6900, 0.1900, 0.0100]                         | 0.3300   | 0.5800  | 0.4804 
5     | 4           | [99, 100, 101, 102]               | [0.1400, 0.8200, 0.0300, 0.0100]                         | 0.2019   | 0.3600  | 0.3101 
6     | 6           | [100, 101, 102, 103, 104, 105]    | [0.0400, 0.2600, 0.4600, 0.0700, 0.1600, 0.0100]         | 1.2136   | 0.6800  | 0.6956 
7     | 7           | [98, 99, 100, 101, 102, 103, 104] | [0.0300, 0.0600, 0.0100, 0.3100, 0.3700, 0.2100, 0.0100] | 1.4600   | 0.8000  | 0.7255 
8     | 5           | [98, 99, 100, 101, 102]           | [0.0700, 0.3100, 0.2900, 0.3200, 0.0100]                 | 0.9379   | 0.6800  | 0.7196 
9     | 5           | [99, 100, 101, 102, 103]          | [0.1700, 0.1400, 0.2600, 0.3800, 0.0500]                 | 1.4000   | 0.6400  | 0.7444 
10    | 4           | [99, 101, 102, 103]               | [0.0500, 0.4800, 0.4300, 0.0400]                         | 0.6219   | 0.6400  | 0.5865 
11    | 4           | [98, 99, 100, 101]                | [0.0100, 0.8000, 0.1600, 0.0300]                         | 0.2459   | 0.2600  | 0.3368 
12    | 4           | [99, 100, 101, 102]               | [0.0200, 0.4600, 0.3700, 0.1500]                         | 0.5675   | 0.6400  | 0.6350 
13    | 4           | [98, 100, 101, 102]               | [0.2200, 0.1600, 0.6100, 0.0100]                         | 1.4939   | 0.5000  | 0.5594 
14    | 4           | [98, 99, 100, 101]                | [0.0500, 0.2600, 0.5700, 0.1200]                         | 0.5224   | 0.6000  | 0.5966 
15    | 6           | [97, 98, 99, 100, 101, 102]       | [0.0100, 0.0100, 0.1100, 0.4700, 0.2500, 0.1500]         | 0.9379   | 0.6800  | 0.6887 
16    | 5           | [98, 99, 100, 101, 102]           | [0.0200, 0.0100, 0.4300, 0.3800, 0.1600]                 | 0.6875   | 0.4800  | 0.6511 
17    | 3           | [99, 100, 101]                    | [0.4600, 0.4700, 0.0700]                                 | 0.3779   | 0.5400  | 0.5683 
18    | 5           | [97, 98, 99, 100, 103]            | [0.0700, 0.2700, 0.4600, 0.1800, 0.0200]                 | 1.0275   | 0.7400  | 0.6846 
19    | 6           | [97, 98, 99, 100, 101, 102]       | [0.0100, 0.3700, 0.0800, 0.0300, 0.3700, 0.1400]         | 2.5400   | 0.8400  | 0.7063 
20    | 6           | [98, 99, 100, 101, 102, 103]      | [0.0500, 0.1300, 0.5500, 0.0100, 0.2400, 0.0200]         | 1.3776   | 0.6200  | 0.6263 
21    | 5           | [97, 98, 99, 100, 101]            | [0.1400, 0.1200, 0.3400, 0.2700, 0.1300]                 | 1.4531   | 0.8200  | 0.7683 
