
[Simulation Info]
simulation_id = sim_0005829
timestamp     = 20250428_094147
seed          = 185935
output_folder = /home/lejeunet/Bureau/simulations/Ref_table/sim_0005829

[Model Parameters]
pop_size           = 1766
num_loci           = 20
sample1_generation = 30
sample2_generation = 10
low_repeats        = 1
high_repeats       = 200
mutation_rate      = 0.001
recap_Ne           = 1766

[Sampling Design]
sample1_size_Ne  = 50
sample2_size_Ne  = 50
sample1_size_CMR = 50
sample2_size_CMR = 50

[Capture-Marquage-Recapture]
census_N   =  2601
MatchCount =  1

[Ne Estimates - One Sample - Decreasing critical values [0.050, 0.020, 0.010, 0+]]

[Linkage Desequilibrium]
LD_Ne_Pop1 = [322.9, 821.5, 1707.9, 1707.9]
LD_r2_Pop1 = [0.022302, 0.021681, 0.021471, 0.021471]
LD_Ne_Pop2 = [547.2, 2720.9, 2298.8, 2298.8]
LD_r2_Pop2 = [0.021883, 0.021398, 0.021421, 0.021421]

[Heterozygote excess]
HE_Neb_mean_Pop1        = [58.3, 99.2, 54.1, 54.1]
HE_weighted_D_mean_Pop1 = [0.00865, 0.00506, 0.00932, 0.00932]
HE_Neb_mean_Pop2        = [32.9, 26.2, 26.8, 26.8]
HE_weighted_D_mean_Pop2 = [0.01545, 0.01942, 0.01899, 0.01899]

[Molecular Coancestry]
Coan_Neb_n_Pop1 = None
Coan_f1_Pop1    = -0.00787
Coan_Neb_n_Pop2 = 221.5
Coan_f1_Pop2    = 0.00226

[Ne Estimates - Temporal - Decreasing critical values (0.050, 0.020, 0.010, 0+)]

[Pollak]
P_Ne     = [-5348.1, 4566.8, 6702.1, 6803.7]
P_Fk     = [0.01907, 0.02109, 0.02075, 0.02073]
P_Fprime = [-0.00093, 0.00109, 0.00075, 0.00073]

[Nei/Tajima]
N_Ne     = [-3711.3, 12256.7, 35353.9, 35816.1]
N_Fc     = [0.01865, 0.02041, 0.02014, 0.02014]
N_Fprime = [-0.00135, 0.00041, 0.00014, 0.00014]

[Jorde/Ryman]
J_Ne     = [-3217.7, -4010.0, -3920.3, -3919.9]
J_Fs     = [0.01855, 0.01885, 0.01883, 0.01883]
J_Fprime = [-0.00155, -0.00125, -0.00128, -0.00128]

[Genetic Diversity - Heterozygosity]
mean_exp_het_pop1 = 0.7443
mean_obs_het_pop1 = 0.7448
mean_exp_het_pop2 = 0.751
mean_obs_het_pop2 = 0.7657

[Genetic Diversity - Allele Counts]
mean_alleles_pop1 = 6.95
var_alleles_pop1  = 3.25
sum_alleles_pop1  = 146
mean_alleles_pop2 = 7.12
var_alleles_pop2  = 2.74
sum_alleles_pop2  = 299

[Genetic Diversity - Allelic Size Variance]
var_allele_size_pop1 = 8.2101
var_allele_size_pop2 = 8.2124

[Per-locus summary - Population 1]
Locus | Num_Alleles | Alleles                                                 | Frequencies                                                                              | Variance | Obs_Het | Exp_Het
------+-------------+---------------------------------------------------------+------------------------------------------------------------------------------------------+----------+---------+--------
1     | 5           | [99, 100, 101, 102, 103]                                | [0.0300, 0.2700, 0.2800, 0.2100, 0.2100]                                                 | 1.3500   | 0.8000  | 0.7673 
2     | 6           | [97, 98, 99, 100, 101, 102]                             | [0.0900, 0.1400, 0.1400, 0.1200, 0.2800, 0.2300]                                         | 2.7075   | 0.8800  | 0.8152 
3     | 5           | [101, 102, 103, 104, 105]                               | [0.1200, 0.2000, 0.2100, 0.4400, 0.0300]                                                 | 1.2364   | 0.6200  | 0.7141 
4     | 6           | [98, 99, 100, 101, 103, 104]                            | [0.0500, 0.2000, 0.3300, 0.1600, 0.2500, 0.0100]                                         | 2.5475   | 0.7600  | 0.7681 
5     | 7           | [88, 90, 91, 92, 94, 95, 96]                            | [0.0200, 0.0400, 0.1700, 0.0700, 0.0700, 0.5000, 0.1300]                                 | 4.1611   | 0.7200  | 0.6994 
6     | 6           | [93, 94, 95, 96, 106, 107]                              | [0.0700, 0.3100, 0.2500, 0.1300, 0.1500, 0.0900]                                         | 26.0219  | 0.8000  | 0.7970 
7     | 8           | [95, 96, 97, 98, 100, 101, 102, 103]                    | [0.1300, 0.1000, 0.1400, 0.0200, 0.1400, 0.2100, 0.1900, 0.0700]                         | 7.2859   | 0.8600  | 0.8570 
8     | 8           | [95, 96, 98, 99, 100, 101, 102, 104]                    | [0.0300, 0.0100, 0.0300, 0.0400, 0.2100, 0.2400, 0.4100, 0.0300]                         | 2.6379   | 0.6400  | 0.7331 
9     | 9           | [102, 103, 105, 106, 107, 108, 109, 110, 111]           | [0.0100, 0.2000, 0.0100, 0.0300, 0.0200, 0.1100, 0.5100, 0.0900, 0.0200]                 | 6.4636   | 0.6200  | 0.6846 
10    | 11          | [100, 101, 102, 103, 104, 109, 110, 111, 112, 113, 114] | [0.0200, 0.0400, 0.1500, 0.3900, 0.0100, 0.0100, 0.0500, 0.1000, 0.0300, 0.1600, 0.0400] | 22.4824  | 0.8400  | 0.7905 
11    | 8           | [91, 92, 93, 94, 98, 99, 100, 101]                      | [0.0900, 0.1700, 0.0200, 0.0200, 0.0200, 0.1900, 0.4100, 0.0800]                         | 13.5636  | 0.8000  | 0.7588 
12    | 6           | [95, 96, 100, 101, 102, 103]                            | [0.2900, 0.0800, 0.1900, 0.0400, 0.2800, 0.1200]                                         | 10.1139  | 0.7200  | 0.7869 
13    | 9           | [93, 94, 95, 96, 97, 107, 108, 109, 110]                | [0.0200, 0.0400, 0.4200, 0.1800, 0.0100, 0.0200, 0.1400, 0.1600, 0.0100]                 | 39.6051  | 0.7000  | 0.7509 
14    | 5           | [96, 97, 98, 99, 100]                                   | [0.0200, 0.2100, 0.3000, 0.2200, 0.2500]                                                 | 1.2891   | 0.8200  | 0.7622 
15    | 7           | [89, 90, 91, 92, 95, 96, 97]                            | [0.0400, 0.2000, 0.2900, 0.1700, 0.0100, 0.2300, 0.0600]                                 | 6.5264   | 0.7600  | 0.7968 
16    | 4           | [95, 96, 97, 98]                                        | [0.0200, 0.2300, 0.6800, 0.0700]                                                         | 0.3400   | 0.5200  | 0.4842 
17    | 7           | [99, 100, 101, 102, 103, 105, 106]                      | [0.1200, 0.3800, 0.1500, 0.0400, 0.0300, 0.2500, 0.0300]                                 | 5.3731   | 0.6800  | 0.7604 
18    | 7           | [94, 95, 96, 97, 99, 100, 101]                          | [0.0800, 0.4900, 0.0100, 0.0800, 0.0300, 0.2800, 0.0300]                                 | 5.7659   | 0.7400  | 0.6735 
19    | 7           | [96, 97, 98, 100, 101, 102, 103]                        | [0.0100, 0.1500, 0.0700, 0.0500, 0.2700, 0.3400, 0.1100]                                 | 3.9875   | 0.8400  | 0.7772 
20    | 10          | [102, 104, 105, 106, 108, 109, 110, 111, 112, 113]      | [0.0200, 0.0100, 0.3500, 0.0100, 0.0400, 0.0600, 0.2700, 0.2000, 0.0300, 0.0100]         | 7.7204   | 0.8600  | 0.7654 
21    | 5           | [96, 98, 99, 100, 101]                                  | [0.0600, 0.4700, 0.2300, 0.2000, 0.0400]                                                 | 1.2331   | 0.6600  | 0.6879 

[Per-locus summary - Population 2]
Locus | Num_Alleles | Alleles                                       | Frequencies                                                              | Variance | Obs_Het | Exp_Het
------+-------------+-----------------------------------------------+--------------------------------------------------------------------------+----------+---------+--------
1     | 5           | [99, 100, 101, 102, 103]                      | [0.0300, 0.2900, 0.1800, 0.2600, 0.2400]                                 | 1.4779   | 0.7600  | 0.7651 
2     | 7           | [96, 97, 98, 99, 100, 101, 102]               | [0.0200, 0.1300, 0.2200, 0.0900, 0.0500, 0.2800, 0.2100]                 | 3.4900   | 0.7800  | 0.8093 
3     | 5           | [101, 102, 103, 104, 105]                     | [0.0700, 0.2000, 0.1700, 0.5100, 0.0500]                                 | 1.1171   | 0.7400  | 0.6703 
4     | 7           | [98, 99, 100, 101, 102, 103, 104]             | [0.0200, 0.1400, 0.3300, 0.2700, 0.0100, 0.2100, 0.0200]                 | 2.0676   | 0.7400  | 0.7612 
5     | 9           | [88, 89, 90, 91, 92, 94, 95, 96, 97]          | [0.0100, 0.0100, 0.0400, 0.1600, 0.0800, 0.0500, 0.4900, 0.1400, 0.0200] | 4.2336   | 0.7200  | 0.7107 
6     | 6           | [93, 94, 95, 96, 106, 107]                    | [0.0200, 0.2900, 0.2600, 0.1500, 0.1500, 0.1300]                         | 28.2091  | 0.8800  | 0.7939 
7     | 8           | [95, 96, 97, 98, 100, 101, 102, 103]          | [0.1600, 0.0800, 0.0800, 0.0200, 0.1600, 0.2000, 0.2400, 0.0600]         | 7.4884   | 0.8800  | 0.8428 
8     | 6           | [95, 98, 99, 100, 101, 102]                   | [0.0500, 0.0400, 0.0400, 0.2200, 0.2200, 0.4300]                         | 2.8859   | 0.7000  | 0.7198 
9     | 9           | [102, 103, 105, 106, 107, 108, 109, 110, 111] | [0.0100, 0.1300, 0.0600, 0.0200, 0.0100, 0.1100, 0.5200, 0.1200, 0.0200] | 5.4056   | 0.7000  | 0.6885 
10    | 8           | [100, 101, 102, 103, 111, 112, 113, 114]      | [0.0200, 0.0500, 0.2000, 0.3900, 0.1300, 0.0200, 0.1200, 0.0700]         | 22.9811  | 0.7800  | 0.7762 
11    | 7           | [91, 92, 94, 98, 99, 100, 101]                | [0.1300, 0.1600, 0.0100, 0.0300, 0.2100, 0.3900, 0.0700]                 | 14.1859  | 0.8200  | 0.7630 
12    | 7           | [95, 96, 97, 100, 101, 102, 103]              | [0.1500, 0.1300, 0.0100, 0.3100, 0.0400, 0.3000, 0.0600]                 | 7.4696   | 0.7600  | 0.7770 
13    | 8           | [94, 95, 96, 97, 106, 107, 108, 109]          | [0.0500, 0.4200, 0.1800, 0.0200, 0.0100, 0.0400, 0.2000, 0.0800]         | 36.6896  | 0.7200  | 0.7477 
14    | 6           | [96, 97, 98, 99, 100, 101]                    | [0.0400, 0.1700, 0.3100, 0.2000, 0.2700, 0.0100]                         | 1.4296   | 0.8600  | 0.7681 
15    | 7           | [89, 90, 91, 92, 95, 96, 97]                  | [0.0100, 0.1400, 0.3300, 0.2400, 0.0200, 0.1900, 0.0700]                 | 5.6691   | 0.7600  | 0.7802 
16    | 3           | [96, 97, 98]                                  | [0.3400, 0.5900, 0.0700]                                                 | 0.3371   | 0.5800  | 0.5368 
17    | 8           | [99, 100, 101, 102, 103, 104, 105, 106]       | [0.1100, 0.2400, 0.1700, 0.0600, 0.0400, 0.0200, 0.3300, 0.0300]         | 5.6459   | 0.7800  | 0.7939 
18    | 7           | [94, 95, 96, 97, 99, 100, 101]                | [0.1200, 0.4800, 0.0400, 0.0300, 0.0200, 0.2500, 0.0600]                 | 6.2211   | 0.8000  | 0.6931 
19    | 7           | [96, 97, 98, 100, 101, 102, 103]              | [0.0400, 0.2100, 0.0900, 0.0300, 0.2800, 0.2300, 0.1200]                 | 5.1531   | 0.7400  | 0.8077 
20    | 9           | [102, 104, 105, 106, 108, 109, 110, 111, 112] | [0.0400, 0.0700, 0.2200, 0.0200, 0.0600, 0.1100, 0.2000, 0.1700, 0.1100] | 8.7624   | 0.9200  | 0.8566 
21    | 5           | [96, 97, 98, 99, 100]                         | [0.1100, 0.0500, 0.4400, 0.1300, 0.2700]                                 | 1.5400   | 0.6600  | 0.7091 
