
[Simulation Info]
simulation_id = sim_0011655
timestamp     = 20250429_091740
seed          = 726194
output_folder = /home/lejeunet/Bureau/simulations/Ref_table/sim_0011655

[Model Parameters]
pop_size           = 986
num_loci           = 20
sample1_generation = 30
sample2_generation = 10
low_repeats        = 1
high_repeats       = 200
mutation_rate      = 0.001
recap_Ne           = 986

[Sampling Design]
sample1_size_Ne  = 50
sample2_size_Ne  = 50
sample1_size_CMR = 50
sample2_size_CMR = 50

[Capture-Marquage-Recapture]
census_N   =  867
MatchCount =  3

[Ne Estimates - One Sample - Decreasing critical values [0.050, 0.020, 0.010, 0+]]

[Linkage Desequilibrium]
LD_Ne_Pop1 = [301.3, 416.9, 353.5, 353.5]
LD_r2_Pop1 = [0.022375, 0.022072, 0.022214, 0.022214]
LD_Ne_Pop2 = [None, None, 5297.9, 5297.9]
LD_r2_Pop2 = [0.020494, 0.021209, 0.021339, 0.021339]

[Heterozygote excess]
HE_Neb_mean_Pop1        = [None, None, None, None]
HE_weighted_D_mean_Pop1 = [-0.02504, -0.01979, -0.01979, -0.01979]
HE_Neb_mean_Pop2        = [None, None, None, None]
HE_weighted_D_mean_Pop2 = [-0.01597, -0.01904, -0.01887, -0.01887]

[Molecular Coancestry]
Coan_Neb_n_Pop1 = 38.2
Coan_f1_Pop1    = 0.01309
Coan_Neb_n_Pop2 = 11.3
Coan_f1_Pop2    = 0.04435

[Ne Estimates - Temporal - Decreasing critical values (0.050, 0.020, 0.010, 0+)]

[Pollak]
P_Ne     = [3948.2, 1152.9, 1200.4, 1200.4]
P_Fk     = [0.02127, 0.02434, 0.02417, 0.02417]
P_Fprime = [0.00127, 0.00434, 0.00417, 0.00417]

[Nei/Tajima]
N_Ne     = [9856.5, 1560.4, 1610.6, 1610.6]
N_Fc     = [0.02051, 0.0232, 0.0231, 0.0231]
N_Fprime = [0.00051, 0.0032, 0.0031, 0.0031]

[Jorde/Ryman]
J_Ne     = [-10105.1, 13599.5, 13696.7, 13696.7]
J_Fs     = [0.01961, 0.02047, 0.02047, 0.02047]
J_Fprime = [-0.00049, 0.00037, 0.00037, 0.00037]

[Genetic Diversity - Heterozygosity]
mean_exp_het_pop1 = 0.6294
mean_obs_het_pop1 = 0.6048
mean_exp_het_pop2 = 0.6464
mean_obs_het_pop2 = 0.6305

[Genetic Diversity - Allele Counts]
mean_alleles_pop1 = 5.57
var_alleles_pop1  = 1.56
sum_alleles_pop1  = 117
mean_alleles_pop2 = 6.0
var_alleles_pop2  = 1.76
sum_alleles_pop2  = 252

[Genetic Diversity - Allelic Size Variance]
var_allele_size_pop1 = 1.4541
var_allele_size_pop2 = 1.7714

[Per-locus summary - Population 1]
Locus | Num_Alleles | Alleles                                | Frequencies                                                      | Variance | Obs_Het | Exp_Het
------+-------------+----------------------------------------+------------------------------------------------------------------+----------+---------+--------
1     | 5           | [99, 101, 102, 103, 104]               | [0.0700, 0.1200, 0.5000, 0.3000, 0.0100]                         | 1.0899   | 0.5600  | 0.6471 
2     | 6           | [95, 96, 97, 98, 99, 100]              | [0.0600, 0.0900, 0.2500, 0.1400, 0.4100, 0.0500]                 | 1.7500   | 0.6800  | 0.7430 
3     | 6           | [93, 95, 96, 97, 98, 99]               | [0.0500, 0.0400, 0.1300, 0.5900, 0.1300, 0.0600]                 | 1.4344   | 0.5800  | 0.6166 
4     | 7           | [93, 94, 95, 96, 97, 98, 103]          | [0.0400, 0.0300, 0.3800, 0.2800, 0.0700, 0.1700, 0.0300]         | 3.0764   | 0.6800  | 0.7475 
5     | 6           | [99, 101, 102, 103, 104, 105]          | [0.0500, 0.0200, 0.3900, 0.3700, 0.1600, 0.0100]                 | 1.2675   | 0.6200  | 0.6893 
6     | 8           | [97, 98, 99, 100, 101, 102, 103, 104]  | [0.0400, 0.0200, 0.6600, 0.1700, 0.0200, 0.0200, 0.0600, 0.0100] | 1.6084   | 0.5400  | 0.5343 
7     | 4           | [96, 97, 98, 100]                      | [0.2900, 0.4900, 0.1700, 0.0500]                                 | 0.9091   | 0.6400  | 0.6509 
8     | 4           | [98, 99, 100, 101]                     | [0.1500, 0.1100, 0.4600, 0.2800]                                 | 0.9731   | 0.6800  | 0.6822 
9     | 7           | [96, 97, 98, 99, 101, 107, 108]        | [0.0200, 0.2400, 0.5600, 0.1000, 0.0500, 0.0200, 0.0100]         | 3.4275   | 0.6200  | 0.6216 
10    | 6           | [99, 100, 101, 102, 103, 104]          | [0.0100, 0.0800, 0.5400, 0.1600, 0.1400, 0.0700]                 | 1.1675   | 0.6600  | 0.6584 
11    | 6           | [99, 100, 101, 102, 103, 104]          | [0.0200, 0.0300, 0.2600, 0.6200, 0.0500, 0.0200]                 | 0.6059   | 0.5600  | 0.5493 
12    | 6           | [96, 97, 98, 99, 101, 104]             | [0.0700, 0.5000, 0.3100, 0.0300, 0.0300, 0.0600]                 | 3.2144   | 0.6400  | 0.6501 
13    | 5           | [96, 97, 98, 99, 100]                  | [0.0200, 0.0300, 0.1500, 0.7600, 0.0400]                         | 0.4371   | 0.3200  | 0.4010 
14    | 8           | [98, 99, 100, 101, 102, 103, 105, 107] | [0.0200, 0.0500, 0.4200, 0.0300, 0.1900, 0.2200, 0.0600, 0.0100] | 3.0675   | 0.6800  | 0.7390 
15    | 4           | [97, 98, 99, 100]                      | [0.0400, 0.2600, 0.4100, 0.2900]                                 | 0.7075   | 0.7200  | 0.6855 
16    | 5           | [100, 101, 102, 103, 104]              | [0.0200, 0.4500, 0.3600, 0.1600, 0.0100]                         | 0.6339   | 0.6400  | 0.6483 
17    | 4           | [98, 99, 100, 101]                     | [0.0200, 0.8000, 0.1500, 0.0300]                                 | 0.2539   | 0.2800  | 0.3396 
18    | 4           | [95, 96, 97, 99]                       | [0.0100, 0.3600, 0.5200, 0.1100]                                 | 0.8144   | 0.6200  | 0.5937 
19    | 5           | [98, 99, 100, 101, 102]                | [0.0200, 0.0500, 0.2000, 0.6500, 0.0800]                         | 0.5816   | 0.5200  | 0.5335 
20    | 6           | [98, 99, 100, 101, 102, 104]           | [0.2500, 0.4000, 0.1100, 0.1200, 0.1100, 0.0100]                 | 1.8496   | 0.7200  | 0.7463 
21    | 5           | [97, 100, 101, 102, 103]               | [0.0400, 0.1800, 0.4000, 0.2100, 0.1700]                         | 1.6659   | 0.7400  | 0.7404 

[Per-locus summary - Population 2]
Locus | Num_Alleles | Alleles                                | Frequencies                                                      | Variance | Obs_Het | Exp_Het
------+-------------+----------------------------------------+------------------------------------------------------------------+----------+---------+--------
1     | 7           | [98, 99, 100, 101, 102, 103, 104]      | [0.0100, 0.0200, 0.0200, 0.2600, 0.4900, 0.1900, 0.0100]         | 0.8739   | 0.6800  | 0.6618 
2     | 7           | [95, 96, 97, 98, 99, 100, 101]         | [0.0600, 0.1200, 0.2400, 0.1200, 0.3500, 0.1000, 0.0100]         | 2.0936   | 0.8400  | 0.7853 
3     | 7           | [93, 94, 95, 96, 97, 98, 99]           | [0.0400, 0.0100, 0.0200, 0.1500, 0.6000, 0.1400, 0.0400]         | 1.2344   | 0.6000  | 0.6002 
4     | 8           | [93, 94, 95, 96, 97, 98, 100, 103]     | [0.0100, 0.0400, 0.3200, 0.3200, 0.1000, 0.1400, 0.0100, 0.0600] | 4.1619   | 0.6800  | 0.7679 
5     | 6           | [99, 101, 102, 103, 104, 105]          | [0.0100, 0.0300, 0.4900, 0.2600, 0.2000, 0.0100]                 | 0.8731   | 0.5800  | 0.6578 
6     | 7           | [97, 98, 99, 100, 101, 102, 103]       | [0.0100, 0.0900, 0.6200, 0.1200, 0.0100, 0.0400, 0.1100]         | 2.0619   | 0.5600  | 0.5850 
7     | 5           | [95, 96, 97, 98, 100]                  | [0.0200, 0.3700, 0.3100, 0.2100, 0.0900]                         | 1.4651   | 0.6400  | 0.7216 
8     | 5           | [98, 99, 100, 101, 102]                | [0.1100, 0.1400, 0.4000, 0.3400, 0.0100]                         | 0.9600   | 0.6400  | 0.6996 
9     | 8           | [96, 97, 98, 99, 101, 106, 107, 108]   | [0.0200, 0.1800, 0.5700, 0.1100, 0.0300, 0.0400, 0.0200, 0.0300] | 7.2116   | 0.6800  | 0.6327 
10    | 5           | [100, 101, 102, 103, 104]              | [0.0700, 0.5600, 0.2100, 0.0600, 0.1000]                         | 1.1064   | 0.5200  | 0.6301 
11    | 5           | [99, 100, 101, 102, 103]               | [0.0200, 0.0300, 0.2600, 0.6200, 0.0700]                         | 0.5339   | 0.5200  | 0.5473 
12    | 6           | [96, 97, 98, 99, 101, 104]             | [0.0800, 0.5000, 0.3000, 0.0400, 0.0300, 0.0500]                 | 2.8771   | 0.6800  | 0.6552 
13    | 5           | [96, 97, 98, 99, 101]                  | [0.0400, 0.0700, 0.0900, 0.7500, 0.0500]                         | 0.8675   | 0.4600  | 0.4247 
14    | 8           | [98, 99, 100, 102, 103, 104, 105, 107] | [0.0100, 0.0100, 0.4900, 0.2000, 0.2000, 0.0200, 0.0400, 0.0300] | 3.3084   | 0.6400  | 0.6836 
15    | 4           | [97, 98, 99, 100]                      | [0.0700, 0.3300, 0.3200, 0.2800]                                 | 0.8539   | 0.7000  | 0.7125 
16    | 4           | [100, 101, 102, 103]                   | [0.0500, 0.4100, 0.3100, 0.2300]                                 | 0.7616   | 0.7400  | 0.6873 
17    | 4           | [99, 100, 101, 102]                    | [0.6800, 0.1400, 0.1300, 0.0500]                                 | 0.8075   | 0.5000  | 0.5036 
18    | 6           | [94, 95, 96, 97, 98, 99]               | [0.0100, 0.0400, 0.3900, 0.5000, 0.0200, 0.0400]                 | 0.6600   | 0.5800  | 0.6002 
19    | 4           | [99, 100, 101, 102]                    | [0.0500, 0.2400, 0.6000, 0.1100]                                 | 0.4971   | 0.6200  | 0.5735 
20    | 6           | [98, 99, 100, 101, 102, 104]           | [0.1700, 0.4200, 0.1700, 0.0900, 0.1300, 0.0200]                 | 1.9211   | 0.7800  | 0.7479 
21    | 5           | [97, 100, 101, 102, 103]               | [0.0800, 0.1200, 0.4900, 0.1900, 0.1200]                         | 2.0699   | 0.6000  | 0.6956 
