
[Simulation Info]
simulation_id = sim_0007129
timestamp     = 20250428_101440
seed          = 102685
output_folder = /home/lejeunet/Bureau/simulations/Ref_table/sim_0007129

[Model Parameters]
pop_size           = 911
num_loci           = 20
sample1_generation = 30
sample2_generation = 10
low_repeats        = 1
high_repeats       = 200
mutation_rate      = 0.001
recap_Ne           = 911

[Sampling Design]
sample1_size_Ne  = 50
sample2_size_Ne  = 50
sample1_size_CMR = 50
sample2_size_CMR = 50

[Capture-Marquage-Recapture]
census_N   =  371
MatchCount =  7

[Ne Estimates - One Sample - Decreasing critical values [0.050, 0.020, 0.010, 0+]]

[Linkage Desequilibrium]
LD_Ne_Pop1 = [487.8, 3830.6, 2050.4, 2050.4]
LD_r2_Pop1 = [0.021956, 0.021363, 0.021438, 0.021438]
LD_Ne_Pop2 = [None, None, None, None]
LD_r2_Pop2 = [0.021263, 0.020918, 0.021209, 0.021209]

[Heterozygote excess]
HE_Neb_mean_Pop1        = [73.4, 74.0, 75.9, 75.9]
HE_weighted_D_mean_Pop1 = [0.00686, 0.0068, 0.00663, 0.00663]
HE_Neb_mean_Pop2        = [19.2, 24.1, 24.5, 24.5]
HE_weighted_D_mean_Pop2 = [0.02665, 0.02116, 0.02084, 0.02084]

[Molecular Coancestry]
Coan_Neb_n_Pop1 = 35.3
Coan_f1_Pop1    = 0.01416
Coan_Neb_n_Pop2 = 24.0
Coan_f1_Pop2    = 0.02083

[Ne Estimates - Temporal - Decreasing critical values (0.050, 0.020, 0.010, 0+)]

[Pollak]
P_Ne     = [772.3, 1056.6, 1050.5, 1106.4]
P_Fk     = [0.02647, 0.02473, 0.02476, 0.02452]
P_Fprime = [0.00647, 0.00473, 0.00476, 0.00452]

[Nei/Tajima]
N_Ne     = [980.4, 1322.6, 1296.0, 1364.0]
N_Fc     = [0.0251, 0.02378, 0.02386, 0.02367]
N_Fprime = [0.0051, 0.00378, 0.00386, 0.00367]

[Jorde/Ryman]
J_Ne     = [1176.5, 1347.6, 1360.1, 1365.8]
J_Fs     = [0.02435, 0.02381, 0.02378, 0.02376]
J_Fprime = [0.00425, 0.00371, 0.00368, 0.00366]

[Genetic Diversity - Heterozygosity]
mean_exp_het_pop1 = 0.6246
mean_obs_het_pop1 = 0.6267
mean_exp_het_pop2 = 0.6358
mean_obs_het_pop2 = 0.6486

[Genetic Diversity - Allele Counts]
mean_alleles_pop1 = 5.48
var_alleles_pop1  = 1.66
sum_alleles_pop1  = 115
mean_alleles_pop2 = 5.76
var_alleles_pop2  = 2.23
sum_alleles_pop2  = 242

[Genetic Diversity - Allelic Size Variance]
var_allele_size_pop1 = 1.6984
var_allele_size_pop2 = 1.7523

[Per-locus summary - Population 1]
Locus | Num_Alleles | Alleles                              | Frequencies                                                      | Variance | Obs_Het | Exp_Het
------+-------------+--------------------------------------+------------------------------------------------------------------+----------+---------+--------
1     | 4           | [99, 100, 101, 102]                  | [0.0500, 0.1300, 0.6200, 0.2000]                                 | 0.5291   | 0.6000  | 0.5618 
2     | 7           | [96, 97, 98, 99, 100, 102, 103]      | [0.1300, 0.2600, 0.2400, 0.1700, 0.0500, 0.1000, 0.0500]         | 3.8400   | 0.8000  | 0.8222 
3     | 4           | [101, 102, 103, 104]                 | [0.1300, 0.3900, 0.3500, 0.1300]                                 | 0.7696   | 0.6600  | 0.6986 
4     | 5           | [98, 99, 100, 101, 102]              | [0.1000, 0.0600, 0.0800, 0.0300, 0.7300]                         | 1.8971   | 0.4000  | 0.4507 
5     | 4           | [96, 97, 98, 99]                     | [0.0800, 0.6800, 0.0300, 0.2100]                                 | 0.8131   | 0.4800  | 0.4911 
6     | 6           | [98, 99, 100, 101, 102, 103]         | [0.0200, 0.0400, 0.1700, 0.5100, 0.2100, 0.0500]                 | 0.9200   | 0.7600  | 0.6691 
7     | 5           | [99, 100, 101, 102, 103]             | [0.0400, 0.0400, 0.4300, 0.4300, 0.0600]                         | 0.6851   | 0.7000  | 0.6297 
8     | 6           | [96, 97, 99, 100, 101, 102]          | [0.0500, 0.0100, 0.0900, 0.4200, 0.4200, 0.0100]                 | 1.4256   | 0.6400  | 0.6428 
9     | 5           | [98, 99, 100, 101, 102]              | [0.0200, 0.5100, 0.0500, 0.2900, 0.1300]                         | 1.4000   | 0.6000  | 0.6424 
10    | 5           | [96, 98, 100, 101, 102]              | [0.1000, 0.5900, 0.1200, 0.1500, 0.0400]                         | 2.4475   | 0.6000  | 0.6095 
11    | 7           | [95, 97, 98, 99, 100, 101, 102]      | [0.0900, 0.0100, 0.1600, 0.0200, 0.1800, 0.5200, 0.0200]         | 3.5324   | 0.7200  | 0.6693 
12    | 7           | [98, 99, 100, 102, 103, 104, 105]    | [0.0100, 0.1300, 0.0400, 0.0500, 0.6600, 0.1000, 0.0100]         | 2.4956   | 0.6000  | 0.5386 
13    | 4           | [99, 100, 101, 102]                  | [0.0300, 0.6800, 0.2700, 0.0200]                                 | 0.3016   | 0.5400  | 0.4681 
14    | 6           | [96, 97, 98, 100, 101, 102]          | [0.3300, 0.1000, 0.2700, 0.0800, 0.1900, 0.0300]                 | 3.9219   | 0.8400  | 0.7725 
15    | 4           | [96, 97, 98, 99]                     | [0.1100, 0.2500, 0.5700, 0.0700]                                 | 0.6000   | 0.5200  | 0.6016 
16    | 8           | [96, 97, 98, 99, 100, 101, 102, 103] | [0.0100, 0.4500, 0.1700, 0.0200, 0.0700, 0.0300, 0.2100, 0.0400] | 4.7476   | 0.6400  | 0.7238 
17    | 5           | [97, 98, 99, 100, 102]               | [0.0400, 0.1100, 0.2900, 0.5500, 0.0100]                         | 0.7579   | 0.5600  | 0.6057 
18    | 7           | [94, 95, 96, 97, 98, 100, 102]       | [0.0200, 0.2500, 0.5400, 0.0800, 0.0800, 0.0200, 0.0100]         | 1.4019   | 0.6600  | 0.6386 
19    | 4           | [98, 99, 100, 101]                   | [0.0600, 0.4800, 0.4500, 0.0100]                                 | 0.3819   | 0.5200  | 0.5691 
20    | 7           | [99, 100, 101, 102, 103, 104, 105]   | [0.0300, 0.2900, 0.4300, 0.0800, 0.0100, 0.1300, 0.0300]         | 2.1124   | 0.6600  | 0.7129 
21    | 5           | [98, 99, 100, 101, 103]              | [0.1200, 0.2600, 0.5700, 0.0400, 0.0100]                         | 0.6851   | 0.6600  | 0.5974 

[Per-locus summary - Population 2]
Locus | Num_Alleles | Alleles                                 | Frequencies                                                      | Variance | Obs_Het | Exp_Het
------+-------------+-----------------------------------------+------------------------------------------------------------------+----------+---------+--------
1     | 4           | [99, 100, 101, 102]                     | [0.0300, 0.2600, 0.5900, 0.1200]                                 | 0.4600   | 0.6000  | 0.5747 
2     | 7           | [96, 97, 98, 99, 100, 102, 103]         | [0.1100, 0.3800, 0.2800, 0.0900, 0.0600, 0.0600, 0.0200]         | 2.6075   | 0.7800  | 0.7570 
3     | 5           | [100, 101, 102, 103, 104]               | [0.0200, 0.1300, 0.2200, 0.3800, 0.2500]                         | 1.0859   | 0.6600  | 0.7348 
4     | 8           | [97, 98, 99, 100, 101, 102, 103, 104]   | [0.0100, 0.0400, 0.1200, 0.0800, 0.0200, 0.6900, 0.0300, 0.0100] | 1.8900   | 0.5000  | 0.5050 
5     | 4           | [96, 97, 98, 99]                        | [0.0400, 0.7300, 0.0600, 0.1700]                                 | 0.6504   | 0.4400  | 0.4374 
6     | 5           | [99, 100, 101, 102, 103]                | [0.0500, 0.2200, 0.5500, 0.1200, 0.0600]                         | 0.7736   | 0.7200  | 0.6350 
7     | 5           | [99, 100, 101, 102, 103]                | [0.0300, 0.0800, 0.3700, 0.4900, 0.0300]                         | 0.6419   | 0.5600  | 0.6210 
8     | 6           | [96, 97, 98, 99, 100, 101]              | [0.1100, 0.0500, 0.0200, 0.0400, 0.3900, 0.3900]                 | 2.6416   | 0.6200  | 0.6861 
9     | 5           | [98, 99, 100, 101, 102]                 | [0.1200, 0.4900, 0.0300, 0.2900, 0.0700]                         | 1.4500   | 0.7800  | 0.6622 
10    | 6           | [96, 98, 99, 100, 101, 102]             | [0.0300, 0.5400, 0.0100, 0.1900, 0.1800, 0.0500]                 | 2.1651   | 0.6600  | 0.6428 
11    | 5           | [95, 98, 99, 100, 101]                  | [0.0400, 0.1400, 0.0200, 0.1800, 0.6200]                         | 2.1856   | 0.5800  | 0.5673 
12    | 6           | [98, 99, 100, 102, 103, 104]            | [0.0200, 0.1800, 0.0100, 0.0400, 0.5700, 0.1800]                 | 3.1859   | 0.6400  | 0.6143 
13    | 4           | [99, 100, 101, 102]                     | [0.0500, 0.6700, 0.2100, 0.0700]                                 | 0.4500   | 0.6000  | 0.5047 
14    | 6           | [96, 97, 98, 100, 101, 102]             | [0.3000, 0.1300, 0.2600, 0.0800, 0.2000, 0.0300]                 | 3.9075   | 0.8200  | 0.7861 
15    | 4           | [96, 97, 98, 99]                        | [0.1600, 0.2000, 0.5800, 0.0600]                                 | 0.6884   | 0.6600  | 0.6004 
16    | 8           | [96, 97, 98, 99, 100, 101, 102, 103]    | [0.0300, 0.5200, 0.1700, 0.0500, 0.0600, 0.0200, 0.1300, 0.0200] | 3.6171   | 0.6600  | 0.6828 
17    | 5           | [97, 98, 99, 100, 102]                  | [0.0500, 0.0700, 0.3300, 0.5400, 0.0100]                         | 0.7400   | 0.5600  | 0.5980 
18    | 8           | [93, 94, 95, 96, 97, 98, 101, 102]      | [0.0200, 0.0500, 0.3300, 0.3500, 0.0800, 0.1400, 0.0100, 0.0200] | 2.3184   | 0.7400  | 0.7467 
19    | 4           | [98, 99, 100, 101]                      | [0.0900, 0.4600, 0.4300, 0.0200]                                 | 0.4556   | 0.6000  | 0.6010 
20    | 8           | [99, 100, 101, 102, 103, 104, 105, 108] | [0.0400, 0.1600, 0.4000, 0.1100, 0.0100, 0.1900, 0.0600, 0.0300] | 3.7819   | 0.8200  | 0.7677 
21    | 5           | [98, 99, 100, 101, 103]                 | [0.1500, 0.2000, 0.5600, 0.0500, 0.0400]                         | 1.1011   | 0.6200  | 0.6261 
