
[Simulation Info]
simulation_id = sim_0003605
timestamp     = 20250428_084746
seed          = 37303
output_folder = /home/lejeunet/Bureau/simulations/Ref_table/sim_0003605

[Model Parameters]
pop_size           = 1412
num_loci           = 20
sample1_generation = 30
sample2_generation = 10
low_repeats        = 1
high_repeats       = 200
mutation_rate      = 0.001
recap_Ne           = 1412

[Sampling Design]
sample1_size_Ne  = 50
sample2_size_Ne  = 50
sample1_size_CMR = 50
sample2_size_CMR = 50

[Capture-Marquage-Recapture]
census_N   =  2601
MatchCount =  1

[Ne Estimates - One Sample - Decreasing critical values [0.050, 0.020, 0.010, 0+]]

[Linkage Desequilibrium]
LD_Ne_Pop1 = [None, None, None, None]
LD_r2_Pop1 = [0.020738, 0.020702, 0.020611, 0.020611]
LD_Ne_Pop2 = [1616.9, 1065.8, 3321.3, 3321.3]
LD_r2_Pop2 = [0.021482, 0.021588, 0.021376, 0.021376]

[Heterozygote excess]
HE_Neb_mean_Pop1        = [None, None, None, None]
HE_weighted_D_mean_Pop1 = [-0.00299, -0.00278, -0.0029, -0.0029]
HE_Neb_mean_Pop2        = [None, None, None, None]
HE_weighted_D_mean_Pop2 = [-0.00119, -0.00258, -0.00268, -0.00268]

[Molecular Coancestry]
Coan_Neb_n_Pop1 = None
Coan_f1_Pop1    = -0.00782
Coan_Neb_n_Pop2 = None
Coan_f1_Pop2    = -0.00119

[Ne Estimates - Temporal - Decreasing critical values (0.050, 0.020, 0.010, 0+)]

[Pollak]
P_Ne     = [1215.0, 1207.4, 1239.5, 1258.4]
P_Fk     = [0.02412, 0.02414, 0.02403, 0.02397]
P_Fprime = [0.00412, 0.00414, 0.00403, 0.00397]

[Nei/Tajima]
N_Ne     = [1257.7, 1277.9, 1308.8, 1326.0]
N_Fc     = [0.02398, 0.02391, 0.02382, 0.02377]
N_Fprime = [0.00398, 0.00391, 0.00382, 0.00377]

[Jorde/Ryman]
J_Ne     = [902.6, 994.4, 992.1, 992.1]
J_Fs     = [0.02565, 0.02513, 0.02515, 0.02515]
J_Fprime = [0.00554, 0.00503, 0.00504, 0.00504]

[Genetic Diversity - Heterozygosity]
mean_exp_het_pop1 = 0.731
mean_obs_het_pop1 = 0.7257
mean_exp_het_pop2 = 0.7395
mean_obs_het_pop2 = 0.7448

[Genetic Diversity - Allele Counts]
mean_alleles_pop1 = 6.9
var_alleles_pop1  = 1.59
sum_alleles_pop1  = 145
mean_alleles_pop2 = 7.1
var_alleles_pop2  = 2.43
sum_alleles_pop2  = 298

[Genetic Diversity - Allelic Size Variance]
var_allele_size_pop1 = 3.0988
var_allele_size_pop2 = 3.1597

[Per-locus summary - Population 1]
Locus | Num_Alleles | Alleles                                    | Frequencies                                                              | Variance | Obs_Het | Exp_Het
------+-------------+--------------------------------------------+--------------------------------------------------------------------------+----------+---------+--------
1     | 7           | [97, 98, 99, 100, 101, 102, 103]           | [0.0300, 0.1600, 0.0100, 0.3900, 0.0600, 0.1500, 0.2000]                 | 3.0884   | 0.7600  | 0.7628 
2     | 5           | [97, 98, 99, 100, 101]                     | [0.1200, 0.3600, 0.1400, 0.3400, 0.0400]                                 | 1.3076   | 0.6800  | 0.7265 
3     | 5           | [97, 98, 99, 100, 101]                     | [0.0300, 0.3800, 0.4600, 0.1200, 0.0100]                                 | 0.5700   | 0.6200  | 0.6350 
4     | 7           | [97, 98, 99, 100, 101, 102, 103]           | [0.0300, 0.0200, 0.0200, 0.1600, 0.2400, 0.4800, 0.0500]                 | 1.5400   | 0.7000  | 0.6891 
5     | 9           | [97, 98, 99, 100, 101, 102, 103, 104, 105] | [0.0100, 0.1800, 0.3000, 0.0200, 0.0800, 0.0400, 0.2400, 0.1100, 0.0200] | 5.2371   | 0.9000  | 0.8071 
6     | 6           | [100, 101, 102, 103, 104, 105]             | [0.2200, 0.1900, 0.0900, 0.1300, 0.3400, 0.0300]                         | 2.7571   | 0.7600  | 0.7818 
7     | 8           | [96, 97, 98, 99, 100, 101, 102, 103]       | [0.0800, 0.0500, 0.5200, 0.0100, 0.0500, 0.1300, 0.1100, 0.0500]         | 3.7996   | 0.7200  | 0.6935 
8     | 5           | [98, 99, 100, 101, 102]                    | [0.0200, 0.1400, 0.5000, 0.1600, 0.1800]                                 | 0.9844   | 0.6400  | 0.6788 
9     | 8           | [95, 96, 97, 98, 99, 100, 101, 102]        | [0.1100, 0.0300, 0.0200, 0.0100, 0.0100, 0.2000, 0.6000, 0.0200]         | 4.1256   | 0.5600  | 0.5919 
10    | 6           | [98, 99, 100, 101, 102, 103]               | [0.0600, 0.2300, 0.0800, 0.3100, 0.2800, 0.0400]                         | 1.8504   | 0.7400  | 0.7687 
11    | 6           | [96, 97, 98, 99, 100, 102]                 | [0.0300, 0.4400, 0.1900, 0.1900, 0.0500, 0.1000]                         | 2.5139   | 0.7000  | 0.7281 
12    | 6           | [97, 98, 99, 100, 101, 102]                | [0.0100, 0.1100, 0.4100, 0.2100, 0.1000, 0.1600]                         | 1.6224   | 0.7800  | 0.7475 
13    | 8           | [95, 96, 98, 99, 101, 104, 105, 106]       | [0.0100, 0.2500, 0.1900, 0.1600, 0.2200, 0.0900, 0.0700, 0.0100]         | 8.5800   | 0.8600  | 0.8224 
14    | 8           | [97, 98, 99, 100, 102, 103, 104, 105]      | [0.3400, 0.0200, 0.0400, 0.1700, 0.0300, 0.2800, 0.1100, 0.0100]         | 7.7459   | 0.7600  | 0.7697 
15    | 7           | [97, 98, 99, 100, 101, 102, 103]           | [0.0600, 0.1900, 0.0900, 0.1400, 0.4700, 0.0400, 0.0100]                 | 2.1051   | 0.7400  | 0.7172 
16    | 6           | [98, 99, 100, 101, 102, 103]               | [0.0100, 0.0400, 0.2800, 0.1000, 0.5000, 0.0700]                         | 1.2475   | 0.6600  | 0.6616 
17    | 6           | [98, 99, 100, 101, 103, 104]               | [0.0300, 0.1800, 0.4900, 0.0800, 0.2000, 0.0200]                         | 2.2296   | 0.5600  | 0.6867 
18    | 9           | [97, 98, 99, 100, 101, 102, 103, 104, 105] | [0.0300, 0.1700, 0.1000, 0.1600, 0.3800, 0.0600, 0.0400, 0.0100, 0.0500] | 3.2956   | 0.8000  | 0.7903 
19    | 7           | [98, 99, 100, 101, 102, 103, 104]          | [0.0800, 0.1100, 0.0400, 0.2800, 0.4200, 0.0600, 0.0100]                 | 1.9451   | 0.6800  | 0.7287 
20    | 8           | [98, 99, 100, 101, 102, 103, 104, 105]     | [0.0800, 0.0200, 0.1800, 0.3900, 0.1600, 0.0200, 0.1400, 0.0100]         | 2.6000   | 0.7600  | 0.7707 
21    | 8           | [95, 96, 97, 98, 99, 101, 102, 103]        | [0.0300, 0.2100, 0.2800, 0.0700, 0.1200, 0.0100, 0.2700, 0.0100]         | 5.9299   | 0.8600  | 0.7921 

[Per-locus summary - Population 2]
Locus | Num_Alleles | Alleles                                       | Frequencies                                                                      | Variance | Obs_Het | Exp_Het
------+-------------+-----------------------------------------------+----------------------------------------------------------------------------------+----------+---------+--------
1     | 6           | [98, 99, 100, 101, 102, 103]                  | [0.1200, 0.0300, 0.4600, 0.0700, 0.0700, 0.2500]                                 | 2.6339   | 0.6800  | 0.7079 
2     | 5           | [97, 98, 99, 100, 101]                        | [0.1200, 0.3900, 0.0900, 0.3500, 0.0500]                                         | 1.3876   | 0.7200  | 0.7075 
3     | 5           | [97, 98, 99, 100, 101]                        | [0.0500, 0.2600, 0.5000, 0.1800, 0.0100]                                         | 0.6544   | 0.7200  | 0.6539 
4     | 7           | [97, 98, 99, 100, 101, 102, 103]              | [0.0100, 0.0900, 0.0500, 0.1900, 0.1800, 0.4500, 0.0300]                         | 1.9219   | 0.7600  | 0.7247 
5     | 8           | [97, 98, 99, 100, 101, 102, 103, 104]         | [0.0100, 0.1900, 0.2300, 0.0300, 0.0700, 0.0200, 0.3300, 0.1200]                 | 5.2364   | 0.7800  | 0.7893 
6     | 7           | [99, 100, 101, 102, 103, 104, 105]            | [0.0300, 0.2300, 0.1400, 0.1500, 0.1100, 0.3200, 0.0200]                         | 2.8856   | 0.8400  | 0.7972 
7     | 8           | [96, 97, 98, 99, 100, 101, 102, 103]          | [0.0500, 0.0500, 0.4100, 0.0100, 0.1600, 0.1200, 0.1100, 0.0900]                 | 3.9451   | 0.7400  | 0.7743 
8     | 5           | [98, 99, 100, 101, 102]                       | [0.0400, 0.0900, 0.5500, 0.1300, 0.1900]                                         | 1.0244   | 0.6600  | 0.6412 
9     | 6           | [95, 96, 97, 100, 101, 102]                   | [0.1200, 0.0400, 0.0700, 0.1600, 0.5600, 0.0500]                                 | 4.9339   | 0.7000  | 0.6438 
10    | 7           | [97, 98, 99, 100, 101, 102, 103]              | [0.0100, 0.0800, 0.3100, 0.0700, 0.2900, 0.2100, 0.0300]                         | 2.0300   | 0.7800  | 0.7711 
11    | 6           | [96, 97, 98, 99, 100, 102]                    | [0.0300, 0.3600, 0.1700, 0.2800, 0.0900, 0.0700]                                 | 2.1376   | 0.8000  | 0.7568 
12    | 5           | [98, 99, 100, 101, 102]                       | [0.1100, 0.4900, 0.1800, 0.1400, 0.0800]                                         | 1.2219   | 0.6600  | 0.6964 
13    | 10          | [95, 96, 97, 98, 99, 100, 101, 104, 105, 106] | [0.0300, 0.2200, 0.0500, 0.1800, 0.1000, 0.0100, 0.2100, 0.0700, 0.1100, 0.0200] | 10.1096  | 0.9400  | 0.8527 
14    | 9           | [97, 98, 99, 100, 101, 102, 103, 104, 105]    | [0.1900, 0.0700, 0.0400, 0.1100, 0.0100, 0.0800, 0.2800, 0.2100, 0.0100]         | 7.1675   | 0.8400  | 0.8244 
15    | 6           | [98, 99, 100, 101, 102, 103]                  | [0.1500, 0.0500, 0.1700, 0.5900, 0.0200, 0.0200]                                 | 1.3844   | 0.6000  | 0.6032 
16    | 5           | [98, 100, 101, 102, 103]                      | [0.0200, 0.2300, 0.2100, 0.5200, 0.0200]                                         | 0.9371   | 0.5800  | 0.6382 
17    | 6           | [99, 100, 101, 102, 103, 104]                 | [0.2500, 0.3100, 0.1900, 0.0100, 0.2200, 0.0200]                                 | 2.2900   | 0.7600  | 0.7640 
18    | 9           | [96, 97, 98, 99, 100, 101, 102, 104, 105]     | [0.0100, 0.0500, 0.1600, 0.1700, 0.1900, 0.3400, 0.0400, 0.0200, 0.0200]         | 2.7336   | 0.7200  | 0.7968 
19    | 7           | [98, 99, 100, 101, 102, 103, 104]             | [0.0900, 0.1700, 0.0100, 0.2800, 0.3500, 0.0900, 0.0100]                         | 2.2964   | 0.7400  | 0.7614 
20    | 8           | [97, 98, 99, 100, 101, 102, 103, 104]         | [0.0100, 0.1000, 0.0600, 0.3000, 0.1900, 0.1700, 0.0400, 0.1300]                 | 3.0856   | 0.8600  | 0.8210 
21    | 9           | [95, 96, 97, 98, 99, 100, 101, 102, 103]      | [0.0200, 0.1800, 0.2500, 0.0500, 0.1200, 0.0100, 0.0400, 0.3000, 0.0300]         | 6.3364   | 0.7600  | 0.8032 
