
[Simulation Info]
simulation_id = sim_0010426
timestamp     = 20250429_084111
seed          = 840542
output_folder = /home/lejeunet/Bureau/simulations/Ref_table/sim_0010426

[Model Parameters]
pop_size           = 1514
num_loci           = 20
sample1_generation = 30
sample2_generation = 10
low_repeats        = 1
high_repeats       = 200
mutation_rate      = 0.001
recap_Ne           = 1514

[Sampling Design]
sample1_size_Ne  = 50
sample2_size_Ne  = 50
sample1_size_CMR = 50
sample2_size_CMR = 50

[Capture-Marquage-Recapture]
census_N   =  1300
MatchCount =  2

[Ne Estimates - One Sample - Decreasing critical values [0.050, 0.020, 0.010, 0+]]

[Linkage Desequilibrium]
LD_Ne_Pop1 = [None, None, None, None]
LD_r2_Pop1 = [0.021025, 0.020925, 0.020799, 0.020799]
LD_Ne_Pop2 = [None, None, 8053.1, 8053.1]
LD_r2_Pop2 = [0.020941, 0.021092, 0.021317, 0.021317]

[Heterozygote excess]
HE_Neb_mean_Pop1        = [None, None, None, None]
HE_weighted_D_mean_Pop1 = [-0.02398, -0.02091, -0.02075, -0.02075]
HE_Neb_mean_Pop2        = [427.9, 96.6, 99.5, 99.5]
HE_weighted_D_mean_Pop2 = [0.00117, 0.0052, 0.00505, 0.00505]

[Molecular Coancestry]
Coan_Neb_n_Pop1 = None
Coan_f1_Pop1    = -0.04406
Coan_Neb_n_Pop2 = 104.9
Coan_f1_Pop2    = 0.00477

[Ne Estimates - Temporal - Decreasing critical values (0.050, 0.020, 0.010, 0+)]

[Pollak]
P_Ne     = [458.5, 494.0, 499.1, 522.8]
P_Fk     = [0.03091, 0.03012, 0.03002, 0.02956]
P_Fprime = [0.01091, 0.01012, 0.01002, 0.00956]

[Nei/Tajima]
N_Ne     = [531.9, 565.6, 569.9, 593.9]
N_Fc     = [0.0294, 0.02884, 0.02877, 0.02842]
N_Fprime = [0.0094, 0.00884, 0.00877, 0.00842]

[Jorde/Ryman]
J_Ne     = [620.6, 623.2, 622.2, 623.3]
J_Fs     = [0.02817, 0.02814, 0.02815, 0.02814]
J_Fprime = [0.00806, 0.00802, 0.00804, 0.00802]

[Genetic Diversity - Heterozygosity]
mean_exp_het_pop1 = 0.7169
mean_obs_het_pop1 = 0.6981
mean_exp_het_pop2 = 0.7245
mean_obs_het_pop2 = 0.7343

[Genetic Diversity - Allele Counts]
mean_alleles_pop1 = 5.95
var_alleles_pop1  = 0.95
sum_alleles_pop1  = 125
mean_alleles_pop2 = 6.12
var_alleles_pop2  = 1.47
sum_alleles_pop2  = 257

[Genetic Diversity - Allelic Size Variance]
var_allele_size_pop1 = 1.6797
var_allele_size_pop2 = 1.7742

[Per-locus summary - Population 1]
Locus | Num_Alleles | Alleles                               | Frequencies                                                      | Variance | Obs_Het | Exp_Het
------+-------------+---------------------------------------+------------------------------------------------------------------+----------+---------+--------
1     | 7           | [95, 96, 98, 99, 100, 101, 102]       | [0.0200, 0.2100, 0.0900, 0.3200, 0.2600, 0.0700, 0.0300]         | 3.0139   | 0.7400  | 0.7794 
2     | 6           | [98, 99, 100, 101, 102, 103]          | [0.0700, 0.1900, 0.2600, 0.3600, 0.1100, 0.0100]                 | 1.2816   | 0.7800  | 0.7572 
3     | 6           | [98, 99, 100, 101, 102, 103]          | [0.0100, 0.1900, 0.3700, 0.1900, 0.2200, 0.0200]                 | 1.2496   | 0.5800  | 0.7495 
4     | 5           | [99, 100, 101, 102, 103]              | [0.0100, 0.0900, 0.4700, 0.3500, 0.0800]                         | 0.6400   | 0.6600  | 0.6485 
5     | 5           | [97, 98, 99, 100, 102]                | [0.1500, 0.2500, 0.4600, 0.0700, 0.0700]                         | 1.4771   | 0.7200  | 0.7006 
6     | 6           | [96, 97, 98, 99, 100, 101]            | [0.1500, 0.0800, 0.1500, 0.1700, 0.3400, 0.1100]                 | 2.5600   | 0.7600  | 0.8000 
7     | 8           | [96, 97, 98, 99, 100, 101, 102, 103]  | [0.1000, 0.3800, 0.0900, 0.0300, 0.1600, 0.1000, 0.0200, 0.1200] | 5.1075   | 0.7600  | 0.7941 
8     | 6           | [98, 99, 100, 101, 102, 103]          | [0.0600, 0.1300, 0.3100, 0.2700, 0.1700, 0.0600]                 | 1.5684   | 0.7400  | 0.7859 
9     | 5           | [99, 100, 101, 102, 103]              | [0.0100, 0.2300, 0.6000, 0.1200, 0.0400]                         | 0.5475   | 0.5400  | 0.5768 
10    | 6           | [96, 97, 98, 99, 100, 101]            | [0.0100, 0.1100, 0.0800, 0.2900, 0.1700, 0.3400]                 | 1.8696   | 0.8000  | 0.7604 
11    | 7           | [98, 99, 100, 101, 102, 103, 104]     | [0.0400, 0.1800, 0.1600, 0.1100, 0.4700, 0.0200, 0.0200]         | 1.9651   | 0.7000  | 0.7137 
12    | 8           | [97, 98, 99, 100, 101, 102, 103, 104] | [0.0100, 0.2500, 0.1900, 0.2800, 0.0800, 0.1000, 0.0200, 0.0700] | 3.0500   | 0.7600  | 0.8093 
13    | 5           | [96, 97, 98, 99, 100]                 | [0.0300, 0.1400, 0.0900, 0.5700, 0.1700]                         | 1.0059   | 0.5800  | 0.6238 
14    | 6           | [98, 99, 100, 101, 102, 103]          | [0.0100, 0.0400, 0.1000, 0.4300, 0.1400, 0.2800]                 | 1.3699   | 0.8400  | 0.7125 
15    | 6           | [96, 97, 98, 99, 100, 101]            | [0.0100, 0.1100, 0.4500, 0.4000, 0.0200, 0.0100]                 | 0.6044   | 0.6200  | 0.6311 
16    | 5           | [97, 98, 99, 100, 101]                | [0.0700, 0.1500, 0.0100, 0.6000, 0.1700]                         | 1.2875   | 0.5200  | 0.5895 
17    | 4           | [99, 100, 101, 102]                   | [0.1400, 0.4800, 0.2500, 0.1300]                                 | 0.7731   | 0.7200  | 0.6774 
18    | 6           | [99, 100, 101, 102, 103, 104]         | [0.0500, 0.2800, 0.1900, 0.2400, 0.1500, 0.0900]                 | 1.9451   | 0.8400  | 0.8028 
19    | 6           | [98, 99, 100, 101, 102, 103]          | [0.0100, 0.0500, 0.0600, 0.3600, 0.5100, 0.0100]                 | 0.7844   | 0.5200  | 0.6101 
20    | 6           | [97, 98, 99, 100, 101, 102]           | [0.0100, 0.0700, 0.1700, 0.2600, 0.3500, 0.1400]                 | 1.3659   | 0.7800  | 0.7640 
21    | 6           | [98, 99, 100, 101, 102, 103]          | [0.0800, 0.3000, 0.2600, 0.0900, 0.2600, 0.0100]                 | 1.8076   | 0.7000  | 0.7679 

[Per-locus summary - Population 2]
Locus | Num_Alleles | Alleles                                  | Frequencies                                                              | Variance | Obs_Het | Exp_Het
------+-------------+------------------------------------------+--------------------------------------------------------------------------+----------+---------+--------
1     | 8           | [94, 95, 96, 98, 99, 100, 101, 102]      | [0.0200, 0.0100, 0.1400, 0.0300, 0.2200, 0.2900, 0.2300, 0.0600]         | 3.5844   | 0.8800  | 0.7980 
2     | 6           | [98, 99, 100, 101, 102, 103]             | [0.1700, 0.1300, 0.2300, 0.3800, 0.0600, 0.0300]                         | 1.6856   | 0.7800  | 0.7600 
3     | 5           | [99, 100, 101, 102, 103]                 | [0.3000, 0.3300, 0.1900, 0.1700, 0.0100]                                 | 1.1924   | 0.8200  | 0.7434 
4     | 4           | [100, 101, 102, 103]                     | [0.1200, 0.5000, 0.3000, 0.0800]                                         | 0.6244   | 0.7400  | 0.6457 
5     | 7           | [97, 98, 99, 100, 101, 102, 103]         | [0.0600, 0.3100, 0.4700, 0.0900, 0.0100, 0.0500, 0.0100]                 | 1.2731   | 0.7600  | 0.6754 
6     | 6           | [96, 97, 98, 99, 100, 101]               | [0.2800, 0.0300, 0.0600, 0.2500, 0.2700, 0.1100]                         | 3.1891   | 0.8000  | 0.7774 
7     | 9           | [95, 96, 97, 98, 99, 100, 101, 102, 103] | [0.0100, 0.1100, 0.4700, 0.1100, 0.0300, 0.0800, 0.1100, 0.0200, 0.0600] | 4.1276   | 0.7200  | 0.7388 
8     | 6           | [98, 99, 100, 101, 102, 103]             | [0.0100, 0.1100, 0.3900, 0.2500, 0.1300, 0.1100]                         | 1.4059   | 0.7400  | 0.7517 
9     | 5           | [99, 100, 101, 102, 103]                 | [0.0500, 0.2500, 0.5800, 0.0900, 0.0300]                                 | 0.6200   | 0.5600  | 0.5956 
10    | 6           | [97, 98, 99, 100, 101, 102]              | [0.0500, 0.1200, 0.3500, 0.1800, 0.2900, 0.0100]                         | 1.4251   | 0.8000  | 0.7515 
11    | 7           | [98, 99, 100, 101, 102, 103, 104]        | [0.1000, 0.1700, 0.1000, 0.1500, 0.4100, 0.0100, 0.0600]                 | 2.6531   | 0.7800  | 0.7644 
12    | 8           | [97, 98, 99, 100, 101, 102, 103, 104]    | [0.0300, 0.2900, 0.1700, 0.2300, 0.0700, 0.1300, 0.0400, 0.0400]         | 3.1371   | 0.8000  | 0.8164 
13    | 6           | [96, 97, 98, 99, 100, 101]               | [0.0100, 0.1700, 0.0800, 0.4900, 0.2300, 0.0200]                         | 1.1276   | 0.6400  | 0.6780 
14    | 6           | [98, 99, 100, 101, 102, 103]             | [0.0100, 0.0800, 0.0300, 0.3600, 0.2300, 0.2900]                         | 1.4819   | 0.6800  | 0.7333 
15    | 4           | [97, 98, 99, 100]                        | [0.1400, 0.4500, 0.3800, 0.0300]                                         | 0.5500   | 0.6000  | 0.6390 
16    | 5           | [97, 98, 99, 100, 101]                   | [0.0800, 0.1500, 0.1500, 0.5100, 0.1100]                                 | 1.2436   | 0.6800  | 0.6832 
17    | 4           | [99, 100, 101, 102]                      | [0.2200, 0.4700, 0.1800, 0.1300]                                         | 0.8716   | 0.7400  | 0.6883 
18    | 6           | [99, 100, 101, 102, 103, 104]            | [0.0800, 0.1400, 0.1400, 0.2300, 0.2900, 0.1200]                         | 2.1731   | 0.8000  | 0.8111 
19    | 6           | [98, 99, 100, 101, 102, 103]             | [0.0500, 0.0900, 0.0900, 0.1900, 0.5500, 0.0300]                         | 1.5339   | 0.6000  | 0.6483 
20    | 6           | [97, 98, 99, 100, 101, 102]              | [0.0400, 0.0500, 0.2200, 0.2100, 0.4300, 0.0500]                         | 1.4019   | 0.7200  | 0.7232 
21    | 6           | [98, 99, 100, 101, 102, 103]             | [0.1000, 0.3000, 0.1300, 0.2400, 0.2000, 0.0300]                         | 1.9571   | 0.7800  | 0.7925 
