
[Simulation Info]
simulation_id = sim_0003043
timestamp     = 20250428_083541
seed          = 898989
output_folder = /home/lejeunet/Bureau/simulations/Ref_table/sim_0003043

[Model Parameters]
pop_size           = 1011
num_loci           = 20
sample1_generation = 30
sample2_generation = 10
low_repeats        = 1
high_repeats       = 200
mutation_rate      = 0.001
recap_Ne           = 1011

[Sampling Design]
sample1_size_Ne  = 50
sample2_size_Ne  = 50
sample1_size_CMR = 50
sample2_size_CMR = 50

[Capture-Marquage-Recapture]
census_N   =  867
MatchCount =  3

[Ne Estimates - One Sample - Decreasing critical values [0.050, 0.020, 0.010, 0+]]

[Linkage Desequilibrium]
LD_Ne_Pop1 = [249.2, 300.9, 344.2, 344.2]
LD_r2_Pop1 = [0.022603, 0.022376, 0.022239, 0.022239]
LD_Ne_Pop2 = [10107.5, None, 5230.8, 5230.8]
LD_r2_Pop2 = [0.021309, 0.021086, 0.02134, 0.02134]

[Heterozygote excess]
HE_Neb_mean_Pop1        = [None, None, None, None]
HE_weighted_D_mean_Pop1 = [-0.00634, -0.00599, -0.00622, -0.00622]
HE_Neb_mean_Pop2        = [107.7, 129.0, 163.5, 163.5]
HE_weighted_D_mean_Pop2 = [0.00466, 0.00389, 0.00307, 0.00307]

[Molecular Coancestry]
Coan_Neb_n_Pop1 = None
Coan_f1_Pop1    = -0.02926
Coan_Neb_n_Pop2 = None
Coan_f1_Pop2    = -0.02267

[Ne Estimates - Temporal - Decreasing critical values (0.050, 0.020, 0.010, 0+)]

[Pollak]
P_Ne     = [-4518.2, -2355.2, -4003.3, -3525.4]
P_Fk     = [0.01889, 0.01788, 0.01875, 0.01858]
P_Fprime = [-0.00111, -0.00212, -0.00125, -0.00142]

[Nei/Tajima]
N_Ne     = [-3121.2, -2071.3, -2958.0, -2750.4]
N_Fc     = [0.0184, 0.01759, 0.01831, 0.01818]
N_Fprime = [-0.0016, -0.00241, -0.00169, -0.00182]

[Jorde/Ryman]
J_Ne     = [-4225.6, -3386.2, -3672.7, -3632.6]
J_Fs     = [0.01892, 0.01862, 0.01874, 0.01872]
J_Fprime = [-0.00118, -0.00148, -0.00136, -0.00138]

[Genetic Diversity - Heterozygosity]
mean_exp_het_pop1 = 0.6547
mean_obs_het_pop1 = 0.6486
mean_exp_het_pop2 = 0.6391
mean_obs_het_pop2 = 0.641

[Genetic Diversity - Allele Counts]
mean_alleles_pop1 = 5.33
var_alleles_pop1  = 2.03
sum_alleles_pop1  = 112
mean_alleles_pop2 = 5.43
var_alleles_pop2  = 1.81
sum_alleles_pop2  = 228

[Genetic Diversity - Allelic Size Variance]
var_allele_size_pop1 = 1.7932
var_allele_size_pop2 = 1.6904

[Per-locus summary - Population 1]
Locus | Num_Alleles | Alleles                                    | Frequencies                                                              | Variance | Obs_Het | Exp_Het
------+-------------+--------------------------------------------+--------------------------------------------------------------------------+----------+---------+--------
1     | 9           | [96, 98, 99, 100, 102, 103, 104, 105, 106] | [0.0600, 0.1100, 0.3600, 0.0100, 0.0500, 0.0100, 0.3300, 0.0600, 0.0100] | 8.2099   | 0.6800  | 0.7469 
2     | 6           | [97, 98, 99, 100, 101, 102]                | [0.0100, 0.1300, 0.2300, 0.1900, 0.3700, 0.0700]                         | 1.4899   | 0.8000  | 0.7598 
3     | 5           | [98, 99, 100, 101, 102]                    | [0.0800, 0.4000, 0.3900, 0.1200, 0.0100]                                 | 0.7036   | 0.6800  | 0.6737 
4     | 3           | [99, 100, 101]                             | [0.2700, 0.7000, 0.0300]                                                 | 0.2424   | 0.4400  | 0.4406 
5     | 6           | [99, 100, 101, 102, 103, 104]              | [0.0500, 0.0800, 0.5600, 0.1700, 0.1200, 0.0200]                         | 1.0259   | 0.6200  | 0.6402 
6     | 4           | [99, 100, 101, 102]                        | [0.0200, 0.3400, 0.5500, 0.0900]                                         | 0.4259   | 0.4600  | 0.5792 
7     | 5           | [96, 99, 100, 101, 102]                    | [0.0200, 0.1200, 0.3000, 0.1700, 0.3900]                                 | 1.6075   | 0.7000  | 0.7214 
8     | 6           | [99, 100, 101, 102, 105, 106]              | [0.0700, 0.2900, 0.3100, 0.1700, 0.1200, 0.0400]                         | 3.4836   | 0.7200  | 0.7778 
9     | 6           | [97, 98, 99, 100, 101, 102]                | [0.0100, 0.1000, 0.3100, 0.3200, 0.2200, 0.0400]                         | 1.1224   | 0.7400  | 0.7489 
10    | 4           | [98, 99, 100, 101]                         | [0.1200, 0.4000, 0.4700, 0.0100]                                         | 0.4931   | 0.6600  | 0.6107 
11    | 5           | [98, 99, 100, 101, 102]                    | [0.0400, 0.5600, 0.3000, 0.0600, 0.0400]                                 | 0.6900   | 0.6600  | 0.5956 
12    | 4           | [96, 97, 98, 99]                           | [0.0700, 0.0200, 0.9000, 0.0100]                                         | 0.2875   | 0.2000  | 0.1865 
13    | 3           | [100, 101, 102]                            | [0.3400, 0.6000, 0.0600]                                                 | 0.3216   | 0.5400  | 0.5261 
14    | 5           | [98, 99, 100, 101, 103]                    | [0.0100, 0.5300, 0.1000, 0.3200, 0.0400]                                 | 1.2379   | 0.6200  | 0.6111 
15    | 4           | [99, 100, 101, 102]                        | [0.0100, 0.3900, 0.2600, 0.3400]                                         | 0.7651   | 0.5800  | 0.6713 
16    | 5           | [97, 98, 99, 100, 101]                     | [0.0800, 0.0600, 0.4200, 0.3100, 0.1300]                                 | 1.0875   | 0.8000  | 0.7077 
17    | 6           | [97, 98, 99, 100, 101, 102]                | [0.0700, 0.1200, 0.4300, 0.2100, 0.1000, 0.0700]                         | 1.5104   | 0.7800  | 0.7442 
18    | 6           | [99, 100, 101, 102, 103, 104]              | [0.0300, 0.3300, 0.1800, 0.1100, 0.3000, 0.0500]                         | 1.9891   | 0.6600  | 0.7608 
19    | 7           | [96, 97, 98, 99, 102, 103, 104]            | [0.0200, 0.1900, 0.2500, 0.1500, 0.0100, 0.3500, 0.0300]                 | 6.8379   | 0.7800  | 0.7626 
20    | 6           | [96, 97, 98, 99, 100, 101]                 | [0.0200, 0.0500, 0.3300, 0.4600, 0.1000, 0.0400]                         | 0.8739   | 0.7000  | 0.6717 
21    | 7           | [97, 98, 99, 100, 101, 102, 103]           | [0.0100, 0.2300, 0.2200, 0.0300, 0.2400, 0.1200, 0.1500]                 | 3.2516   | 0.8000  | 0.8113 

[Per-locus summary - Population 2]
Locus | Num_Alleles | Alleles                           | Frequencies                                              | Variance | Obs_Het | Exp_Het
------+-------------+-----------------------------------+----------------------------------------------------------+----------+---------+--------
1     | 7           | [96, 98, 99, 102, 103, 104, 105]  | [0.0600, 0.1400, 0.2600, 0.0400, 0.0200, 0.4000, 0.0800] | 8.6704   | 0.8400  | 0.7483 
2     | 6           | [97, 98, 99, 100, 101, 102]       | [0.0100, 0.1700, 0.2200, 0.1000, 0.4700, 0.0300]         | 1.5764   | 0.7200  | 0.6978 
3     | 5           | [98, 99, 100, 101, 102]           | [0.1500, 0.3800, 0.4000, 0.0600, 0.0100]                 | 0.7200   | 0.6600  | 0.6762 
4     | 3           | [99, 100, 101]                    | [0.2400, 0.7300, 0.0300]                                 | 0.2259   | 0.4600  | 0.4127 
5     | 6           | [99, 100, 101, 102, 103, 104]     | [0.0100, 0.1000, 0.6000, 0.1400, 0.1300, 0.0200]         | 0.8644   | 0.5600  | 0.5990 
6     | 6           | [98, 99, 100, 101, 102, 103]      | [0.0100, 0.0100, 0.3500, 0.4900, 0.1300, 0.0100]         | 0.5875   | 0.6400  | 0.6265 
7     | 5           | [96, 99, 100, 101, 102]           | [0.0300, 0.0800, 0.2900, 0.2100, 0.3900]                 | 1.7059   | 0.7000  | 0.7196 
8     | 7           | [98, 99, 100, 101, 102, 105, 106] | [0.0100, 0.0400, 0.3500, 0.1700, 0.2700, 0.1400, 0.0200] | 3.3891   | 0.7800  | 0.7616 
9     | 5           | [98, 99, 100, 101, 102]           | [0.1300, 0.3000, 0.3200, 0.1900, 0.0600]                 | 1.1875   | 0.7600  | 0.7586 
10    | 4           | [98, 99, 100, 101]                | [0.0700, 0.3900, 0.5300, 0.0100]                         | 0.4096   | 0.5000  | 0.5677 
11    | 5           | [98, 99, 100, 101, 102]           | [0.0100, 0.5900, 0.3000, 0.0900, 0.0100]                 | 0.5100   | 0.5600  | 0.5592 
12    | 4           | [96, 97, 98, 99]                  | [0.0500, 0.0200, 0.9100, 0.0200]                         | 0.2300   | 0.1800  | 0.1703 
13    | 3           | [100, 101, 102]                   | [0.3500, 0.5500, 0.1000]                                 | 0.3875   | 0.5600  | 0.5707 
14    | 5           | [99, 100, 101, 102, 103]          | [0.5900, 0.1700, 0.2100, 0.0100, 0.0200]                 | 0.9300   | 0.6800  | 0.5842 
15    | 4           | [99, 100, 101, 102]               | [0.0200, 0.5800, 0.1500, 0.2500]                         | 0.7731   | 0.6600  | 0.5840 
16    | 5           | [97, 98, 99, 100, 101]            | [0.0800, 0.0200, 0.4700, 0.3300, 0.1000]                 | 0.9475   | 0.6600  | 0.6600 
17    | 6           | [97, 98, 99, 100, 101, 102]       | [0.0600, 0.0700, 0.4100, 0.2700, 0.1500, 0.0400]         | 1.2900   | 0.7000  | 0.7337 
18    | 6           | [99, 100, 101, 102, 103, 104]     | [0.0100, 0.2800, 0.2100, 0.1400, 0.3500, 0.0100]         | 1.6251   | 0.7400  | 0.7426 
19    | 7           | [96, 97, 98, 99, 100, 102, 103]   | [0.0100, 0.1100, 0.3300, 0.2100, 0.0100, 0.0200, 0.3100] | 5.4771   | 0.6200  | 0.7457 
20    | 6           | [96, 97, 98, 99, 100, 101]        | [0.0100, 0.1300, 0.2600, 0.4500, 0.1400, 0.0100]         | 0.8979   | 0.7000  | 0.7002 
21    | 6           | [98, 99, 100, 101, 102, 103]      | [0.2600, 0.1900, 0.0300, 0.2600, 0.1400, 0.1200]         | 3.0939   | 0.7800  | 0.8018 
