
[Simulation Info]
simulation_id = sim_0004170
timestamp     = 20250428_090209
seed          = 67068
output_folder = /home/lejeunet/Bureau/simulations/Ref_table/sim_0004170

[Model Parameters]
pop_size           = 819
num_loci           = 20
sample1_generation = 30
sample2_generation = 10
low_repeats        = 1
high_repeats       = 200
mutation_rate      = 0.001
recap_Ne           = 819

[Sampling Design]
sample1_size_Ne  = 50
sample2_size_Ne  = 50
sample1_size_CMR = 50
sample2_size_CMR = 50

[Capture-Marquage-Recapture]
census_N   =  867
MatchCount =  3

[Ne Estimates - One Sample - Decreasing critical values [0.050, 0.020, 0.010, 0+]]

[Linkage Desequilibrium]
LD_Ne_Pop1 = [293.5, 477.4, 776.3, 776.3]
LD_r2_Pop1 = [0.022404, 0.021971, 0.021704, 0.021704]
LD_Ne_Pop2 = [793.9, 871.6, 365.3, 365.3]
LD_r2_Pop2 = [0.021695, 0.021658, 0.022183, 0.022183]

[Heterozygote excess]
HE_Neb_mean_Pop1        = [17.3, 18.5, 19.2, 19.2]
HE_weighted_D_mean_Pop1 = [0.02967, 0.0277, 0.02676, 0.02676]
HE_Neb_mean_Pop2        = [37.2, 38.0, 38.8, 38.8]
HE_weighted_D_mean_Pop2 = [0.01362, 0.01333, 0.01305, 0.01305]

[Molecular Coancestry]
Coan_Neb_n_Pop1 = 75.1
Coan_f1_Pop1    = 0.00666
Coan_Neb_n_Pop2 = 60.4
Coan_f1_Pop2    = 0.00827

[Ne Estimates - Temporal - Decreasing critical values (0.050, 0.020, 0.010, 0+)]

[Pollak]
P_Ne     = [4943.4, 2201.6, 1909.0, 1694.8]
P_Fk     = [0.02101, 0.02227, 0.02262, 0.02295]
P_Fprime = [0.00101, 0.00227, 0.00262, 0.00295]

[Nei/Tajima]
N_Ne     = [2476.5, 1693.4, 1551.4, 1433.0]
N_Fc     = [0.02202, 0.02295, 0.02322, 0.02349]
N_Fprime = [0.00202, 0.00295, 0.00322, 0.00349]

[Jorde/Ryman]
J_Ne     = [1055.4, 914.0, 903.0, 898.6]
J_Fs     = [0.02484, 0.02558, 0.02565, 0.02567]
J_Fprime = [0.00474, 0.00547, 0.00554, 0.00556]

[Genetic Diversity - Heterozygosity]
mean_exp_het_pop1 = 0.7015
mean_obs_het_pop1 = 0.7257
mean_exp_het_pop2 = 0.7058
mean_obs_het_pop2 = 0.7114

[Genetic Diversity - Allele Counts]
mean_alleles_pop1 = 5.71
var_alleles_pop1  = 2.21
sum_alleles_pop1  = 120
mean_alleles_pop2 = 5.79
var_alleles_pop2  = 2.66
sum_alleles_pop2  = 243

[Genetic Diversity - Allelic Size Variance]
var_allele_size_pop1 = 1.9188
var_allele_size_pop2 = 1.8722

[Per-locus summary - Population 1]
Locus | Num_Alleles | Alleles                                    | Frequencies                                                              | Variance | Obs_Het | Exp_Het
------+-------------+--------------------------------------------+--------------------------------------------------------------------------+----------+---------+--------
1     | 7           | [96, 97, 98, 99, 100, 101, 102]            | [0.0200, 0.1200, 0.4700, 0.0900, 0.0300, 0.2100, 0.0600]                 | 2.5204   | 0.6600  | 0.7147 
2     | 6           | [97, 98, 99, 100, 101, 102]                | [0.1100, 0.0100, 0.0100, 0.3100, 0.2700, 0.2900]                         | 2.2299   | 0.7400  | 0.7420 
3     | 4           | [99, 100, 101, 102]                        | [0.0200, 0.2500, 0.4700, 0.2600]                                         | 0.5891   | 0.7400  | 0.6552 
4     | 4           | [98, 99, 100, 101]                         | [0.1200, 0.3200, 0.5500, 0.0100]                                         | 0.5075   | 0.5800  | 0.5865 
5     | 7           | [95, 96, 97, 98, 99, 100, 101]             | [0.0100, 0.3600, 0.0200, 0.2900, 0.0600, 0.1700, 0.0900]                 | 3.0900   | 0.7000  | 0.7527 
6     | 4           | [101, 102, 103, 104]                       | [0.1900, 0.2800, 0.2500, 0.2800]                                         | 1.1756   | 0.8200  | 0.7521 
7     | 7           | [98, 99, 101, 102, 103, 104, 105]          | [0.1000, 0.0200, 0.0100, 0.3800, 0.0300, 0.4500, 0.0100]                 | 3.4699   | 0.7200  | 0.6481 
8     | 6           | [99, 100, 101, 102, 103, 104]              | [0.0200, 0.2500, 0.3200, 0.1700, 0.2200, 0.0200]                         | 1.4156   | 0.8000  | 0.7647 
9     | 7           | [98, 99, 100, 101, 102, 103, 104]          | [0.0500, 0.1900, 0.4900, 0.0700, 0.0100, 0.1800, 0.0100]                 | 2.1356   | 0.7600  | 0.6907 
10    | 4           | [96, 97, 98, 100]                          | [0.0900, 0.2600, 0.6300, 0.0200]                                         | 0.5400   | 0.5400  | 0.5323 
11    | 5           | [96, 97, 98, 99, 100]                      | [0.0200, 0.0300, 0.0900, 0.6700, 0.1900]                                 | 0.5796   | 0.5400  | 0.5107 
12    | 5           | [98, 99, 100, 101, 102]                    | [0.0600, 0.2700, 0.2500, 0.3200, 0.1000]                                 | 1.2131   | 0.7400  | 0.7562 
13    | 6           | [98, 100, 101, 102, 103, 104]              | [0.0300, 0.0600, 0.4400, 0.3600, 0.0800, 0.0300]                         | 1.0684   | 0.7400  | 0.6717 
14    | 5           | [98, 99, 100, 101, 102]                    | [0.1700, 0.0200, 0.3200, 0.4800, 0.0100]                                 | 1.2004   | 0.7000  | 0.6442 
15    | 9           | [97, 98, 99, 100, 101, 102, 104, 105, 106] | [0.0500, 0.0200, 0.0100, 0.1500, 0.2900, 0.0300, 0.0500, 0.1900, 0.2100] | 7.5064   | 0.9400  | 0.8149 
16    | 5           | [100, 101, 102, 103, 104]                  | [0.1600, 0.2200, 0.0300, 0.3000, 0.2900]                                 | 2.2044   | 0.7000  | 0.7586 
17    | 7           | [98, 99, 100, 101, 102, 103, 104]          | [0.0400, 0.2800, 0.0600, 0.2200, 0.2100, 0.1500, 0.0400]                 | 2.6979   | 0.8000  | 0.8079 
18    | 6           | [96, 97, 98, 99, 100, 101]                 | [0.0400, 0.1800, 0.1900, 0.3200, 0.2500, 0.0200]                         | 1.4556   | 0.7800  | 0.7723 
19    | 8           | [95, 96, 97, 98, 99, 100, 101, 102]        | [0.0100, 0.0200, 0.2800, 0.0600, 0.2100, 0.1900, 0.1600, 0.0700]         | 2.9800   | 0.8000  | 0.8149 
20    | 4           | [99, 100, 101, 102]                        | [0.4600, 0.2700, 0.1600, 0.1100]                                         | 1.0536   | 0.7000  | 0.6846 
21    | 4           | [98, 99, 100, 101]                         | [0.0200, 0.4500, 0.3200, 0.2100]                                         | 0.6616   | 0.7400  | 0.6572 

[Per-locus summary - Population 2]
Locus | Num_Alleles | Alleles                                    | Frequencies                                                              | Variance | Obs_Het | Exp_Het
------+-------------+--------------------------------------------+--------------------------------------------------------------------------+----------+---------+--------
1     | 7           | [97, 98, 99, 100, 101, 102, 103]           | [0.1700, 0.4900, 0.0900, 0.0500, 0.1600, 0.0100, 0.0300]                 | 2.3339   | 0.6600  | 0.7008 
2     | 6           | [97, 98, 99, 100, 101, 102]                | [0.1000, 0.0100, 0.0100, 0.3200, 0.3700, 0.1900]                         | 1.9036   | 0.8200  | 0.7216 
3     | 4           | [99, 100, 101, 102]                        | [0.0100, 0.3500, 0.3600, 0.2800]                                         | 0.6619   | 0.7600  | 0.6762 
4     | 3           | [98, 99, 100]                              | [0.1300, 0.4600, 0.4100]                                                 | 0.4616   | 0.6200  | 0.6095 
5     | 7           | [96, 97, 98, 99, 100, 101, 102]            | [0.2700, 0.0600, 0.2700, 0.0200, 0.2900, 0.0800, 0.0100]                 | 3.1216   | 0.8200  | 0.7673 
6     | 4           | [101, 102, 103, 104]                       | [0.1300, 0.3800, 0.2500, 0.2400]                                         | 0.9800   | 0.7200  | 0.7259 
7     | 6           | [98, 99, 101, 102, 103, 104]               | [0.1100, 0.0100, 0.0300, 0.4400, 0.0200, 0.3900]                         | 3.3700   | 0.5600  | 0.6473 
8     | 6           | [99, 100, 101, 102, 103, 104]              | [0.0800, 0.2000, 0.2300, 0.1800, 0.3000, 0.0100]                         | 1.7875   | 0.8000  | 0.7861 
9     | 6           | [98, 99, 100, 101, 102, 103]               | [0.1000, 0.2000, 0.3800, 0.1000, 0.0700, 0.1500]                         | 2.2459   | 0.7400  | 0.7760 
10    | 3           | [96, 97, 98]                               | [0.0500, 0.2800, 0.6700]                                                 | 0.3356   | 0.4600  | 0.4749 
11    | 6           | [96, 97, 98, 99, 100, 101]                 | [0.0500, 0.0300, 0.1200, 0.5000, 0.2900, 0.0100]                         | 1.0196   | 0.6600  | 0.6545 
12    | 5           | [98, 99, 100, 101, 102]                    | [0.1200, 0.1500, 0.2300, 0.3300, 0.1700]                                 | 1.5616   | 0.7400  | 0.7802 
13    | 5           | [98, 100, 101, 102, 103]                   | [0.0400, 0.1000, 0.4500, 0.3600, 0.0500]                                 | 0.9624   | 0.6000  | 0.6604 
14    | 5           | [98, 99, 100, 101, 102]                    | [0.1400, 0.0100, 0.2900, 0.5100, 0.0500]                                 | 1.1776   | 0.7000  | 0.6400 
15    | 9           | [97, 98, 99, 100, 101, 102, 104, 105, 106] | [0.0100, 0.0500, 0.0100, 0.0900, 0.3100, 0.0200, 0.0600, 0.2400, 0.2100] | 6.7419   | 0.8000  | 0.7954 
16    | 5           | [100, 101, 102, 103, 104]                  | [0.1600, 0.1700, 0.1100, 0.2900, 0.2700]                                 | 2.0644   | 0.7800  | 0.7842 
17    | 7           | [98, 99, 100, 101, 102, 103, 104]          | [0.0500, 0.2500, 0.1000, 0.2200, 0.2200, 0.1400, 0.0200]                 | 2.4739   | 0.8000  | 0.8164 
18    | 7           | [95, 96, 97, 98, 99, 100, 101]             | [0.0100, 0.0200, 0.2400, 0.2400, 0.2900, 0.1800, 0.0200]                 | 1.4400   | 0.8400  | 0.7752 
19    | 8           | [96, 97, 98, 99, 100, 101, 102, 103]       | [0.0400, 0.3800, 0.0400, 0.2000, 0.1500, 0.1200, 0.0600, 0.0100]         | 3.1539   | 0.8000  | 0.7796 
20    | 5           | [98, 99, 100, 101, 102]                    | [0.0200, 0.3400, 0.3700, 0.1700, 0.1000]                                 | 0.9899   | 0.7800  | 0.7154 
21    | 3           | [99, 100, 101]                             | [0.6300, 0.2300, 0.1400]                                                 | 0.5299   | 0.4800  | 0.5360 
