
[Simulation Info]
simulation_id = sim_0007267
timestamp     = 20250428_101810
seed          = 908263
output_folder = /home/lejeunet/Bureau/simulations/Ref_table/sim_0007267

[Model Parameters]
pop_size           = 4762
num_loci           = 20
sample1_generation = 30
sample2_generation = 10
low_repeats        = 1
high_repeats       = 200
mutation_rate      = 0.001
recap_Ne           = 4762

[Sampling Design]
sample1_size_Ne  = 50
sample2_size_Ne  = 50
sample1_size_CMR = 50
sample2_size_CMR = 50

[Capture-Marquage-Recapture]
census_N   =  0
MatchCount =  0
# There were no match between sampling of individuals during CMR.

[Ne Estimates - One Sample - Decreasing critical values [0.050, 0.020, 0.010, 0+]]

[Linkage Desequilibrium]
LD_Ne_Pop1 = [714.0, 1289.5, 3232.6, 3232.6]
LD_r2_Pop1 = [0.021741, 0.021534, 0.021379, 0.021379]
LD_Ne_Pop2 = [None, None, None, None]
LD_r2_Pop2 = [0.020861, 0.020993, 0.021252, 0.021252]

[Heterozygote excess]
HE_Neb_mean_Pop1        = [51.8, 68.5, 76.3, 76.3]
HE_weighted_D_mean_Pop1 = [0.00974, 0.00735, 0.0066, 0.0066]
HE_Neb_mean_Pop2        = [None, None, None, None]
HE_weighted_D_mean_Pop2 = [-0.00375, -0.0075, -0.00761, -0.00761]

[Molecular Coancestry]
Coan_Neb_n_Pop1 = 66.1
Coan_f1_Pop1    = 0.00756
Coan_Neb_n_Pop2 = 1043.3
Coan_f1_Pop2    = 0.00048

[Ne Estimates - Temporal - Decreasing critical values (0.050, 0.020, 0.010, 0+)]

[Pollak]
P_Ne     = [-8624.0, -13781.8, 32277.7, 23082.2]
P_Fk     = [0.01942, 0.01964, 0.02015, 0.02022]
P_Fprime = [-0.00058, -0.00036, 0.00015, 0.00022]

[Nei/Tajima]
N_Ne     = [-5041.6, -6177.1, -15251.4, -19280.8]
N_Fc     = [0.01901, 0.01919, 0.01967, 0.01974]
N_Fprime = [-0.00099, -0.00081, -0.00033, -0.00026]

[Jorde/Ryman]
J_Ne     = [-2927.1, -2481.5, -2637.1, -2636.5]
J_Fs     = [0.01839, 0.01809, 0.01821, 0.01821]
J_Fprime = [-0.00171, -0.00201, -0.0019, -0.0019]

[Genetic Diversity - Heterozygosity]
mean_exp_het_pop1 = 0.8446
mean_obs_het_pop1 = 0.8562
mean_exp_het_pop2 = 0.845
mean_obs_het_pop2 = 0.839

[Genetic Diversity - Allele Counts]
mean_alleles_pop1 = 9.95
var_alleles_pop1  = 2.35
sum_alleles_pop1  = 209
mean_alleles_pop2 = 10.31
var_alleles_pop2  = 3.24
sum_alleles_pop2  = 433

[Genetic Diversity - Allelic Size Variance]
var_allele_size_pop1 = 6.7564
var_allele_size_pop2 = 6.6571

[Per-locus summary - Population 1]
Locus | Num_Alleles | Alleles                                                    | Frequencies                                                                                      | Variance | Obs_Het | Exp_Het
------+-------------+------------------------------------------------------------+--------------------------------------------------------------------------------------------------+----------+---------+--------
1     | 10          | [98, 99, 100, 101, 102, 103, 104, 105, 106, 107]           | [0.0800, 0.0700, 0.2900, 0.0300, 0.0700, 0.2300, 0.0600, 0.0600, 0.0500, 0.0600]                 | 6.3979   | 0.8400  | 0.8410 
2     | 8           | [98, 99, 100, 101, 102, 103, 104, 105]                     | [0.0600, 0.2000, 0.3100, 0.1600, 0.0300, 0.1800, 0.0100, 0.0500]                                 | 3.2171   | 0.9600  | 0.8069 
3     | 9           | [100, 101, 102, 103, 104, 105, 106, 107, 108]              | [0.0700, 0.1400, 0.1400, 0.0500, 0.0600, 0.2700, 0.0900, 0.1600, 0.0200]                         | 5.3796   | 0.8400  | 0.8513 
4     | 8           | [98, 99, 100, 101, 102, 103, 104, 105]                     | [0.0200, 0.0200, 0.1400, 0.1700, 0.2000, 0.0600, 0.3300, 0.0600]                                 | 3.0539   | 0.8000  | 0.8026 
5     | 11          | [93, 94, 95, 96, 97, 98, 99, 100, 101, 103, 104]           | [0.0300, 0.0900, 0.2100, 0.1900, 0.2200, 0.0700, 0.0400, 0.0600, 0.0200, 0.0200, 0.0500]         | 6.5656   | 0.8800  | 0.8576 
6     | 9           | [96, 97, 98, 99, 100, 101, 102, 103, 104]                  | [0.0100, 0.0100, 0.1300, 0.2600, 0.4500, 0.0700, 0.0400, 0.0200, 0.0100]                         | 1.4844   | 0.6200  | 0.7129 
7     | 11          | [94, 95, 96, 97, 98, 99, 100, 101, 102, 103, 104]          | [0.0200, 0.0300, 0.1300, 0.1400, 0.0700, 0.1400, 0.1400, 0.1700, 0.0800, 0.0700, 0.0100]         | 5.6819   | 0.9000  | 0.8867 
8     | 12          | [95, 97, 98, 99, 100, 101, 102, 103, 104, 105, 106, 108]   | [0.0100, 0.0900, 0.0800, 0.0300, 0.0100, 0.3400, 0.0500, 0.0200, 0.1600, 0.0900, 0.0700, 0.0500] | 9.0500   | 0.8800  | 0.8331 
9     | 12          | [97, 98, 99, 100, 101, 102, 103, 104, 105, 106, 107, 109]  | [0.0700, 0.0300, 0.0500, 0.0700, 0.1000, 0.0300, 0.1500, 0.2100, 0.1500, 0.0700, 0.0400, 0.0300] | 8.2675   | 0.8800  | 0.8883 
10    | 10          | [93, 94, 95, 96, 97, 98, 99, 100, 101, 102]                | [0.1000, 0.0200, 0.2000, 0.1600, 0.0200, 0.0600, 0.1400, 0.2700, 0.0200, 0.0100]                 | 6.2924   | 0.7800  | 0.8354 
11    | 8           | [93, 94, 95, 96, 97, 98, 99, 100]                          | [0.0200, 0.0700, 0.2600, 0.2500, 0.1400, 0.1000, 0.0200, 0.1400]                                 | 3.4300   | 0.8400  | 0.8232 
12    | 10          | [94, 95, 96, 97, 98, 99, 100, 101, 102, 103]               | [0.0200, 0.0300, 0.0100, 0.1100, 0.2300, 0.1200, 0.2400, 0.1400, 0.0600, 0.0400]                 | 3.6944   | 0.8200  | 0.8452 
13    | 8           | [95, 96, 97, 98, 99, 100, 101, 102]                        | [0.1000, 0.1000, 0.1300, 0.1600, 0.1600, 0.1000, 0.2100, 0.0400]                                 | 4.2496   | 0.9200  | 0.8649 
14    | 11          | [97, 98, 99, 100, 101, 102, 103, 104, 105, 106, 107]       | [0.0300, 0.0500, 0.0600, 0.0800, 0.2600, 0.1100, 0.1600, 0.1500, 0.0200, 0.0600, 0.0200]         | 5.0619   | 0.9000  | 0.8630 
15    | 9           | [95, 96, 97, 98, 99, 100, 101, 102, 103]                   | [0.0400, 0.0600, 0.0100, 0.2400, 0.1200, 0.2500, 0.1100, 0.1300, 0.0400]                         | 3.7836   | 0.8600  | 0.8380 
16    | 12          | [92, 93, 94, 95, 99, 101, 102, 103, 104, 105, 106, 107]    | [0.0700, 0.1800, 0.1100, 0.1300, 0.0100, 0.0800, 0.0100, 0.0600, 0.2100, 0.1200, 0.0100, 0.0100] | 26.7259  | 0.8600  | 0.8735 
17    | 9           | [98, 99, 100, 101, 102, 103, 104, 105, 106]                | [0.1000, 0.2900, 0.0500, 0.1000, 0.1500, 0.1200, 0.0600, 0.0700, 0.0600]                         | 5.8516   | 0.8800  | 0.8529 
18    | 12          | [98, 99, 100, 101, 102, 103, 104, 105, 106, 107, 109, 110] | [0.0400, 0.1800, 0.1000, 0.1200, 0.0200, 0.1000, 0.1000, 0.1100, 0.1400, 0.0500, 0.0200, 0.0200] | 9.5016   | 0.8400  | 0.8952 
19    | 10          | [94, 95, 96, 97, 98, 99, 101, 102, 103, 104]               | [0.0500, 0.0100, 0.0700, 0.2400, 0.0100, 0.0600, 0.1000, 0.2300, 0.1900, 0.0400]                 | 8.7804   | 0.9000  | 0.8390 
20    | 12          | [96, 97, 98, 99, 100, 102, 103, 104, 105, 106, 107, 108]   | [0.0200, 0.0800, 0.0300, 0.2500, 0.0800, 0.0400, 0.0700, 0.1200, 0.1200, 0.0900, 0.0100, 0.0900] | 12.3251  | 0.9400  | 0.8806 
21    | 8           | [96, 97, 98, 99, 100, 101, 102, 103]                       | [0.0700, 0.0600, 0.1800, 0.1400, 0.2400, 0.1600, 0.1400, 0.0100]                                 | 3.0899   | 0.8400  | 0.8450 

[Per-locus summary - Population 2]
Locus | Num_Alleles | Alleles                                                       | Frequencies                                                                                              | Variance | Obs_Het | Exp_Het
------+-------------+---------------------------------------------------------------+----------------------------------------------------------------------------------------------------------+----------+---------+--------
1     | 10          | [98, 99, 100, 101, 102, 103, 104, 105, 106, 107]              | [0.1400, 0.0700, 0.2600, 0.0200, 0.0300, 0.1900, 0.0800, 0.0800, 0.0500, 0.0800]                         | 7.9456   | 0.8800  | 0.8574 
2     | 7           | [99, 100, 101, 102, 103, 104, 105]                            | [0.2300, 0.2700, 0.1900, 0.0400, 0.1900, 0.0100, 0.0700]                                                 | 3.2000   | 0.7800  | 0.8034 
3     | 9           | [100, 101, 102, 103, 104, 105, 106, 107, 108]                 | [0.0400, 0.0900, 0.1100, 0.0300, 0.1400, 0.3100, 0.1900, 0.0800, 0.0100]                                 | 3.7859   | 0.7600  | 0.8273 
4     | 9           | [98, 99, 100, 101, 102, 103, 104, 105, 106]                   | [0.0100, 0.0100, 0.1400, 0.1800, 0.1400, 0.1000, 0.3300, 0.0600, 0.0300]                                 | 3.1491   | 0.7600  | 0.8129 
5     | 11          | [94, 95, 96, 97, 98, 99, 100, 101, 103, 104, 105]             | [0.1400, 0.1400, 0.2700, 0.1700, 0.1100, 0.0700, 0.0100, 0.0200, 0.0400, 0.0200, 0.0100]                 | 5.9275   | 0.9000  | 0.8479 
6     | 9           | [96, 97, 98, 99, 100, 101, 102, 103, 104]                     | [0.0100, 0.0200, 0.1600, 0.1500, 0.4200, 0.0900, 0.0800, 0.0600, 0.0100]                                 | 2.2300   | 0.8000  | 0.7644 
7     | 12          | [93, 94, 95, 96, 97, 98, 99, 100, 101, 102, 103, 104]         | [0.0100, 0.0100, 0.0600, 0.1400, 0.1900, 0.0500, 0.1100, 0.0900, 0.1800, 0.0800, 0.0500, 0.0300]         | 6.6944   | 0.8400  | 0.8844 
8     | 13          | [96, 97, 98, 99, 100, 101, 102, 103, 104, 105, 106, 107, 108] | [0.0100, 0.0500, 0.0300, 0.0300, 0.0500, 0.3600, 0.0900, 0.0600, 0.0800, 0.0600, 0.0700, 0.0300, 0.0800] | 8.4811   | 0.8600  | 0.8380 
9     | 12          | [97, 98, 99, 100, 101, 102, 103, 104, 105, 106, 107, 109]     | [0.1200, 0.0500, 0.0800, 0.0700, 0.0700, 0.0200, 0.0900, 0.1400, 0.1700, 0.0700, 0.0900, 0.0300]         | 11.5651  | 0.8600  | 0.9051 
10    | 9           | [93, 94, 95, 96, 97, 98, 99, 100, 101]                        | [0.0800, 0.0100, 0.1900, 0.1700, 0.0100, 0.1100, 0.1300, 0.2800, 0.0200]                                 | 5.6179   | 0.8000  | 0.8289 
11    | 8           | [93, 94, 95, 96, 97, 98, 99, 100]                             | [0.0300, 0.1300, 0.2800, 0.2100, 0.1500, 0.1100, 0.0200, 0.0700]                                         | 2.9536   | 0.8400  | 0.8281 
12    | 10          | [94, 95, 97, 98, 99, 100, 101, 102, 103, 104]                 | [0.0100, 0.0300, 0.1900, 0.1900, 0.0600, 0.2200, 0.1500, 0.1100, 0.0300, 0.0100]                         | 4.1416   | 0.7800  | 0.8477 
13    | 9           | [94, 95, 96, 97, 98, 99, 100, 101, 102]                       | [0.0200, 0.1000, 0.0900, 0.1600, 0.2400, 0.1500, 0.1000, 0.1300, 0.0100]                                 | 3.6164   | 0.9000  | 0.8574 
14    | 10          | [98, 99, 100, 101, 102, 103, 104, 105, 106, 107]              | [0.1000, 0.0400, 0.0600, 0.2000, 0.1900, 0.1500, 0.1900, 0.0200, 0.0400, 0.0100]                         | 4.3784   | 0.8000  | 0.8566 
15    | 9           | [95, 96, 97, 98, 99, 100, 101, 102, 103]                      | [0.0100, 0.0400, 0.0100, 0.3200, 0.1300, 0.2100, 0.1500, 0.1100, 0.0200]                                 | 2.8236   | 0.8400  | 0.8079 
16    | 11          | [92, 93, 94, 95, 96, 100, 101, 102, 103, 104, 105]            | [0.1400, 0.0500, 0.1100, 0.1100, 0.0300, 0.0300, 0.0700, 0.0400, 0.0300, 0.2200, 0.1700]                 | 26.1811  | 0.9200  | 0.8760 
17    | 9           | [98, 99, 100, 101, 102, 103, 104, 105, 107]                   | [0.0500, 0.2900, 0.1200, 0.1300, 0.1200, 0.1400, 0.1100, 0.0300, 0.0100]                                 | 4.2364   | 0.8400  | 0.8434 
18    | 12          | [98, 99, 100, 101, 102, 103, 104, 105, 106, 107, 109, 110]    | [0.0100, 0.1700, 0.0500, 0.1700, 0.0100, 0.0900, 0.0700, 0.1500, 0.1200, 0.0500, 0.0800, 0.0300]         | 10.8579  | 0.7600  | 0.8887 
19    | 11          | [93, 94, 96, 97, 98, 99, 100, 101, 102, 103, 104]             | [0.0100, 0.0300, 0.0700, 0.1800, 0.0300, 0.0400, 0.0100, 0.1200, 0.1800, 0.2600, 0.0700]                 | 8.6331   | 0.9200  | 0.8483 
20    | 13          | [96, 97, 98, 99, 100, 101, 102, 103, 104, 105, 106, 107, 108] | [0.0200, 0.0600, 0.1000, 0.2200, 0.1200, 0.0100, 0.0100, 0.0900, 0.1300, 0.1100, 0.0700, 0.0200, 0.0400] | 10.7651  | 0.9600  | 0.8879 
21    | 8           | [96, 97, 98, 99, 100, 101, 102, 103]                          | [0.0200, 0.0700, 0.1800, 0.2300, 0.1500, 0.2300, 0.0900, 0.0300]                                         | 2.6156   | 0.8200  | 0.8333 
