
[Simulation Info]
simulation_id = sim_0002636
timestamp     = 20250428_082613
seed          = 31191
output_folder = /home/lejeunet/Bureau/simulations/Ref_table/sim_0002636

[Model Parameters]
pop_size           = 1901
num_loci           = 20
sample1_generation = 30
sample2_generation = 10
low_repeats        = 1
high_repeats       = 200
mutation_rate      = 0.001
recap_Ne           = 1901

[Sampling Design]
sample1_size_Ne  = 50
sample2_size_Ne  = 50
sample1_size_CMR = 50
sample2_size_CMR = 50

[Capture-Marquage-Recapture]
census_N   =  0
MatchCount =  0
# There were no match between sampling of individuals during CMR.

[Ne Estimates - One Sample - Decreasing critical values [0.050, 0.020, 0.010, 0+]]

[Linkage Desequilibrium]
LD_Ne_Pop1 = [327.4, 387.8, 913.6, 913.6]
LD_r2_Pop1 = [0.022288, 0.022131, 0.02164, 0.02164]
LD_Ne_Pop2 = [1764.3, 916.7, 612.0, 612.0]
LD_r2_Pop2 = [0.021465, 0.021639, 0.021819, 0.021819]

[Heterozygote excess]
HE_Neb_mean_Pop1        = [None, None, None, None]
HE_weighted_D_mean_Pop1 = [-0.00979, -0.0034, -0.00336, -0.00336]
HE_Neb_mean_Pop2        = [None, None, None, None]
HE_weighted_D_mean_Pop2 = [-0.0175, -0.01675, -0.01648, -0.01648]

[Molecular Coancestry]
Coan_Neb_n_Pop1 = 139.3
Coan_f1_Pop1    = 0.00359
Coan_Neb_n_Pop2 = 22.1
Coan_f1_Pop2    = 0.02267

[Ne Estimates - Temporal - Decreasing critical values (0.050, 0.020, 0.010, 0+)]

[Pollak]
P_Ne     = [838.6, 907.2, 927.7, 907.8]
P_Fk     = [0.02596, 0.02551, 0.02539, 0.02551]
P_Fprime = [0.00596, 0.00551, 0.00539, 0.00551]

[Nei/Tajima]
N_Ne     = [834.6, 893.4, 912.9, 896.5]
N_Fc     = [0.02599, 0.0256, 0.02548, 0.02558]
N_Fprime = [0.00599, 0.0056, 0.00548, 0.00558]

[Jorde/Ryman]
J_Ne     = [612.4, 605.5, 602.9, 602.0]
J_Fs     = [0.02828, 0.02837, 0.02841, 0.02842]
J_Fprime = [0.00817, 0.00826, 0.00829, 0.00831]

[Genetic Diversity - Heterozygosity]
mean_exp_het_pop1 = 0.7245
mean_obs_het_pop1 = 0.7152
mean_exp_het_pop2 = 0.7265
mean_obs_het_pop2 = 0.7057

[Genetic Diversity - Allele Counts]
mean_alleles_pop1 = 6.48
var_alleles_pop1  = 1.06
sum_alleles_pop1  = 136
mean_alleles_pop2 = 6.64
var_alleles_pop2  = 1.02
sum_alleles_pop2  = 279

[Genetic Diversity - Allelic Size Variance]
var_allele_size_pop1 = 2.2446
var_allele_size_pop2 = 2.1296

[Per-locus summary - Population 1]
Locus | Num_Alleles | Alleles                                | Frequencies                                                      | Variance | Obs_Het | Exp_Het
------+-------------+----------------------------------------+------------------------------------------------------------------+----------+---------+--------
1     | 6           | [100, 101, 102, 103, 104, 105]         | [0.0300, 0.1900, 0.1600, 0.4400, 0.1600, 0.0200]                 | 1.2451   | 0.8200  | 0.7250 
2     | 5           | [99, 100, 101, 102, 103]               | [0.0800, 0.5900, 0.3000, 0.0200, 0.0100]                         | 0.4659   | 0.4600  | 0.5606 
3     | 6           | [97, 99, 100, 101, 102, 103]           | [0.0200, 0.0300, 0.1300, 0.1500, 0.6200, 0.0500]                 | 1.1875   | 0.5600  | 0.5782 
4     | 6           | [96, 97, 98, 99, 100, 101]             | [0.0100, 0.1400, 0.4400, 0.2500, 0.1400, 0.0200]                 | 0.9851   | 0.8000  | 0.7113 
5     | 6           | [98, 99, 100, 101, 102, 103]           | [0.0900, 0.3300, 0.3500, 0.0800, 0.1100, 0.0400]                 | 1.5619   | 0.6800  | 0.7479 
6     | 7           | [99, 100, 101, 102, 103, 104, 105]     | [0.0300, 0.1800, 0.0200, 0.1700, 0.1600, 0.3400, 0.1000]         | 2.9811   | 0.8600  | 0.7941 
7     | 7           | [98, 99, 100, 101, 102, 103, 104]      | [0.0100, 0.1500, 0.4500, 0.3100, 0.0200, 0.0500, 0.0100]         | 1.0531   | 0.7600  | 0.6826 
8     | 7           | [97, 98, 99, 102, 103, 104, 105]       | [0.1100, 0.0800, 0.0200, 0.1600, 0.2900, 0.3100, 0.0300]         | 6.0051   | 0.8000  | 0.7822 
9     | 6           | [99, 100, 101, 102, 103, 104]          | [0.0500, 0.1600, 0.4300, 0.1400, 0.2100, 0.0100]                 | 1.3211   | 0.7200  | 0.7305 
10    | 7           | [96, 97, 98, 99, 100, 101, 102]        | [0.0600, 0.0400, 0.2900, 0.0900, 0.2800, 0.2200, 0.0200]         | 2.2771   | 0.7800  | 0.7832 
11    | 7           | [95, 96, 97, 98, 99, 100, 101]         | [0.1000, 0.2700, 0.1000, 0.2100, 0.0700, 0.1200, 0.1300]         | 3.7424   | 0.8000  | 0.8351 
12    | 8           | [98, 99, 100, 101, 102, 103, 104, 105] | [0.0300, 0.1200, 0.0600, 0.1400, 0.3300, 0.2500, 0.0600, 0.0100] | 2.4044   | 0.8200  | 0.7943 
13    | 7           | [96, 97, 98, 99, 100, 101, 102]        | [0.1700, 0.4200, 0.0800, 0.1400, 0.0400, 0.1300, 0.0200]         | 2.8851   | 0.7000  | 0.7574 
14    | 6           | [97, 98, 99, 100, 101, 102]            | [0.1000, 0.0200, 0.1400, 0.3500, 0.2900, 0.1000]                 | 1.8099   | 0.7400  | 0.7610 
15    | 7           | [97, 98, 99, 100, 101, 102, 103]       | [0.0700, 0.4500, 0.1000, 0.2000, 0.0700, 0.1000, 0.0100]         | 2.2619   | 0.6800  | 0.7349 
16    | 8           | [97, 98, 99, 100, 101, 102, 103, 104]  | [0.0400, 0.0700, 0.1700, 0.1100, 0.0100, 0.3100, 0.2300, 0.0600] | 3.8131   | 0.6800  | 0.8079 
17    | 4           | [97, 98, 99, 100]                      | [0.1200, 0.1000, 0.1400, 0.6400]                                 | 1.1300   | 0.6000  | 0.5519 
18    | 5           | [98, 99, 100, 101, 102]                | [0.0900, 0.1900, 0.1700, 0.4100, 0.1400]                         | 1.4176   | 0.6800  | 0.7467 
19    | 6           | [96, 97, 98, 101, 102, 103]            | [0.0100, 0.0600, 0.0400, 0.6100, 0.2600, 0.0200]                 | 1.8979   | 0.5600  | 0.5602 
20    | 8           | [98, 99, 100, 101, 102, 103, 104, 106] | [0.1100, 0.3300, 0.1900, 0.1400, 0.0400, 0.0400, 0.0700, 0.0800] | 5.1275   | 0.7600  | 0.8170 
21    | 7           | [98, 99, 100, 101, 102, 103, 104]      | [0.0100, 0.0200, 0.1200, 0.3900, 0.2600, 0.0900, 0.1100]         | 1.5636   | 0.7600  | 0.7527 

[Per-locus summary - Population 2]
Locus | Num_Alleles | Alleles                                | Frequencies                                                      | Variance | Obs_Het | Exp_Het
------+-------------+----------------------------------------+------------------------------------------------------------------+----------+---------+--------
1     | 6           | [98, 101, 102, 103, 104, 105]          | [0.0100, 0.2300, 0.1700, 0.4400, 0.1400, 0.0100]                 | 1.2496   | 0.6600  | 0.7119 
2     | 4           | [97, 99, 100, 101]                     | [0.0100, 0.0300, 0.5700, 0.3900]                                 | 0.4011   | 0.4800  | 0.5273 
3     | 6           | [97, 99, 100, 101, 102, 103]           | [0.0200, 0.0100, 0.1000, 0.2700, 0.5600, 0.0400]                 | 0.9864   | 0.6200  | 0.6075 
4     | 5           | [97, 98, 99, 100, 101]                 | [0.0500, 0.5500, 0.1400, 0.2100, 0.0500]                         | 1.0444   | 0.6600  | 0.6351 
5     | 7           | [97, 98, 99, 100, 101, 102, 103]       | [0.0100, 0.0700, 0.2700, 0.4000, 0.1200, 0.0900, 0.0400]         | 1.4796   | 0.7000  | 0.7454 
6     | 7           | [99, 100, 101, 102, 103, 104, 105]     | [0.0100, 0.1000, 0.0300, 0.2000, 0.2300, 0.3300, 0.1000]         | 2.1051   | 0.6800  | 0.7851 
7     | 7           | [98, 99, 100, 101, 102, 103, 104]      | [0.0100, 0.0600, 0.4600, 0.3400, 0.0800, 0.0300, 0.0200]         | 1.0019   | 0.7000  | 0.6681 
8     | 6           | [97, 98, 102, 103, 104, 105]           | [0.0500, 0.0400, 0.2000, 0.2900, 0.4000, 0.0200]                 | 3.4124   | 0.6200  | 0.7186 
9     | 5           | [99, 100, 101, 102, 103]               | [0.0700, 0.1800, 0.4200, 0.1600, 0.1700]                         | 1.2676   | 0.6200  | 0.7392 
10    | 7           | [96, 97, 98, 99, 100, 101, 102]        | [0.0600, 0.0100, 0.2600, 0.1500, 0.2700, 0.2300, 0.0200]         | 2.1011   | 0.7400  | 0.7879 
11    | 7           | [95, 96, 97, 98, 99, 100, 101]         | [0.1100, 0.2200, 0.2300, 0.1900, 0.0600, 0.1200, 0.0700]         | 3.0299   | 0.8600  | 0.8360 
12    | 7           | [98, 99, 100, 101, 102, 103, 104]      | [0.0400, 0.1000, 0.1000, 0.1200, 0.3000, 0.1700, 0.1700]         | 2.8371   | 0.7800  | 0.8244 
13    | 8           | [95, 96, 97, 98, 99, 100, 101, 102]    | [0.0100, 0.1600, 0.3800, 0.0600, 0.1900, 0.0200, 0.1500, 0.0300] | 3.2051   | 0.8400  | 0.7741 
14    | 6           | [97, 98, 99, 100, 101, 102]            | [0.0500, 0.0200, 0.1000, 0.5500, 0.1500, 0.1300]                 | 1.2856   | 0.6200  | 0.6517 
15    | 6           | [97, 98, 99, 100, 101, 102]            | [0.0700, 0.4300, 0.1700, 0.1300, 0.1400, 0.0600]                 | 1.9396   | 0.7200  | 0.7487 
16    | 7           | [97, 98, 99, 100, 102, 103, 104]       | [0.0100, 0.1000, 0.1200, 0.1700, 0.2200, 0.3100, 0.0700]         | 3.7100   | 0.8400  | 0.8053 
17    | 5           | [97, 98, 99, 100, 101]                 | [0.1400, 0.1300, 0.1200, 0.5600, 0.0500]                         | 1.3875   | 0.5600  | 0.6394 
18    | 6           | [98, 99, 100, 101, 102, 103]           | [0.1400, 0.2700, 0.1900, 0.2300, 0.1500, 0.0200]                 | 1.8384   | 0.7800  | 0.8036 
19    | 7           | [96, 97, 98, 100, 101, 102, 103]       | [0.0100, 0.1200, 0.0600, 0.0300, 0.4200, 0.3300, 0.0300]         | 3.0675   | 0.7200  | 0.7018 
20    | 8           | [98, 99, 100, 101, 103, 104, 105, 106] | [0.1000, 0.3800, 0.0400, 0.2200, 0.0600, 0.1200, 0.0200, 0.0600] | 5.5424   | 0.7000  | 0.7814 
21    | 7           | [97, 98, 100, 101, 102, 103, 104]      | [0.0100, 0.0100, 0.1300, 0.3200, 0.3100, 0.0700, 0.1500]         | 1.8300   | 0.9200  | 0.7647 
