
[Simulation Info]
simulation_id = sim_0011929
timestamp     = 20250429_092615
seed          = 188562
output_folder = /home/lejeunet/Bureau/simulations/Ref_table/sim_0011929

[Model Parameters]
pop_size           = 1549
num_loci           = 20
sample1_generation = 30
sample2_generation = 10
low_repeats        = 1
high_repeats       = 200
mutation_rate      = 0.001
recap_Ne           = 1549

[Sampling Design]
sample1_size_Ne  = 50
sample2_size_Ne  = 50
sample1_size_CMR = 50
sample2_size_CMR = 50

[Capture-Marquage-Recapture]
census_N   =  867
MatchCount =  3

[Ne Estimates - One Sample - Decreasing critical values [0.050, 0.020, 0.010, 0+]]

[Linkage Desequilibrium]
LD_Ne_Pop1 = [4864.6, 1029.0, 777.0, 777.0]
LD_r2_Pop1 = [0.021344, 0.021599, 0.021704, 0.021704]
LD_Ne_Pop2 = [330.1, 316.8, 464.4, 464.4]
LD_r2_Pop2 = [0.022279, 0.022321, 0.021991, 0.021991]

[Heterozygote excess]
HE_Neb_mean_Pop1        = [None, None, None, None]
HE_weighted_D_mean_Pop1 = [-0.00648, -0.00915, -0.00918, -0.00918]
HE_Neb_mean_Pop2        = [None, None, None, None]
HE_weighted_D_mean_Pop2 = [-0.0175, -0.01578, -0.0156, -0.0156]

[Molecular Coancestry]
Coan_Neb_n_Pop1 = 89.1
Coan_f1_Pop1    = 0.00561
Coan_Neb_n_Pop2 = None
Coan_f1_Pop2    = -0.0118

[Ne Estimates - Temporal - Decreasing critical values (0.050, 0.020, 0.010, 0+)]

[Pollak]
P_Ne     = [1370.6, 1510.1, 1790.3, 1711.6]
P_Fk     = [0.02365, 0.02331, 0.02279, 0.02292]
P_Fprime = [0.00365, 0.00331, 0.00279, 0.00292]

[Nei/Tajima]
N_Ne     = [1442.0, 1598.4, 1865.1, 1790.5]
N_Fc     = [0.02347, 0.02313, 0.02268, 0.02279]
N_Fprime = [0.00347, 0.00313, 0.00268, 0.00279]

[Jorde/Ryman]
J_Ne     = [903.2, 933.8, 938.5, 936.3]
J_Fs     = [0.02564, 0.02546, 0.02543, 0.02545]
J_Fprime = [0.00554, 0.00535, 0.00533, 0.00534]

[Genetic Diversity - Heterozygosity]
mean_exp_het_pop1 = 0.7492
mean_obs_het_pop1 = 0.7533
mean_exp_het_pop2 = 0.7586
mean_obs_het_pop2 = 0.7486

[Genetic Diversity - Allele Counts]
mean_alleles_pop1 = 7.1
var_alleles_pop1  = 3.49
sum_alleles_pop1  = 149
mean_alleles_pop2 = 7.19
var_alleles_pop2  = 3.04
sum_alleles_pop2  = 302

[Genetic Diversity - Allelic Size Variance]
var_allele_size_pop1 = 3.36
var_allele_size_pop2 = 3.5083

[Per-locus summary - Population 1]
Locus | Num_Alleles | Alleles                                                    | Frequencies                                                                                      | Variance | Obs_Het | Exp_Het
------+-------------+------------------------------------------------------------+--------------------------------------------------------------------------------------------------+----------+---------+--------
1     | 7           | [99, 100, 101, 102, 103, 104, 105]                         | [0.0700, 0.0200, 0.0700, 0.3200, 0.1200, 0.3800, 0.0200]                                         | 2.2156   | 0.8200  | 0.7356 
2     | 9           | [95, 96, 97, 98, 99, 100, 101, 102, 104]                   | [0.0400, 0.0700, 0.3100, 0.2800, 0.0600, 0.0300, 0.1300, 0.0300, 0.0500]                         | 4.4504   | 0.8000  | 0.8022 
3     | 8           | [97, 98, 99, 100, 102, 103, 104, 105]                      | [0.0400, 0.0900, 0.4200, 0.0200, 0.0200, 0.1400, 0.2600, 0.0100]                                 | 6.2011   | 0.6200  | 0.7331 
4     | 6           | [100, 101, 102, 103, 104, 105]                             | [0.0600, 0.0700, 0.3700, 0.2100, 0.2100, 0.0800]                                                 | 1.6176   | 0.8400  | 0.7677 
5     | 6           | [98, 99, 100, 101, 102, 103]                               | [0.0800, 0.2300, 0.0700, 0.1300, 0.3300, 0.1600]                                                 | 2.6656   | 0.7000  | 0.7923 
6     | 7           | [94, 95, 96, 97, 98, 99, 100]                              | [0.0700, 0.1100, 0.0900, 0.0300, 0.1100, 0.5300, 0.0600]                                         | 3.2411   | 0.6800  | 0.6842 
7     | 12          | [98, 99, 100, 101, 102, 103, 104, 105, 106, 107, 108, 109] | [0.0600, 0.0500, 0.0600, 0.0900, 0.1100, 0.0200, 0.1000, 0.0400, 0.1100, 0.2500, 0.0500, 0.0600] | 10.6475  | 0.8200  | 0.8863 
8     | 6           | [99, 100, 101, 102, 103, 104]                              | [0.0700, 0.5800, 0.0100, 0.2400, 0.0800, 0.0200]                                                 | 1.5324   | 0.6000  | 0.6002 
9     | 10          | [94, 95, 96, 97, 98, 99, 100, 101, 102, 103]               | [0.0100, 0.1400, 0.0400, 0.0100, 0.1200, 0.1000, 0.0500, 0.1700, 0.0500, 0.3100]                 | 8.3219   | 0.7400  | 0.8325 
10    | 6           | [96, 98, 99, 100, 101, 102]                                | [0.1900, 0.2800, 0.2100, 0.3000, 0.0100, 0.0100]                                                 | 2.1700   | 0.8200  | 0.7588 
11    | 5           | [97, 98, 99, 100, 101]                                     | [0.0600, 0.4800, 0.1100, 0.1900, 0.1600]                                                         | 1.5419   | 0.7800  | 0.6992 
12    | 8           | [94, 95, 96, 97, 98, 99, 100, 101]                         | [0.0100, 0.0600, 0.1900, 0.1100, 0.2900, 0.2900, 0.0400, 0.0100]                                 | 2.0139   | 0.7600  | 0.7861 
13    | 7           | [100, 101, 102, 103, 104, 105, 106]                        | [0.3800, 0.0900, 0.0900, 0.0900, 0.1100, 0.2200, 0.0200]                                         | 4.4000   | 0.8200  | 0.7782 
14    | 8           | [99, 100, 101, 102, 103, 104, 105, 106]                    | [0.0200, 0.1600, 0.2100, 0.1100, 0.1700, 0.1800, 0.1300, 0.0200]                                 | 3.2419   | 0.8800  | 0.8477 
15    | 5           | [96, 98, 99, 100, 101]                                     | [0.0100, 0.3200, 0.4300, 0.2100, 0.0300]                                                         | 0.7336   | 0.7000  | 0.6743 
16    | 9           | [100, 101, 102, 103, 104, 105, 106, 107, 108]              | [0.0100, 0.4500, 0.0500, 0.0500, 0.0100, 0.1600, 0.0800, 0.1300, 0.0600]                         | 6.7219   | 0.7400  | 0.7473 
17    | 7           | [97, 98, 99, 100, 101, 102, 103]                           | [0.0400, 0.0200, 0.1500, 0.4300, 0.2800, 0.0500, 0.0300]                                         | 1.3144   | 0.7000  | 0.7160 
18    | 7           | [100, 101, 102, 103, 104, 105, 106]                        | [0.0500, 0.1500, 0.2600, 0.3800, 0.0500, 0.1000, 0.0100]                                         | 1.6651   | 0.8400  | 0.7580 
19    | 4           | [99, 100, 101, 102]                                        | [0.1300, 0.0300, 0.3500, 0.4900]                                                                 | 1.0000   | 0.6400  | 0.6259 
20    | 5           | [98, 99, 100, 101, 102]                                    | [0.2000, 0.2800, 0.1800, 0.2900, 0.0500]                                                         | 1.4859   | 0.8600  | 0.7703 
21    | 7           | [97, 98, 99, 100, 101, 102, 103]                           | [0.0400, 0.3900, 0.0100, 0.0500, 0.2600, 0.2100, 0.0400]                                         | 3.3779   | 0.6600  | 0.7378 

[Per-locus summary - Population 2]
Locus | Num_Alleles | Alleles                                                    | Frequencies                                                                                      | Variance | Obs_Het | Exp_Het
------+-------------+------------------------------------------------------------+--------------------------------------------------------------------------------------------------+----------+---------+--------
1     | 7           | [99, 100, 101, 102, 103, 104, 105]                         | [0.1300, 0.0200, 0.0700, 0.3100, 0.1400, 0.2800, 0.0500]                                         | 2.9075   | 0.8400  | 0.7891 
2     | 9           | [95, 96, 97, 98, 99, 100, 101, 102, 104]                   | [0.0600, 0.0600, 0.2100, 0.2800, 0.0700, 0.0900, 0.0800, 0.0600, 0.0900]                         | 5.7624   | 0.8200  | 0.8477 
3     | 8           | [97, 98, 99, 100, 101, 102, 103, 104]                      | [0.0300, 0.0800, 0.3200, 0.0200, 0.0600, 0.0400, 0.1300, 0.3200]                                 | 5.8824   | 0.8200  | 0.7731 
4     | 6           | [100, 101, 102, 103, 104, 105]                             | [0.0400, 0.1100, 0.2300, 0.2400, 0.2400, 0.1400]                                                 | 1.8275   | 0.7400  | 0.8067 
5     | 6           | [98, 99, 100, 101, 102, 103]                               | [0.0500, 0.1300, 0.0500, 0.3700, 0.2600, 0.1400]                                                 | 1.8336   | 0.7600  | 0.7616 
6     | 7           | [94, 95, 96, 97, 98, 99, 100]                              | [0.0500, 0.0700, 0.1000, 0.0500, 0.1400, 0.5400, 0.0500]                                         | 2.6196   | 0.6200  | 0.6731 
7     | 12          | [98, 99, 100, 101, 102, 103, 104, 105, 106, 107, 108, 109] | [0.0800, 0.1000, 0.1300, 0.0800, 0.0900, 0.0100, 0.0900, 0.0300, 0.0700, 0.2600, 0.0500, 0.0100] | 11.7171  | 0.8600  | 0.8768 
8     | 6           | [99, 100, 101, 102, 103, 104]                              | [0.0300, 0.4900, 0.0700, 0.2600, 0.1400, 0.0100]                                                 | 1.5196   | 0.6800  | 0.6735 
9     | 10          | [94, 95, 96, 97, 98, 99, 100, 101, 102, 103]               | [0.0100, 0.1100, 0.0700, 0.0100, 0.1400, 0.1300, 0.0500, 0.1300, 0.0500, 0.3000]                 | 8.0000   | 0.8400  | 0.8428 
10    | 8           | [95, 96, 97, 98, 99, 100, 101, 102]                        | [0.0100, 0.2100, 0.0200, 0.1900, 0.3100, 0.2400, 0.0100, 0.0100]                                 | 2.3179   | 0.7800  | 0.7731 
11    | 6           | [97, 98, 99, 100, 101, 102]                                | [0.0100, 0.4100, 0.1400, 0.2200, 0.2100, 0.0100]                                                 | 1.5424   | 0.6600  | 0.7269 
12    | 7           | [94, 95, 96, 97, 98, 99, 100]                              | [0.0100, 0.0700, 0.2100, 0.0800, 0.2400, 0.3500, 0.0400]                                         | 2.1176   | 0.8600  | 0.7705 
13    | 7           | [100, 101, 102, 103, 104, 105, 106]                        | [0.3600, 0.0700, 0.1200, 0.0600, 0.0600, 0.3000, 0.0300]                                         | 4.8219   | 0.7600  | 0.7606 
14    | 7           | [99, 100, 101, 102, 103, 104, 105]                         | [0.0200, 0.0800, 0.2200, 0.1000, 0.0900, 0.3300, 0.1600]                                         | 2.9459   | 0.8200  | 0.8002 
15    | 5           | [98, 99, 100, 101, 102]                                    | [0.3600, 0.3700, 0.2200, 0.0400, 0.0100]                                                         | 0.8291   | 0.6000  | 0.6903 
16    | 8           | [100, 101, 102, 103, 105, 106, 107, 108]                   | [0.0300, 0.4200, 0.0300, 0.0300, 0.1200, 0.1000, 0.2500, 0.0200]                                 | 7.3976   | 0.6800  | 0.7410 
17    | 6           | [97, 99, 100, 101, 102, 103]                               | [0.1000, 0.0600, 0.4100, 0.3500, 0.0400, 0.0400]                                                 | 1.7939   | 0.6400  | 0.6996 
18    | 6           | [100, 101, 102, 103, 104, 105]                             | [0.0200, 0.0800, 0.3200, 0.4300, 0.0700, 0.0800]                                                 | 1.1139   | 0.6600  | 0.7016 
19    | 4           | [99, 100, 101, 102]                                        | [0.2100, 0.0500, 0.2900, 0.4500]                                                                 | 1.3396   | 0.6400  | 0.6735 
20    | 6           | [97, 98, 99, 100, 101, 102]                                | [0.0400, 0.2200, 0.3800, 0.1000, 0.1900, 0.0700]                                                 | 1.7179   | 0.7600  | 0.7622 
21    | 6           | [97, 98, 100, 101, 102, 103]                               | [0.0800, 0.3600, 0.1400, 0.1600, 0.1900, 0.0700]                                                 | 3.6659   | 0.8800  | 0.7857 
