
[Simulation Info]
simulation_id = sim_0011570
timestamp     = 20250429_091504
seed          = 692364
output_folder = /home/lejeunet/Bureau/simulations/Ref_table/sim_0011570

[Model Parameters]
pop_size           = 84
num_loci           = 20
sample1_generation = 30
sample2_generation = 10
low_repeats        = 1
high_repeats       = 200
mutation_rate      = 0.001
recap_Ne           = 84

[Sampling Design]
sample1_size_Ne  = 50
sample2_size_Ne  = 50
sample1_size_CMR = 50
sample2_size_CMR = 50

[Capture-Marquage-Recapture]
census_N   =  86
MatchCount =  30

[Ne Estimates - One Sample - Decreasing critical values [0.050, 0.020, 0.010, 0+]]

[Linkage Desequilibrium]
LD_Ne_Pop1 = [149.7, 175.4, 302.6, 302.6]
LD_r2_Pop1 = [0.023472, 0.023154, 0.02237, 0.02237]
LD_Ne_Pop2 = [69.1, 51.6, 86.3, 86.3]
LD_r2_Pop2 = [0.025956, 0.027472, 0.025048, 0.025048]

[Heterozygote excess]
HE_Neb_mean_Pop1        = [180.1, 180.1, 188.7, 188.7]
HE_weighted_D_mean_Pop1 = [0.00278, 0.00278, 0.00266, 0.00266]
HE_Neb_mean_Pop2        = [245.1, 204.4, 214.6, 214.6]
HE_weighted_D_mean_Pop2 = [0.00204, 0.00245, 0.00234, 0.00234]

[Molecular Coancestry]
Coan_Neb_n_Pop1 = 36.0
Coan_f1_Pop1    = 0.0139
Coan_Neb_n_Pop2 = None
Coan_f1_Pop2    = -0.14565

[Ne Estimates - Temporal - Decreasing critical values (0.050, 0.020, 0.010, 0+)]

[Pollak]
P_Ne     = [311.9, 178.8, 180.9, 196.6]
P_Fk     = [0.03603, 0.04797, 0.04764, 0.04544]
P_Fprime = [0.01603, 0.02797, 0.02764, 0.02544]

[Nei/Tajima]
N_Ne     = [280.8, 177.5, 180.2, 199.2]
N_Fc     = [0.03781, 0.04817, 0.04774, 0.0451]
N_Fprime = [0.01781, 0.02817, 0.02774, 0.0251]

[Jorde/Ryman]
J_Ne     = [184.1, 166.1, 166.3, 167.1]
J_Fs     = [0.04744, 0.05043, 0.05039, 0.05025]
J_Fprime = [0.02715, 0.03011, 0.03006, 0.02993]

[Genetic Diversity - Heterozygosity]
mean_exp_het_pop1 = 0.3069
mean_obs_het_pop1 = 0.3107
mean_exp_het_pop2 = 0.289
mean_obs_het_pop2 = 0.2907

[Genetic Diversity - Allele Counts]
mean_alleles_pop1 = 2.29
var_alleles_pop1  = 0.47
sum_alleles_pop1  = 39
mean_alleles_pop2 = 2.35
var_alleles_pop2  = 0.42
sum_alleles_pop2  = 80

[Genetic Diversity - Allelic Size Variance]
var_allele_size_pop1 = 0.1892
var_allele_size_pop2 = 0.1865

[Per-locus summary - Population 1]
Locus | Num_Alleles | Alleles         | Frequencies              | Variance | Obs_Het | Exp_Het
------+-------------+-----------------+--------------------------+----------+---------+--------
1     | 3           | [100, 101, 102] | [0.8800, 0.0500, 0.0700] | 0.2939   | 0.2400  | 0.2204 
2     | 2           | [99, 100]       | [0.0800, 0.9200]         | 0.0736   | 0.1600  | 0.1487 
3     | 2           | [100, 101]      | [0.7200, 0.2800]         | 0.2016   | 0.4800  | 0.4073 
4     | 2           | [99, 100]       | [0.0100, 0.9900]         | 0.0099   | 0.0200  | 0.0200 
5     | 2           | [99, 100]       | [0.2600, 0.7400]         | 0.1924   | 0.3200  | 0.3887 
6     | 2           | [100, 101]      | [0.9200, 0.0800]         | 0.0736   | 0.1600  | 0.1487 
7     | 3           | [98, 99, 100]   | [0.7400, 0.0300, 0.2300] | 0.7099   | 0.2800  | 0.4026 
8     | 3           | [98, 99, 100]   | [0.0300, 0.8600, 0.1100] | 0.1336   | 0.2000  | 0.2499 
9     | 2           | [99, 100]       | [0.0500, 0.9500]         | 0.0475   | 0.1000  | 0.0960 
10    | 3           | [99, 100, 101]  | [0.0600, 0.7600, 0.1800] | 0.2256   | 0.4800  | 0.3903 
11    | 3           | [99, 100, 101]  | [0.6000, 0.3100, 0.0900] | 0.4299   | 0.5600  | 0.5412 
12    | 2           | [100, 101]      | [0.9100, 0.0900]         | 0.0819   | 0.1800  | 0.1655 
13    | 1           | [100]           | [1.0000]                 | 0.0000   | NA      | NA     
14    | 1           | [100]           | [1.0000]                 | 0.0000   | NA      | NA     
15    | 2           | [100, 101]      | [0.5700, 0.4300]         | 0.2451   | 0.4600  | 0.4951 
16    | 3           | [100, 101, 102] | [0.6300, 0.3600, 0.0100] | 0.2556   | 0.5200  | 0.4782 
17    | 3           | [99, 100, 101]  | [0.3000, 0.6800, 0.0200] | 0.2416   | 0.5000  | 0.4517 

[Per-locus summary - Population 2]
Locus | Num_Alleles | Alleles         | Frequencies              | Variance | Obs_Het | Exp_Het
------+-------------+-----------------+--------------------------+----------+---------+--------
1     | 3           | [100, 101, 102] | [0.8300, 0.0900, 0.0800] | 0.3475   | 0.2600  | 0.2996 
2     | 2           | [99, 100]       | [0.1000, 0.9000]         | 0.0900   | 0.2000  | 0.1818 
3     | 2           | [100, 101]      | [0.7300, 0.2700]         | 0.1971   | 0.4200  | 0.3982 
4     | 1           | [100]           | [1.0000]                 | 0.0000   | NA      | NA     
5     | 2           | [99, 100]       | [0.1900, 0.8100]         | 0.1539   | 0.2600  | 0.3109 
6     | 1           | [100]           | [1.0000]                 | 0.0000   | NA      | NA     
7     | 3           | [97, 98, 100]   | [0.0700, 0.6500, 0.2800] | 0.9499   | 0.4600  | 0.4992 
8     | 3           | [98, 99, 100]   | [0.0100, 0.8500, 0.1400] | 0.1331   | 0.3000  | 0.2604 
9     | 2           | [99, 100]       | [0.1200, 0.8800]         | 0.1056   | 0.2000  | 0.2133 
10    | 3           | [99, 100, 101]  | [0.1200, 0.7500, 0.1300] | 0.2499   | 0.4200  | 0.4103 
11    | 3           | [99, 100, 101]  | [0.7400, 0.2300, 0.0300] | 0.2659   | 0.3800  | 0.4026 
12    | 2           | [100, 101]      | [0.8700, 0.1300]         | 0.1131   | 0.1800  | 0.2285 
13    | 2           | [99, 100]       | [0.0200, 0.9800]         | 0.0196   | 0.0400  | 0.0396 
14    | 2           | [99, 100]       | [0.0100, 0.9900]         | 0.0099   | 0.0200  | 0.0200 
15    | 2           | [100, 101]      | [0.7700, 0.2300]         | 0.1771   | 0.3800  | 0.3578 
16    | 2           | [100, 101]      | [0.7300, 0.2700]         | 0.1971   | 0.4600  | 0.3982 
17    | 3           | [99, 100, 101]  | [0.1800, 0.8100, 0.0100] | 0.1611   | 0.3800  | 0.3145 
