
[Simulation Info]
simulation_id = sim_0001881
timestamp     = 20250428_081124
seed          = 914400
output_folder = /home/lejeunet/Bureau/simulations/Ref_table/sim_0001881

[Model Parameters]
pop_size           = 405
num_loci           = 20
sample1_generation = 30
sample2_generation = 10
low_repeats        = 1
high_repeats       = 200
mutation_rate      = 0.001
recap_Ne           = 405

[Sampling Design]
sample1_size_Ne  = 50
sample2_size_Ne  = 50
sample1_size_CMR = 50
sample2_size_CMR = 50

[Capture-Marquage-Recapture]
census_N   =  433
MatchCount =  6

[Ne Estimates - One Sample - Decreasing critical values [0.050, 0.020, 0.010, 0+]]

[Linkage Desequilibrium]
LD_Ne_Pop1 = [690.7, 221.3, 338.3, 338.3]
LD_r2_Pop1 = [0.021757, 0.022768, 0.022255, 0.022255]
LD_Ne_Pop2 = [173.5, 225.0, 2025.1, 2025.1]
LD_r2_Pop2 = [0.023175, 0.022744, 0.02144, 0.02144]

[Heterozygote excess]
HE_Neb_mean_Pop1        = [None, None, None, None]
HE_weighted_D_mean_Pop1 = [-0.01206, -0.01302, -0.01302, -0.01302]
HE_Neb_mean_Pop2        = [28.6, 28.4, 29.3, 29.3]
HE_weighted_D_mean_Pop2 = [0.01778, 0.01791, 0.01735, 0.01735]

[Molecular Coancestry]
Coan_Neb_n_Pop1 = None
Coan_f1_Pop1    = -0.02053
Coan_Neb_n_Pop2 = None
Coan_f1_Pop2    = -0.02261

[Ne Estimates - Temporal - Decreasing critical values (0.050, 0.020, 0.010, 0+)]

[Pollak]
P_Ne     = [639.8, 641.7, 643.6, 643.6]
P_Fk     = [0.02782, 0.02779, 0.02777, 0.02777]
P_Fprime = [0.00782, 0.00779, 0.00777, 0.00777]

[Nei/Tajima]
N_Ne     = [661.4, 665.3, 666.3, 666.3]
N_Fc     = [0.02756, 0.02752, 0.0275, 0.0275]
N_Fprime = [0.00756, 0.00752, 0.0075, 0.0075]

[Jorde/Ryman]
J_Ne     = [892.3, 908.4, 904.8, 904.8]
J_Fs     = [0.02571, 0.02561, 0.02563, 0.02563]
J_Fprime = [0.0056, 0.0055, 0.00553, 0.00553]

[Genetic Diversity - Heterozygosity]
mean_exp_het_pop1 = 0.4109
mean_obs_het_pop1 = 0.4
mean_exp_het_pop2 = 0.4348
mean_obs_het_pop2 = 0.4467

[Genetic Diversity - Allele Counts]
mean_alleles_pop1 = 3.05
var_alleles_pop1  = 0.45
sum_alleles_pop1  = 64
mean_alleles_pop2 = 3.29
var_alleles_pop2  = 0.45
sum_alleles_pop2  = 138

[Genetic Diversity - Allelic Size Variance]
var_allele_size_pop1 = 0.3109
var_allele_size_pop2 = 0.2995

[Per-locus summary - Population 1]
Locus | Num_Alleles | Alleles             | Frequencies                      | Variance | Obs_Het | Exp_Het
------+-------------+---------------------+----------------------------------+----------+---------+--------
1     | 4           | [99, 100, 101, 102] | [0.0200, 0.7400, 0.1300, 0.1100] | 0.4811   | 0.3800  | 0.4273 
2     | 3           | [99, 100, 101]      | [0.1900, 0.2800, 0.5300]         | 0.6044   | 0.6800  | 0.6107 
3     | 3           | [99, 100, 101]      | [0.0100, 0.8700, 0.1200]         | 0.1179   | 0.2200  | 0.2309 
4     | 2           | [100, 101]          | [0.5100, 0.4900]                 | 0.2499   | 0.3800  | 0.5049 
5     | 3           | [99, 100, 101]      | [0.0500, 0.8300, 0.1200]         | 0.1651   | 0.3000  | 0.2972 
6     | 3           | [99, 100, 101]      | [0.2000, 0.7800, 0.0200]         | 0.1876   | 0.3600  | 0.3548 
7     | 3           | [99, 100, 101]      | [0.0300, 0.8200, 0.1500]         | 0.1656   | 0.3200  | 0.3073 
8     | 2           | [100, 101]          | [0.6600, 0.3400]                 | 0.2244   | 0.4400  | 0.4533 
9     | 3           | [99, 100, 101]      | [0.0800, 0.7900, 0.1300]         | 0.2075   | 0.4000  | 0.3562 
10    | 4           | [98, 99, 100, 101]  | [0.0200, 0.2700, 0.5100, 0.2000] | 0.5379   | 0.6400  | 0.6329 
11    | 3           | [99, 100, 101]      | [0.0300, 0.9300, 0.0400]         | 0.0699   | 0.1400  | 0.1339 
12    | 2           | [99, 100]           | [0.1800, 0.8200]                 | 0.1476   | 0.2800  | 0.2982 
13    | 4           | [99, 100, 101, 102] | [0.0800, 0.4300, 0.3900, 0.1000] | 0.6099   | 0.5400  | 0.6531 
14    | 4           | [98, 99, 100, 101]  | [0.3200, 0.4200, 0.1300, 0.1300] | 0.9651   | 0.6200  | 0.6943 
15    | 3           | [100, 101, 102]     | [0.7900, 0.1800, 0.0300]         | 0.2424   | 0.3000  | 0.3461 
16    | 3           | [99, 100, 101]      | [0.0500, 0.7700, 0.1800]         | 0.2131   | 0.4200  | 0.3760 
17    | 3           | [99, 100, 101]      | [0.0200, 0.8500, 0.1300]         | 0.1379   | 0.3000  | 0.2628 
18    | 3           | [99, 100, 101]      | [0.1100, 0.8600, 0.0300]         | 0.1336   | 0.2600  | 0.2499 
19    | 2           | [100, 101]          | [0.4000, 0.6000]                 | 0.2400   | 0.4800  | 0.4849 
20    | 3           | [98, 99, 100]       | [0.4800, 0.3300, 0.1900]         | 0.5859   | 0.7400  | 0.6309 
21    | 4           | [99, 100, 101, 102] | [0.1500, 0.8100, 0.0200, 0.0200] | 0.2419   | 0.2000  | 0.3238 

[Per-locus summary - Population 2]
Locus | Num_Alleles | Alleles             | Frequencies                      | Variance | Obs_Het | Exp_Het
------+-------------+---------------------+----------------------------------+----------+---------+--------
1     | 4           | [99, 100, 101, 102] | [0.0100, 0.7700, 0.1600, 0.0600] | 0.3371   | 0.3800  | 0.3816 
2     | 3           | [99, 100, 101]      | [0.1500, 0.3200, 0.5300]         | 0.5356   | 0.6400  | 0.6002 
3     | 2           | [100, 101]          | [0.9400, 0.0600]                 | 0.0564   | 0.1200  | 0.1139 
4     | 2           | [100, 101]          | [0.5700, 0.4300]                 | 0.2451   | 0.5000  | 0.4951 
5     | 3           | [99, 100, 101]      | [0.0500, 0.8100, 0.1400]         | 0.1819   | 0.3200  | 0.3251 
6     | 4           | [98, 99, 100, 101]  | [0.0100, 0.1900, 0.7900, 0.0100] | 0.2000   | 0.3400  | 0.3430 
7     | 3           | [99, 100, 101]      | [0.0300, 0.7700, 0.2000]         | 0.2011   | 0.4200  | 0.3699 
8     | 3           | [99, 100, 101]      | [0.0100, 0.7600, 0.2300]         | 0.1916   | 0.4000  | 0.3731 
9     | 4           | [99, 100, 101, 102] | [0.2000, 0.7000, 0.0900, 0.0100] | 0.3219   | 0.4200  | 0.4665 
10    | 3           | [99, 100, 101]      | [0.2500, 0.5300, 0.2200]         | 0.4691   | 0.6200  | 0.6143 
11    | 3           | [99, 100, 101]      | [0.0700, 0.8400, 0.0900]         | 0.1596   | 0.2200  | 0.2842 
12    | 2           | [99, 100]           | [0.2400, 0.7600]                 | 0.1824   | 0.4000  | 0.3685 
13    | 4           | [99, 100, 101, 102] | [0.0100, 0.4100, 0.5200, 0.0600] | 0.3731   | 0.5200  | 0.5634 
14    | 4           | [98, 99, 100, 101]  | [0.3000, 0.4700, 0.1800, 0.0500] | 0.6796   | 0.7200  | 0.6608 
15    | 4           | [99, 100, 101, 102] | [0.0400, 0.6500, 0.2700, 0.0400] | 0.3739   | 0.5800  | 0.5065 
16    | 3           | [99, 100, 101]      | [0.0400, 0.7400, 0.2200]         | 0.2276   | 0.4600  | 0.4065 
17    | 3           | [99, 100, 101]      | [0.1100, 0.7400, 0.1500]         | 0.2584   | 0.3400  | 0.4220 
18    | 3           | [99, 100, 101]      | [0.1000, 0.8300, 0.0700]         | 0.1691   | 0.3400  | 0.2992 
19    | 3           | [100, 101, 102]     | [0.3700, 0.6200, 0.0100]         | 0.2504   | 0.4400  | 0.4834 
20    | 4           | [98, 99, 100, 101]  | [0.3800, 0.4600, 0.1400, 0.0200] | 0.5600   | 0.7600  | 0.6303 
21    | 4           | [99, 100, 101, 102] | [0.1700, 0.7400, 0.0700, 0.0200] | 0.3164   | 0.4400  | 0.4224 
