
[Simulation Info]
simulation_id = sim_0006718
timestamp     = 20250428_100424
seed          = 93022
output_folder = /home/lejeunet/Bureau/simulations/Ref_table/sim_0006718

[Model Parameters]
pop_size           = 2762
num_loci           = 20
sample1_generation = 30
sample2_generation = 10
low_repeats        = 1
high_repeats       = 200
mutation_rate      = 0.001
recap_Ne           = 2762

[Sampling Design]
sample1_size_Ne  = 50
sample2_size_Ne  = 50
sample1_size_CMR = 50
sample2_size_CMR = 50

[Capture-Marquage-Recapture]
census_N   =  0
MatchCount =  0
# There were no match between sampling of individuals during CMR.

[Ne Estimates - One Sample - Decreasing critical values [0.050, 0.020, 0.010, 0+]]

[Linkage Desequilibrium]
LD_Ne_Pop1 = [None, 3528.8, 1840.3, 1840.3]
LD_r2_Pop1 = [0.020984, 0.02137, 0.021457, 0.021457]
LD_Ne_Pop2 = [None, 807.6, 1571.0, 1571.0]
LD_r2_Pop2 = [0.021184, 0.021688, 0.021488, 0.021488]

[Heterozygote excess]
HE_Neb_mean_Pop1        = [16.1, 17.5, 18.3, 18.3]
HE_weighted_D_mean_Pop1 = [0.032, 0.0294, 0.02808, 0.02808]
HE_Neb_mean_Pop2        = [50.6, None, None, None]
HE_weighted_D_mean_Pop2 = [0.00999, -0.00206, -0.00234, -0.00234]

[Molecular Coancestry]
Coan_Neb_n_Pop1 = None
Coan_f1_Pop1    = -0.00246
Coan_Neb_n_Pop2 = 13.7
Coan_f1_Pop2    = 0.03654

[Ne Estimates - Temporal - Decreasing critical values (0.050, 0.020, 0.010, 0+)]

[Pollak]
P_Ne     = [2903.7, 3520.0, 3776.3, 3271.8]
P_Fk     = [0.02172, 0.02142, 0.02132, 0.02153]
P_Fprime = [0.00172, 0.00142, 0.00132, 0.00153]

[Nei/Tajima]
N_Ne     = [3089.1, 3598.1, 3850.3, 3376.5]
N_Fc     = [0.02162, 0.02139, 0.0213, 0.02148]
N_Fprime = [0.00162, 0.00139, 0.0013, 0.00148]

[Jorde/Ryman]
J_Ne     = [1675.1, 1421.0, 1404.4, 1395.3]
J_Fs     = [0.02309, 0.02362, 0.02366, 0.02369]
J_Fprime = [0.00298, 0.00352, 0.00356, 0.00358]

[Genetic Diversity - Heterozygosity]
mean_exp_het_pop1 = 0.8076
mean_obs_het_pop1 = 0.8362
mean_exp_het_pop2 = 0.8105
mean_obs_het_pop2 = 0.8133

[Genetic Diversity - Allele Counts]
mean_alleles_pop1 = 8.62
var_alleles_pop1  = 2.85
sum_alleles_pop1  = 181
mean_alleles_pop2 = 8.9
var_alleles_pop2  = 3.89
sum_alleles_pop2  = 374

[Genetic Diversity - Allelic Size Variance]
var_allele_size_pop1 = 6.1578
var_allele_size_pop2 = 5.6035

[Per-locus summary - Population 1]
Locus | Num_Alleles | Alleles                                                    | Frequencies                                                                                      | Variance | Obs_Het | Exp_Het
------+-------------+------------------------------------------------------------+--------------------------------------------------------------------------------------------------+----------+---------+--------
1     | 8           | [96, 97, 98, 99, 100, 101, 102, 103]                       | [0.0100, 0.1800, 0.2800, 0.2600, 0.0200, 0.1100, 0.1300, 0.0100]                                 | 2.8800   | 0.7400  | 0.8000 
2     | 12          | [92, 93, 94, 95, 96, 97, 98, 99, 100, 101, 102, 103]       | [0.0900, 0.3000, 0.0200, 0.0300, 0.0100, 0.0100, 0.0100, 0.1000, 0.2000, 0.1500, 0.0700, 0.0100] | 14.0784  | 0.9000  | 0.8311 
3     | 12          | [98, 99, 100, 101, 102, 103, 104, 105, 106, 107, 108, 109] | [0.0500, 0.1300, 0.0600, 0.3000, 0.0300, 0.0800, 0.1100, 0.1000, 0.0200, 0.0200, 0.0700, 0.0300] | 8.5800   | 0.9000  | 0.8596 
4     | 8           | [101, 102, 103, 104, 105, 106, 107, 108]                   | [0.1100, 0.0900, 0.1900, 0.0900, 0.3400, 0.0700, 0.0500, 0.0600]                                 | 3.5411   | 0.9200  | 0.8172 
5     | 9           | [99, 100, 101, 102, 104, 105, 106, 107, 108]               | [0.0400, 0.1900, 0.1600, 0.0100, 0.1600, 0.3700, 0.0300, 0.0200, 0.0200]                         | 5.7179   | 0.8200  | 0.7802 
6     | 7           | [95, 96, 97, 98, 99, 100, 101]                             | [0.0400, 0.2100, 0.2400, 0.2800, 0.1300, 0.0600, 0.0400]                                         | 2.0019   | 0.7800  | 0.8042 
7     | 9           | [99, 100, 101, 102, 103, 104, 105, 106, 107]               | [0.0400, 0.1400, 0.2600, 0.0600, 0.0300, 0.1000, 0.2500, 0.0700, 0.0500]                         | 5.5075   | 0.8000  | 0.8351 
8     | 8           | [96, 97, 98, 99, 100, 101, 103, 104]                       | [0.2500, 0.0200, 0.0200, 0.1800, 0.2700, 0.0800, 0.0900, 0.0900]                                 | 6.4451   | 0.8800  | 0.8170 
9     | 10          | [99, 100, 101, 102, 103, 104, 105, 106, 107, 108]          | [0.0500, 0.0600, 0.1900, 0.0300, 0.2000, 0.1300, 0.0200, 0.2800, 0.0300, 0.0100]                 | 5.4379   | 0.7800  | 0.8285 
10    | 10          | [91, 92, 93, 94, 95, 96, 98, 100, 101, 102]                | [0.0200, 0.0400, 0.2900, 0.0500, 0.0700, 0.1500, 0.0100, 0.0100, 0.0500, 0.3100]                 | 15.8731  | 0.8600  | 0.7931 
11    | 6           | [103, 104, 105, 106, 107, 108]                             | [0.0400, 0.1900, 0.3100, 0.2200, 0.1500, 0.0900]                                                 | 1.7096   | 0.9000  | 0.7952 
12    | 8           | [101, 102, 103, 108, 109, 110, 111, 112]                   | [0.0400, 0.0800, 0.1800, 0.0700, 0.1600, 0.3600, 0.1000, 0.0100]                                 | 11.8064  | 0.8200  | 0.7974 
13    | 7           | [98, 99, 100, 101, 102, 103, 104]                          | [0.1500, 0.2200, 0.4000, 0.0700, 0.1300, 0.0200, 0.0100]                                         | 1.7419   | 0.7600  | 0.7543 
14    | 10          | [91, 92, 93, 94, 95, 96, 97, 98, 99, 100]                  | [0.0100, 0.0400, 0.1700, 0.0400, 0.0100, 0.0500, 0.1600, 0.1900, 0.1800, 0.1500]                 | 6.7731   | 0.9400  | 0.8572 
15    | 8           | [94, 95, 96, 97, 98, 99, 100, 101]                         | [0.0400, 0.2500, 0.1600, 0.2700, 0.0900, 0.0500, 0.1200, 0.0200]                                 | 3.1875   | 0.8400  | 0.8202 
16    | 10          | [93, 94, 95, 96, 97, 98, 99, 100, 101, 102]                | [0.0700, 0.1300, 0.1000, 0.0100, 0.0300, 0.1100, 0.1900, 0.0800, 0.2200, 0.0600]                 | 8.2491   | 0.9400  | 0.8693 
17    | 6           | [93, 94, 95, 96, 97, 98]                                   | [0.0700, 0.2800, 0.1100, 0.3800, 0.1000, 0.0600]                                                 | 1.7644   | 0.7800  | 0.7541 
18    | 8           | [95, 96, 97, 98, 99, 100, 101, 103]                        | [0.0900, 0.2500, 0.1300, 0.1500, 0.1800, 0.1300, 0.0200, 0.0500]                                 | 4.0475   | 0.9200  | 0.8463 
19    | 8           | [91, 92, 93, 94, 95, 96, 100, 101]                         | [0.0700, 0.1800, 0.3600, 0.1100, 0.0700, 0.0100, 0.1400, 0.0600]                                 | 9.6236   | 0.8200  | 0.8008 
20    | 10          | [91, 92, 93, 95, 96, 97, 98, 99, 100, 101]                 | [0.0700, 0.3500, 0.0400, 0.0800, 0.1900, 0.1200, 0.0200, 0.0300, 0.0700, 0.0300]                 | 8.5171   | 0.8200  | 0.8152 
21    | 7           | [94, 95, 96, 97, 98, 99, 100]                              | [0.0200, 0.1100, 0.0100, 0.1000, 0.5100, 0.1900, 0.0600]                                         | 1.8316   | 0.6400  | 0.6844 

[Per-locus summary - Population 2]
Locus | Num_Alleles | Alleles                                                            | Frequencies                                                                                                      | Variance | Obs_Het | Exp_Het
------+-------------+--------------------------------------------------------------------+------------------------------------------------------------------------------------------------------------------+----------+---------+--------
1     | 8           | [96, 97, 98, 99, 100, 101, 102, 103]                               | [0.0200, 0.2600, 0.3300, 0.1700, 0.0200, 0.1200, 0.0600, 0.0200]                                                 | 2.7579   | 0.7800  | 0.7832 
2     | 10          | [92, 93, 94, 95, 96, 98, 99, 100, 101, 102]                        | [0.0800, 0.2900, 0.0700, 0.0300, 0.0600, 0.0100, 0.1000, 0.1300, 0.2000, 0.0300]                                 | 12.8644  | 0.9000  | 0.8406 
3     | 14          | [96, 97, 98, 99, 100, 101, 102, 103, 104, 105, 106, 107, 108, 109] | [0.0100, 0.0200, 0.0300, 0.0900, 0.1200, 0.3000, 0.0200, 0.1100, 0.0900, 0.1100, 0.0200, 0.0500, 0.0200, 0.0100] | 7.1675   | 0.8200  | 0.8586 
4     | 9           | [100, 101, 102, 103, 104, 105, 106, 107, 108]                      | [0.0100, 0.1100, 0.1700, 0.1400, 0.1900, 0.2000, 0.0800, 0.0800, 0.0200]                                         | 3.5011   | 0.8400  | 0.8586 
5     | 9           | [99, 100, 101, 103, 104, 105, 106, 107, 108]                       | [0.0300, 0.2600, 0.1100, 0.0100, 0.1700, 0.3500, 0.0300, 0.0300, 0.0100]                                         | 5.8299   | 0.6800  | 0.7737 
6     | 7           | [95, 96, 97, 98, 99, 100, 101]                                     | [0.0200, 0.2100, 0.2500, 0.2200, 0.2000, 0.0600, 0.0400]                                                         | 1.9859   | 0.8200  | 0.8075 
7     | 9           | [99, 100, 101, 102, 103, 104, 105, 106, 107]                       | [0.0500, 0.1200, 0.2600, 0.0400, 0.0800, 0.0800, 0.2500, 0.0300, 0.0900]                                         | 5.7419   | 0.8200  | 0.8380 
8     | 9           | [96, 97, 99, 100, 101, 102, 103, 104, 105]                         | [0.2300, 0.0100, 0.1500, 0.3400, 0.0800, 0.0300, 0.0900, 0.0400, 0.0300]                                         | 6.1756   | 0.6800  | 0.7990 
9     | 10          | [99, 100, 101, 102, 103, 104, 105, 106, 107, 108]                  | [0.0200, 0.0700, 0.2000, 0.0500, 0.1600, 0.1400, 0.0700, 0.2500, 0.0200, 0.0200]                                 | 5.0691   | 0.8400  | 0.8473 
10    | 10          | [91, 92, 93, 94, 95, 96, 97, 98, 101, 102]                         | [0.0100, 0.0800, 0.3300, 0.1200, 0.1400, 0.0900, 0.0100, 0.0100, 0.0400, 0.1700]                                 | 12.0499  | 0.8200  | 0.8200 
11    | 6           | [103, 104, 105, 106, 107, 108]                                     | [0.0800, 0.1700, 0.2800, 0.2000, 0.1800, 0.0900]                                                                 | 1.9700   | 0.8200  | 0.8139 
12    | 8           | [101, 102, 103, 108, 109, 110, 111, 112]                           | [0.0200, 0.0400, 0.1000, 0.1200, 0.2900, 0.2500, 0.1500, 0.0300]                                                 | 7.8096   | 0.8600  | 0.8117 
13    | 7           | [98, 99, 100, 101, 102, 103, 104]                                  | [0.1600, 0.3100, 0.3300, 0.0800, 0.0700, 0.0400, 0.0100]                                                         | 1.7675   | 0.7400  | 0.7640 
14    | 10          | [91, 92, 93, 94, 95, 96, 97, 98, 99, 100]                          | [0.0600, 0.0400, 0.2300, 0.0300, 0.0100, 0.0300, 0.0900, 0.3100, 0.1400, 0.0600]                                 | 7.8675   | 0.9000  | 0.8208 
15    | 8           | [94, 95, 96, 97, 98, 99, 100, 101]                                 | [0.0100, 0.1900, 0.1500, 0.2500, 0.0900, 0.0500, 0.2100, 0.0500]                                                 | 3.7684   | 0.8800  | 0.8299 
16    | 10          | [92, 93, 94, 95, 97, 98, 99, 100, 101, 102]                        | [0.0100, 0.1100, 0.0800, 0.1000, 0.0200, 0.2400, 0.1100, 0.0800, 0.2200, 0.0300]                                 | 8.1600   | 0.8000  | 0.8541 
17    | 6           | [93, 94, 95, 96, 97, 98]                                           | [0.0700, 0.2900, 0.1800, 0.3100, 0.1300, 0.0200]                                                                 | 1.5400   | 0.8600  | 0.7729 
18    | 7           | [95, 96, 97, 98, 99, 100, 103]                                     | [0.0500, 0.1900, 0.2000, 0.1900, 0.2200, 0.1200, 0.0300]                                                         | 2.8456   | 0.8400  | 0.8299 
19    | 9           | [91, 92, 93, 94, 95, 96, 99, 100, 101]                             | [0.0500, 0.1100, 0.4100, 0.1000, 0.0700, 0.0300, 0.0100, 0.1600, 0.0600]                                         | 9.8316   | 0.8000  | 0.7800 
20    | 11          | [91, 92, 93, 95, 96, 97, 98, 99, 100, 101, 102]                    | [0.0400, 0.2200, 0.0200, 0.1000, 0.2400, 0.2200, 0.0200, 0.0600, 0.0300, 0.0400, 0.0100]                         | 7.3036   | 0.8400  | 0.8354 
21    | 6           | [94, 95, 97, 98, 99, 100]                                          | [0.0500, 0.0700, 0.2200, 0.5000, 0.1400, 0.0200]                                                                 | 1.6675   | 0.7400  | 0.6810 
