
[Simulation Info]
simulation_id = sim_0002697
timestamp     = 20250428_082748
seed          = 176818
output_folder = /home/lejeunet/Bureau/simulations/Ref_table/sim_0002697

[Model Parameters]
pop_size           = 8163
num_loci           = 20
sample1_generation = 30
sample2_generation = 10
low_repeats        = 1
high_repeats       = 200
mutation_rate      = 0.001
recap_Ne           = 8163

[Sampling Design]
sample1_size_Ne  = 50
sample2_size_Ne  = 50
sample1_size_CMR = 50
sample2_size_CMR = 50

[Capture-Marquage-Recapture]
census_N   =  1300
MatchCount =  2

[Ne Estimates - One Sample - Decreasing critical values [0.050, 0.020, 0.010, 0+]]

[Linkage Desequilibrium]
LD_Ne_Pop1 = [996.2, 1194.7, 2966.1, 2966.1]
LD_r2_Pop1 = [0.02161, 0.021555, 0.021388, 0.021388]
LD_Ne_Pop2 = [651.8, 728.2, 1924.2, 1924.2]
LD_r2_Pop2 = [0.021786, 0.021732, 0.021449, 0.021449]

[Heterozygote excess]
HE_Neb_mean_Pop1        = [None, 741.8, 2622.8, 2622.8]
HE_weighted_D_mean_Pop1 = [-0.00307, 0.00067, 0.00019, 0.00019]
HE_Neb_mean_Pop2        = [None, None, None, None]
HE_weighted_D_mean_Pop2 = [-0.00044, -3e-05, -0.00084, -0.00084]

[Molecular Coancestry]
Coan_Neb_n_Pop1 = 101.7
Coan_f1_Pop1    = 0.00491
Coan_Neb_n_Pop2 = None
Coan_f1_Pop2    = -0.00167

[Ne Estimates - Temporal - Decreasing critical values (0.050, 0.020, 0.010, 0+)]

[Pollak]
P_Ne     = [1743.8, 3806.4, 4401.7, 5316.0]
P_Fk     = [0.02287, 0.02131, 0.02114, 0.02094]
P_Fprime = [0.00287, 0.00131, 0.00114, 0.00094]

[Nei/Tajima]
N_Ne     = [1910.2, 4008.8, 4613.9, 5521.0]
N_Fc     = [0.02262, 0.02125, 0.02108, 0.02091]
N_Fprime = [0.00262, 0.00125, 0.00108, 0.00091]

[Jorde/Ryman]
J_Ne     = [1400.3, 1443.4, 1406.1, 1419.4]
J_Fs     = [0.02367, 0.02357, 0.02366, 0.02363]
J_Fprime = [0.00357, 0.00346, 0.00356, 0.00352]

[Genetic Diversity - Heterozygosity]
mean_exp_het_pop1 = 0.8659
mean_obs_het_pop1 = 0.86
mean_exp_het_pop2 = 0.8633
mean_obs_het_pop2 = 0.8705

[Genetic Diversity - Allele Counts]
mean_alleles_pop1 = 11.19
var_alleles_pop1  = 5.06
sum_alleles_pop1  = 235
mean_alleles_pop2 = 11.64
var_alleles_pop2  = 5.31
sum_alleles_pop2  = 489

[Genetic Diversity - Allelic Size Variance]
var_allele_size_pop1 = 7.3722
var_allele_size_pop2 = 7.1852

[Per-locus summary - Population 1]
Locus | Num_Alleles | Alleles                                                                       | Frequencies                                                                                                                              | Variance | Obs_Het | Exp_Het
------+-------------+-------------------------------------------------------------------------------+------------------------------------------------------------------------------------------------------------------------------------------+----------+---------+--------
1     | 10          | [97, 98, 99, 100, 101, 102, 103, 104, 105, 106]                               | [0.0400, 0.1200, 0.1800, 0.2200, 0.1600, 0.1300, 0.0800, 0.0300, 0.0200, 0.0200]                                                         | 3.9084   | 0.8000  | 0.8612 
2     | 11          | [92, 93, 94, 95, 96, 97, 98, 99, 100, 101, 102]                               | [0.0100, 0.0700, 0.0500, 0.0200, 0.1000, 0.1400, 0.2900, 0.0800, 0.1300, 0.1000, 0.0100]                                                 | 5.1811   | 0.8800  | 0.8535 
3     | 10          | [99, 100, 101, 102, 103, 104, 105, 106, 107, 108]                             | [0.0100, 0.0100, 0.0500, 0.1300, 0.2400, 0.1100, 0.2500, 0.1300, 0.0500, 0.0200]                                                         | 3.1600   | 0.8800  | 0.8368 
4     | 13          | [88, 89, 90, 91, 92, 93, 94, 95, 96, 97, 98, 99, 100]                         | [0.0400, 0.0300, 0.0300, 0.0900, 0.0800, 0.1700, 0.2100, 0.1100, 0.1100, 0.0500, 0.0300, 0.0200, 0.0300]                                 | 6.9771   | 0.8600  | 0.8891 
5     | 10          | [98, 99, 100, 101, 102, 103, 104, 105, 106, 107]                              | [0.0300, 0.1700, 0.0900, 0.1300, 0.2100, 0.0900, 0.1300, 0.0500, 0.0900, 0.0100]                                                         | 5.2491   | 0.9000  | 0.8741 
6     | 11          | [94, 95, 96, 97, 98, 99, 100, 101, 102, 103, 104]                             | [0.1500, 0.0500, 0.1300, 0.1800, 0.2200, 0.1000, 0.0500, 0.0200, 0.0100, 0.0600, 0.0300]                                                 | 6.6019   | 0.9200  | 0.8685 
7     | 9           | [98, 99, 100, 101, 102, 103, 105, 106, 108]                                   | [0.1500, 0.0500, 0.0900, 0.3300, 0.1800, 0.0800, 0.0600, 0.0500, 0.0100]                                                                 | 4.7724   | 0.7800  | 0.8212 
8     | 10          | [96, 97, 98, 99, 100, 101, 102, 103, 104, 105]                                | [0.0100, 0.0200, 0.1800, 0.2000, 0.1900, 0.1000, 0.0600, 0.1300, 0.0400, 0.0700]                                                         | 4.9484   | 0.8600  | 0.8626 
9     | 13          | [92, 94, 95, 96, 97, 98, 99, 100, 101, 102, 103, 104, 105]                    | [0.0100, 0.0100, 0.0200, 0.1300, 0.0600, 0.0400, 0.1500, 0.1700, 0.1600, 0.1000, 0.0900, 0.0400, 0.0200]                                 | 6.8616   | 0.9000  | 0.8891 
10    | 9           | [99, 100, 101, 102, 103, 104, 105, 106, 108]                                  | [0.0500, 0.0700, 0.3400, 0.1900, 0.1300, 0.0700, 0.1000, 0.0400, 0.0100]                                                                 | 3.3544   | 0.7800  | 0.8156 
11    | 13          | [99, 100, 101, 102, 103, 104, 105, 106, 107, 108, 109, 110, 111]              | [0.0200, 0.0900, 0.0700, 0.1400, 0.1000, 0.1300, 0.0500, 0.1100, 0.0800, 0.0300, 0.0700, 0.0700, 0.0400]                                 | 10.7531  | 0.9200  | 0.9160 
12    | 11          | [97, 98, 99, 100, 101, 102, 103, 104, 105, 106, 107]                          | [0.0300, 0.0300, 0.0400, 0.1400, 0.2800, 0.0700, 0.1700, 0.1400, 0.0600, 0.0200, 0.0200]                                                 | 4.5004   | 0.8200  | 0.8493 
13    | 9           | [95, 97, 98, 99, 100, 101, 102, 103, 104]                                     | [0.0500, 0.0900, 0.0800, 0.2000, 0.1700, 0.1900, 0.0600, 0.1100, 0.0500]                                                                 | 4.7984   | 0.9400  | 0.8685 
14    | 13          | [92, 93, 94, 95, 96, 97, 98, 99, 100, 101, 102, 103, 104]                     | [0.0100, 0.0700, 0.0100, 0.0600, 0.0700, 0.1500, 0.1600, 0.1600, 0.1600, 0.0900, 0.0400, 0.0100, 0.0100]                                 | 6.0900   | 0.8800  | 0.8861 
15    | 7           | [94, 95, 96, 97, 98, 99, 102]                                                 | [0.0100, 0.0700, 0.1400, 0.2400, 0.3100, 0.2100, 0.0200]                                                                                 | 1.8896   | 0.6800  | 0.7851 
16    | 12          | [94, 101, 102, 103, 104, 105, 106, 107, 108, 109, 110, 111]                   | [0.0200, 0.1000, 0.1400, 0.0800, 0.0600, 0.0400, 0.0900, 0.1300, 0.0600, 0.0900, 0.1200, 0.0700]                                         | 13.3475  | 0.9600  | 0.9115 
17    | 17          | [88, 92, 93, 95, 96, 97, 98, 99, 100, 101, 102, 103, 104, 105, 106, 107, 108] | [0.0600, 0.0100, 0.0300, 0.0100, 0.0200, 0.0700, 0.1500, 0.1000, 0.1200, 0.0500, 0.0700, 0.1100, 0.0400, 0.0400, 0.0700, 0.0400, 0.0100] | 20.7219  | 0.9600  | 0.9230 
18    | 13          | [91, 92, 95, 96, 97, 98, 99, 100, 101, 102, 103, 106, 107]                    | [0.0400, 0.0100, 0.0500, 0.0300, 0.2200, 0.1100, 0.0200, 0.1300, 0.1200, 0.1100, 0.0200, 0.1000, 0.0400]                                 | 14.1651  | 0.8200  | 0.8875 
19    | 11          | [95, 96, 97, 98, 99, 100, 101, 102, 103, 104, 106]                            | [0.0500, 0.0800, 0.0700, 0.1600, 0.0900, 0.1500, 0.2100, 0.1500, 0.0100, 0.0200, 0.0100]                                                 | 5.2099   | 0.7800  | 0.8715 
20    | 9           | [100, 101, 103, 104, 105, 106, 107, 108, 109]                                 | [0.0100, 0.0200, 0.0300, 0.2200, 0.2700, 0.1800, 0.2100, 0.0500, 0.0100]                                                                 | 2.3956   | 0.8400  | 0.8063 
21    | 14          | [91, 92, 93, 94, 95, 96, 97, 98, 99, 100, 103, 104, 105, 107]                 | [0.0400, 0.1700, 0.1100, 0.1400, 0.0100, 0.0700, 0.1200, 0.0400, 0.0600, 0.0700, 0.0100, 0.0900, 0.0400, 0.0300]                         | 19.9304  | 0.9000  | 0.9067 

[Per-locus summary - Population 2]
Locus | Num_Alleles | Alleles                                                                 | Frequencies                                                                                                                      | Variance | Obs_Het | Exp_Het
------+-------------+-------------------------------------------------------------------------+----------------------------------------------------------------------------------------------------------------------------------+----------+---------+--------
1     | 9           | [97, 98, 99, 100, 101, 102, 103, 104, 105]                              | [0.0100, 0.0800, 0.1400, 0.2700, 0.2500, 0.1500, 0.0500, 0.0400, 0.0100]                                                         | 2.4036   | 0.8400  | 0.8200 
2     | 11          | [92, 93, 94, 95, 96, 97, 98, 99, 100, 101, 102]                         | [0.0200, 0.0400, 0.0500, 0.0500, 0.1200, 0.1600, 0.2900, 0.0600, 0.1800, 0.0200, 0.0100]                                         | 4.4275   | 0.8600  | 0.8408 
3     | 9           | [100, 101, 102, 103, 104, 105, 106, 107, 108]                           | [0.0200, 0.0200, 0.2200, 0.2700, 0.1600, 0.0900, 0.1600, 0.0500, 0.0100]                                                         | 2.9275   | 0.8200  | 0.8242 
4     | 13          | [88, 89, 90, 91, 92, 93, 94, 95, 96, 97, 98, 99, 100]                   | [0.0400, 0.0600, 0.0100, 0.0500, 0.0500, 0.1400, 0.1700, 0.1800, 0.1600, 0.0600, 0.0100, 0.0100, 0.0600]                         | 7.7944   | 0.9400  | 0.8847 
5     | 10          | [98, 99, 100, 101, 102, 103, 104, 105, 106, 107]                        | [0.0500, 0.1400, 0.1100, 0.0600, 0.2400, 0.0800, 0.1400, 0.0700, 0.0700, 0.0400]                                                 | 5.9275   | 0.7400  | 0.8760 
6     | 12          | [94, 95, 96, 97, 98, 99, 100, 101, 102, 103, 104, 105]                  | [0.1300, 0.1200, 0.1000, 0.1800, 0.1700, 0.0700, 0.0800, 0.0200, 0.0100, 0.0600, 0.0500, 0.0100]                                 | 8.1924   | 0.8800  | 0.8883 
7     | 11          | [97, 98, 99, 100, 101, 102, 103, 104, 105, 106, 108]                    | [0.0100, 0.1100, 0.0300, 0.1200, 0.2300, 0.2300, 0.0900, 0.0100, 0.0400, 0.1200, 0.0100]                                         | 5.6816   | 0.8600  | 0.8509 
8     | 11          | [96, 97, 98, 99, 100, 101, 102, 103, 104, 105, 106]                     | [0.0300, 0.0100, 0.2500, 0.2200, 0.1100, 0.0800, 0.0700, 0.1100, 0.0400, 0.0700, 0.0100]                                         | 5.8275   | 0.8200  | 0.8546 
9     | 13          | [93, 94, 95, 96, 97, 98, 99, 100, 101, 102, 103, 104, 105]              | [0.0100, 0.0200, 0.0400, 0.1100, 0.0900, 0.0200, 0.2800, 0.1400, 0.1100, 0.0700, 0.0700, 0.0300, 0.0100]                         | 6.2659   | 0.9200  | 0.8650 
10    | 9           | [99, 100, 101, 102, 103, 104, 105, 106, 108]                            | [0.1000, 0.1200, 0.2200, 0.1300, 0.1700, 0.1100, 0.0200, 0.0700, 0.0600]                                                         | 5.5611   | 0.9600  | 0.8691 
11    | 14          | [98, 99, 100, 101, 102, 103, 104, 105, 106, 107, 108, 109, 110, 111]    | [0.0100, 0.0200, 0.0600, 0.1400, 0.0800, 0.1500, 0.0900, 0.0900, 0.0500, 0.1200, 0.0400, 0.0300, 0.1000, 0.0200]                 | 10.6691  | 0.9000  | 0.9105 
12    | 11          | [97, 98, 99, 100, 101, 102, 103, 104, 105, 106, 107]                    | [0.0100, 0.0300, 0.0900, 0.1900, 0.2200, 0.1100, 0.1400, 0.1200, 0.0600, 0.0200, 0.0100]                                         | 4.1275   | 0.9200  | 0.8649 
13    | 9           | [95, 97, 98, 99, 100, 101, 102, 103, 104]                               | [0.0300, 0.0400, 0.1100, 0.1300, 0.2100, 0.1700, 0.1000, 0.1700, 0.0400]                                                         | 4.2436   | 0.9200  | 0.8636 
14    | 12          | [93, 94, 95, 96, 97, 98, 99, 100, 101, 102, 103, 104]                   | [0.0400, 0.0100, 0.0200, 0.0700, 0.1000, 0.1700, 0.1400, 0.2400, 0.1000, 0.0700, 0.0300, 0.0100]                                 | 5.1931   | 0.8800  | 0.8697 
15    | 9           | [94, 95, 96, 97, 98, 99, 100, 101, 102]                                 | [0.0400, 0.1100, 0.0700, 0.2200, 0.3600, 0.1000, 0.0200, 0.0100, 0.0700]                                                         | 3.3600   | 0.8800  | 0.7960 
16    | 13          | [94, 100, 101, 102, 103, 104, 105, 106, 107, 108, 109, 110, 111]        | [0.0200, 0.0100, 0.0100, 0.1300, 0.0200, 0.0800, 0.0300, 0.1700, 0.1900, 0.0600, 0.1400, 0.0800, 0.0600]                         | 10.5171  | 0.8600  | 0.8854 
17    | 15          | [88, 93, 95, 97, 98, 99, 100, 101, 102, 103, 104, 105, 106, 107, 108]   | [0.0400, 0.0500, 0.0100, 0.0600, 0.1500, 0.1000, 0.1500, 0.0600, 0.0900, 0.0500, 0.0600, 0.0800, 0.0600, 0.0100, 0.0300]         | 18.0424  | 0.9000  | 0.9176 
18    | 14          | [91, 92, 95, 96, 97, 98, 99, 100, 101, 102, 103, 104, 106, 107]         | [0.0300, 0.0600, 0.0300, 0.0200, 0.1100, 0.1500, 0.0100, 0.1700, 0.1600, 0.0900, 0.0200, 0.0200, 0.1200, 0.0100]                 | 14.6475  | 0.8800  | 0.8905 
19    | 11          | [95, 96, 97, 98, 99, 100, 101, 102, 103, 104, 105]                      | [0.0100, 0.0600, 0.0500, 0.1300, 0.1400, 0.2100, 0.1800, 0.1200, 0.0500, 0.0300, 0.0200]                                         | 4.4075   | 0.8600  | 0.8713 
20    | 8           | [101, 103, 104, 105, 106, 107, 108, 109]                                | [0.0100, 0.0100, 0.1900, 0.2100, 0.3700, 0.1200, 0.0800, 0.0100]                                                                 | 1.7104   | 0.7200  | 0.7695 
21    | 16          | [91, 92, 93, 94, 95, 96, 97, 98, 99, 100, 101, 102, 103, 104, 105, 106] | [0.0300, 0.1200, 0.1100, 0.1300, 0.1000, 0.0700, 0.1100, 0.0600, 0.0400, 0.0200, 0.0100, 0.0100, 0.0100, 0.0900, 0.0800, 0.0100] | 18.9611  | 0.9200  | 0.9174 
