
[Simulation Info]
simulation_id = sim_0002933
timestamp     = 20250428_083319
seed          = 569735
output_folder = /home/lejeunet/Bureau/simulations/Ref_table/sim_0002933

[Model Parameters]
pop_size           = 3415
num_loci           = 20
sample1_generation = 30
sample2_generation = 10
low_repeats        = 1
high_repeats       = 200
mutation_rate      = 0.001
recap_Ne           = 3415

[Sampling Design]
sample1_size_Ne  = 50
sample2_size_Ne  = 50
sample1_size_CMR = 50
sample2_size_CMR = 50

[Capture-Marquage-Recapture]
census_N   =  0
MatchCount =  0
# There were no match between sampling of individuals during CMR.

[Ne Estimates - One Sample - Decreasing critical values [0.050, 0.020, 0.010, 0+]]

[Linkage Desequilibrium]
LD_Ne_Pop1 = [None, 252536.1, None, None]
LD_r2_Pop1 = [0.020697, 0.021277, 0.021146, 0.021146]
LD_Ne_Pop2 = [316.2, 519.4, 502.3, 502.3]
LD_r2_Pop2 = [0.022323, 0.021915, 0.021937, 0.021937]

[Heterozygote excess]
HE_Neb_mean_Pop1        = [40.8, 43.3, 48.4, 48.4]
HE_weighted_D_mean_Pop1 = [0.01239, 0.01168, 0.01044, 0.01044]
HE_Neb_mean_Pop2        = [25.7, 33.6, 25.7, 25.7]
HE_weighted_D_mean_Pop2 = [0.0198, 0.0151, 0.01983, 0.01983]

[Molecular Coancestry]
Coan_Neb_n_Pop1 = None
Coan_f1_Pop1    = -0.0193
Coan_Neb_n_Pop2 = 34.4
Coan_f1_Pop2    = 0.01453

[Ne Estimates - Temporal - Decreasing critical values (0.050, 0.020, 0.010, 0+)]

[Pollak]
P_Ne     = [-1466.1, -3322.8, -4485.2, -4616.4]
P_Fk     = [0.01659, 0.0185, 0.01889, 0.01892]
P_Fprime = [-0.00341, -0.0015, -0.00111, -0.00108]

[Nei/Tajima]
N_Ne     = [-1297.0, -2351.5, -2843.8, -2915.2]
N_Fc     = [0.01615, 0.01787, 0.01824, 0.01828]
N_Fprime = [-0.00385, -0.00213, -0.00176, -0.00172]

[Jorde/Ryman]
J_Ne     = [-1037.0, -1110.9, -1122.2, -1122.1]
J_Fs     = [0.01528, 0.0156, 0.01565, 0.01565]
J_Fprime = [-0.00482, -0.0045, -0.00446, -0.00446]

[Genetic Diversity - Heterozygosity]
mean_exp_het_pop1 = 0.8056
mean_obs_het_pop1 = 0.8124
mean_exp_het_pop2 = 0.8121
mean_obs_het_pop2 = 0.8352

[Genetic Diversity - Allele Counts]
mean_alleles_pop1 = 8.9
var_alleles_pop1  = 3.79
sum_alleles_pop1  = 187
mean_alleles_pop2 = 8.95
var_alleles_pop2  = 3.51
sum_alleles_pop2  = 376

[Genetic Diversity - Allelic Size Variance]
var_allele_size_pop1 = 6.2817
var_allele_size_pop2 = 6.1712

[Per-locus summary - Population 1]
Locus | Num_Alleles | Alleles                                                  | Frequencies                                                                                      | Variance | Obs_Het | Exp_Het
------+-------------+----------------------------------------------------------+--------------------------------------------------------------------------------------------------+----------+---------+--------
1     | 11          | [91, 92, 93, 94, 95, 96, 99, 100, 101, 102, 103]         | [0.0400, 0.1000, 0.1500, 0.1900, 0.0400, 0.0600, 0.0200, 0.2000, 0.0200, 0.1700, 0.0100]         | 14.9036  | 0.8800  | 0.8634 
2     | 12          | [95, 96, 97, 99, 100, 101, 102, 103, 104, 105, 106, 107] | [0.0100, 0.0600, 0.0500, 0.0700, 0.0700, 0.1300, 0.0600, 0.0100, 0.1300, 0.0800, 0.2100, 0.1200] | 11.9259  | 0.9200  | 0.8905 
3     | 10          | [95, 96, 97, 98, 99, 100, 101, 102, 103, 104]            | [0.1000, 0.0700, 0.1100, 0.0700, 0.0900, 0.0500, 0.1800, 0.2500, 0.0600, 0.0200]                 | 6.8600   | 0.8200  | 0.8673 
4     | 11          | [95, 96, 97, 98, 99, 100, 101, 102, 103, 104, 105]       | [0.1200, 0.0600, 0.1300, 0.1200, 0.0600, 0.1200, 0.1000, 0.1000, 0.0900, 0.0900, 0.0100]         | 8.3675   | 0.9600  | 0.9054 
5     | 8           | [98, 99, 100, 101, 102, 103, 104, 105]                   | [0.2400, 0.1600, 0.1000, 0.1800, 0.1400, 0.0800, 0.0300, 0.0700]                                 | 4.5291   | 0.7800  | 0.8511 
6     | 7           | [95, 96, 97, 98, 99, 100, 101]                           | [0.0500, 0.0800, 0.3600, 0.2100, 0.1200, 0.1700, 0.0100]                                         | 1.9876   | 0.8200  | 0.7818 
7     | 7           | [99, 100, 101, 102, 103, 104, 105]                       | [0.0500, 0.0200, 0.5300, 0.2900, 0.0600, 0.0300, 0.0200]                                         | 1.1284   | 0.6400  | 0.6335 
8     | 10          | [94, 95, 96, 97, 98, 99, 101, 102, 103, 104]             | [0.0600, 0.0400, 0.2000, 0.3300, 0.0900, 0.0300, 0.0300, 0.0400, 0.1600, 0.0200]                 | 8.0979   | 0.7800  | 0.8166 
9     | 9           | [93, 96, 97, 98, 99, 100, 101, 102, 103]                 | [0.0400, 0.0100, 0.1700, 0.1700, 0.0500, 0.0300, 0.1400, 0.2700, 0.1200]                         | 6.6476   | 0.8200  | 0.8386 
10    | 10          | [94, 95, 96, 97, 99, 100, 101, 102, 103, 104]            | [0.0500, 0.2000, 0.2600, 0.1400, 0.0100, 0.0200, 0.0600, 0.1100, 0.1400, 0.0100]                 | 10.0291  | 0.8400  | 0.8428 
11    | 9           | [94, 95, 96, 97, 98, 99, 100, 101, 102]                  | [0.0400, 0.1300, 0.2000, 0.0600, 0.0800, 0.1000, 0.2900, 0.0700, 0.0300]                         | 5.0400   | 0.9400  | 0.8400 
12    | 8           | [96, 97, 98, 99, 100, 101, 102, 103]                     | [0.0100, 0.1600, 0.1400, 0.0900, 0.1000, 0.2100, 0.2300, 0.0600]                                 | 3.9184   | 0.8000  | 0.8444 
13    | 9           | [100, 101, 102, 103, 105, 106, 107, 108, 109]            | [0.1300, 0.2400, 0.0800, 0.0100, 0.0100, 0.2700, 0.2100, 0.0300, 0.0200]                         | 8.5299   | 0.8400  | 0.8087 
14    | 12          | [95, 96, 97, 98, 99, 100, 101, 102, 103, 104, 105, 106]  | [0.0100, 0.0400, 0.1400, 0.1300, 0.1100, 0.0300, 0.0100, 0.0300, 0.3000, 0.1400, 0.0300, 0.0300] | 8.9404   | 0.8600  | 0.8448 
15    | 8           | [99, 100, 101, 102, 103, 104, 105, 106]                  | [0.0500, 0.1200, 0.3100, 0.1000, 0.3000, 0.0100, 0.1000, 0.0100]                                 | 2.6384   | 0.7600  | 0.7846 
16    | 6           | [97, 98, 99, 100, 101, 102]                              | [0.0600, 0.3500, 0.2300, 0.2500, 0.0800, 0.0300]                                                 | 1.4291   | 0.8000  | 0.7588 
17    | 6           | [97, 98, 99, 100, 101, 102]                              | [0.0300, 0.3600, 0.4700, 0.0700, 0.0500, 0.0200]                                                 | 0.8939   | 0.6400  | 0.6473 
18    | 11          | [95, 96, 97, 98, 99, 100, 101, 102, 103, 104, 105]       | [0.0100, 0.0300, 0.1000, 0.0100, 0.0500, 0.0700, 0.3100, 0.0400, 0.3600, 0.0100, 0.0100]         | 4.7996   | 0.7200  | 0.7616 
19    | 6           | [97, 98, 99, 100, 101, 102]                              | [0.0300, 0.3200, 0.4200, 0.0900, 0.0700, 0.0700]                                                 | 1.4364   | 0.7600  | 0.7095 
20    | 7           | [97, 98, 99, 100, 101, 102, 103]                         | [0.0900, 0.2600, 0.2700, 0.1500, 0.1100, 0.1000, 0.0200]                                         | 2.3339   | 0.8200  | 0.8145 
21    | 10          | [96, 97, 98, 99, 100, 101, 104, 105, 106, 107]           | [0.0400, 0.3100, 0.0300, 0.0600, 0.0100, 0.0100, 0.0500, 0.2400, 0.1500, 0.1000]                 | 17.4800  | 0.8600  | 0.8131 

[Per-locus summary - Population 2]
Locus | Num_Alleles | Alleles                                                 | Frequencies                                                                                      | Variance | Obs_Het | Exp_Het
------+-------------+---------------------------------------------------------+--------------------------------------------------------------------------------------------------+----------+---------+--------
1     | 12          | [91, 92, 93, 94, 95, 96, 97, 99, 100, 101, 102, 103]    | [0.0400, 0.1400, 0.2000, 0.1400, 0.0400, 0.0100, 0.0300, 0.0300, 0.1400, 0.0700, 0.1500, 0.0100] | 15.7176  | 0.9200  | 0.8774 
2     | 12          | [95, 96, 97, 98, 99, 100, 101, 102, 104, 105, 106, 107] | [0.0100, 0.0900, 0.0300, 0.0200, 0.0500, 0.0500, 0.1900, 0.0100, 0.1200, 0.1000, 0.2100, 0.1200] | 12.8900  | 0.9200  | 0.8751 
3     | 10          | [95, 96, 97, 98, 99, 100, 101, 102, 103, 104]           | [0.0900, 0.0900, 0.0700, 0.1500, 0.0700, 0.0800, 0.1700, 0.1800, 0.0800, 0.0200]                 | 6.6284   | 0.8800  | 0.8859 
4     | 10          | [95, 96, 97, 98, 99, 100, 101, 102, 103, 104]           | [0.1200, 0.0500, 0.0700, 0.1000, 0.0500, 0.1200, 0.0700, 0.1100, 0.1900, 0.1200]                 | 9.0136   | 0.9000  | 0.8927 
5     | 8           | [98, 99, 100, 101, 102, 103, 105, 106]                  | [0.2400, 0.1700, 0.0800, 0.1800, 0.1700, 0.0700, 0.0500, 0.0400]                                 | 4.9851   | 0.9000  | 0.8452 
6     | 7           | [95, 96, 97, 98, 99, 100, 101]                          | [0.0900, 0.0700, 0.3100, 0.2200, 0.1400, 0.1500, 0.0200]                                         | 2.2716   | 0.9200  | 0.8081 
7     | 8           | [98, 99, 100, 101, 102, 103, 104, 105]                  | [0.0100, 0.0400, 0.0100, 0.4700, 0.3700, 0.0600, 0.0300, 0.0100]                                 | 1.0500   | 0.6800  | 0.6422 
8     | 9           | [94, 95, 96, 97, 98, 99, 101, 102, 103]                 | [0.0800, 0.0500, 0.2200, 0.3200, 0.1600, 0.0100, 0.0200, 0.0600, 0.0800]                         | 5.8096   | 0.7000  | 0.8123 
9     | 10          | [92, 93, 96, 97, 98, 99, 100, 101, 102, 103]            | [0.0200, 0.0500, 0.0300, 0.1800, 0.2200, 0.0100, 0.0600, 0.1200, 0.2000, 0.1100]                 | 8.0371   | 0.8600  | 0.8537 
10    | 10          | [94, 95, 96, 97, 98, 99, 100, 101, 102, 103]            | [0.0400, 0.0800, 0.2600, 0.0800, 0.0100, 0.0300, 0.0500, 0.0600, 0.2300, 0.1600]                 | 9.8691   | 0.8400  | 0.8408 
11    | 8           | [94, 95, 96, 97, 98, 99, 100, 101]                      | [0.0300, 0.1300, 0.1400, 0.1500, 0.1200, 0.0900, 0.2500, 0.0900]                                 | 4.2536   | 0.9000  | 0.8556 
12    | 7           | [97, 98, 99, 100, 101, 102, 103]                        | [0.1000, 0.0900, 0.1100, 0.1300, 0.2200, 0.2900, 0.0600]                                         | 3.1379   | 0.7800  | 0.8250 
13    | 8           | [100, 101, 102, 103, 105, 106, 107, 108]                | [0.1100, 0.2100, 0.1000, 0.0200, 0.0300, 0.2200, 0.2900, 0.0200]                                 | 7.8931   | 0.9000  | 0.8077 
14    | 10          | [96, 97, 98, 99, 100, 101, 102, 103, 104, 105]          | [0.0200, 0.1300, 0.1100, 0.1000, 0.1000, 0.0100, 0.1000, 0.2400, 0.1400, 0.0500]                 | 7.1875   | 0.8400  | 0.8695 
15    | 7           | [99, 100, 101, 102, 103, 104, 105]                      | [0.0700, 0.1300, 0.3200, 0.0900, 0.3200, 0.0500, 0.0200]                                         | 2.0739   | 0.8400  | 0.7701 
16    | 7           | [96, 97, 98, 99, 100, 101, 102]                         | [0.0100, 0.0800, 0.4000, 0.2000, 0.1600, 0.1000, 0.0500]                                         | 1.8136   | 0.7800  | 0.7630 
17    | 6           | [97, 98, 99, 100, 101, 103]                             | [0.0100, 0.3200, 0.4600, 0.1200, 0.0800, 0.0100]                                                 | 0.9596   | 0.6600  | 0.6717 
18    | 9           | [96, 97, 99, 100, 101, 102, 103, 104, 106]              | [0.0200, 0.0900, 0.0900, 0.0100, 0.3400, 0.0700, 0.3400, 0.0300, 0.0100]                         | 4.2024   | 0.7600  | 0.7537 
19    | 7           | [97, 98, 99, 100, 101, 102, 103]                        | [0.0700, 0.3000, 0.3800, 0.0600, 0.1000, 0.0800, 0.0100]                                         | 1.9100   | 0.8000  | 0.7481 
20    | 6           | [97, 98, 99, 100, 101, 102]                             | [0.0700, 0.2500, 0.2300, 0.2100, 0.1200, 0.1200]                                                 | 2.1236   | 0.9000  | 0.8149 
21    | 8           | [96, 97, 98, 99, 104, 105, 106, 107]                    | [0.0600, 0.2100, 0.0200, 0.1100, 0.0500, 0.2200, 0.1300, 0.2000]                                 | 17.7684  | 0.8600  | 0.8404 
