
[Simulation Info]
simulation_id = sim_0005317
timestamp     = 20250428_092952
seed          = 448747
output_folder = /home/lejeunet/Bureau/simulations/Ref_table/sim_0005317

[Model Parameters]
pop_size           = 831
num_loci           = 20
sample1_generation = 30
sample2_generation = 10
low_repeats        = 1
high_repeats       = 200
mutation_rate      = 0.001
recap_Ne           = 831

[Sampling Design]
sample1_size_Ne  = 50
sample2_size_Ne  = 50
sample1_size_CMR = 50
sample2_size_CMR = 50

[Capture-Marquage-Recapture]
census_N   =  433
MatchCount =  6

[Ne Estimates - One Sample - Decreasing critical values [0.050, 0.020, 0.010, 0+]]

[Linkage Desequilibrium]
LD_Ne_Pop1 = [6074.8, 602.2, None, None]
LD_r2_Pop1 = [0.021331, 0.021828, 0.021261, 0.021261]
LD_Ne_Pop2 = [3193.6, 2417.9, 1879.2, 1879.2]
LD_r2_Pop2 = [0.02138, 0.021414, 0.021453, 0.021453]

[Heterozygote excess]
HE_Neb_mean_Pop1        = [None, None, None, None]
HE_weighted_D_mean_Pop1 = [-0.01593, -0.01512, -0.00745, -0.00745]
HE_Neb_mean_Pop2        = [None, None, None, None]
HE_weighted_D_mean_Pop2 = [-0.00196, -0.00021, -0.00047, -0.00047]

[Molecular Coancestry]
Coan_Neb_n_Pop1 = None
Coan_f1_Pop1    = -0.03872
Coan_Neb_n_Pop2 = None
Coan_f1_Pop2    = -0.04223

[Ne Estimates - Temporal - Decreasing critical values (0.050, 0.020, 0.010, 0+)]

[Pollak]
P_Ne     = [1486.6, 1331.9, 1360.1, 1385.6]
P_Fk     = [0.02336, 0.02375, 0.02368, 0.02361]
P_Fprime = [0.00336, 0.00375, 0.00368, 0.00361]

[Nei/Tajima]
N_Ne     = [1786.2, 1582.0, 1607.7, 1632.8]
N_Fc     = [0.0228, 0.02316, 0.02311, 0.02306]
N_Fprime = [0.0028, 0.00316, 0.00311, 0.00306]

[Jorde/Ryman]
J_Ne     = [1782.8, 1767.3, 1785.6, 1785.7]
J_Fs     = [0.02291, 0.02293, 0.0229, 0.0229]
J_Fprime = [0.0028, 0.00283, 0.0028, 0.0028]

[Genetic Diversity - Heterozygosity]
mean_exp_het_pop1 = 0.6892
mean_obs_het_pop1 = 0.6743
mean_exp_het_pop2 = 0.6765
mean_obs_het_pop2 = 0.6657

[Genetic Diversity - Allele Counts]
mean_alleles_pop1 = 5.95
var_alleles_pop1  = 1.35
sum_alleles_pop1  = 125
mean_alleles_pop2 = 5.86
var_alleles_pop2  = 1.34
sum_alleles_pop2  = 246

[Genetic Diversity - Allelic Size Variance]
var_allele_size_pop1 = 2.9008
var_allele_size_pop2 = 2.9657

[Per-locus summary - Population 1]
Locus | Num_Alleles | Alleles                                   | Frequencies                                                              | Variance | Obs_Het | Exp_Het
------+-------------+-------------------------------------------+--------------------------------------------------------------------------+----------+---------+--------
1     | 6           | [99, 100, 101, 102, 103, 104]             | [0.0100, 0.6200, 0.0100, 0.1800, 0.1400, 0.0400]                         | 1.7564   | 0.5400  | 0.5675 
2     | 6           | [98, 99, 100, 101, 102, 103]              | [0.0300, 0.2700, 0.4700, 0.0100, 0.1600, 0.0600]                         | 1.5476   | 0.6600  | 0.6828 
3     | 6           | [97, 98, 99, 100, 101, 102]               | [0.0400, 0.1600, 0.0600, 0.2400, 0.3700, 0.1300]                         | 1.9331   | 0.7000  | 0.7654 
4     | 9           | [96, 97, 98, 99, 100, 104, 105, 106, 107] | [0.0200, 0.3000, 0.1400, 0.1900, 0.0100, 0.0100, 0.1300, 0.1100, 0.0900] | 15.2691  | 0.8200  | 0.8248 
5     | 6           | [99, 100, 101, 102, 103, 104]             | [0.0100, 0.4500, 0.3700, 0.0800, 0.0600, 0.0300]                         | 1.0476   | 0.6600  | 0.6562 
6     | 8           | [97, 98, 99, 100, 101, 103, 104, 105]     | [0.1000, 0.1400, 0.0400, 0.0100, 0.0100, 0.3400, 0.3400, 0.0200]         | 7.0131   | 0.7800  | 0.7444 
7     | 6           | [95, 96, 97, 98, 99, 100]                 | [0.0200, 0.0400, 0.1800, 0.2200, 0.2100, 0.3300]                         | 1.7475   | 0.7800  | 0.7719 
8     | 7           | [94, 95, 96, 97, 98, 99, 101]             | [0.0600, 0.2200, 0.1000, 0.3100, 0.0300, 0.2500, 0.0300]                 | 3.0251   | 0.8200  | 0.7854 
9     | 5           | [99, 100, 101, 102, 103]                  | [0.3300, 0.2000, 0.0100, 0.4500, 0.0100]                                 | 1.8579   | 0.7200  | 0.6550 
10    | 6           | [98, 99, 100, 101, 102, 103]              | [0.0500, 0.2400, 0.1000, 0.3300, 0.2700, 0.0100]                         | 1.6264   | 0.7000  | 0.7556 
11    | 6           | [98, 99, 100, 101, 103, 104]              | [0.1000, 0.3500, 0.2700, 0.1000, 0.1200, 0.0600]                         | 2.8675   | 0.7600  | 0.7743 
12    | 6           | [98, 99, 100, 101, 102, 103]              | [0.1200, 0.2100, 0.3900, 0.1800, 0.0100, 0.0900]                         | 1.7196   | 0.7400  | 0.7564 
13    | 4           | [96, 97, 98, 99]                          | [0.0300, 0.1000, 0.5700, 0.3000]                                         | 0.5004   | 0.5800  | 0.5800 
14    | 6           | [98, 99, 100, 101, 102, 103]              | [0.0100, 0.1700, 0.6100, 0.1300, 0.0500, 0.0300]                         | 0.7931   | 0.5800  | 0.5844 
15    | 5           | [98, 99, 100, 101, 102]                   | [0.1500, 0.0700, 0.3500, 0.4100, 0.0200]                                 | 1.1536   | 0.6200  | 0.6885 
16    | 4           | [98, 99, 100, 101]                        | [0.0700, 0.5400, 0.2300, 0.1600]                                         | 0.7096   | 0.5200  | 0.6313 
17    | 7           | [97, 98, 99, 102, 103, 104, 105]          | [0.0800, 0.4600, 0.0200, 0.1400, 0.0200, 0.1000, 0.1800]                 | 9.2084   | 0.7600  | 0.7265 
18    | 5           | [98, 99, 100, 101, 102]                   | [0.1200, 0.1900, 0.0800, 0.5900, 0.0200]                                 | 1.3000   | 0.5800  | 0.6006 
19    | 6           | [97, 98, 99, 100, 101, 102]               | [0.0500, 0.5600, 0.1800, 0.1200, 0.0700, 0.0200]                         | 1.2244   | 0.6600  | 0.6382 
20    | 6           | [99, 100, 101, 102, 103, 104]             | [0.0200, 0.0500, 0.0700, 0.5300, 0.2300, 0.1000]                         | 1.0400   | 0.6800  | 0.6550 
21    | 5           | [97, 98, 99, 102, 103]                    | [0.1000, 0.0100, 0.2600, 0.5400, 0.0900]                                 | 3.5771   | 0.5000  | 0.6289 

[Per-locus summary - Population 2]
Locus | Num_Alleles | Alleles                              | Frequencies                                                      | Variance | Obs_Het | Exp_Het
------+-------------+--------------------------------------+------------------------------------------------------------------+----------+---------+--------
1     | 6           | [99, 100, 101, 102, 103, 104]        | [0.0100, 0.6300, 0.0400, 0.1100, 0.1900, 0.0200]                 | 1.7100   | 0.5600  | 0.5584 
2     | 6           | [98, 99, 100, 101, 102, 103]         | [0.0100, 0.2300, 0.5100, 0.0100, 0.1500, 0.0900]                 | 1.5811   | 0.6200  | 0.6628 
3     | 6           | [97, 98, 99, 100, 101, 102]          | [0.0400, 0.1700, 0.0500, 0.2100, 0.4900, 0.0400]                 | 1.7364   | 0.6800  | 0.6881 
4     | 6           | [97, 98, 99, 105, 106, 107]          | [0.2800, 0.2100, 0.1500, 0.2100, 0.0800, 0.0700]                 | 14.6979  | 0.7800  | 0.8077 
5     | 5           | [100, 101, 102, 103, 104]            | [0.4300, 0.4000, 0.0800, 0.0600, 0.0300]                         | 1.0004   | 0.5800  | 0.6507 
6     | 8           | [96, 97, 98, 99, 100, 102, 103, 104] | [0.0400, 0.1600, 0.1700, 0.0200, 0.0300, 0.0100, 0.3600, 0.2100] | 8.5364   | 0.7600  | 0.7766 
7     | 6           | [95, 96, 97, 98, 99, 100]            | [0.0200, 0.0200, 0.1900, 0.3200, 0.2100, 0.2400]                 | 1.4600   | 0.7400  | 0.7667 
8     | 6           | [95, 96, 97, 98, 99, 101]            | [0.2500, 0.0600, 0.3500, 0.0100, 0.2800, 0.0500]                 | 2.9459   | 0.7200  | 0.7378 
9     | 4           | [99, 100, 101, 102]                  | [0.2800, 0.2300, 0.0100, 0.4800]                                 | 1.7339   | 0.5800  | 0.6446 
10    | 5           | [98, 99, 100, 101, 102]              | [0.0200, 0.2100, 0.2000, 0.2600, 0.3100]                         | 1.3931   | 0.8000  | 0.7594 
11    | 6           | [98, 99, 100, 101, 103, 104]         | [0.1000, 0.4600, 0.1900, 0.1200, 0.0900, 0.0400]                 | 2.4179   | 0.7200  | 0.7255 
12    | 5           | [98, 99, 100, 101, 103]              | [0.0800, 0.1600, 0.5300, 0.1600, 0.0700]                         | 1.2675   | 0.6000  | 0.6632 
13    | 5           | [96, 97, 98, 99, 100]                | [0.0100, 0.0900, 0.5200, 0.3700, 0.0100]                         | 0.4616   | 0.5600  | 0.5903 
14    | 5           | [99, 100, 101, 102, 103]             | [0.1700, 0.6900, 0.0500, 0.0800, 0.0100]                         | 0.6251   | 0.4800  | 0.4909 
15    | 6           | [96, 98, 99, 100, 101, 102]          | [0.0300, 0.1300, 0.0600, 0.3100, 0.4000, 0.0700]                 | 1.7300   | 0.7800  | 0.7248 
16    | 4           | [98, 99, 100, 101]                   | [0.0600, 0.5900, 0.3000, 0.0500]                                 | 0.4444   | 0.6000  | 0.5614 
17    | 7           | [97, 98, 99, 102, 103, 104, 105]     | [0.1300, 0.4900, 0.0400, 0.0700, 0.0100, 0.0500, 0.2100]         | 9.5899   | 0.6800  | 0.6968 
18    | 5           | [98, 99, 100, 101, 102]              | [0.1600, 0.1600, 0.0600, 0.6100, 0.0100]                         | 1.4275   | 0.6000  | 0.5788 
19    | 5           | [97, 98, 99, 100, 101]               | [0.0400, 0.4600, 0.2700, 0.1300, 0.1000]                         | 1.1059   | 0.6600  | 0.6939 
20    | 5           | [100, 101, 102, 103, 104]            | [0.1200, 0.0900, 0.4600, 0.1000, 0.2300]                         | 1.5371   | 0.7200  | 0.7101 
21    | 5           | [96, 97, 99, 102, 103]               | [0.0200, 0.1900, 0.2700, 0.4100, 0.1100]                         | 4.8771   | 0.7600  | 0.7176 
