
[Simulation Info]
simulation_id = sim_0010841
timestamp     = 20250429_085347
seed          = 268991
output_folder = /home/lejeunet/Bureau/simulations/Ref_table/sim_0010841

[Model Parameters]
pop_size           = 208
num_loci           = 20
sample1_generation = 30
sample2_generation = 10
low_repeats        = 1
high_repeats       = 200
mutation_rate      = 0.001
recap_Ne           = 208

[Sampling Design]
sample1_size_Ne  = 50
sample2_size_Ne  = 50
sample1_size_CMR = 50
sample2_size_CMR = 50

[Capture-Marquage-Recapture]
census_N   =  200
MatchCount =  13

[Ne Estimates - One Sample - Decreasing critical values [0.050, 0.020, 0.010, 0+]]

[Linkage Desequilibrium]
LD_Ne_Pop1 = [166.6, 66.9, 233.3, 233.3]
LD_r2_Pop1 = [0.023252, 0.026101, 0.022692, 0.022692]
LD_Ne_Pop2 = [120.8, 190.6, 81.2, 81.2]
LD_r2_Pop2 = [0.023987, 0.023006, 0.025277, 0.025277]

[Heterozygote excess]
HE_Neb_mean_Pop1        = [12.7, 14.0, 14.9, 14.9]
HE_weighted_D_mean_Pop1 = [0.04086, 0.037, 0.03464, 0.03464]
HE_Neb_mean_Pop2        = [26.4, 26.9, 26.9, 26.9]
HE_weighted_D_mean_Pop2 = [0.01928, 0.01891, 0.01891, 0.01891]

[Molecular Coancestry]
Coan_Neb_n_Pop1 = None
Coan_f1_Pop1    = -0.16851
Coan_Neb_n_Pop2 = 3.0
Coan_f1_Pop2    = 0.1675

[Ne Estimates - Temporal - Decreasing critical values (0.050, 0.020, 0.010, 0+)]

[Pollak]
P_Ne     = [238.1, 223.4, 223.2, 223.2]
P_Fk     = [0.041, 0.04238, 0.0424, 0.0424]
P_Fprime = [0.021, 0.02238, 0.0224, 0.0224]

[Nei/Tajima]
N_Ne     = [242.9, 236.7, 232.1, 232.1]
N_Fc     = [0.04059, 0.04112, 0.04154, 0.04154]
N_Fprime = [0.02059, 0.02112, 0.02154, 0.02154]

[Jorde/Ryman]
J_Ne     = [158.8, 160.0, 159.3, 159.3]
J_Fs     = [0.05184, 0.0516, 0.05174, 0.05174]
J_Fprime = [0.03149, 0.03126, 0.03139, 0.03139]

[Genetic Diversity - Heterozygosity]
mean_exp_het_pop1 = 0.2817
mean_obs_het_pop1 = 0.2933
mean_exp_het_pop2 = 0.2671
mean_obs_het_pop2 = 0.2894

[Genetic Diversity - Allele Counts]
mean_alleles_pop1 = 2.78
var_alleles_pop1  = 0.54
sum_alleles_pop1  = 50
mean_alleles_pop2 = 2.78
var_alleles_pop2  = 0.52
sum_alleles_pop2  = 100

[Genetic Diversity - Allelic Size Variance]
var_allele_size_pop1 = 0.1653
var_allele_size_pop2 = 0.1432

[Per-locus summary - Population 1]
Locus | Num_Alleles | Alleles             | Frequencies                      | Variance | Obs_Het | Exp_Het
------+-------------+---------------------+----------------------------------+----------+---------+--------
1     | 3           | [99, 100, 101]      | [0.0200, 0.9700, 0.0100]         | 0.0299   | 0.0600  | 0.0592 
2     | 4           | [98, 99, 100, 101]  | [0.0100, 0.0300, 0.9500, 0.0100] | 0.0784   | 0.1000  | 0.0974 
3     | 2           | [99, 100]           | [0.0500, 0.9500]                 | 0.0475   | 0.1000  | 0.0960 
4     | 3           | [99, 100, 101]      | [0.0900, 0.5700, 0.3400]         | 0.3675   | 0.6200  | 0.5570 
5     | 4           | [98, 99, 100, 101]  | [0.0100, 0.1400, 0.6900, 0.1600] | 0.3400   | 0.4800  | 0.4834 
6     | 3           | [99, 100, 101]      | [0.0200, 0.8600, 0.1200]         | 0.1300   | 0.2600  | 0.2481 
7     | 3           | [98, 99, 100]       | [0.0100, 0.2000, 0.7900]         | 0.1916   | 0.3400  | 0.3392 
8     | 2           | [100, 101]          | [0.3900, 0.6100]                 | 0.2379   | 0.4600  | 0.4806 
9     | 3           | [99, 100, 101]      | [0.2900, 0.6400, 0.0700]         | 0.3116   | 0.5200  | 0.5065 
10    | 3           | [99, 100, 101]      | [0.0400, 0.7200, 0.2400]         | 0.2400   | 0.5000  | 0.4267 
11    | 2           | [99, 100]           | [0.0300, 0.9700]                 | 0.0291   | 0.0600  | 0.0588 
12    | 2           | [99, 100]           | [0.1400, 0.8600]                 | 0.1204   | 0.2800  | 0.2432 
13    | 2           | [99, 100]           | [0.0100, 0.9900]                 | 0.0099   | 0.0200  | 0.0200 
14    | 3           | [99, 100, 101]      | [0.0100, 0.8800, 0.1100]         | 0.1100   | 0.2400  | 0.2156 
15    | 2           | [100, 101]          | [0.9200, 0.0800]                 | 0.0736   | 0.1600  | 0.1487 
16    | 4           | [99, 100, 101, 102] | [0.0800, 0.8400, 0.0500, 0.0300] | 0.2491   | 0.2800  | 0.2875 
17    | 2           | [99, 100]           | [0.1900, 0.8100]                 | 0.1539   | 0.3000  | 0.3109 
18    | 3           | [98, 99, 100]       | [0.0100, 0.6000, 0.3900]         | 0.2556   | 0.5000  | 0.4927 

[Per-locus summary - Population 2]
Locus | Num_Alleles | Alleles             | Frequencies                      | Variance | Obs_Het | Exp_Het
------+-------------+---------------------+----------------------------------+----------+---------+--------
1     | 2           | [100, 101]          | [0.9400, 0.0600]                 | 0.0564   | 0.1200  | 0.1139 
2     | 3           | [98, 99, 100]       | [0.0100, 0.0700, 0.9200]         | 0.1019   | 0.1400  | 0.1501 
3     | 2           | [99, 100]           | [0.0300, 0.9700]                 | 0.0291   | 0.0600  | 0.0588 
4     | 3           | [99, 100, 101]      | [0.0500, 0.8200, 0.1300]         | 0.1736   | 0.2800  | 0.3113 
5     | 3           | [99, 100, 101]      | [0.1200, 0.7000, 0.1800]         | 0.2964   | 0.4600  | 0.4679 
6     | 3           | [99, 100, 101]      | [0.1200, 0.8400, 0.0400]         | 0.1536   | 0.2800  | 0.2812 
7     | 3           | [99, 100, 101]      | [0.1500, 0.8300, 0.0200]         | 0.1531   | 0.3200  | 0.2911 
8     | 2           | [100, 101]          | [0.3600, 0.6400]                 | 0.2304   | 0.5600  | 0.4654 
9     | 3           | [99, 100, 101]      | [0.2500, 0.7300, 0.0200]         | 0.2171   | 0.4600  | 0.4083 
10    | 3           | [99, 100, 101]      | [0.0400, 0.7300, 0.2300]         | 0.2339   | 0.5000  | 0.4168 
11    | 1           | [100]               | [1.0000]                         | 0.0000   | NA      | NA     
12    | 3           | [99, 100, 101]      | [0.0500, 0.9400, 0.0100]         | 0.0584   | 0.0800  | 0.1149 
13    | 2           | [99, 100]           | [0.0600, 0.9400]                 | 0.0564   | 0.1200  | 0.1139 
14    | 3           | [99, 100, 101]      | [0.0100, 0.8600, 0.1300]         | 0.1256   | 0.2000  | 0.2459 
15    | 3           | [99, 100, 101]      | [0.0300, 0.8900, 0.0800]         | 0.1075   | 0.2200  | 0.2026 
16    | 4           | [99, 100, 101, 102] | [0.0100, 0.9000, 0.0400, 0.0500] | 0.2331   | 0.2000  | 0.1877 
17    | 2           | [99, 100]           | [0.1200, 0.8800]                 | 0.1056   | 0.2000  | 0.2133 
18    | 2           | [99, 100]           | [0.4400, 0.5600]                 | 0.2464   | 0.7200  | 0.4978 
