
[Simulation Info]
simulation_id = sim_0004568
timestamp     = 20250428_091129
seed          = 788090
output_folder = /home/lejeunet/Bureau/simulations/Ref_table/sim_0004568

[Model Parameters]
pop_size           = 2995
num_loci           = 20
sample1_generation = 30
sample2_generation = 10
low_repeats        = 1
high_repeats       = 200
mutation_rate      = 0.001
recap_Ne           = 2995

[Sampling Design]
sample1_size_Ne  = 50
sample2_size_Ne  = 50
sample1_size_CMR = 50
sample2_size_CMR = 50

[Capture-Marquage-Recapture]
census_N   =  1300
MatchCount =  2

[Ne Estimates - One Sample - Decreasing critical values [0.050, 0.020, 0.010, 0+]]

[Linkage Desequilibrium]
LD_Ne_Pop1 = [None, None, None, None]
LD_r2_Pop1 = [0.020914, 0.021118, 0.021016, 0.021016]
LD_Ne_Pop2 = [10516.3, None, 2298.7, 2298.7]
LD_r2_Pop2 = [0.021308, 0.021242, 0.021421, 0.021421]

[Heterozygote excess]
HE_Neb_mean_Pop1        = [None, None, None, None]
HE_weighted_D_mean_Pop1 = [-0.01179, -0.00787, -0.00796, -0.00796]
HE_Neb_mean_Pop2        = [None, 228.3, 97.3, 97.3]
HE_weighted_D_mean_Pop2 = [-0.00073, 0.0022, 0.00516, 0.00516]

[Molecular Coancestry]
Coan_Neb_n_Pop1 = None
Coan_f1_Pop1    = -0.00048
Coan_Neb_n_Pop2 = None
Coan_f1_Pop2    = -0.00858

[Ne Estimates - Temporal - Decreasing critical values (0.050, 0.020, 0.010, 0+)]

[Pollak]
P_Ne     = [4526.8, 4237.0, 4042.0, 3739.0]
P_Fk     = [0.0211, 0.02118, 0.02124, 0.02134]
P_Fprime = [0.0011, 0.00118, 0.00124, 0.00134]

[Nei/Tajima]
N_Ne     = [8001.3, 6874.2, 6242.9, 5538.9]
N_Fc     = [0.02062, 0.02073, 0.0208, 0.0209]
N_Fprime = [0.00062, 0.00073, 0.0008, 0.0009]

[Jorde/Ryman]
J_Ne     = [-53307.3, -32474.4, -62790.9, -87781.1]
J_Fs     = [0.02001, 0.01995, 0.02002, 0.02004]
J_Fprime = [-9e-05, -0.00015, -8e-05, -6e-05]

[Genetic Diversity - Heterozygosity]
mean_exp_het_pop1 = 0.8256
mean_obs_het_pop1 = 0.8162
mean_exp_het_pop2 = 0.8296
mean_obs_het_pop2 = 0.8314

[Genetic Diversity - Allele Counts]
mean_alleles_pop1 = 9.57
var_alleles_pop1  = 3.56
sum_alleles_pop1  = 201
mean_alleles_pop2 = 9.74
var_alleles_pop2  = 4.49
sum_alleles_pop2  = 409

[Genetic Diversity - Allelic Size Variance]
var_allele_size_pop1 = 7.1329
var_allele_size_pop2 = 7.1082

[Per-locus summary - Population 1]
Locus | Num_Alleles | Alleles                                                     | Frequencies                                                                                              | Variance | Obs_Het | Exp_Het
------+-------------+-------------------------------------------------------------+----------------------------------------------------------------------------------------------------------+----------+---------+--------
1     | 9           | [97, 98, 100, 101, 102, 103, 104, 105, 106]                 | [0.0500, 0.0300, 0.2200, 0.3000, 0.0500, 0.0100, 0.1800, 0.1400, 0.0200]                                 | 5.1624   | 0.7800  | 0.8113 
2     | 8           | [95, 96, 97, 98, 99, 100, 101, 102]                         | [0.1700, 0.2400, 0.2400, 0.2000, 0.0200, 0.0600, 0.0200, 0.0500]                                         | 3.2811   | 0.8400  | 0.8172 
3     | 8           | [95, 96, 97, 98, 99, 101, 102, 103]                         | [0.0200, 0.3300, 0.2000, 0.1500, 0.1200, 0.0400, 0.0700, 0.0700]                                         | 5.0475   | 0.7400  | 0.8105 
4     | 7           | [94, 98, 99, 100, 101, 102, 103]                            | [0.0200, 0.1700, 0.2100, 0.1900, 0.1600, 0.2200, 0.0300]                                                 | 2.9196   | 0.7800  | 0.8238 
5     | 7           | [93, 94, 95, 96, 97, 98, 99]                                | [0.0200, 0.1600, 0.0700, 0.0100, 0.3300, 0.3700, 0.0400]                                                 | 2.5124   | 0.7200  | 0.7289 
6     | 12          | [92, 93, 95, 100, 101, 102, 103, 104, 105, 106, 107, 108]   | [0.0300, 0.0700, 0.0200, 0.1800, 0.2000, 0.1100, 0.1700, 0.0700, 0.0400, 0.0400, 0.0200, 0.0500]         | 13.9104  | 0.9200  | 0.8782 
7     | 10          | [95, 96, 97, 98, 99, 100, 101, 102, 103, 104]               | [0.0100, 0.2600, 0.1800, 0.0100, 0.0700, 0.0800, 0.1600, 0.1100, 0.0300, 0.0900]                         | 7.6579   | 0.8400  | 0.8503 
8     | 11          | [94, 95, 96, 97, 98, 99, 100, 101, 102, 103, 104]           | [0.0200, 0.1900, 0.0100, 0.0800, 0.1000, 0.0100, 0.0100, 0.1700, 0.0700, 0.2800, 0.0600]                 | 10.6611  | 0.8200  | 0.8394 
9     | 10          | [97, 98, 99, 100, 101, 102, 103, 104, 105, 107]             | [0.1000, 0.0700, 0.3200, 0.0500, 0.0400, 0.2200, 0.0400, 0.0400, 0.0200, 0.1000]                         | 8.1800   | 0.8200  | 0.8248 
10    | 8           | [94, 97, 98, 99, 100, 101, 102, 103]                        | [0.0500, 0.0100, 0.3600, 0.2400, 0.1700, 0.0200, 0.0300, 0.1200]                                         | 4.0675   | 0.7800  | 0.7733 
11    | 10          | [96, 97, 98, 99, 100, 101, 102, 105, 106, 107]              | [0.1200, 0.0300, 0.1300, 0.1200, 0.1400, 0.1300, 0.0400, 0.1800, 0.0900, 0.0200]                         | 11.1344  | 0.8800  | 0.8832 
12    | 9           | [95, 96, 97, 98, 99, 100, 101, 102, 103]                    | [0.0200, 0.1500, 0.1600, 0.1800, 0.2600, 0.1100, 0.0600, 0.0200, 0.0400]                                 | 3.3236   | 0.9000  | 0.8422 
13    | 12          | [85, 87, 88, 89, 90, 91, 92, 93, 94, 95, 98, 99]            | [0.0300, 0.0500, 0.0300, 0.0800, 0.0400, 0.2300, 0.0400, 0.1200, 0.2000, 0.0200, 0.1500, 0.0100]         | 11.1236  | 0.8600  | 0.8644 
14    | 7           | [96, 97, 98, 99, 100, 101, 102]                             | [0.0600, 0.2000, 0.1700, 0.3700, 0.1000, 0.0600, 0.0400]                                                 | 2.0419   | 0.7200  | 0.7832 
15    | 13          | [94, 95, 96, 97, 98, 99, 101, 102, 106, 107, 108, 109, 110] | [0.0900, 0.0600, 0.2000, 0.0200, 0.2300, 0.0100, 0.1400, 0.0700, 0.0100, 0.0600, 0.0700, 0.0300, 0.0100] | 20.4496  | 0.8600  | 0.8695 
16    | 9           | [96, 97, 98, 100, 101, 102, 103, 104, 105]                  | [0.0100, 0.0800, 0.0500, 0.0200, 0.0400, 0.2300, 0.1800, 0.3100, 0.0800]                                 | 5.3300   | 0.7800  | 0.8093 
17    | 13          | [89, 90, 91, 92, 93, 94, 95, 96, 99, 100, 101, 102, 103]    | [0.0500, 0.2500, 0.2200, 0.0100, 0.0600, 0.2100, 0.0800, 0.0100, 0.0200, 0.0400, 0.0300, 0.0100, 0.0100] | 10.9411  | 0.8600  | 0.8376 
18    | 9           | [98, 99, 100, 101, 103, 104, 105, 106, 107]                 | [0.0400, 0.2800, 0.1800, 0.0900, 0.0100, 0.1300, 0.2200, 0.0300, 0.0200]                                 | 7.3700   | 0.7600  | 0.8210 
19    | 11          | [96, 97, 98, 99, 100, 101, 102, 103, 104, 105, 107]         | [0.0700, 0.0700, 0.0100, 0.0600, 0.0100, 0.1400, 0.2300, 0.0900, 0.2400, 0.0500, 0.0300]                 | 7.3216   | 0.7600  | 0.8533 
20    | 10          | [99, 100, 101, 102, 103, 104, 105, 106, 107, 108]           | [0.0200, 0.0900, 0.1800, 0.1000, 0.0600, 0.2300, 0.1200, 0.0700, 0.0900, 0.0400]                         | 5.5451   | 0.9200  | 0.8723 
21    | 8           | [97, 98, 99, 100, 101, 102, 103, 104]                       | [0.0100, 0.0200, 0.0100, 0.1900, 0.0900, 0.3800, 0.2700, 0.0300]                                         | 1.8100   | 0.8000  | 0.7444 

[Per-locus summary - Population 2]
Locus | Num_Alleles | Alleles                                                       | Frequencies                                                                                              | Variance | Obs_Het | Exp_Het
------+-------------+---------------------------------------------------------------+----------------------------------------------------------------------------------------------------------+----------+---------+--------
1     | 8           | [97, 99, 100, 101, 102, 103, 104, 105]                        | [0.1100, 0.0100, 0.2900, 0.2300, 0.0400, 0.0200, 0.1900, 0.1100]                                         | 5.5644   | 0.8200  | 0.8087 
2     | 9           | [94, 95, 96, 97, 98, 99, 100, 101, 102]                       | [0.0100, 0.1200, 0.2200, 0.1900, 0.1500, 0.0600, 0.1400, 0.0700, 0.0400]                                 | 4.0976   | 0.9200  | 0.8574 
3     | 10          | [95, 96, 97, 98, 99, 100, 101, 102, 103, 104]                 | [0.0100, 0.4100, 0.1800, 0.1100, 0.0700, 0.0100, 0.0800, 0.0400, 0.0800, 0.0100]                         | 5.7336   | 0.8200  | 0.7756 
4     | 6           | [98, 99, 100, 101, 102, 103]                                  | [0.1500, 0.2100, 0.1600, 0.1900, 0.2100, 0.0800]                                                         | 2.4444   | 0.8000  | 0.8295 
5     | 6           | [94, 95, 97, 98, 99, 100]                                     | [0.2000, 0.0800, 0.2500, 0.4100, 0.0500, 0.0100]                                                         | 2.7716   | 0.7000  | 0.7277 
6     | 13          | [92, 93, 95, 99, 100, 101, 102, 103, 104, 105, 106, 107, 108] | [0.0300, 0.0900, 0.0300, 0.0100, 0.1100, 0.1400, 0.1100, 0.1800, 0.1600, 0.0100, 0.0800, 0.0300, 0.0200] | 15.7419  | 0.9000  | 0.8893 
7     | 9           | [96, 97, 98, 99, 100, 101, 102, 103, 104]                     | [0.2800, 0.1700, 0.0300, 0.0900, 0.0500, 0.1600, 0.0900, 0.0700, 0.0600]                                 | 7.3499   | 0.8800  | 0.8475 
8     | 10          | [94, 95, 96, 97, 98, 99, 101, 102, 103, 104]                  | [0.0200, 0.1500, 0.0500, 0.0800, 0.0300, 0.1100, 0.1600, 0.0900, 0.2000, 0.1100]                         | 10.2900  | 0.9400  | 0.8782 
9     | 10          | [97, 98, 99, 100, 101, 102, 103, 104, 105, 107]               | [0.0800, 0.1100, 0.3800, 0.0400, 0.0100, 0.2300, 0.0400, 0.0300, 0.0100, 0.0700]                         | 6.8219   | 0.7400  | 0.7828 
10    | 8           | [94, 97, 98, 99, 100, 101, 102, 103]                          | [0.0300, 0.0800, 0.3300, 0.2800, 0.1500, 0.0400, 0.0300, 0.0600]                                         | 2.9336   | 0.7400  | 0.7846 
11    | 10          | [96, 97, 98, 99, 100, 101, 102, 105, 106, 107]                | [0.0600, 0.0900, 0.1300, 0.1200, 0.1200, 0.1100, 0.0200, 0.2400, 0.0900, 0.0200]                         | 11.5204  | 0.8800  | 0.8727 
12    | 9           | [95, 96, 97, 98, 99, 100, 101, 102, 103]                      | [0.0300, 0.2100, 0.1000, 0.1900, 0.1900, 0.0700, 0.1200, 0.0400, 0.0500]                                 | 4.4099   | 0.9200  | 0.8580 
13    | 12          | [85, 88, 89, 90, 91, 92, 93, 94, 95, 97, 98, 99]              | [0.0100, 0.0500, 0.0700, 0.0400, 0.1700, 0.0900, 0.1000, 0.2500, 0.0100, 0.0200, 0.1700, 0.0200]         | 9.6944   | 0.8600  | 0.8602 
14    | 7           | [96, 97, 98, 99, 100, 101, 102]                               | [0.0600, 0.1800, 0.2700, 0.2200, 0.1300, 0.1300, 0.0100]                                                 | 2.1179   | 0.7800  | 0.8170 
15    | 13          | [93, 94, 95, 96, 97, 98, 100, 101, 102, 106, 107, 108, 109]   | [0.0100, 0.0800, 0.0900, 0.1200, 0.0200, 0.1200, 0.0300, 0.2900, 0.0500, 0.0100, 0.0900, 0.0700, 0.0200] | 19.5584  | 0.8800  | 0.8638 
16    | 10          | [96, 97, 98, 99, 100, 101, 102, 103, 104, 105]                | [0.0200, 0.0700, 0.0400, 0.0100, 0.0200, 0.0500, 0.2500, 0.2100, 0.2500, 0.0800]                         | 5.2200   | 0.8600  | 0.8228 
17    | 11          | [89, 90, 91, 92, 93, 94, 95, 99, 101, 102, 103]               | [0.0400, 0.1800, 0.2400, 0.0200, 0.1100, 0.2600, 0.0500, 0.0100, 0.0200, 0.0600, 0.0100]                 | 11.1996  | 0.8200  | 0.8299 
18    | 8           | [98, 99, 100, 101, 104, 105, 106, 107]                        | [0.0400, 0.2700, 0.1500, 0.1000, 0.0700, 0.2200, 0.1300, 0.0200]                                         | 8.6075   | 0.8200  | 0.8307 
19    | 10          | [96, 97, 99, 101, 102, 103, 104, 105, 106, 107]               | [0.0200, 0.0400, 0.0200, 0.1700, 0.1900, 0.1500, 0.2100, 0.1500, 0.0100, 0.0400]                         | 5.0659   | 0.7400  | 0.8503 
20    | 11          | [99, 100, 101, 102, 103, 104, 105, 106, 107, 108, 109]        | [0.0400, 0.0900, 0.2200, 0.0900, 0.1100, 0.1600, 0.1200, 0.0500, 0.0800, 0.0100, 0.0300]                 | 6.1004   | 0.9400  | 0.8806 
21    | 6           | [97, 100, 101, 102, 103, 104]                                 | [0.0300, 0.2700, 0.1000, 0.3200, 0.2600, 0.0200]                                                         | 2.0299   | 0.7000  | 0.7533 
