
[Simulation Info]
simulation_id = sim_0012581
timestamp     = 20250429_095702
seed          = 976534
output_folder = /home/lejeunet/Bureau/simulations/Ref_table/sim_0012581

[Model Parameters]
pop_size           = 2723
num_loci           = 20
sample1_generation = 30
sample2_generation = 10
low_repeats        = 1
high_repeats       = 200
mutation_rate      = 0.001
recap_Ne           = 2723

[Sampling Design]
sample1_size_Ne  = 50
sample2_size_Ne  = 50
sample1_size_CMR = 50
sample2_size_CMR = 50

[Capture-Marquage-Recapture]
census_N   =  0
MatchCount =  0
# There were no match between sampling of individuals during CMR.

[Ne Estimates - One Sample - Decreasing critical values [0.050, 0.020, 0.010, 0+]]

[Linkage Desequilibrium]
LD_Ne_Pop1 = [None, 4342.4, None, None]
LD_r2_Pop1 = [0.021219, 0.021353, 0.021243, 0.021243]
LD_Ne_Pop2 = [15098.5, None, None, None]
LD_r2_Pop2 = [0.021298, 0.021019, 0.02102, 0.02102]

[Heterozygote excess]
HE_Neb_mean_Pop1        = [None, None, None, None]
HE_weighted_D_mean_Pop1 = [-0.01221, -0.01571, -0.0117, -0.0117]
HE_Neb_mean_Pop2        = [132.2, 172.1, 197.2, 197.2]
HE_weighted_D_mean_Pop2 = [0.0038, 0.00291, 0.00254, 0.00254]

[Molecular Coancestry]
Coan_Neb_n_Pop1 = 779.0
Coan_f1_Pop1    = 0.00064
Coan_Neb_n_Pop2 = None
Coan_f1_Pop2    = -0.0166

[Ne Estimates - Temporal - Decreasing critical values (0.050, 0.020, 0.010, 0+)]

[Pollak]
P_Ne     = [1195.9, 1248.9, 1157.3, 1171.6]
P_Fk     = [0.02418, 0.024, 0.02432, 0.02427]
P_Fprime = [0.00418, 0.004, 0.00432, 0.00427]

[Nei/Tajima]
N_Ne     = [1286.3, 1346.2, 1249.8, 1263.5]
N_Fc     = [0.02389, 0.02371, 0.024, 0.02396]
N_Fprime = [0.00389, 0.00371, 0.004, 0.00396]

[Jorde/Ryman]
J_Ne     = [890.8, 912.0, 895.1, 895.1]
J_Fs     = [0.02572, 0.02559, 0.02569, 0.02569]
J_Fprime = [0.00561, 0.00548, 0.00559, 0.00559]

[Genetic Diversity - Heterozygosity]
mean_exp_het_pop1 = 0.8061
mean_obs_het_pop1 = 0.7905
mean_exp_het_pop2 = 0.8017
mean_obs_het_pop2 = 0.8038

[Genetic Diversity - Allele Counts]
mean_alleles_pop1 = 8.43
var_alleles_pop1  = 2.06
sum_alleles_pop1  = 177
mean_alleles_pop2 = 8.6
var_alleles_pop2  = 3.56
sum_alleles_pop2  = 361

[Genetic Diversity - Allelic Size Variance]
var_allele_size_pop1 = 5.0567
var_allele_size_pop2 = 5.8213

[Per-locus summary - Population 1]
Locus | Num_Alleles | Alleles                                           | Frequencies                                                                              | Variance | Obs_Het | Exp_Het
------+-------------+---------------------------------------------------+------------------------------------------------------------------------------------------+----------+---------+--------
1     | 7           | [94, 95, 96, 97, 98, 99, 100]                     | [0.0500, 0.2900, 0.1100, 0.0800, 0.1600, 0.2700, 0.0400]                                 | 3.3196   | 0.8800  | 0.8028 
2     | 9           | [98, 99, 100, 101, 102, 103, 104, 105, 106]       | [0.0300, 0.2000, 0.2800, 0.1600, 0.0500, 0.1100, 0.0400, 0.0700, 0.0600]                 | 4.7800   | 0.7200  | 0.8388 
3     | 8           | [95, 96, 97, 98, 99, 100, 101, 102]               | [0.1000, 0.0500, 0.2300, 0.2800, 0.1800, 0.0800, 0.0700, 0.0100]                         | 2.6184   | 0.8000  | 0.8206 
4     | 7           | [92, 93, 94, 95, 96, 97, 98]                      | [0.0300, 0.1800, 0.1900, 0.2600, 0.1900, 0.1400, 0.0100]                                 | 2.0004   | 0.8600  | 0.8154 
5     | 8           | [91, 95, 96, 97, 98, 99, 100, 101]                | [0.0100, 0.0100, 0.2200, 0.2200, 0.1600, 0.2600, 0.0900, 0.0300]                         | 2.5171   | 0.8200  | 0.8089 
6     | 9           | [99, 100, 101, 102, 103, 104, 105, 106, 107]      | [0.0700, 0.0700, 0.0500, 0.2400, 0.0300, 0.0500, 0.3400, 0.1200, 0.0300]                 | 5.0156   | 0.7600  | 0.8038 
7     | 10          | [98, 99, 100, 101, 102, 103, 104, 105, 106, 107]  | [0.0100, 0.3000, 0.0500, 0.1200, 0.2400, 0.0200, 0.1000, 0.1000, 0.0400, 0.0200]         | 5.4956   | 0.8200  | 0.8212 
8     | 8           | [98, 99, 100, 101, 102, 104, 105, 106]            | [0.1100, 0.0700, 0.2300, 0.3200, 0.0900, 0.0100, 0.1500, 0.0200]                         | 4.5656   | 0.8000  | 0.8046 
9     | 5           | [101, 102, 103, 104, 105]                         | [0.0800, 0.3900, 0.3100, 0.2000, 0.0200]                                                 | 0.8939   | 0.7200  | 0.7121 
10    | 11          | [94, 95, 96, 97, 98, 99, 100, 103, 104, 105, 106] | [0.0100, 0.0600, 0.0200, 0.1900, 0.2800, 0.2000, 0.0100, 0.0100, 0.1700, 0.0200, 0.0300] | 8.9916   | 0.7600  | 0.8192 
11    | 11          | [88, 92, 93, 94, 95, 96, 97, 98, 99, 100, 101]    | [0.0600, 0.0100, 0.1800, 0.0100, 0.1200, 0.1800, 0.1300, 0.0800, 0.1000, 0.1000, 0.0300] | 9.4764   | 0.8600  | 0.8816 
12    | 10          | [97, 99, 100, 101, 102, 103, 104, 105, 106, 107]  | [0.0100, 0.0200, 0.1400, 0.3000, 0.1200, 0.0800, 0.0100, 0.2400, 0.0300, 0.0500]         | 5.0500   | 0.7600  | 0.8162 
13    | 9           | [95, 96, 98, 99, 100, 102, 103, 104, 105]         | [0.0100, 0.1500, 0.0200, 0.0200, 0.1200, 0.2900, 0.2700, 0.0800, 0.0400]                 | 7.1800   | 0.6800  | 0.8053 
14    | 8           | [99, 100, 101, 102, 103, 104, 105, 106]           | [0.0100, 0.0200, 0.1900, 0.1800, 0.3400, 0.1400, 0.0800, 0.0400]                         | 2.0424   | 0.8200  | 0.7958 
15    | 9           | [96, 97, 98, 99, 100, 101, 102, 103, 104]         | [0.0200, 0.2000, 0.3700, 0.0500, 0.0400, 0.1200, 0.0600, 0.1200, 0.0200]                 | 4.7859   | 0.6800  | 0.7937 
16    | 9           | [93, 94, 95, 96, 97, 103, 105, 106, 107]          | [0.0200, 0.0500, 0.3700, 0.1500, 0.1500, 0.0300, 0.0700, 0.1100, 0.0500]                 | 20.6379  | 0.7600  | 0.8028 
17    | 8           | [98, 99, 100, 101, 102, 103, 104, 105]            | [0.1400, 0.1400, 0.4000, 0.0700, 0.0200, 0.0700, 0.1500, 0.0100]                         | 3.8275   | 0.8400  | 0.7758 
18    | 8           | [96, 97, 98, 99, 100, 101, 102, 103]              | [0.0500, 0.0600, 0.1400, 0.2800, 0.2000, 0.1400, 0.0300, 0.1000]                         | 3.1464   | 0.8200  | 0.8337 
19    | 9           | [94, 96, 97, 98, 99, 100, 101, 102, 103]          | [0.0400, 0.0200, 0.1000, 0.0600, 0.3000, 0.3000, 0.0500, 0.1200, 0.0100]                 | 3.3016   | 0.8200  | 0.7954 
20    | 7           | [97, 98, 99, 100, 101, 102, 103]                  | [0.3300, 0.1100, 0.1400, 0.0700, 0.1900, 0.0900, 0.0700]                                 | 4.1371   | 0.7800  | 0.8135 
21    | 7           | [97, 98, 99, 100, 101, 102, 103]                  | [0.0100, 0.0700, 0.4100, 0.1200, 0.1700, 0.1000, 0.1200]                                 | 2.4075   | 0.8400  | 0.7669 

[Per-locus summary - Population 2]
Locus | Num_Alleles | Alleles                                                    | Frequencies                                                                                                      | Variance | Obs_Het | Exp_Het
------+-------------+------------------------------------------------------------+------------------------------------------------------------------------------------------------------------------+----------+---------+--------
1     | 6           | [95, 96, 97, 98, 99, 100]                                  | [0.3600, 0.0600, 0.1200, 0.1600, 0.2400, 0.0600]                                                                 | 3.1584   | 0.7800  | 0.7733 
2     | 9           | [98, 99, 100, 101, 102, 103, 104, 105, 106]                | [0.0200, 0.1000, 0.2400, 0.1700, 0.1100, 0.1100, 0.0900, 0.1200, 0.0400]                                         | 4.4916   | 0.9400  | 0.8634 
3     | 8           | [95, 96, 97, 98, 99, 100, 101, 102]                        | [0.0700, 0.0400, 0.1100, 0.2000, 0.4200, 0.0900, 0.0300, 0.0400]                                                 | 2.3875   | 0.8000  | 0.7620 
4     | 7           | [92, 93, 94, 95, 96, 97, 98]                               | [0.0700, 0.1400, 0.1200, 0.3400, 0.1200, 0.2000, 0.0100]                                                         | 2.3164   | 0.7600  | 0.7990 
5     | 8           | [90, 91, 96, 97, 98, 99, 100, 101]                         | [0.0100, 0.0300, 0.1000, 0.3100, 0.1300, 0.2500, 0.1000, 0.0700]                                                 | 4.0804   | 0.8200  | 0.8067 
6     | 8           | [99, 100, 101, 102, 103, 104, 105, 106]                    | [0.0400, 0.0300, 0.0500, 0.1400, 0.1700, 0.0400, 0.3700, 0.1600]                                                 | 3.6171   | 0.7800  | 0.7903 
7     | 10          | [98, 99, 100, 101, 102, 103, 104, 105, 106, 107]           | [0.0200, 0.3500, 0.1100, 0.0600, 0.1400, 0.0200, 0.0900, 0.1700, 0.0200, 0.0200]                                 | 6.4296   | 0.8200  | 0.8117 
8     | 7           | [98, 99, 100, 101, 102, 105, 106]                          | [0.1700, 0.0800, 0.1800, 0.2800, 0.0900, 0.1900, 0.0100]                                                         | 5.4075   | 0.9000  | 0.8178 
9     | 5           | [100, 101, 102, 103, 104]                                  | [0.0300, 0.0700, 0.4800, 0.2500, 0.1700]                                                                         | 0.9084   | 0.7400  | 0.6792 
10    | 11          | [95, 96, 97, 98, 99, 100, 103, 104, 105, 106, 107]         | [0.0900, 0.0700, 0.1100, 0.3000, 0.1700, 0.0100, 0.0100, 0.1800, 0.0200, 0.0100, 0.0300]                         | 10.5259  | 0.7800  | 0.8303 
11    | 14          | [88, 89, 90, 91, 92, 93, 94, 95, 96, 97, 98, 99, 100, 101] | [0.0900, 0.0400, 0.0100, 0.0100, 0.0600, 0.1600, 0.0100, 0.0800, 0.1500, 0.1300, 0.0300, 0.1300, 0.0800, 0.0200] | 13.1851  | 0.9600  | 0.8994 
12    | 9           | [99, 100, 101, 102, 103, 104, 105, 106, 107]               | [0.0400, 0.1400, 0.2900, 0.1100, 0.0500, 0.0200, 0.2500, 0.0400, 0.0600]                                         | 5.3579   | 0.8600  | 0.8202 
13    | 10          | [95, 96, 97, 98, 99, 100, 102, 103, 104, 105]              | [0.0700, 0.1600, 0.0500, 0.0200, 0.0100, 0.1200, 0.2400, 0.2600, 0.0500, 0.0200]                                 | 9.3131   | 0.8600  | 0.8323 
14    | 8           | [99, 100, 101, 102, 103, 104, 105, 106]                    | [0.0200, 0.0600, 0.1800, 0.2900, 0.2200, 0.1600, 0.0600, 0.0100]                                                 | 2.0000   | 0.7200  | 0.8099 
15    | 9           | [96, 97, 98, 99, 100, 101, 102, 103, 104]                  | [0.0300, 0.2000, 0.4200, 0.0500, 0.0100, 0.1200, 0.0400, 0.1000, 0.0300]                                         | 4.6899   | 0.7000  | 0.7608 
16    | 10          | [93, 94, 95, 96, 97, 103, 105, 106, 107, 108]              | [0.0200, 0.0800, 0.3100, 0.1000, 0.1100, 0.0700, 0.0600, 0.1500, 0.0900, 0.0100]                                 | 26.1716  | 0.8800  | 0.8442 
17    | 8           | [98, 99, 100, 101, 102, 103, 104, 105]                     | [0.0200, 0.0500, 0.4600, 0.1400, 0.0100, 0.1200, 0.1700, 0.0300]                                                 | 3.2724   | 0.6400  | 0.7289 
18    | 8           | [96, 97, 98, 99, 100, 101, 102, 103]                       | [0.0900, 0.0500, 0.1000, 0.2400, 0.1800, 0.1700, 0.0500, 0.1200]                                                 | 3.8776   | 0.7600  | 0.8521 
19    | 8           | [94, 96, 97, 98, 99, 100, 101, 102]                        | [0.0800, 0.0200, 0.1000, 0.0900, 0.1400, 0.3700, 0.1000, 0.1000]                                                 | 4.3256   | 0.8600  | 0.8067 
20    | 7           | [97, 98, 99, 100, 101, 102, 103]                           | [0.3600, 0.0900, 0.1500, 0.0400, 0.1600, 0.0600, 0.1400]                                                         | 4.9059   | 0.8400  | 0.7974 
21    | 6           | [98, 99, 100, 101, 102, 103]                               | [0.0800, 0.4200, 0.2100, 0.1400, 0.0800, 0.0700]                                                                 | 1.8251   | 0.6800  | 0.7497 
