
[Simulation Info]
simulation_id = sim_0012471
timestamp     = 20250429_095323
seed          = 928714
output_folder = /home/lejeunet/Bureau/simulations/Ref_table/sim_0012471

[Model Parameters]
pop_size           = 2292
num_loci           = 20
sample1_generation = 30
sample2_generation = 10
low_repeats        = 1
high_repeats       = 200
mutation_rate      = 0.001
recap_Ne           = 2292

[Sampling Design]
sample1_size_Ne  = 50
sample2_size_Ne  = 50
sample1_size_CMR = 50
sample2_size_CMR = 50

[Capture-Marquage-Recapture]
census_N   =  2601
MatchCount =  1

[Ne Estimates - One Sample - Decreasing critical values [0.050, 0.020, 0.010, 0+]]

[Linkage Desequilibrium]
LD_Ne_Pop1 = [None, 2531.6, None, None]
LD_r2_Pop1 = [0.021239, 0.021408, 0.021082, 0.021082]
LD_Ne_Pop2 = [None, None, None, None]
LD_r2_Pop2 = [0.020668, 0.020963, 0.020868, 0.020868]

[Heterozygote excess]
HE_Neb_mean_Pop1        = [None, None, None, None]
HE_weighted_D_mean_Pop1 = [-0.03042, -0.03244, -0.03209, -0.03209]
HE_Neb_mean_Pop2        = [None, None, None, None]
HE_weighted_D_mean_Pop2 = [-0.00929, -0.01006, -0.01004, -0.01004]

[Molecular Coancestry]
Coan_Neb_n_Pop1 = 34.7
Coan_f1_Pop1    = 0.01443
Coan_Neb_n_Pop2 = 92.0
Coan_f1_Pop2    = 0.00543

[Ne Estimates - Temporal - Decreasing critical values (0.050, 0.020, 0.010, 0+)]

[Pollak]
P_Ne     = [-5264.4, -118911.2, -30366.3, -30366.3]
P_Fk     = [0.01905, 0.01996, 0.01984, 0.01984]
P_Fprime = [-0.00095, -4e-05, -0.00016, -0.00016]

[Nei/Tajima]
N_Ne     = [-3758.8, -9327.0, -7906.9, -7906.9]
N_Fc     = [0.01867, 0.01946, 0.01937, 0.01937]
N_Fprime = [-0.00133, -0.00054, -0.00063, -0.00063]

[Jorde/Ryman]
J_Ne     = [-3215.7, -3239.1, -3212.4, -3212.4]
J_Fs     = [0.01855, 0.01856, 0.01854, 0.01854]
J_Fprime = [-0.00155, -0.00154, -0.00156, -0.00156]

[Genetic Diversity - Heterozygosity]
mean_exp_het_pop1 = 0.7967
mean_obs_het_pop1 = 0.7667
mean_exp_het_pop2 = 0.7895
mean_obs_het_pop2 = 0.7857

[Genetic Diversity - Allele Counts]
mean_alleles_pop1 = 7.24
var_alleles_pop1  = 1.49
sum_alleles_pop1  = 152
mean_alleles_pop2 = 7.48
var_alleles_pop2  = 2.55
sum_alleles_pop2  = 314

[Genetic Diversity - Allelic Size Variance]
var_allele_size_pop1 = 3.1279
var_allele_size_pop2 = 3.219

[Per-locus summary - Population 1]
Locus | Num_Alleles | Alleles                                       | Frequencies                                                                      | Variance | Obs_Het | Exp_Het
------+-------------+-----------------------------------------------+----------------------------------------------------------------------------------+----------+---------+--------
1     | 8           | [98, 99, 100, 101, 102, 103, 104, 105]        | [0.1900, 0.1800, 0.1400, 0.1000, 0.1000, 0.0200, 0.2300, 0.0400]                 | 5.4536   | 0.8200  | 0.8455 
2     | 7           | [98, 99, 100, 101, 102, 103, 104]             | [0.0200, 0.1900, 0.2000, 0.2000, 0.0500, 0.2500, 0.0900]                         | 2.9676   | 0.8400  | 0.8186 
3     | 5           | [98, 99, 100, 101, 102]                       | [0.0500, 0.2800, 0.3700, 0.2000, 0.1000]                                         | 1.0796   | 0.8200  | 0.7396 
4     | 7           | [94, 96, 97, 98, 99, 100, 101]                | [0.0600, 0.1700, 0.1700, 0.0600, 0.1000, 0.3600, 0.0800]                         | 3.9739   | 0.7400  | 0.7970 
5     | 7           | [97, 98, 99, 100, 101, 102, 103]              | [0.0400, 0.0200, 0.1800, 0.2600, 0.2500, 0.0900, 0.1600]                         | 2.3451   | 0.8000  | 0.8099 
6     | 7           | [97, 98, 99, 100, 101, 102, 103]              | [0.0500, 0.1900, 0.2100, 0.2200, 0.0900, 0.1000, 0.1400]                         | 3.1691   | 0.8000  | 0.8396 
7     | 10          | [95, 96, 97, 98, 99, 100, 101, 102, 103, 104] | [0.0800, 0.0300, 0.3600, 0.1100, 0.1600, 0.1800, 0.0300, 0.0100, 0.0300, 0.0100] | 3.5800   | 0.8000  | 0.7990 
8     | 6           | [96, 97, 98, 100, 101, 102]                   | [0.0100, 0.1900, 0.1500, 0.2300, 0.2700, 0.1500]                                 | 3.2244   | 0.7400  | 0.8010 
9     | 7           | [98, 99, 100, 101, 102, 103, 104]             | [0.1600, 0.2800, 0.1900, 0.1300, 0.1000, 0.1200, 0.0200]                         | 2.8211   | 0.8200  | 0.8265 
10    | 7           | [98, 99, 100, 101, 102, 103, 104]             | [0.2000, 0.1300, 0.1000, 0.1800, 0.2200, 0.1600, 0.0100]                         | 3.2179   | 0.8000  | 0.8349 
11    | 6           | [96, 97, 98, 99, 100, 101]                    | [0.0500, 0.2000, 0.2100, 0.1100, 0.3600, 0.0700]                                 | 2.0324   | 0.7000  | 0.7745 
12    | 8           | [96, 97, 98, 99, 100, 101, 102, 103]          | [0.0300, 0.0400, 0.4100, 0.2200, 0.1100, 0.0700, 0.1100, 0.0100]                 | 2.3784   | 0.6400  | 0.7594 
13    | 8           | [95, 96, 97, 98, 99, 100, 101, 102]           | [0.1900, 0.1600, 0.1100, 0.0500, 0.4200, 0.0300, 0.0300, 0.0100]                 | 3.2779   | 0.7000  | 0.7529 
14    | 10          | [94, 95, 97, 98, 99, 101, 102, 103, 104, 105] | [0.1500, 0.0500, 0.1500, 0.3100, 0.0900, 0.0200, 0.0300, 0.1600, 0.0100, 0.0300] | 9.3864   | 0.8400  | 0.8287 
15    | 8           | [96, 97, 98, 99, 100, 101, 102, 103]          | [0.0100, 0.2300, 0.1400, 0.2000, 0.1000, 0.2700, 0.0200, 0.0300]                 | 2.9539   | 0.7400  | 0.8113 
16    | 8           | [96, 97, 98, 99, 100, 101, 102, 103]          | [0.0100, 0.1100, 0.2500, 0.1500, 0.2200, 0.1900, 0.0100, 0.0600]                 | 2.6731   | 0.7800  | 0.8228 
17    | 6           | [96, 97, 98, 99, 100, 101]                    | [0.0300, 0.0200, 0.0800, 0.1800, 0.5300, 0.1600]                                 | 1.1904   | 0.6200  | 0.6600 
18    | 7           | [96, 97, 98, 99, 100, 101, 102]               | [0.0200, 0.1400, 0.3300, 0.2300, 0.1100, 0.1400, 0.0300]                         | 1.9739   | 0.8400  | 0.7935 
19    | 7           | [97, 98, 99, 100, 101, 102, 103]              | [0.0100, 0.1100, 0.2100, 0.2000, 0.2700, 0.1800, 0.0200]                         | 1.8571   | 0.7800  | 0.8061 
20    | 6           | [98, 99, 100, 101, 102, 103]                  | [0.1800, 0.1200, 0.1200, 0.2800, 0.1800, 0.1200]                                 | 2.6496   | 0.7800  | 0.8218 
21    | 7           | [98, 99, 100, 101, 102, 103, 104]             | [0.3000, 0.2200, 0.2400, 0.0200, 0.0400, 0.1400, 0.0400]                         | 3.4804   | 0.7000  | 0.7887 

[Per-locus summary - Population 2]
Locus | Num_Alleles | Alleles                                               | Frequencies                                                                                      | Variance | Obs_Het | Exp_Het
------+-------------+-------------------------------------------------------+--------------------------------------------------------------------------------------------------+----------+---------+--------
1     | 9           | [97, 98, 99, 100, 101, 102, 103, 104, 105]            | [0.0100, 0.1000, 0.1300, 0.2000, 0.1500, 0.0800, 0.0600, 0.2400, 0.0300]                         | 4.6824   | 0.8400  | 0.8505 
2     | 6           | [99, 100, 101, 102, 103, 104]                         | [0.1800, 0.1700, 0.2600, 0.0300, 0.2600, 0.1000]                                                 | 2.7576   | 0.9000  | 0.8006 
3     | 5           | [98, 99, 100, 101, 102]                               | [0.0300, 0.3100, 0.3400, 0.2600, 0.0600]                                                         | 0.9299   | 0.8000  | 0.7234 
4     | 8           | [94, 95, 96, 97, 98, 99, 100, 101]                    | [0.0400, 0.0100, 0.2100, 0.0900, 0.0100, 0.1300, 0.4200, 0.0900]                                 | 3.9884   | 0.7400  | 0.7521 
5     | 7           | [97, 98, 99, 100, 101, 102, 103]                      | [0.0100, 0.0200, 0.1900, 0.2700, 0.2200, 0.1800, 0.1100]                                         | 1.8675   | 0.8800  | 0.8057 
6     | 7           | [97, 98, 99, 100, 101, 102, 103]                      | [0.0500, 0.1300, 0.1800, 0.2700, 0.0400, 0.2000, 0.1300]                                         | 3.1024   | 0.8400  | 0.8250 
7     | 11          | [94, 95, 96, 97, 98, 99, 100, 101, 102, 103, 104]     | [0.0100, 0.0500, 0.0200, 0.3100, 0.1000, 0.1000, 0.2300, 0.0700, 0.0400, 0.0400, 0.0300]         | 4.7771   | 0.8200  | 0.8273 
8     | 7           | [96, 97, 98, 100, 101, 102, 103]                      | [0.0400, 0.2100, 0.1000, 0.0800, 0.4100, 0.1500, 0.0100]                                         | 3.9675   | 0.7600  | 0.7548 
9     | 6           | [98, 99, 100, 101, 102, 103]                          | [0.0800, 0.2200, 0.2300, 0.1400, 0.2200, 0.1100]                                                 | 2.2691   | 0.7000  | 0.8204 
10    | 7           | [98, 99, 100, 101, 102, 103, 104]                     | [0.1500, 0.1000, 0.1100, 0.1500, 0.2200, 0.2600, 0.0100]                                         | 3.2099   | 0.7800  | 0.8250 
11    | 7           | [95, 96, 97, 98, 99, 100, 101]                        | [0.0200, 0.0500, 0.2900, 0.1200, 0.1000, 0.3900, 0.0300]                                         | 2.3296   | 0.6200  | 0.7430 
12    | 8           | [96, 97, 98, 99, 100, 101, 102, 103]                  | [0.0500, 0.0100, 0.3200, 0.2600, 0.1600, 0.0600, 0.1300, 0.0100]                                 | 2.4916   | 0.8000  | 0.7891 
13    | 7           | [95, 96, 97, 98, 99, 100, 101]                        | [0.1600, 0.1100, 0.1300, 0.0700, 0.4800, 0.0400, 0.0100]                                         | 2.6824   | 0.7600  | 0.7156 
14    | 12          | [93, 94, 95, 96, 97, 98, 99, 101, 102, 103, 104, 105] | [0.0200, 0.1200, 0.0200, 0.0400, 0.1300, 0.3100, 0.0400, 0.0100, 0.0400, 0.2000, 0.0300, 0.0400] | 10.9944  | 0.8400  | 0.8327 
15    | 7           | [97, 98, 99, 100, 101, 103, 104]                      | [0.2500, 0.1600, 0.1800, 0.0900, 0.2200, 0.0600, 0.0400]                                         | 3.9939   | 0.8000  | 0.8261 
16    | 7           | [97, 98, 99, 100, 101, 102, 103]                      | [0.1900, 0.2200, 0.1900, 0.1500, 0.1900, 0.0100, 0.0500]                                         | 2.7544   | 0.7800  | 0.8265 
17    | 6           | [96, 97, 98, 99, 100, 101]                            | [0.0200, 0.0400, 0.0900, 0.2000, 0.5300, 0.1200]                                                 | 1.1484   | 0.6800  | 0.6612 
18    | 7           | [96, 97, 98, 99, 100, 101, 102]                       | [0.0300, 0.1300, 0.2900, 0.2400, 0.1000, 0.1900, 0.0200]                                         | 2.1100   | 0.8000  | 0.8020 
19    | 6           | [98, 99, 100, 101, 102, 103]                          | [0.1200, 0.1500, 0.2000, 0.2800, 0.2400, 0.0100]                                                 | 1.8000   | 0.7800  | 0.7950 
20    | 7           | [97, 98, 99, 100, 101, 102, 103]                      | [0.0100, 0.1900, 0.2500, 0.1000, 0.1800, 0.2000, 0.0700]                                         | 2.6931   | 0.8000  | 0.8222 
21    | 6           | [98, 99, 100, 101, 102, 103]                          | [0.2300, 0.2400, 0.2800, 0.0200, 0.0400, 0.1900]                                                 | 3.0491   | 0.7800  | 0.7808 
