
[Simulation Info]
simulation_id = sim_0000187
timestamp     = 20250428_073826
seed          = 671344
output_folder = /home/lejeunet/Bureau/simulations/Ref_table/sim_0000187

[Model Parameters]
pop_size           = 1381
num_loci           = 20
sample1_generation = 30
sample2_generation = 10
low_repeats        = 1
high_repeats       = 200
mutation_rate      = 0.001
recap_Ne           = 1381

[Sampling Design]
sample1_size_Ne  = 50
sample2_size_Ne  = 50
sample1_size_CMR = 50
sample2_size_CMR = 50

[Capture-Marquage-Recapture]
census_N   =  2601
MatchCount =  1

[Ne Estimates - One Sample - Decreasing critical values [0.050, 0.020, 0.010, 0+]]

[Linkage Desequilibrium]
LD_Ne_Pop1 = [339.8, 374.9, 834.2, 834.2]
LD_r2_Pop1 = [0.022251, 0.02216, 0.021675, 0.021675]
LD_Ne_Pop2 = [331.4, 450.9, 573.9, 573.9]
LD_r2_Pop2 = [0.022276, 0.022012, 0.021855, 0.021855]

[Heterozygote excess]
HE_Neb_mean_Pop1        = [None, None, None, None]
HE_weighted_D_mean_Pop1 = [-0.00794, -0.00758, -0.00754, -0.00754]
HE_Neb_mean_Pop2        = [52.9, 59.5, 59.5, 59.5]
HE_weighted_D_mean_Pop2 = [0.00954, 0.00848, 0.00848, 0.00848]

[Molecular Coancestry]
Coan_Neb_n_Pop1 = None
Coan_f1_Pop1    = -0.00094
Coan_Neb_n_Pop2 = 14.2
Coan_f1_Pop2    = 0.03526

[Ne Estimates - Temporal - Decreasing critical values (0.050, 0.020, 0.010, 0+)]

[Pollak]
P_Ne     = [-1962.6, -1918.1, -2703.2, -2703.2]
P_Fk     = [0.01745, 0.01739, 0.01815, 0.01815]
P_Fprime = [-0.00255, -0.00261, -0.00185, -0.00185]

[Nei/Tajima]
N_Ne     = [-1786.0, -1796.0, -2335.1, -2335.1]
N_Fc     = [0.0172, 0.01722, 0.01786, 0.01786]
N_Fprime = [-0.0028, -0.00278, -0.00214, -0.00214]

[Jorde/Ryman]
J_Ne     = [-1591.5, -1767.3, -1818.4, -1818.4]
J_Fs     = [0.01696, 0.01727, 0.01735, 0.01735]
J_Fprime = [-0.00314, -0.00283, -0.00275, -0.00275]

[Genetic Diversity - Heterozygosity]
mean_exp_het_pop1 = 0.7224
mean_obs_het_pop1 = 0.719
mean_exp_het_pop2 = 0.7149
mean_obs_het_pop2 = 0.7267

[Genetic Diversity - Allele Counts]
mean_alleles_pop1 = 6.24
var_alleles_pop1  = 1.89
sum_alleles_pop1  = 131
mean_alleles_pop2 = 6.33
var_alleles_pop2  = 1.93
sum_alleles_pop2  = 266

[Genetic Diversity - Allelic Size Variance]
var_allele_size_pop1 = 2.1033
var_allele_size_pop2 = 2.0886

[Per-locus summary - Population 1]
Locus | Num_Alleles | Alleles                                  | Frequencies                                                              | Variance | Obs_Het | Exp_Het
------+-------------+------------------------------------------+--------------------------------------------------------------------------+----------+---------+--------
1     | 6           | [98, 99, 100, 101, 102, 103]             | [0.0600, 0.2800, 0.2100, 0.2000, 0.1500, 0.1000]                         | 2.0600   | 0.8000  | 0.8095 
2     | 6           | [99, 100, 101, 102, 103, 104]            | [0.0300, 0.2800, 0.0100, 0.0400, 0.6000, 0.0400]                         | 2.1596   | 0.6400  | 0.5630 
3     | 7           | [99, 100, 101, 102, 103, 104, 105]       | [0.0800, 0.1900, 0.1300, 0.1800, 0.2700, 0.1000, 0.0500]                 | 2.7131   | 0.9000  | 0.8311 
4     | 4           | [100, 101, 102, 103]                     | [0.0300, 0.5300, 0.3900, 0.0500]                                         | 0.4084   | 0.6000  | 0.5693 
5     | 7           | [97, 98, 99, 100, 101, 102, 103]         | [0.0200, 0.0400, 0.1600, 0.1800, 0.2700, 0.3000, 0.0300]                 | 1.8044   | 0.7600  | 0.7840 
6     | 6           | [98, 99, 100, 101, 102, 103]             | [0.0100, 0.1500, 0.3100, 0.2700, 0.2500, 0.0100]                         | 1.1531   | 0.8000  | 0.7533 
7     | 5           | [96, 97, 98, 99, 100]                    | [0.0700, 0.1800, 0.4800, 0.1800, 0.0900]                                 | 0.9984   | 0.6400  | 0.6988 
8     | 7           | [94, 95, 97, 98, 99, 100, 102]           | [0.0500, 0.0600, 0.0400, 0.3700, 0.3500, 0.0800, 0.0500]                 | 2.7659   | 0.6400  | 0.7313 
9     | 6           | [98, 99, 100, 101, 102, 103]             | [0.1100, 0.1600, 0.4100, 0.2400, 0.0500, 0.0300]                         | 1.3075   | 0.7600  | 0.7406 
10    | 8           | [95, 96, 97, 98, 100, 101, 102, 103]     | [0.0100, 0.0700, 0.0800, 0.1100, 0.0600, 0.1000, 0.5100, 0.0600]         | 4.9499   | 0.6600  | 0.7063 
11    | 6           | [96, 97, 98, 99, 100, 101]               | [0.0300, 0.3900, 0.1300, 0.1700, 0.2500, 0.0300]                         | 1.8539   | 0.7000  | 0.7452 
12    | 8           | [95, 96, 97, 98, 99, 100, 101, 102]      | [0.0100, 0.0600, 0.0200, 0.1300, 0.0800, 0.3900, 0.2200, 0.0900]         | 2.4859   | 0.7200  | 0.7717 
13    | 7           | [97, 98, 99, 100, 101, 102, 103]         | [0.0400, 0.0200, 0.1400, 0.3300, 0.3800, 0.0800, 0.0100]                 | 1.2971   | 0.6800  | 0.7259 
14    | 5           | [99, 100, 101, 102, 103]                 | [0.3700, 0.0400, 0.2000, 0.3700, 0.0200]                                 | 1.8331   | 0.5800  | 0.6911 
15    | 6           | [97, 98, 99, 100, 101, 102]              | [0.1400, 0.2300, 0.0100, 0.2100, 0.3100, 0.1000]                         | 2.7556   | 0.8600  | 0.7851 
16    | 7           | [97, 98, 99, 100, 101, 102, 103]         | [0.0100, 0.0400, 0.3000, 0.0200, 0.1100, 0.4300, 0.0900]                 | 2.5011   | 0.7400  | 0.7099 
17    | 9           | [95, 96, 97, 98, 99, 101, 102, 103, 104] | [0.0200, 0.1200, 0.1900, 0.1600, 0.2000, 0.0300, 0.2400, 0.0200, 0.0200] | 5.4196   | 0.8200  | 0.8325 
18    | 7           | [99, 100, 101, 102, 103, 105, 106]       | [0.0500, 0.0300, 0.2300, 0.1900, 0.3200, 0.1700, 0.0100]                 | 2.6251   | 0.8600  | 0.7840 
19    | 5           | [99, 100, 101, 102, 103]                 | [0.0300, 0.3600, 0.3900, 0.1900, 0.0300]                                 | 0.7611   | 0.7400  | 0.6873 
20    | 6           | [98, 99, 100, 101, 102, 103]             | [0.0400, 0.2500, 0.1000, 0.4000, 0.0700, 0.1400]                         | 1.9531   | 0.7800  | 0.7489 
21    | 3           | [101, 102, 103]                          | [0.6400, 0.3000, 0.0600]                                                 | 0.3636   | 0.4200  | 0.5018 

[Per-locus summary - Population 2]
Locus | Num_Alleles | Alleles                                  | Frequencies                                                              | Variance | Obs_Het | Exp_Het
------+-------------+------------------------------------------+--------------------------------------------------------------------------+----------+---------+--------
1     | 6           | [98, 99, 100, 101, 102, 103]             | [0.0200, 0.2300, 0.2500, 0.1900, 0.2100, 0.1000]                         | 1.8304   | 0.8800  | 0.8020 
2     | 6           | [99, 100, 101, 102, 103, 104]            | [0.0600, 0.1900, 0.0100, 0.0200, 0.6900, 0.0300]                         | 2.0876   | 0.4400  | 0.4877 
3     | 7           | [99, 100, 101, 102, 103, 104, 105]       | [0.0800, 0.1500, 0.1100, 0.1600, 0.3500, 0.1200, 0.0300]                 | 2.5291   | 0.8200  | 0.8036 
4     | 4           | [100, 101, 102, 103]                     | [0.0600, 0.4100, 0.4500, 0.0800]                                         | 0.5275   | 0.7000  | 0.6257 
5     | 7           | [97, 98, 99, 100, 101, 102, 103]         | [0.0300, 0.0400, 0.1900, 0.1700, 0.2400, 0.2800, 0.0500]                 | 2.0819   | 0.9000  | 0.8020 
6     | 5           | [99, 100, 101, 102, 103]                 | [0.1100, 0.3300, 0.2400, 0.3000, 0.0200]                                 | 1.1059   | 0.7800  | 0.7384 
7     | 6           | [96, 97, 98, 99, 100, 101]               | [0.0900, 0.1600, 0.4300, 0.1400, 0.1200, 0.0600]                         | 1.6316   | 0.7200  | 0.7513 
8     | 8           | [94, 95, 96, 97, 98, 99, 100, 102]       | [0.0400, 0.0700, 0.0100, 0.0200, 0.3500, 0.4000, 0.0600, 0.0500]         | 2.6739   | 0.6800  | 0.7115 
9     | 6           | [98, 99, 100, 101, 102, 103]             | [0.0200, 0.2200, 0.3800, 0.3100, 0.0200, 0.0500]                         | 1.0824   | 0.7400  | 0.7149 
10    | 7           | [96, 97, 98, 100, 101, 102, 103]         | [0.1300, 0.0600, 0.1200, 0.0500, 0.1200, 0.4500, 0.0700]                 | 5.5659   | 0.7600  | 0.7483 
11    | 6           | [96, 97, 98, 99, 100, 101]               | [0.0500, 0.3600, 0.2000, 0.2200, 0.1500, 0.0200]                         | 1.5456   | 0.7800  | 0.7642 
12    | 7           | [96, 97, 98, 99, 100, 101, 102]          | [0.0300, 0.0500, 0.1600, 0.0400, 0.4400, 0.1900, 0.0900]                 | 2.0924   | 0.7200  | 0.7390 
13    | 7           | [97, 98, 99, 100, 101, 102, 103]         | [0.0700, 0.0100, 0.1100, 0.2700, 0.4500, 0.0600, 0.0300]                 | 1.6376   | 0.6800  | 0.7101 
14    | 4           | [99, 100, 101, 102]                      | [0.2800, 0.0100, 0.2600, 0.4500]                                         | 1.5656   | 0.7200  | 0.6580 
15    | 7           | [96, 97, 98, 99, 100, 101, 102]          | [0.0100, 0.1100, 0.2800, 0.0300, 0.1200, 0.3400, 0.1100]                 | 2.9200   | 0.7600  | 0.7741 
16    | 6           | [98, 99, 100, 101, 102, 103]             | [0.0500, 0.2300, 0.0600, 0.0700, 0.5200, 0.0700]                         | 2.2299   | 0.5600  | 0.6675 
17    | 9           | [95, 96, 97, 98, 99, 100, 102, 103, 104] | [0.0200, 0.1100, 0.3100, 0.1800, 0.1700, 0.0100, 0.1600, 0.0200, 0.0200] | 4.7084   | 0.8000  | 0.8117 
18    | 7           | [99, 100, 101, 102, 103, 104, 105]       | [0.0600, 0.0300, 0.2700, 0.1400, 0.3100, 0.0200, 0.1700]                 | 2.7275   | 0.8200  | 0.7854 
19    | 4           | [100, 101, 102, 103]                     | [0.4300, 0.3700, 0.1400, 0.0600]                                         | 0.7811   | 0.6800  | 0.6616 
20    | 6           | [98, 99, 100, 101, 102, 103]             | [0.1200, 0.1500, 0.1900, 0.3600, 0.0400, 0.1400]                         | 2.1891   | 0.7800  | 0.7840 
21    | 4           | [100, 101, 102, 103]                     | [0.0100, 0.6800, 0.2600, 0.0500]                                         | 0.3475   | 0.5400  | 0.4721 
