
[Simulation Info]
simulation_id = sim_0012699
timestamp     = 20250429_100031
seed          = 865014
output_folder = /home/lejeunet/Bureau/simulations/Ref_table/sim_0012699

[Model Parameters]
pop_size           = 5642
num_loci           = 20
sample1_generation = 30
sample2_generation = 10
low_repeats        = 1
high_repeats       = 200
mutation_rate      = 0.001
recap_Ne           = 5642

[Sampling Design]
sample1_size_Ne  = 50
sample2_size_Ne  = 50
sample1_size_CMR = 50
sample2_size_CMR = 50

[Capture-Marquage-Recapture]
census_N   =  2601
MatchCount =  1

[Ne Estimates - One Sample - Decreasing critical values [0.050, 0.020, 0.010, 0+]]

[Linkage Desequilibrium]
LD_Ne_Pop1 = [None, None, None, None]
LD_r2_Pop1 = [0.020566, 0.020817, 0.021094, 0.021094]
LD_Ne_Pop2 = [None, None, None, None]
LD_r2_Pop2 = [0.020775, 0.020906, 0.021031, 0.021031]

[Heterozygote excess]
HE_Neb_mean_Pop1        = [58.5, 76.0, 83.4, 83.4]
HE_weighted_D_mean_Pop1 = [0.00862, 0.00662, 0.00603, 0.00603]
HE_Neb_mean_Pop2        = [412.6, None, None, None]
HE_weighted_D_mean_Pop2 = [0.00121, -0.00233, -0.00299, -0.00299]

[Molecular Coancestry]
Coan_Neb_n_Pop1 = None
Coan_f1_Pop1    = -0.00476
Coan_Neb_n_Pop2 = None
Coan_f1_Pop2    = -0.01818

[Ne Estimates - Temporal - Decreasing critical values (0.050, 0.020, 0.010, 0+)]

[Pollak]
P_Ne     = [8901.6, 23245.2, -134226.3, -20424.2]
P_Fk     = [0.02056, 0.02022, 0.01996, 0.01976]
P_Fprime = [0.00056, 0.00022, -4e-05, -0.00024]

[Nei/Tajima]
N_Ne     = [13955.4, 97900.9, -29043.2, -14016.7]
N_Fc     = [0.02036, 0.02005, 0.01983, 0.01964]
N_Fprime = [0.00036, 5e-05, -0.00017, -0.00036]

[Jorde/Ryman]
J_Ne     = [4264.6, 4560.9, 4531.6, 4679.9]
J_Fs     = [0.02127, 0.0212, 0.0212, 0.02117]
J_Fprime = [0.00117, 0.0011, 0.0011, 0.00107]

[Genetic Diversity - Heterozygosity]
mean_exp_het_pop1 = 0.8219
mean_obs_het_pop1 = 0.8371
mean_exp_het_pop2 = 0.8343
mean_obs_het_pop2 = 0.8333

[Genetic Diversity - Allele Counts]
mean_alleles_pop1 = 9.24
var_alleles_pop1  = 4.99
sum_alleles_pop1  = 194
mean_alleles_pop2 = 9.95
var_alleles_pop2  = 3.9
sum_alleles_pop2  = 418

[Genetic Diversity - Allelic Size Variance]
var_allele_size_pop1 = 4.7122
var_allele_size_pop2 = 5.0034

[Per-locus summary - Population 1]
Locus | Num_Alleles | Alleles                                                         | Frequencies                                                                                                      | Variance | Obs_Het | Exp_Het
------+-------------+-----------------------------------------------------------------+------------------------------------------------------------------------------------------------------------------+----------+---------+--------
1     | 9           | [97, 98, 99, 100, 101, 102, 103, 104, 105]                      | [0.0200, 0.0600, 0.0800, 0.3100, 0.3900, 0.0700, 0.0300, 0.0100, 0.0300]                                         | 2.0475   | 0.7800  | 0.7420 
2     | 6           | [98, 100, 101, 102, 103, 104]                                   | [0.0200, 0.0600, 0.2400, 0.2700, 0.2200, 0.1900]                                                                 | 1.7544   | 0.7800  | 0.7889 
3     | 9           | [95, 96, 97, 98, 99, 100, 101, 102, 103]                        | [0.0300, 0.0600, 0.1000, 0.1000, 0.1000, 0.3000, 0.1800, 0.1200, 0.0100]                                         | 3.5684   | 0.7800  | 0.8370 
4     | 13          | [95, 96, 97, 98, 99, 100, 101, 102, 103, 104, 105, 106, 109]    | [0.0100, 0.0200, 0.0600, 0.1300, 0.0400, 0.1000, 0.1200, 0.0800, 0.3400, 0.0300, 0.0500, 0.0100, 0.0100]         | 6.6059   | 0.8400  | 0.8358 
5     | 8           | [96, 97, 98, 99, 100, 101, 102, 103]                            | [0.0400, 0.1200, 0.3300, 0.1400, 0.0600, 0.1700, 0.1200, 0.0200]                                                 | 3.2875   | 0.8000  | 0.8164 
6     | 7           | [96, 97, 98, 99, 100, 101, 102]                                 | [0.1400, 0.1000, 0.1800, 0.1200, 0.2100, 0.2300, 0.0200]                                                         | 3.1451   | 0.8600  | 0.8346 
7     | 9           | [98, 99, 100, 101, 102, 103, 104, 105, 106]                     | [0.0300, 0.0400, 0.0700, 0.2700, 0.2100, 0.2500, 0.0400, 0.0800, 0.0100]                                         | 2.6784   | 0.9200  | 0.8131 
8     | 9           | [94, 95, 97, 98, 99, 100, 101, 102, 103]                        | [0.0500, 0.0300, 0.0200, 0.1600, 0.1700, 0.2300, 0.1900, 0.1200, 0.0300]                                         | 4.2496   | 0.7800  | 0.8459 
9     | 10          | [97, 98, 99, 100, 101, 102, 103, 104, 105, 106]                 | [0.0100, 0.1100, 0.0900, 0.0800, 0.1200, 0.2900, 0.1300, 0.0400, 0.0900, 0.0400]                                 | 4.8400   | 0.8600  | 0.8551 
10    | 10          | [96, 97, 98, 99, 100, 101, 102, 103, 104, 105]                  | [0.0100, 0.0100, 0.2700, 0.3000, 0.1300, 0.0900, 0.0500, 0.0800, 0.0300, 0.0300]                                 | 3.8259   | 0.9200  | 0.8093 
11    | 12          | [91, 92, 95, 96, 97, 98, 99, 100, 101, 102, 103, 104]           | [0.0200, 0.0700, 0.0100, 0.0300, 0.0400, 0.0900, 0.1300, 0.2100, 0.1100, 0.1900, 0.0800, 0.0200]                 | 9.3091   | 0.8600  | 0.8768 
12    | 11          | [94, 95, 96, 97, 98, 100, 101, 102, 103, 104, 105]              | [0.1200, 0.0500, 0.0700, 0.0700, 0.0300, 0.1100, 0.1200, 0.0600, 0.1800, 0.1500, 0.0400]                         | 12.8164  | 0.9000  | 0.8948 
13    | 10          | [93, 94, 95, 96, 97, 98, 99, 100, 102, 103]                     | [0.0100, 0.0800, 0.0600, 0.0200, 0.0700, 0.2800, 0.3200, 0.1400, 0.0100, 0.0100]                                 | 3.5091   | 0.7800  | 0.7919 
14    | 9           | [96, 97, 98, 99, 100, 101, 102, 103, 104]                       | [0.1100, 0.1300, 0.2400, 0.0600, 0.0400, 0.1700, 0.1000, 0.1300, 0.0200]                                         | 5.7291   | 0.8200  | 0.8606 
15    | 9           | [98, 99, 100, 101, 102, 103, 104, 105, 106]                     | [0.1000, 0.0600, 0.1000, 0.1700, 0.0200, 0.2000, 0.1700, 0.1200, 0.0600]                                         | 5.5939   | 0.9400  | 0.8689 
16    | 5           | [98, 99, 100, 101, 102]                                         | [0.0100, 0.0700, 0.2500, 0.4900, 0.1800]                                                                         | 0.7424   | 0.6800  | 0.6667 
17    | 14          | [93, 94, 95, 96, 97, 98, 99, 100, 101, 102, 103, 104, 105, 106] | [0.0200, 0.0100, 0.0600, 0.0300, 0.0400, 0.1300, 0.0200, 0.1400, 0.1200, 0.1400, 0.0800, 0.1200, 0.0700, 0.0200] | 9.6851   | 0.9200  | 0.9054 
18    | 9           | [93, 94, 95, 96, 97, 98, 99, 100, 101]                          | [0.0600, 0.0200, 0.0500, 0.2800, 0.3400, 0.1500, 0.0400, 0.0500, 0.0100]                                         | 2.4724   | 0.8000  | 0.7806 
19    | 6           | [96, 97, 98, 99, 100, 101]                                      | [0.0100, 0.0600, 0.3100, 0.2600, 0.2600, 0.1000]                                                                 | 1.3000   | 0.8400  | 0.7626 
20    | 8           | [94, 96, 97, 98, 99, 100, 101, 102]                             | [0.0100, 0.0100, 0.1100, 0.1800, 0.1700, 0.3600, 0.0500, 0.1100]                                                 | 2.4139   | 0.7800  | 0.7901 
21    | 11          | [96, 99, 100, 101, 102, 103, 104, 105, 106, 107, 108]           | [0.1100, 0.0700, 0.0800, 0.0900, 0.0400, 0.2100, 0.1300, 0.1600, 0.0600, 0.0400, 0.0100]                         | 9.3811   | 0.9400  | 0.8838 

[Per-locus summary - Population 2]
Locus | Num_Alleles | Alleles                                                       | Frequencies                                                                                              | Variance | Obs_Het | Exp_Het
------+-------------+---------------------------------------------------------------+----------------------------------------------------------------------------------------------------------+----------+---------+--------
1     | 9           | [97, 98, 99, 100, 101, 102, 103, 104, 105]                    | [0.0200, 0.1000, 0.1900, 0.2100, 0.1800, 0.1600, 0.0100, 0.0200, 0.1100]                                 | 4.2459   | 0.8400  | 0.8473 
2     | 9           | [97, 98, 99, 100, 101, 102, 103, 104, 105]                    | [0.0100, 0.0100, 0.0100, 0.0100, 0.2100, 0.3300, 0.2200, 0.1900, 0.0100]                                 | 1.7416   | 0.7000  | 0.7697 
3     | 10          | [95, 96, 97, 98, 99, 100, 101, 102, 103, 104]                 | [0.0700, 0.0500, 0.1200, 0.0600, 0.1500, 0.2400, 0.1600, 0.1200, 0.0200, 0.0100]                         | 4.5376   | 0.8400  | 0.8626 
4     | 11          | [96, 97, 98, 99, 100, 101, 102, 103, 104, 105, 109]           | [0.0300, 0.0300, 0.1700, 0.0100, 0.0700, 0.1600, 0.1200, 0.3300, 0.0600, 0.0100, 0.0100]                 | 5.6059   | 0.8400  | 0.8198 
5     | 9           | [96, 97, 98, 99, 100, 101, 102, 103, 104]                     | [0.0200, 0.0700, 0.2600, 0.1600, 0.0800, 0.2600, 0.1200, 0.0200, 0.0100]                                 | 3.0931   | 0.8200  | 0.8208 
6     | 6           | [96, 97, 98, 99, 100, 101]                                    | [0.1600, 0.1400, 0.1800, 0.1200, 0.2300, 0.1700]                                                         | 2.9531   | 0.8200  | 0.8346 
7     | 8           | [98, 99, 100, 101, 102, 103, 104, 105]                        | [0.0300, 0.0400, 0.1000, 0.1800, 0.2400, 0.2300, 0.0600, 0.1200]                                         | 2.9619   | 0.9400  | 0.8349 
8     | 10          | [93, 94, 95, 97, 98, 99, 100, 101, 102, 103]                  | [0.0100, 0.0200, 0.0200, 0.0100, 0.1200, 0.1200, 0.2900, 0.1800, 0.1700, 0.0600]                         | 3.7996   | 0.8600  | 0.8295 
9     | 11          | [97, 98, 99, 100, 101, 102, 103, 104, 105, 106, 107]          | [0.0100, 0.1200, 0.0700, 0.0700, 0.1600, 0.3400, 0.0900, 0.0600, 0.0300, 0.0400, 0.0100]                 | 4.4491   | 0.7600  | 0.8285 
10    | 11          | [95, 96, 97, 98, 99, 100, 101, 102, 103, 104, 105]            | [0.0100, 0.0200, 0.0100, 0.2300, 0.1400, 0.1900, 0.1300, 0.0900, 0.0500, 0.0800, 0.0500]                 | 5.1171   | 0.8400  | 0.8630 
11    | 12          | [90, 91, 92, 93, 96, 97, 98, 99, 100, 101, 102, 103]          | [0.0100, 0.0300, 0.0600, 0.0200, 0.0500, 0.0300, 0.0600, 0.2700, 0.1300, 0.2100, 0.0700, 0.0600]         | 9.5604   | 0.8600  | 0.8541 
12    | 10          | [94, 95, 96, 97, 100, 101, 102, 103, 104, 105]                | [0.1400, 0.0600, 0.1100, 0.0600, 0.1300, 0.1000, 0.0800, 0.1600, 0.1400, 0.0200]                         | 13.3104  | 0.8600  | 0.8911 
13    | 11          | [93, 94, 95, 96, 97, 98, 99, 100, 102, 103, 104]              | [0.0100, 0.0200, 0.0500, 0.1000, 0.1100, 0.2200, 0.2500, 0.1600, 0.0100, 0.0500, 0.0200]                 | 4.3979   | 0.8200  | 0.8438 
14    | 11          | [93, 94, 96, 97, 98, 99, 100, 101, 102, 103, 104]             | [0.0200, 0.0100, 0.0700, 0.1500, 0.1600, 0.1000, 0.0700, 0.1400, 0.1200, 0.1300, 0.0300]                 | 6.6084   | 0.9200  | 0.8887 
15    | 9           | [98, 99, 100, 101, 102, 103, 104, 105, 106]                   | [0.0800, 0.0400, 0.1100, 0.1200, 0.0200, 0.1500, 0.2000, 0.1800, 0.1000]                                 | 5.8659   | 0.8000  | 0.8689 
16    | 7           | [97, 98, 99, 100, 101, 102, 103]                              | [0.0100, 0.0400, 0.0500, 0.2900, 0.3800, 0.2000, 0.0300]                                                 | 1.2459   | 0.7800  | 0.7337 
17    | 13          | [93, 94, 95, 96, 98, 99, 100, 101, 102, 103, 104, 105, 106]   | [0.0100, 0.0100, 0.0400, 0.0400, 0.0700, 0.0300, 0.1700, 0.1400, 0.1400, 0.1500, 0.0800, 0.0900, 0.0300] | 8.1144   | 0.9200  | 0.8937 
18    | 9           | [93, 94, 95, 96, 97, 98, 99, 100, 101]                        | [0.0200, 0.0500, 0.0900, 0.2700, 0.3200, 0.1500, 0.0300, 0.0600, 0.0100]                                 | 2.3075   | 0.8400  | 0.7945 
19    | 7           | [96, 97, 98, 99, 100, 101, 102]                               | [0.0100, 0.0600, 0.3100, 0.2900, 0.2400, 0.0800, 0.0100]                                                 | 1.2891   | 0.7000  | 0.7596 
20    | 9           | [94, 95, 96, 97, 98, 99, 100, 101, 102]                       | [0.0300, 0.0100, 0.0300, 0.0900, 0.1700, 0.1400, 0.4000, 0.0700, 0.0600]                                 | 2.9219   | 0.8400  | 0.7808 
21    | 13          | [95, 96, 98, 99, 100, 101, 102, 103, 104, 105, 106, 107, 108] | [0.0200, 0.1100, 0.0400, 0.0500, 0.0800, 0.0700, 0.0700, 0.1500, 0.1500, 0.1600, 0.0300, 0.0600, 0.0100] | 10.9451  | 0.9000  | 0.9010 
