
[Simulation Info]
simulation_id = sim_0001068
timestamp     = 20250428_075446
seed          = 369304
output_folder = /home/lejeunet/Bureau/simulations/Ref_table/sim_0001068

[Model Parameters]
pop_size           = 1862
num_loci           = 20
sample1_generation = 30
sample2_generation = 10
low_repeats        = 1
high_repeats       = 200
mutation_rate      = 0.001
recap_Ne           = 1862

[Sampling Design]
sample1_size_Ne  = 50
sample2_size_Ne  = 50
sample1_size_CMR = 50
sample2_size_CMR = 50

[Capture-Marquage-Recapture]
census_N   =  867
MatchCount =  3

[Ne Estimates - One Sample - Decreasing critical values [0.050, 0.020, 0.010, 0+]]

[Linkage Desequilibrium]
LD_Ne_Pop1 = [None, 1478.3, None, None]
LD_r2_Pop1 = [0.021158, 0.021501, 0.021209, 0.021209]
LD_Ne_Pop2 = [None, None, None, None]
LD_r2_Pop2 = [0.020953, 0.020561, 0.020914, 0.020914]

[Heterozygote excess]
HE_Neb_mean_Pop1        = [None, None, None, None]
HE_weighted_D_mean_Pop1 = [-0.02479, -0.00974, -0.00977, -0.00977]
HE_Neb_mean_Pop2        = [None, None, None, None]
HE_weighted_D_mean_Pop2 = [-0.0208, -0.01313, -0.01302, -0.01302]

[Molecular Coancestry]
Coan_Neb_n_Pop1 = 10.4
Coan_f1_Pop1    = 0.04788
Coan_Neb_n_Pop2 = None
Coan_f1_Pop2    = -0.03815

[Ne Estimates - Temporal - Decreasing critical values (0.050, 0.020, 0.010, 0+)]

[Pollak]
P_Ne     = [1486.8, 1392.8, 1725.5, 1911.0]
P_Fk     = [0.02336, 0.02359, 0.0229, 0.02262]
P_Fprime = [0.00336, 0.00359, 0.0029, 0.00262]

[Nei/Tajima]
N_Ne     = [2155.1, 1917.4, 2451.8, 2751.8]
N_Fc     = [0.02232, 0.02261, 0.02204, 0.02182]
N_Fprime = [0.00232, 0.00261, 0.00204, 0.00182]

[Jorde/Ryman]
J_Ne     = [17974.2, 40397.3, -43304.9, -35191.3]
J_Fs     = [0.02038, 0.02022, 0.01999, 0.01996]
J_Fprime = [0.00028, 0.00012, -0.00012, -0.00014]

[Genetic Diversity - Heterozygosity]
mean_exp_het_pop1 = 0.7348
mean_obs_het_pop1 = 0.7219
mean_exp_het_pop2 = 0.7251
mean_obs_het_pop2 = 0.7076

[Genetic Diversity - Allele Counts]
mean_alleles_pop1 = 7.0
var_alleles_pop1  = 1.8
sum_alleles_pop1  = 147
mean_alleles_pop2 = 7.19
var_alleles_pop2  = 2.01
sum_alleles_pop2  = 302

[Genetic Diversity - Allelic Size Variance]
var_allele_size_pop1 = 3.0145
var_allele_size_pop2 = 2.7693

[Per-locus summary - Population 1]
Locus | Num_Alleles | Alleles                                        | Frequencies                                                                      | Variance | Obs_Het | Exp_Het
------+-------------+------------------------------------------------+----------------------------------------------------------------------------------+----------+---------+--------
1     | 7           | [100, 101, 102, 103, 104, 105, 106]            | [0.2000, 0.5500, 0.1000, 0.0700, 0.0400, 0.0100, 0.0300]                         | 1.7275   | 0.6000  | 0.6465 
2     | 7           | [100, 101, 102, 103, 104, 105, 106]            | [0.0300, 0.1000, 0.3300, 0.0600, 0.2700, 0.1700, 0.0400]                         | 2.2979   | 0.7800  | 0.7810 
3     | 5           | [96, 97, 98, 99, 100]                          | [0.0700, 0.2400, 0.4900, 0.1200, 0.0800]                                         | 0.9500   | 0.7400  | 0.6834 
4     | 6           | [96, 97, 98, 99, 100, 102]                     | [0.0200, 0.1200, 0.5200, 0.2800, 0.0300, 0.0300]                                 | 0.9900   | 0.6200  | 0.6410 
5     | 7           | [96, 97, 98, 99, 104, 105, 106]                | [0.0600, 0.3900, 0.2600, 0.0900, 0.1600, 0.0200, 0.0200]                         | 8.0344   | 0.6600  | 0.7497 
6     | 8           | [97, 98, 99, 100, 101, 102, 103, 104]          | [0.0200, 0.2000, 0.2700, 0.1300, 0.1900, 0.0100, 0.1500, 0.0300]                 | 3.3075   | 0.7800  | 0.8184 
7     | 9           | [94, 95, 96, 97, 98, 99, 100, 101, 102]        | [0.0100, 0.0400, 0.3700, 0.2800, 0.1500, 0.0100, 0.0500, 0.0600, 0.0300]         | 2.9171   | 0.7600  | 0.7610 
8     | 6           | [95, 101, 102, 103, 104, 105]                  | [0.1500, 0.2100, 0.2700, 0.0200, 0.2000, 0.1500]                                 | 9.5779   | 0.7800  | 0.8057 
9     | 5           | [97, 98, 99, 100, 101]                         | [0.0100, 0.2100, 0.1900, 0.5100, 0.0800]                                         | 0.8864   | 0.6400  | 0.6598 
10    | 5           | [98, 99, 100, 101, 102]                        | [0.0100, 0.5400, 0.3000, 0.1200, 0.0300]                                         | 0.6756   | 0.6400  | 0.6091 
11    | 8           | [95, 96, 97, 98, 101, 102, 103, 104]           | [0.0500, 0.0700, 0.0400, 0.0100, 0.0900, 0.3600, 0.2500, 0.1300]                 | 6.6419   | 0.8600  | 0.7816 
12    | 8           | [95, 96, 97, 98, 99, 100, 101, 102]            | [0.0300, 0.1000, 0.1000, 0.0500, 0.1900, 0.3400, 0.1800, 0.0100]                 | 2.9764   | 0.8200  | 0.8004 
13    | 8           | [93, 94, 95, 96, 97, 98, 99, 100]              | [0.0100, 0.2400, 0.0800, 0.0200, 0.2600, 0.2300, 0.0800, 0.0800]                 | 3.8339   | 0.8000  | 0.8103 
14    | 8           | [94, 95, 96, 97, 98, 99, 101, 102]             | [0.0800, 0.2400, 0.2500, 0.1700, 0.0900, 0.1000, 0.0400, 0.0300]                 | 3.6731   | 0.7200  | 0.8323 
15    | 6           | [97, 98, 99, 100, 101, 102]                    | [0.0800, 0.0200, 0.5000, 0.3400, 0.0400, 0.0200]                                 | 0.9300   | 0.6400  | 0.6319 
16    | 7           | [98, 99, 100, 101, 102, 103, 104]              | [0.0500, 0.1800, 0.0800, 0.4600, 0.1700, 0.0500, 0.0100]                         | 1.6259   | 0.7200  | 0.7228 
17    | 6           | [98, 99, 100, 101, 102, 103]                   | [0.0200, 0.1400, 0.5900, 0.1200, 0.0100, 0.1200]                                 | 1.3576   | 0.6000  | 0.6091 
18    | 7           | [99, 100, 101, 102, 103, 104, 105]             | [0.1000, 0.1000, 0.1300, 0.2000, 0.3700, 0.0800, 0.0200]                         | 2.2984   | 0.7800  | 0.7873 
19    | 6           | [98, 99, 100, 101, 102, 103]                   | [0.0600, 0.2000, 0.3600, 0.1800, 0.0600, 0.1400]                                 | 1.9600   | 0.7000  | 0.7790 
20    | 10          | [95, 96, 97, 98, 100, 101, 102, 103, 104, 105] | [0.0100, 0.0300, 0.0100, 0.0800, 0.1000, 0.1400, 0.4000, 0.1200, 0.1000, 0.0100] | 3.8779   | 0.7600  | 0.7863 
21    | 8           | [96, 97, 98, 99, 100, 101, 102, 103]           | [0.0100, 0.0300, 0.1100, 0.0200, 0.0300, 0.2400, 0.4300, 0.1300]                 | 2.7656   | 0.7600  | 0.7335 

[Per-locus summary - Population 2]
Locus | Num_Alleles | Alleles                                        | Frequencies                                                                      | Variance | Obs_Het | Exp_Het
------+-------------+------------------------------------------------+----------------------------------------------------------------------------------+----------+---------+--------
1     | 8           | [99, 100, 101, 102, 103, 104, 105, 106]        | [0.0300, 0.1700, 0.5800, 0.1300, 0.0300, 0.0200, 0.0200, 0.0200]                 | 1.5000   | 0.5800  | 0.6210 
2     | 8           | [98, 100, 101, 102, 103, 104, 105, 106]        | [0.0100, 0.0700, 0.0800, 0.2400, 0.1200, 0.2300, 0.2200, 0.0300]                 | 2.8100   | 0.8400  | 0.8226 
3     | 5           | [96, 97, 98, 99, 100]                          | [0.0400, 0.3100, 0.4800, 0.1500, 0.0200]                                         | 0.6600   | 0.5800  | 0.6556 
4     | 4           | [97, 98, 99, 100]                              | [0.1900, 0.5300, 0.2400, 0.0400]                                                 | 0.5731   | 0.6400  | 0.6301 
5     | 6           | [96, 97, 98, 99, 104, 105]                     | [0.0200, 0.4100, 0.2800, 0.0800, 0.1500, 0.0600]                                 | 8.0075   | 0.8000  | 0.7279 
6     | 8           | [97, 98, 99, 100, 101, 102, 103, 104]          | [0.0400, 0.1900, 0.3200, 0.1000, 0.1600, 0.0500, 0.1200, 0.0200]                 | 3.1856   | 0.8000  | 0.8152 
7     | 7           | [94, 95, 96, 97, 98, 100, 101]                 | [0.0100, 0.0300, 0.4400, 0.3500, 0.0900, 0.0500, 0.0300]                         | 1.6411   | 0.6800  | 0.6782 
8     | 8           | [94, 95, 100, 101, 102, 103, 104, 105]         | [0.0100, 0.0600, 0.0400, 0.2400, 0.3200, 0.0300, 0.2800, 0.0200]                 | 5.2811   | 0.7600  | 0.7626 
9     | 6           | [97, 98, 99, 100, 101, 104]                    | [0.0100, 0.1700, 0.3000, 0.4500, 0.0500, 0.0200]                                 | 1.1484   | 0.6600  | 0.6824 
10    | 7           | [97, 98, 99, 100, 101, 102, 104]               | [0.0300, 0.0600, 0.6300, 0.1900, 0.0700, 0.0100, 0.0100]                         | 0.9059   | 0.5800  | 0.5630 
11    | 10          | [94, 95, 96, 97, 100, 101, 102, 103, 104, 105] | [0.0300, 0.0500, 0.0900, 0.0400, 0.0100, 0.1700, 0.2800, 0.2000, 0.1200, 0.0100] | 8.4875   | 0.8400  | 0.8333 
12    | 7           | [96, 97, 98, 99, 100, 101, 102]                | [0.0800, 0.1400, 0.0600, 0.1500, 0.4000, 0.1600, 0.0100]                         | 2.4411   | 0.8000  | 0.7699 
13    | 8           | [93, 94, 95, 96, 97, 98, 99, 100]              | [0.0300, 0.1800, 0.0200, 0.0200, 0.2800, 0.2800, 0.1200, 0.0700]                 | 3.5899   | 0.7400  | 0.7978 
14    | 8           | [94, 95, 96, 97, 98, 99, 101, 102]             | [0.2000, 0.1400, 0.2500, 0.1900, 0.1400, 0.0400, 0.0300, 0.0100]                 | 3.0924   | 0.8200  | 0.8279 
15    | 5           | [97, 98, 99, 100, 101]                         | [0.0400, 0.0800, 0.4000, 0.3900, 0.0900]                                         | 0.8219   | 0.6800  | 0.6786 
16    | 6           | [98, 99, 100, 101, 102, 103]                   | [0.0400, 0.1100, 0.1000, 0.4900, 0.2300, 0.0300]                                 | 1.2275   | 0.6000  | 0.6893 
17    | 6           | [98, 99, 100, 101, 102, 103]                   | [0.0200, 0.0900, 0.5700, 0.1400, 0.0100, 0.1700]                                 | 1.5884   | 0.5800  | 0.6242 
18    | 7           | [99, 100, 101, 102, 103, 104, 105]             | [0.0900, 0.0700, 0.1600, 0.3200, 0.2700, 0.0700, 0.0200]                         | 1.9700   | 0.7000  | 0.7887 
19    | 6           | [98, 99, 100, 101, 102, 103]                   | [0.0900, 0.1900, 0.3300, 0.1700, 0.0500, 0.1700]                                 | 2.2819   | 0.8000  | 0.7945 
20    | 7           | [96, 98, 100, 101, 102, 103, 104]              | [0.0300, 0.1500, 0.0700, 0.1200, 0.4200, 0.0700, 0.1400]                         | 4.0339   | 0.7400  | 0.7640 
21    | 8           | [96, 97, 98, 99, 100, 101, 102, 103]           | [0.0100, 0.0500, 0.1000, 0.0200, 0.0300, 0.2100, 0.4900, 0.0900]                 | 2.9075   | 0.6400  | 0.7008 
