
[Simulation Info]
simulation_id = sim_0002507
timestamp     = 20250428_082334
seed          = 930331
output_folder = /home/lejeunet/Bureau/simulations/Ref_table/sim_0002507

[Model Parameters]
pop_size           = 1748
num_loci           = 20
sample1_generation = 30
sample2_generation = 10
low_repeats        = 1
high_repeats       = 200
mutation_rate      = 0.001
recap_Ne           = 1748

[Sampling Design]
sample1_size_Ne  = 50
sample2_size_Ne  = 50
sample1_size_CMR = 50
sample2_size_CMR = 50

[Capture-Marquage-Recapture]
census_N   =  2601
MatchCount =  1

[Ne Estimates - One Sample - Decreasing critical values [0.050, 0.020, 0.010, 0+]]

[Linkage Desequilibrium]
LD_Ne_Pop1 = [3443.0, None, None, None]
LD_r2_Pop1 = [0.021373, 0.020929, 0.020902, 0.020902]
LD_Ne_Pop2 = [2105180.5, 867.9, 1013.3, 1013.3]
LD_r2_Pop2 = [0.021276, 0.021659, 0.021604, 0.021604]

[Heterozygote excess]
HE_Neb_mean_Pop1        = [38.4, 35.4, 38.4, 38.4]
HE_weighted_D_mean_Pop1 = [0.01317, 0.01433, 0.0132, 0.0132]
HE_Neb_mean_Pop2        = [66.5, 84.7, 94.0, 94.0]
HE_weighted_D_mean_Pop2 = [0.00757, 0.00594, 0.00535, 0.00535]

[Molecular Coancestry]
Coan_Neb_n_Pop1 = None
Coan_f1_Pop1    = -0.00905
Coan_Neb_n_Pop2 = 1781.3
Coan_f1_Pop2    = 0.00028

[Ne Estimates - Temporal - Decreasing critical values (0.050, 0.020, 0.010, 0+)]

[Pollak]
P_Ne     = [-56233.4, 4954.9, 3950.7, 5044.4]
P_Fk     = [0.01991, 0.02101, 0.02127, 0.02099]
P_Fprime = [-9e-05, 0.00101, 0.00127, 0.00099]

[Nei/Tajima]
N_Ne     = [94616.8, 5130.8, 4188.9, 5247.7]
N_Fc     = [0.02005, 0.02097, 0.02119, 0.02095]
N_Fprime = [5e-05, 0.00097, 0.00119, 0.00095]

[Jorde/Ryman]
J_Ne     = [3494.6, 2519.5, 2461.9, 2492.7]
J_Fs     = [0.02153, 0.02209, 0.02213, 0.02211]
J_Fprime = [0.00143, 0.00198, 0.00203, 0.00201]

[Genetic Diversity - Heterozygosity]
mean_exp_het_pop1 = 0.758
mean_obs_het_pop1 = 0.7714
mean_exp_het_pop2 = 0.7748
mean_obs_het_pop2 = 0.7876

[Genetic Diversity - Allele Counts]
mean_alleles_pop1 = 7.9
var_alleles_pop1  = 3.49
sum_alleles_pop1  = 166
mean_alleles_pop2 = 8.1
var_alleles_pop2  = 3.21
sum_alleles_pop2  = 340

[Genetic Diversity - Allelic Size Variance]
var_allele_size_pop1 = 5.4616
var_allele_size_pop2 = 5.5356

[Per-locus summary - Population 1]
Locus | Num_Alleles | Alleles                                                 | Frequencies                                                                                      | Variance | Obs_Het | Exp_Het
------+-------------+---------------------------------------------------------+--------------------------------------------------------------------------------------------------+----------+---------+--------
1     | 4           | [102, 103, 104, 105]                                    | [0.3300, 0.3300, 0.2900, 0.0500]                                                                 | 0.8164   | 0.7200  | 0.7026 
2     | 7           | [93, 94, 95, 96, 97, 100, 101]                          | [0.0900, 0.3200, 0.3800, 0.0500, 0.0100, 0.1200, 0.0300]                                         | 4.7275   | 0.7800  | 0.7346 
3     | 8           | [95, 96, 97, 98, 99, 100, 101, 102]                     | [0.0100, 0.0200, 0.1700, 0.6000, 0.0700, 0.0400, 0.0800, 0.0100]                                 | 1.4139   | 0.6600  | 0.6036 
4     | 11          | [102, 103, 104, 105, 106, 107, 108, 109, 110, 111, 112] | [0.0900, 0.1000, 0.0200, 0.2600, 0.0300, 0.0100, 0.0100, 0.2300, 0.1700, 0.0400, 0.0400]         | 9.1856   | 0.8800  | 0.8362 
5     | 7           | [94, 95, 96, 97, 98, 99, 100]                           | [0.0200, 0.1600, 0.1800, 0.2200, 0.2500, 0.1200, 0.0500]                                         | 2.1736   | 0.8000  | 0.8220 
6     | 7           | [97, 98, 99, 100, 104, 105, 106]                        | [0.1600, 0.2800, 0.2400, 0.1100, 0.0100, 0.0300, 0.1700]                                         | 9.8251   | 0.8600  | 0.8044 
7     | 9           | [97, 98, 99, 100, 101, 102, 103, 104, 105]              | [0.0700, 0.1400, 0.0600, 0.0100, 0.0400, 0.1200, 0.1000, 0.3600, 0.1000]                         | 7.0491   | 0.7600  | 0.8143 
8     | 9           | [94, 95, 96, 97, 98, 99, 100, 101, 102]                 | [0.0100, 0.1000, 0.1000, 0.0200, 0.0200, 0.3100, 0.1700, 0.0500, 0.2200]                         | 5.1856   | 0.8800  | 0.8113 
9     | 7           | [101, 102, 103, 104, 105, 106, 107]                     | [0.3200, 0.0900, 0.1000, 0.2300, 0.1300, 0.0500, 0.0800]                                         | 3.7971   | 0.8200  | 0.8089 
10    | 9           | [96, 97, 98, 99, 100, 101, 102, 103, 104]               | [0.0100, 0.0400, 0.0200, 0.0400, 0.0100, 0.5500, 0.1800, 0.1100, 0.0400]                         | 2.1944   | 0.5800  | 0.6541 
11    | 9           | [97, 98, 99, 100, 101, 102, 104, 105, 106]              | [0.0800, 0.1700, 0.5600, 0.0500, 0.0200, 0.0100, 0.0100, 0.0900, 0.0100]                         | 4.4875   | 0.6200  | 0.6463 
12    | 9           | [91, 92, 93, 94, 95, 96, 97, 101, 102]                  | [0.0100, 0.1200, 0.3800, 0.1300, 0.0900, 0.0500, 0.0400, 0.0800, 0.1000]                         | 10.8796  | 0.8800  | 0.8036 
13    | 12          | [95, 96, 97, 98, 99, 100, 101, 102, 103, 104, 105, 106] | [0.0100, 0.0200, 0.1600, 0.1300, 0.0200, 0.0100, 0.0400, 0.0100, 0.2000, 0.2300, 0.1500, 0.0200] | 10.1464  | 0.7800  | 0.8475 
14    | 9           | [93, 99, 100, 101, 102, 103, 104, 105, 106]             | [0.0700, 0.0500, 0.0600, 0.0700, 0.3500, 0.2100, 0.0900, 0.0900, 0.0100]                         | 7.8971   | 0.8800  | 0.8093 
15    | 6           | [100, 101, 102, 103, 104, 105]                          | [0.0300, 0.1700, 0.0900, 0.4900, 0.0800, 0.1400]                                                 | 1.6544   | 0.7400  | 0.7030 
16    | 6           | [94, 95, 96, 97, 98, 99]                                | [0.0100, 0.3000, 0.3100, 0.0800, 0.2100, 0.0900]                                                 | 1.8675   | 0.7600  | 0.7628 
17    | 8           | [96, 97, 98, 100, 101, 103, 104, 105]                   | [0.1000, 0.0800, 0.0200, 0.0200, 0.4600, 0.0700, 0.1200, 0.1300]                                 | 7.4056   | 0.7800  | 0.7424 
18    | 5           | [98, 99, 100, 101, 102]                                 | [0.0100, 0.3400, 0.4100, 0.2200, 0.0200]                                                         | 0.6700   | 0.6800  | 0.6741 
19    | 7           | [95, 96, 97, 98, 99, 100, 101]                          | [0.1700, 0.0100, 0.4600, 0.1800, 0.1200, 0.0200, 0.0400]                                         | 2.0859   | 0.7600  | 0.7178 
20    | 8           | [94, 95, 96, 101, 102, 103, 104, 105]                   | [0.0500, 0.3200, 0.2600, 0.0300, 0.1300, 0.0200, 0.0800, 0.1100]                                 | 15.7616  | 0.8200  | 0.7988 
21    | 9           | [96, 97, 98, 99, 100, 101, 102, 103, 104]               | [0.0300, 0.3200, 0.1300, 0.0600, 0.1900, 0.0100, 0.1500, 0.0500, 0.0600]                         | 5.4700   | 0.7600  | 0.8196 

[Per-locus summary - Population 2]
Locus | Num_Alleles | Alleles                                                 | Frequencies                                                                              | Variance | Obs_Het | Exp_Het
------+-------------+---------------------------------------------------------+------------------------------------------------------------------------------------------+----------+---------+--------
1     | 4           | [102, 103, 104, 105]                                    | [0.3000, 0.2400, 0.4300, 0.0300]                                                         | 0.8139   | 0.6400  | 0.6733 
2     | 7           | [93, 94, 95, 96, 97, 100, 101]                          | [0.1300, 0.2800, 0.4500, 0.0200, 0.0100, 0.0800, 0.0300]                                 | 3.9336   | 0.6600  | 0.7014 
3     | 8           | [95, 96, 97, 98, 99, 100, 101, 102]                     | [0.0200, 0.0800, 0.1500, 0.5000, 0.1200, 0.0400, 0.0600, 0.0300]                         | 1.9331   | 0.7600  | 0.7073 
4     | 11          | [102, 103, 104, 105, 106, 107, 108, 109, 110, 111, 112] | [0.1200, 0.1300, 0.0200, 0.2600, 0.0200, 0.0500, 0.0500, 0.1200, 0.1500, 0.0400, 0.0400] | 9.4556   | 0.8200  | 0.8638 
5     | 6           | [95, 96, 97, 98, 99, 100]                               | [0.1700, 0.1800, 0.1900, 0.2700, 0.1300, 0.0600]                                         | 2.1539   | 0.8400  | 0.8174 
6     | 7           | [97, 98, 99, 100, 104, 105, 106]                        | [0.1600, 0.3100, 0.2100, 0.1400, 0.0100, 0.0300, 0.1400]                                 | 8.7616   | 0.7800  | 0.8020 
7     | 9           | [97, 98, 99, 100, 102, 103, 104, 105, 106]              | [0.0300, 0.1600, 0.1600, 0.0100, 0.1400, 0.1000, 0.2800, 0.1100, 0.0100]                 | 7.0924   | 0.8800  | 0.8360 
8     | 9           | [95, 96, 97, 98, 99, 100, 101, 102, 103]                | [0.0800, 0.1200, 0.0100, 0.0200, 0.3700, 0.1600, 0.0900, 0.1300, 0.0200]                 | 4.4219   | 0.8000  | 0.7988 
9     | 9           | [100, 101, 102, 103, 104, 105, 106, 107, 108]           | [0.0100, 0.1600, 0.1700, 0.1400, 0.3100, 0.0500, 0.0600, 0.0900, 0.0100]                 | 3.4096   | 0.8200  | 0.8236 
10    | 8           | [96, 97, 98, 99, 101, 102, 103, 104]                    | [0.0100, 0.0200, 0.0400, 0.1600, 0.3900, 0.2200, 0.1400, 0.0200]                         | 2.5299   | 0.8400  | 0.7594 
11    | 6           | [97, 98, 99, 101, 104, 105]                             | [0.0800, 0.2500, 0.4700, 0.0400, 0.0500, 0.1100]                                         | 5.6036   | 0.7400  | 0.7010 
12    | 8           | [92, 93, 94, 95, 96, 97, 101, 102]                      | [0.0900, 0.4100, 0.1300, 0.0800, 0.0900, 0.0600, 0.0300, 0.1100]                         | 9.3764   | 0.7400  | 0.7836 
13    | 10          | [95, 96, 97, 98, 99, 101, 102, 103, 104, 105]           | [0.0300, 0.0200, 0.2500, 0.1200, 0.0100, 0.0700, 0.0100, 0.1100, 0.2700, 0.1100]         | 11.3076  | 0.8600  | 0.8279 
14    | 8           | [93, 99, 100, 101, 102, 103, 104, 105]                  | [0.0900, 0.0400, 0.0500, 0.0800, 0.2700, 0.2500, 0.1100, 0.1100]                         | 9.5139   | 0.8000  | 0.8301 
15    | 6           | [101, 102, 103, 104, 105, 106]                          | [0.2300, 0.1100, 0.4000, 0.1100, 0.1400, 0.0100]                                         | 1.7675   | 0.8000  | 0.7507 
16    | 6           | [94, 95, 96, 97, 98, 99]                                | [0.0500, 0.2300, 0.3500, 0.1100, 0.1900, 0.0700]                                         | 1.7931   | 0.8800  | 0.7768 
17    | 9           | [96, 97, 98, 99, 100, 101, 103, 104, 105]               | [0.0900, 0.1000, 0.0100, 0.0200, 0.0500, 0.3700, 0.1500, 0.0600, 0.1500]                 | 7.5979   | 0.8000  | 0.8014 
18    | 6           | [98, 99, 100, 101, 102, 103]                            | [0.0300, 0.3200, 0.4600, 0.1700, 0.0100, 0.0100]                                         | 0.7144   | 0.6800  | 0.6626 
19    | 8           | [94, 95, 96, 97, 98, 99, 100, 101]                      | [0.0100, 0.1000, 0.0700, 0.5200, 0.1200, 0.0900, 0.0800, 0.0100]                         | 1.8416   | 0.6800  | 0.6925 
20    | 9           | [94, 95, 96, 97, 101, 102, 103, 104, 105]               | [0.0100, 0.2700, 0.2500, 0.0100, 0.0500, 0.1600, 0.0400, 0.0900, 0.1200]                 | 15.7099  | 0.8000  | 0.8204 
21    | 10          | [96, 97, 98, 99, 100, 101, 102, 103, 104, 107]          | [0.0200, 0.2600, 0.1300, 0.0500, 0.2300, 0.0300, 0.0900, 0.0600, 0.1200, 0.0100]         | 6.5171   | 0.9200  | 0.8410 
