
[Simulation Info]
simulation_id = sim_0009808
timestamp     = 20250428_113116
seed          = 226278
output_folder = /home/lejeunet/Bureau/simulations/Ref_table/sim_0009808

[Model Parameters]
pop_size           = 1124
num_loci           = 20
sample1_generation = 30
sample2_generation = 10
low_repeats        = 1
high_repeats       = 200
mutation_rate      = 0.001
recap_Ne           = 1124

[Sampling Design]
sample1_size_Ne  = 50
sample2_size_Ne  = 50
sample1_size_CMR = 50
sample2_size_CMR = 50

[Capture-Marquage-Recapture]
census_N   =  650
MatchCount =  4

[Ne Estimates - One Sample - Decreasing critical values [0.050, 0.020, 0.010, 0+]]

[Linkage Desequilibrium]
LD_Ne_Pop1 = [233.9, 198.1, 225.7, 225.7]
LD_r2_Pop1 = [0.022689, 0.022941, 0.02274, 0.02274]
LD_Ne_Pop2 = [1904.4, 558.6, 915.7, 915.7]
LD_r2_Pop2 = [0.021451, 0.021871, 0.021639, 0.021639]

[Heterozygote excess]
HE_Neb_mean_Pop1        = [None, None, None, None]
HE_weighted_D_mean_Pop1 = [-0.01241, -0.0094, -0.00929, -0.00929]
HE_Neb_mean_Pop2        = [138.5, 210.0, 289.8, 289.8]
HE_weighted_D_mean_Pop2 = [0.00362, 0.00239, 0.00173, 0.00173]

[Molecular Coancestry]
Coan_Neb_n_Pop1 = 15.1
Coan_f1_Pop1    = 0.03313
Coan_Neb_n_Pop2 = 11.6
Coan_f1_Pop2    = 0.04298

[Ne Estimates - Temporal - Decreasing critical values (0.050, 0.020, 0.010, 0+)]

[Pollak]
P_Ne     = [1747.7, 1665.3, 1871.0, 2044.4]
P_Fk     = [0.02286, 0.023, 0.02267, 0.02245]
P_Fprime = [0.00286, 0.003, 0.00267, 0.00245]

[Nei/Tajima]
N_Ne     = [2227.8, 2073.5, 2325.1, 2541.4]
N_Fc     = [0.02224, 0.02241, 0.02215, 0.02197]
N_Fprime = [0.00224, 0.00241, 0.00215, 0.00197]

[Jorde/Ryman]
J_Ne     = [1933.7, 1897.6, 1888.6, 1898.9]
J_Fs     = [0.02269, 0.02274, 0.02275, 0.02274]
J_Fprime = [0.00259, 0.00263, 0.00265, 0.00263]

[Genetic Diversity - Heterozygosity]
mean_exp_het_pop1 = 0.6742
mean_obs_het_pop1 = 0.6657
mean_exp_het_pop2 = 0.6679
mean_obs_het_pop2 = 0.6686

[Genetic Diversity - Allele Counts]
mean_alleles_pop1 = 5.57
var_alleles_pop1  = 0.96
sum_alleles_pop1  = 117
mean_alleles_pop2 = 5.62
var_alleles_pop2  = 1.22
sum_alleles_pop2  = 236

[Genetic Diversity - Allelic Size Variance]
var_allele_size_pop1 = 1.696
var_allele_size_pop2 = 1.7318

[Per-locus summary - Population 1]
Locus | Num_Alleles | Alleles                           | Frequencies                                              | Variance | Obs_Het | Exp_Het
------+-------------+-----------------------------------+----------------------------------------------------------+----------+---------+--------
1     | 4           | [98, 99, 100, 101]                | [0.0700, 0.4800, 0.2100, 0.2400]                         | 0.8556   | 0.5400  | 0.6697 
2     | 7           | [98, 99, 100, 101, 102, 103, 104] | [0.0400, 0.1600, 0.1200, 0.0900, 0.0400, 0.2700, 0.2800] | 4.0204   | 0.8200  | 0.8054 
3     | 5           | [97, 98, 99, 100, 101]            | [0.0100, 0.1400, 0.5600, 0.2300, 0.0600]                 | 0.6139   | 0.5600  | 0.6164 
4     | 6           | [97, 98, 99, 100, 101, 103]       | [0.0200, 0.1700, 0.1900, 0.4900, 0.0600, 0.0700]         | 1.6376   | 0.6800  | 0.6929 
5     | 7           | [98, 99, 100, 101, 102, 103, 104] | [0.0800, 0.1000, 0.2500, 0.1700, 0.0700, 0.2100, 0.1200] | 3.3344   | 0.8800  | 0.8372 
6     | 5           | [98, 99, 100, 101, 102]           | [0.3000, 0.2200, 0.3100, 0.1500, 0.0200]                 | 1.2531   | 0.7000  | 0.7501 
7     | 4           | [99, 100, 101, 102]               | [0.0200, 0.3300, 0.6300, 0.0200]                         | 0.3075   | 0.5000  | 0.4984 
8     | 7           | [96, 97, 98, 99, 100, 101, 102]   | [0.0100, 0.1300, 0.4900, 0.0300, 0.0300, 0.2800, 0.0300] | 2.5100   | 0.6800  | 0.6685 
9     | 5           | [98, 99, 100, 101, 102]           | [0.0100, 0.3700, 0.1900, 0.3900, 0.0400]                 | 0.9536   | 0.7000  | 0.6800 
10    | 6           | [98, 99, 100, 101, 102, 103]      | [0.1300, 0.4400, 0.0700, 0.1500, 0.1600, 0.0500]         | 2.1936   | 0.7400  | 0.7414 
11    | 6           | [94, 95, 96, 99, 100, 101]        | [0.1600, 0.0400, 0.0500, 0.0500, 0.5300, 0.1700]         | 6.2424   | 0.6200  | 0.6646 
12    | 5           | [98, 99, 100, 101, 102]           | [0.0200, 0.2000, 0.5900, 0.1700, 0.0200]                 | 0.5291   | 0.6000  | 0.5881 
13    | 7           | [95, 96, 97, 98, 99, 100, 101]    | [0.0200, 0.2100, 0.0800, 0.1800, 0.1800, 0.1900, 0.1400] | 3.1236   | 0.8800  | 0.8370 
14    | 5           | [97, 99, 100, 101, 102]           | [0.0200, 0.1200, 0.1700, 0.5700, 0.1200]                 | 0.9531   | 0.6400  | 0.6232 
15    | 4           | [99, 100, 101, 102]               | [0.1200, 0.5100, 0.2000, 0.1700]                         | 0.8236   | 0.7000  | 0.6632 
16    | 6           | [96, 97, 98, 99, 100, 101]        | [0.0100, 0.1300, 0.5200, 0.0600, 0.2400, 0.0400]         | 1.2899   | 0.6200  | 0.6564 
17    | 6           | [99, 100, 101, 102, 103, 104]     | [0.0400, 0.5900, 0.1700, 0.1400, 0.0300, 0.0300]         | 1.1356   | 0.5000  | 0.6061 
18    | 6           | [99, 100, 101, 102, 103, 104]     | [0.0200, 0.1900, 0.1400, 0.5300, 0.1000, 0.0200]         | 1.0664   | 0.6400  | 0.6592 
19    | 5           | [97, 98, 99, 100, 101]            | [0.0100, 0.1700, 0.0400, 0.4500, 0.3300]                 | 1.1336   | 0.7600  | 0.6646 
20    | 6           | [98, 99, 100, 101, 102, 103]      | [0.0100, 0.1000, 0.0100, 0.6200, 0.2400, 0.0200]         | 0.8184   | 0.6000  | 0.5529 
21    | 5           | [98, 99, 100, 101, 102]           | [0.0300, 0.0500, 0.3600, 0.4100, 0.1500]                 | 0.8200   | 0.6200  | 0.6832 

[Per-locus summary - Population 2]
Locus | Num_Alleles | Alleles                           | Frequencies                                              | Variance | Obs_Het | Exp_Het
------+-------------+-----------------------------------+----------------------------------------------------------+----------+---------+--------
1     | 4           | [98, 99, 100, 101]                | [0.0700, 0.4000, 0.2700, 0.2600]                         | 0.8616   | 0.7400  | 0.7016 
2     | 7           | [98, 99, 100, 101, 102, 103, 104] | [0.0700, 0.2200, 0.0900, 0.0800, 0.0400, 0.1900, 0.3100] | 4.8179   | 0.6800  | 0.8065 
3     | 4           | [98, 99, 100, 101]                | [0.1300, 0.4700, 0.3400, 0.0600]                         | 0.6011   | 0.6400  | 0.6495 
4     | 6           | [97, 98, 99, 100, 101, 103]       | [0.0100, 0.1200, 0.3400, 0.4300, 0.0600, 0.0400]         | 1.1451   | 0.7400  | 0.6867 
5     | 6           | [99, 100, 101, 102, 103, 104]     | [0.1100, 0.3800, 0.1500, 0.0300, 0.2300, 0.1000]         | 2.6339   | 0.7600  | 0.7649 
6     | 5           | [98, 99, 100, 101, 102]           | [0.2700, 0.3300, 0.3400, 0.0400, 0.0200]                 | 0.9059   | 0.6600  | 0.7077 
7     | 4           | [99, 100, 101, 102]               | [0.0400, 0.3200, 0.5800, 0.0600]                         | 0.4244   | 0.6200  | 0.5616 
8     | 7           | [96, 97, 98, 99, 100, 101, 102]   | [0.0400, 0.1500, 0.5500, 0.0100, 0.0100, 0.2200, 0.0200] | 2.3684   | 0.7000  | 0.6307 
9     | 4           | [99, 100, 101, 102]               | [0.3600, 0.1100, 0.4800, 0.0500]                         | 0.9916   | 0.6400  | 0.6317 
10    | 6           | [98, 99, 100, 101, 102, 103]      | [0.1900, 0.2800, 0.0500, 0.2200, 0.2000, 0.0600]         | 2.5804   | 0.8000  | 0.7990 
11    | 7           | [94, 95, 96, 99, 100, 101, 102]   | [0.1700, 0.0300, 0.0700, 0.0800, 0.5600, 0.0800, 0.0100] | 6.1451   | 0.6600  | 0.6452 
12    | 4           | [99, 100, 101, 102]               | [0.1800, 0.6600, 0.1200, 0.0400]                         | 0.4596   | 0.4800  | 0.5212 
13    | 7           | [95, 96, 97, 98, 99, 100, 101]    | [0.0100, 0.2700, 0.0200, 0.1300, 0.1700, 0.3000, 0.1000] | 3.2296   | 0.7600  | 0.7887 
14    | 6           | [97, 99, 100, 101, 102, 103]      | [0.0500, 0.1100, 0.2200, 0.4700, 0.1400, 0.0100]         | 1.4096   | 0.7800  | 0.7034 
15    | 4           | [99, 100, 101, 102]               | [0.1300, 0.5800, 0.1800, 0.1100]                         | 0.6771   | 0.6400  | 0.6083 
16    | 5           | [97, 98, 99, 100, 101]            | [0.1300, 0.5100, 0.0600, 0.2400, 0.0600]                 | 1.3419   | 0.7200  | 0.6649 
17    | 5           | [99, 100, 101, 102, 103]          | [0.0500, 0.6200, 0.1300, 0.0500, 0.1500]                 | 1.3331   | 0.6000  | 0.5770 
18    | 6           | [99, 100, 101, 102, 103, 104]     | [0.0400, 0.2300, 0.0600, 0.5400, 0.1200, 0.0100]         | 1.2500   | 0.6000  | 0.6422 
19    | 5           | [97, 98, 99, 100, 101]            | [0.0100, 0.1600, 0.0100, 0.4000, 0.4200]                 | 1.1564   | 0.6000  | 0.6442 
20    | 6           | [98, 99, 100, 101, 102, 103]      | [0.0200, 0.1300, 0.0100, 0.5800, 0.2500, 0.0100]         | 0.9964   | 0.5000  | 0.5895 
21    | 7           | [97, 98, 99, 100, 101, 102, 103]  | [0.0100, 0.0400, 0.0800, 0.4200, 0.3300, 0.1100, 0.0100] | 1.0379   | 0.7200  | 0.7014 
