
[Simulation Info]
simulation_id = sim_0003426
timestamp     = 20250428_084338
seed          = 130039
output_folder = /home/lejeunet/Bureau/simulations/Ref_table/sim_0003426

[Model Parameters]
pop_size           = 2349
num_loci           = 20
sample1_generation = 30
sample2_generation = 10
low_repeats        = 1
high_repeats       = 200
mutation_rate      = 0.001
recap_Ne           = 2349

[Sampling Design]
sample1_size_Ne  = 50
sample2_size_Ne  = 50
sample1_size_CMR = 50
sample2_size_CMR = 50

[Capture-Marquage-Recapture]
census_N   =  0
MatchCount =  0
# There were no match between sampling of individuals during CMR.

[Ne Estimates - One Sample - Decreasing critical values [0.050, 0.020, 0.010, 0+]]

[Linkage Desequilibrium]
LD_Ne_Pop1 = [274.8, 647.5, 382.2, 382.2]
LD_r2_Pop1 = [0.02248, 0.021789, 0.022143, 0.022143]
LD_Ne_Pop2 = [None, None, 3413.6, 3413.6]
LD_r2_Pop2 = [0.021182, 0.02103, 0.021374, 0.021374]

[Heterozygote excess]
HE_Neb_mean_Pop1        = [143.0, None, 227.2, 227.2]
HE_weighted_D_mean_Pop1 = [0.00351, -0.00326, 0.00221, 0.00221]
HE_Neb_mean_Pop2        = [None, None, None, None]
HE_weighted_D_mean_Pop2 = [-0.00944, -0.00573, -0.00574, -0.00574]

[Molecular Coancestry]
Coan_Neb_n_Pop1 = None
Coan_f1_Pop1    = -0.00869
Coan_Neb_n_Pop2 = None
Coan_f1_Pop2    = -0.00709

[Ne Estimates - Temporal - Decreasing critical values (0.050, 0.020, 0.010, 0+)]

[Pollak]
P_Ne     = [1634.0, 3612.6, 3297.0, 2877.0]
P_Fk     = [0.02306, 0.02138, 0.02152, 0.02174]
P_Fprime = [0.00306, 0.00138, 0.00152, 0.00174]

[Nei/Tajima]
N_Ne     = [1856.5, 4035.9, 3683.7, 3214.1]
N_Fc     = [0.02269, 0.02124, 0.02136, 0.02156]
N_Fprime = [0.00269, 0.00124, 0.00136, 0.00156]

[Jorde/Ryman]
J_Ne     = [1783.3, 1964.3, 1907.2, 1890.2]
J_Fs     = [0.02291, 0.02265, 0.02272, 0.02275]
J_Fprime = [0.0028, 0.00255, 0.00262, 0.00265]

[Genetic Diversity - Heterozygosity]
mean_exp_het_pop1 = 0.8034
mean_obs_het_pop1 = 0.8086
mean_exp_het_pop2 = 0.8088
mean_obs_het_pop2 = 0.8019

[Genetic Diversity - Allele Counts]
mean_alleles_pop1 = 8.38
var_alleles_pop1  = 1.95
sum_alleles_pop1  = 176
mean_alleles_pop2 = 8.74
var_alleles_pop2  = 1.76
sum_alleles_pop2  = 367

[Genetic Diversity - Allelic Size Variance]
var_allele_size_pop1 = 4.8722
var_allele_size_pop2 = 5.0241

[Per-locus summary - Population 1]
Locus | Num_Alleles | Alleles                                               | Frequencies                                                                              | Variance | Obs_Het | Exp_Het
------+-------------+-------------------------------------------------------+------------------------------------------------------------------------------------------+----------+---------+--------
1     | 10          | [98, 99, 100, 101, 102, 104, 105, 106, 107, 108]      | [0.0100, 0.2600, 0.0300, 0.2100, 0.1500, 0.0600, 0.0100, 0.0400, 0.2200, 0.0100]         | 9.5156   | 0.8200  | 0.8192 
2     | 7           | [97, 98, 99, 100, 101, 103, 104]                      | [0.1700, 0.0600, 0.0500, 0.3300, 0.1800, 0.2000, 0.0100]                                 | 3.9404   | 0.8200  | 0.7915 
3     | 5           | [99, 100, 101, 102, 105]                              | [0.1400, 0.4200, 0.2500, 0.1500, 0.0400]                                                 | 1.6179   | 0.7000  | 0.7247 
4     | 8           | [94, 95, 96, 97, 100, 101, 102, 103]                  | [0.0600, 0.2300, 0.1500, 0.1500, 0.0800, 0.1100, 0.1900, 0.0300]                         | 8.8796   | 0.9400  | 0.8515 
5     | 9           | [97, 98, 99, 100, 101, 102, 103, 104, 105]            | [0.0400, 0.0400, 0.3200, 0.1500, 0.0900, 0.2100, 0.0300, 0.0900, 0.0300]                 | 3.8819   | 0.8000  | 0.8180 
6     | 9           | [94, 95, 96, 97, 99, 100, 101, 102, 103]              | [0.0100, 0.0100, 0.1800, 0.0300, 0.1600, 0.2400, 0.2500, 0.0200, 0.1000]                 | 4.9099   | 0.7600  | 0.8186 
7     | 9           | [97, 98, 99, 100, 101, 102, 103, 104, 105]            | [0.0600, 0.1100, 0.2600, 0.1900, 0.1500, 0.0100, 0.0700, 0.1400, 0.0100]                 | 4.4411   | 0.9000  | 0.8418 
8     | 8           | [96, 97, 98, 99, 100, 101, 102, 103]                  | [0.0100, 0.0200, 0.0400, 0.2400, 0.2100, 0.1100, 0.1800, 0.1900]                         | 2.8956   | 0.8000  | 0.8238 
9     | 8           | [97, 98, 99, 100, 101, 102, 103, 104]                 | [0.0600, 0.0100, 0.0300, 0.0800, 0.2500, 0.3100, 0.2400, 0.0200]                         | 2.5064   | 0.7800  | 0.7802 
10    | 8           | [97, 98, 99, 100, 101, 102, 104, 105]                 | [0.0200, 0.0300, 0.2600, 0.2700, 0.2300, 0.0700, 0.0100, 0.1100]                         | 3.6436   | 0.7400  | 0.7962 
11    | 9           | [93, 94, 97, 98, 99, 100, 101, 102, 103]              | [0.0200, 0.0100, 0.1200, 0.3800, 0.0900, 0.2500, 0.0700, 0.0500, 0.0100]                 | 2.9259   | 0.8400  | 0.7703 
12    | 9           | [94, 95, 96, 97, 98, 99, 100, 101, 103]               | [0.0400, 0.1400, 0.2100, 0.1800, 0.1600, 0.1100, 0.0300, 0.1000, 0.0300]                 | 4.4864   | 0.8200  | 0.8614 
13    | 7           | [98, 99, 100, 101, 102, 103, 104]                     | [0.0100, 0.1300, 0.2600, 0.3500, 0.2000, 0.0200, 0.0300]                                 | 1.3716   | 0.7600  | 0.7592 
14    | 9           | [94, 95, 96, 97, 98, 100, 101, 102, 103]              | [0.0600, 0.0100, 0.2600, 0.0500, 0.0100, 0.0800, 0.4000, 0.1000, 0.0300]                 | 7.2651   | 0.8000  | 0.7564 
15    | 11          | [98, 99, 100, 101, 102, 103, 104, 105, 106, 107, 108] | [0.0300, 0.2800, 0.1900, 0.1000, 0.1100, 0.0100, 0.0100, 0.1700, 0.0400, 0.0300, 0.0300] | 7.7419   | 0.8800  | 0.8384 
16    | 9           | [96, 97, 98, 99, 100, 102, 103, 104, 105]             | [0.0300, 0.2100, 0.0300, 0.0600, 0.0800, 0.0700, 0.2800, 0.2300, 0.0100]                 | 8.1136   | 0.7400  | 0.8160 
17    | 7           | [97, 98, 99, 100, 101, 102, 103]                      | [0.0400, 0.1400, 0.2500, 0.0900, 0.1200, 0.3400, 0.0200]                                 | 2.7859   | 0.8600  | 0.7857 
18    | 9           | [97, 98, 99, 100, 102, 103, 104, 105, 106]            | [0.0900, 0.1800, 0.1300, 0.0100, 0.0200, 0.2000, 0.2300, 0.0300, 0.1100]                 | 9.3379   | 0.9000  | 0.8447 
19    | 10          | [96, 97, 98, 99, 100, 101, 102, 103, 104, 105]        | [0.0100, 0.0200, 0.1400, 0.0200, 0.0200, 0.0900, 0.2500, 0.1300, 0.1600, 0.1600]         | 5.6596   | 0.8800  | 0.8489 
20    | 9           | [97, 98, 99, 100, 101, 102, 103, 104, 105]            | [0.0200, 0.0700, 0.2000, 0.0100, 0.0400, 0.2500, 0.0900, 0.2800, 0.0400]                 | 4.9971   | 0.8000  | 0.8105 
21    | 6           | [100, 101, 102, 103, 104, 105]                        | [0.0700, 0.3500, 0.1400, 0.3800, 0.0300, 0.0300]                                         | 1.3984   | 0.6400  | 0.7139 

[Per-locus summary - Population 2]
Locus | Num_Alleles | Alleles                                             | Frequencies                                                                              | Variance | Obs_Het | Exp_Het
------+-------------+-----------------------------------------------------+------------------------------------------------------------------------------------------+----------+---------+--------
1     | 8           | [98, 99, 101, 102, 103, 104, 105, 107]              | [0.0200, 0.1200, 0.2800, 0.2600, 0.0100, 0.0400, 0.0300, 0.2400]                         | 7.6844   | 0.8000  | 0.7869 
2     | 7           | [97, 98, 99, 100, 101, 103, 104]                    | [0.2200, 0.0200, 0.0500, 0.3700, 0.0900, 0.2100, 0.0400]                                 | 4.7131   | 0.6800  | 0.7657 
3     | 7           | [99, 100, 101, 102, 103, 105, 106]                  | [0.1100, 0.3600, 0.2600, 0.1500, 0.0500, 0.0600, 0.0100]                                 | 2.3584   | 0.7000  | 0.7697 
4     | 8           | [94, 95, 96, 97, 100, 101, 102, 103]                | [0.0900, 0.3000, 0.1300, 0.0900, 0.0500, 0.0600, 0.2200, 0.0600]                         | 10.4875  | 0.8000  | 0.8271 
5     | 9           | [97, 98, 99, 100, 101, 102, 103, 104, 105]          | [0.0200, 0.0600, 0.2600, 0.1800, 0.0900, 0.2400, 0.0300, 0.0500, 0.0700]                 | 3.9571   | 0.8600  | 0.8303 
6     | 9           | [95, 96, 97, 98, 99, 100, 101, 102, 103]            | [0.0100, 0.1800, 0.0100, 0.0100, 0.1500, 0.2300, 0.2300, 0.0700, 0.1100]                 | 4.8371   | 0.8800  | 0.8303 
7     | 10          | [96, 97, 98, 99, 100, 101, 102, 103, 104, 105]      | [0.0100, 0.0900, 0.2300, 0.2200, 0.1500, 0.0900, 0.0500, 0.1000, 0.0500, 0.0100]         | 4.2875   | 0.8800  | 0.8533 
8     | 8           | [96, 97, 98, 99, 100, 101, 102, 103]                | [0.0200, 0.0600, 0.0400, 0.3800, 0.1000, 0.1000, 0.1900, 0.1100]                         | 3.2419   | 0.8400  | 0.7897 
9     | 8           | [97, 98, 99, 100, 101, 102, 103, 104]               | [0.0400, 0.0200, 0.0400, 0.0600, 0.1600, 0.4300, 0.1900, 0.0600]                         | 2.3731   | 0.7800  | 0.7501 
10    | 9           | [96, 97, 98, 99, 100, 101, 102, 104, 105]           | [0.0100, 0.0300, 0.0600, 0.1500, 0.2800, 0.1900, 0.1000, 0.0200, 0.1600]                 | 4.9731   | 0.8800  | 0.8307 
11    | 8           | [93, 97, 98, 99, 100, 101, 102, 103]                | [0.0200, 0.0800, 0.4100, 0.1000, 0.2400, 0.0800, 0.0500, 0.0200]                         | 2.7764   | 0.6400  | 0.7558 
12    | 8           | [94, 95, 96, 97, 98, 99, 101, 102]                  | [0.0400, 0.1300, 0.2700, 0.2000, 0.1300, 0.1300, 0.0900, 0.0100]                         | 3.4675   | 0.8000  | 0.8349 
13    | 7           | [97, 98, 99, 100, 101, 102, 104]                    | [0.0300, 0.0300, 0.1300, 0.3900, 0.2300, 0.1500, 0.0400]                                 | 1.8219   | 0.7000  | 0.7598 
14    | 10          | [94, 95, 96, 97, 98, 100, 101, 102, 103, 104]       | [0.0600, 0.0100, 0.2900, 0.0500, 0.0200, 0.0900, 0.3300, 0.1200, 0.0200, 0.0100]         | 7.5419   | 0.9000  | 0.7853 
15    | 10          | [98, 99, 100, 101, 102, 104, 105, 106, 107, 108]    | [0.0300, 0.1900, 0.2300, 0.1000, 0.1400, 0.0300, 0.1700, 0.0600, 0.0300, 0.0200]         | 7.2611   | 0.8800  | 0.8543 
16    | 9           | [96, 97, 98, 99, 100, 102, 103, 104, 105]           | [0.0500, 0.2000, 0.1000, 0.0800, 0.0300, 0.0600, 0.2200, 0.2500, 0.0100]                 | 8.9875   | 0.8200  | 0.8339 
17    | 8           | [97, 98, 99, 100, 101, 102, 103, 104]               | [0.1000, 0.0700, 0.2100, 0.1100, 0.1200, 0.2800, 0.1000, 0.0100]                         | 3.5531   | 0.7800  | 0.8343 
18    | 9           | [97, 98, 99, 100, 102, 103, 104, 105, 106]          | [0.0300, 0.1900, 0.1500, 0.0300, 0.0100, 0.2500, 0.2300, 0.0500, 0.0600]                 | 7.7376   | 0.8400  | 0.8263 
19    | 11          | [96, 97, 98, 99, 100, 101, 102, 103, 104, 105, 106] | [0.0200, 0.0200, 0.1600, 0.0100, 0.0100, 0.1300, 0.2500, 0.1300, 0.1700, 0.0900, 0.0100] | 5.7524   | 0.8200  | 0.8485 
20    | 10          | [97, 98, 99, 100, 101, 102, 103, 104, 105, 106]     | [0.0800, 0.1000, 0.0800, 0.0300, 0.0900, 0.1400, 0.2000, 0.2100, 0.0500, 0.0200]         | 6.2244   | 0.8400  | 0.8703 
21    | 6           | [100, 101, 102, 103, 104, 105]                      | [0.0900, 0.2800, 0.1800, 0.3700, 0.0500, 0.0300]                                         | 1.4700   | 0.7200  | 0.7483 
