
[Simulation Info]
simulation_id = sim_0010108
timestamp     = 20250429_083235
seed          = 506662
output_folder = /home/lejeunet/Bureau/simulations/Ref_table/sim_0010108

[Model Parameters]
pop_size           = 7926
num_loci           = 20
sample1_generation = 30
sample2_generation = 10
low_repeats        = 1
high_repeats       = 200
mutation_rate      = 0.001
recap_Ne           = 7926

[Sampling Design]
sample1_size_Ne  = 50
sample2_size_Ne  = 50
sample1_size_CMR = 50
sample2_size_CMR = 50

[Capture-Marquage-Recapture]
census_N   =  0
MatchCount =  0
# There were no match between sampling of individuals during CMR.

[Ne Estimates - One Sample - Decreasing critical values [0.050, 0.020, 0.010, 0+]]

[Linkage Desequilibrium]
LD_Ne_Pop1 = [None, None, None, None]
LD_r2_Pop1 = [0.02115, 0.021041, 0.021085, 0.021085]
LD_Ne_Pop2 = [1490.3, 3232.8, 3565.2, 3565.2]
LD_r2_Pop2 = [0.021499, 0.021379, 0.021369, 0.021369]

[Heterozygote excess]
HE_Neb_mean_Pop1        = [None, None, None, None]
HE_weighted_D_mean_Pop1 = [-0.00404, -0.00695, -0.00458, -0.00458]
HE_Neb_mean_Pop2        = [197.9, 71.6, 88.2, 88.2]
HE_weighted_D_mean_Pop2 = [0.00253, 0.00703, 0.0057, 0.0057]

[Molecular Coancestry]
Coan_Neb_n_Pop1 = None
Coan_f1_Pop1    = -0.0069
Coan_Neb_n_Pop2 = 33.4
Coan_f1_Pop2    = 0.01498

[Ne Estimates - Temporal - Decreasing critical values (0.050, 0.020, 0.010, 0+)]

[Pollak]
P_Ne     = [1180.2, 1271.4, 1234.8, 1324.0]
P_Fk     = [0.02424, 0.02393, 0.02405, 0.02378]
P_Fprime = [0.00424, 0.00393, 0.00405, 0.00378]

[Nei/Tajima]
N_Ne     = [1247.4, 1341.1, 1301.4, 1388.2]
N_Fc     = [0.02401, 0.02373, 0.02384, 0.0236]
N_Fprime = [0.00401, 0.00373, 0.00384, 0.0036]

[Jorde/Ryman]
J_Ne     = [952.8, 870.8, 853.1, 853.4]
J_Fs     = [0.02535, 0.02585, 0.02597, 0.02597]
J_Fprime = [0.00525, 0.00574, 0.00586, 0.00586]

[Genetic Diversity - Heterozygosity]
mean_exp_het_pop1 = 0.8727
mean_obs_het_pop1 = 0.8648
mean_exp_het_pop2 = 0.866
mean_obs_het_pop2 = 0.8714

[Genetic Diversity - Allele Counts]
mean_alleles_pop1 = 12.38
var_alleles_pop1  = 3.45
sum_alleles_pop1  = 260
mean_alleles_pop2 = 13.07
var_alleles_pop2  = 5.53
sum_alleles_pop2  = 549

[Genetic Diversity - Allelic Size Variance]
var_allele_size_pop1 = 10.145
var_allele_size_pop2 = 9.8823

[Per-locus summary - Population 1]
Locus | Num_Alleles | Alleles                                                                    | Frequencies                                                                                                                              | Variance | Obs_Het | Exp_Het
------+-------------+----------------------------------------------------------------------------+------------------------------------------------------------------------------------------------------------------------------------------+----------+---------+--------
1     | 11          | [96, 97, 98, 99, 100, 101, 102, 103, 104, 106, 107]                        | [0.0100, 0.0300, 0.0200, 0.2000, 0.1600, 0.2300, 0.1000, 0.1200, 0.0900, 0.0200, 0.0200]                                                 | 4.4784   | 0.8600  | 0.8554 
2     | 17          | [89, 90, 91, 92, 93, 94, 95, 96, 97, 98, 99, 100, 101, 102, 104, 108, 109] | [0.0400, 0.0200, 0.1800, 0.1400, 0.2200, 0.1100, 0.0100, 0.0200, 0.0600, 0.0600, 0.0200, 0.0100, 0.0300, 0.0400, 0.0100, 0.0100, 0.0200] | 17.5156  | 0.9200  | 0.8830 
3     | 13          | [91, 92, 93, 94, 95, 96, 97, 98, 99, 101, 104, 106, 109]                   | [0.0100, 0.0700, 0.0900, 0.2300, 0.1200, 0.1500, 0.1200, 0.0700, 0.0500, 0.0100, 0.0200, 0.0400, 0.0200]                                 | 12.9700  | 0.8600  | 0.8816 
4     | 12          | [87, 88, 89, 90, 91, 92, 93, 94, 97, 98, 99, 100]                          | [0.0100, 0.1000, 0.1000, 0.1500, 0.2300, 0.1300, 0.1400, 0.0200, 0.0200, 0.0300, 0.0300, 0.0400]                                         | 9.3259   | 0.7800  | 0.8725 
5     | 13          | [92, 93, 94, 95, 96, 97, 98, 99, 100, 101, 102, 103, 104]                  | [0.0600, 0.0500, 0.0700, 0.0800, 0.0700, 0.1400, 0.1000, 0.2600, 0.1100, 0.0200, 0.0200, 0.0100, 0.0100]                                 | 7.0176   | 0.9000  | 0.8762 
6     | 11          | [97, 98, 99, 100, 101, 102, 103, 104, 105, 106, 107]                       | [0.0100, 0.0500, 0.1700, 0.0900, 0.1600, 0.1400, 0.0900, 0.1600, 0.1000, 0.0200, 0.0100]                                                 | 5.2324   | 0.8800  | 0.8798 
7     | 12          | [85, 86, 87, 88, 89, 90, 91, 92, 93, 94, 95, 98]                           | [0.0100, 0.0700, 0.3000, 0.1000, 0.0700, 0.0800, 0.1300, 0.1500, 0.0100, 0.0500, 0.0200, 0.0100]                                         | 6.8644   | 0.8800  | 0.8497 
8     | 14          | [95, 96, 97, 98, 99, 100, 101, 102, 103, 104, 105, 106, 107, 108]          | [0.0300, 0.1100, 0.0800, 0.0600, 0.1400, 0.1300, 0.1500, 0.1300, 0.0600, 0.0100, 0.0200, 0.0600, 0.0100, 0.0100]                         | 8.7475   | 0.8800  | 0.9022 
9     | 9           | [101, 102, 103, 104, 105, 106, 107, 108, 109]                              | [0.0100, 0.0900, 0.1200, 0.1700, 0.2300, 0.1500, 0.1000, 0.1000, 0.0300]                                                                 | 3.5475   | 0.8600  | 0.8608 
10    | 13          | [88, 89, 90, 91, 92, 93, 94, 95, 96, 97, 98, 99, 102]                      | [0.0500, 0.1600, 0.0100, 0.1200, 0.0600, 0.0200, 0.0900, 0.1900, 0.1200, 0.0700, 0.0400, 0.0100, 0.0600]                                 | 13.2339  | 0.8600  | 0.8935 
11    | 11          | [89, 90, 91, 92, 93, 94, 95, 96, 97, 99, 105]                              | [0.0500, 0.0500, 0.1100, 0.1600, 0.1200, 0.3600, 0.0600, 0.0300, 0.0400, 0.0100, 0.0100]                                                 | 5.1276   | 0.8600  | 0.8152 
12    | 15          | [77, 79, 80, 81, 82, 85, 87, 88, 89, 90, 91, 92, 93, 94, 95]               | [0.0500, 0.0300, 0.0100, 0.0400, 0.0100, 0.0200, 0.1400, 0.1200, 0.1100, 0.1200, 0.1000, 0.0500, 0.1300, 0.0400, 0.0300]                 | 19.9499  | 0.9600  | 0.9111 
13    | 10          | [92, 93, 94, 95, 96, 97, 98, 99, 100, 101]                                 | [0.0400, 0.0300, 0.1100, 0.1000, 0.0900, 0.1900, 0.2000, 0.1200, 0.0800, 0.0400]                                                         | 4.9900   | 0.8600  | 0.8776 
14    | 11          | [96, 97, 98, 99, 100, 101, 102, 103, 104, 105, 106]                        | [0.0600, 0.0300, 0.1100, 0.3300, 0.1500, 0.1100, 0.0500, 0.0500, 0.0200, 0.0200, 0.0700]                                                 | 6.0936   | 0.7800  | 0.8376 
15    | 12          | [92, 93, 94, 95, 96, 97, 98, 99, 100, 101, 103, 104]                       | [0.0700, 0.1700, 0.1200, 0.2100, 0.1300, 0.1000, 0.0900, 0.0300, 0.0300, 0.0100, 0.0300, 0.0100]                                         | 6.7419   | 0.8800  | 0.8786 
16    | 13          | [85, 87, 92, 93, 94, 95, 96, 97, 98, 99, 101, 102, 104]                    | [0.0800, 0.1200, 0.0200, 0.0400, 0.1900, 0.0600, 0.0600, 0.1800, 0.1400, 0.0100, 0.0500, 0.0400, 0.0100]                                 | 22.6884  | 0.8600  | 0.8865 
17    | 14          | [94, 95, 96, 97, 98, 99, 100, 101, 102, 103, 104, 105, 106, 109]           | [0.0100, 0.0400, 0.0300, 0.0800, 0.1000, 0.0200, 0.0300, 0.0800, 0.0400, 0.1600, 0.1800, 0.0700, 0.1500, 0.0100]                         | 12.0404  | 0.8800  | 0.8952 
18    | 12          | [85, 86, 87, 88, 89, 90, 91, 92, 93, 99, 100, 101]                         | [0.0900, 0.0400, 0.1400, 0.1000, 0.1600, 0.2000, 0.1100, 0.0300, 0.0600, 0.0500, 0.0100, 0.0100]                                         | 11.5956  | 0.8600  | 0.8847 
19    | 13          | [100, 101, 102, 103, 104, 105, 106, 107, 108, 109, 110, 112, 113]          | [0.0100, 0.2000, 0.0900, 0.0400, 0.0400, 0.0900, 0.1500, 0.0900, 0.1000, 0.0700, 0.0200, 0.0700, 0.0300]                                 | 12.5900  | 0.8400  | 0.8978 
20    | 10          | [96, 97, 98, 99, 100, 101, 102, 103, 104, 105]                             | [0.0100, 0.0500, 0.1000, 0.3400, 0.2300, 0.0700, 0.1400, 0.0200, 0.0200, 0.0200]                                                         | 2.9604   | 0.8400  | 0.8012 
21    | 14          | [78, 80, 81, 82, 83, 84, 85, 86, 87, 88, 97, 98, 99, 100]                  | [0.0200, 0.0100, 0.0400, 0.1100, 0.0700, 0.1900, 0.1600, 0.1700, 0.0600, 0.0800, 0.0500, 0.0100, 0.0100, 0.0200]                         | 19.3339  | 0.8600  | 0.8861 

[Per-locus summary - Population 2]
Locus | Num_Alleles | Alleles                                                                     | Frequencies                                                                                                                      | Variance | Obs_Het | Exp_Het
------+-------------+-----------------------------------------------------------------------------+----------------------------------------------------------------------------------------------------------------------------------+----------+---------+--------
1     | 10          | [97, 98, 99, 100, 101, 102, 103, 104, 105, 106]                             | [0.0700, 0.0500, 0.0600, 0.2000, 0.1400, 0.0900, 0.1700, 0.1600, 0.0400, 0.0200]                                                 | 5.1836   | 0.8400  | 0.8735 
2     | 15          | [89, 90, 91, 92, 93, 94, 95, 97, 98, 99, 100, 101, 102, 107, 109]           | [0.0600, 0.0500, 0.1300, 0.1000, 0.2300, 0.1500, 0.0300, 0.0800, 0.0500, 0.0100, 0.0200, 0.0200, 0.0200, 0.0200, 0.0300]         | 18.9011  | 0.8600  | 0.8881 
3     | 13          | [91, 92, 93, 94, 95, 96, 97, 98, 99, 100, 101, 104, 109]                    | [0.0300, 0.0500, 0.1000, 0.1900, 0.1500, 0.1600, 0.1600, 0.0900, 0.0200, 0.0100, 0.0100, 0.0100, 0.0200]                         | 8.3675   | 0.9200  | 0.8764 
4     | 12          | [87, 88, 89, 90, 91, 92, 93, 94, 97, 98, 99, 100]                           | [0.0100, 0.0800, 0.1600, 0.1000, 0.2100, 0.0600, 0.2100, 0.0500, 0.0500, 0.0200, 0.0200, 0.0300]                                 | 8.8200   | 0.9600  | 0.8681 
5     | 13          | [92, 93, 94, 95, 96, 97, 98, 99, 100, 101, 102, 103, 104]                   | [0.0600, 0.0800, 0.0500, 0.0400, 0.1500, 0.0800, 0.1200, 0.1700, 0.1400, 0.0700, 0.0100, 0.0200, 0.0100]                         | 8.0200   | 0.8600  | 0.8976 
6     | 10          | [97, 98, 99, 100, 101, 102, 103, 104, 105, 106]                             | [0.0100, 0.0400, 0.1400, 0.1100, 0.0800, 0.1800, 0.1500, 0.1800, 0.0800, 0.0300]                                                 | 4.7364   | 0.8600  | 0.8743 
7     | 11          | [85, 86, 87, 88, 89, 90, 91, 92, 93, 96, 97]                                | [0.0100, 0.1100, 0.2100, 0.0700, 0.0800, 0.0900, 0.1500, 0.1800, 0.0700, 0.0200, 0.0100]                                         | 6.7851   | 0.9200  | 0.8727 
8     | 13          | [95, 96, 97, 98, 99, 100, 101, 102, 103, 104, 105, 106, 108]                | [0.0500, 0.2100, 0.1400, 0.0500, 0.0400, 0.1600, 0.1400, 0.0400, 0.0300, 0.0300, 0.0500, 0.0500, 0.0100]                         | 10.5019  | 0.9000  | 0.8849 
9     | 9           | [101, 102, 103, 104, 105, 106, 107, 108, 109]                               | [0.0200, 0.1500, 0.1100, 0.1400, 0.2200, 0.1100, 0.1300, 0.0700, 0.0500]                                                         | 4.2979   | 0.8600  | 0.8693 
10    | 12          | [89, 90, 91, 92, 94, 95, 96, 97, 98, 101, 102, 103]                         | [0.1900, 0.0500, 0.2100, 0.0800, 0.0800, 0.1300, 0.1000, 0.0500, 0.0300, 0.0200, 0.0500, 0.0100]                                 | 13.7059  | 0.8200  | 0.8800 
11    | 12          | [89, 90, 91, 92, 93, 94, 95, 96, 97, 98, 102, 103]                          | [0.0100, 0.0900, 0.1900, 0.1000, 0.1000, 0.3400, 0.0500, 0.0200, 0.0500, 0.0100, 0.0100, 0.0300]                                 | 7.2875   | 0.8000  | 0.8218 
12    | 14          | [77, 78, 80, 81, 86, 87, 88, 89, 90, 91, 92, 93, 94, 95]                    | [0.0300, 0.0200, 0.0100, 0.1000, 0.0100, 0.0800, 0.1200, 0.1100, 0.1500, 0.1400, 0.0200, 0.1500, 0.0300, 0.0300]                 | 19.4704  | 0.9200  | 0.8978 
13    | 10          | [92, 93, 94, 95, 96, 97, 98, 99, 100, 101]                                  | [0.0100, 0.0100, 0.0800, 0.0800, 0.1700, 0.2200, 0.2300, 0.0600, 0.0900, 0.0500]                                                 | 3.6744   | 0.8400  | 0.8511 
14    | 11          | [96, 97, 98, 99, 100, 101, 102, 103, 104, 105, 106]                         | [0.0300, 0.0400, 0.2000, 0.2900, 0.1700, 0.1100, 0.0200, 0.0400, 0.0200, 0.0300, 0.0500]                                         | 5.3331   | 0.8400  | 0.8349 
15    | 13          | [91, 92, 93, 94, 95, 96, 97, 98, 99, 101, 102, 103, 104]                    | [0.0100, 0.0600, 0.1000, 0.1700, 0.3100, 0.1100, 0.1100, 0.0500, 0.0200, 0.0200, 0.0100, 0.0200, 0.0100]                         | 5.7219   | 0.8200  | 0.8416 
16    | 14          | [85, 86, 87, 88, 89, 92, 93, 94, 95, 96, 97, 98, 101, 102]                  | [0.0100, 0.0100, 0.1300, 0.0300, 0.0100, 0.0200, 0.0900, 0.1900, 0.1100, 0.1200, 0.1600, 0.0800, 0.0300, 0.0100]                 | 14.7400  | 0.9400  | 0.8867 
17    | 14          | [94, 95, 96, 97, 98, 99, 100, 101, 102, 103, 104, 105, 106, 107]            | [0.0200, 0.0100, 0.0100, 0.0100, 0.0300, 0.0300, 0.0500, 0.0200, 0.0400, 0.2600, 0.2700, 0.1500, 0.0800, 0.0200]                 | 6.8200   | 0.7800  | 0.8315 
18    | 16          | [84, 85, 86, 87, 88, 89, 90, 91, 92, 93, 97, 98, 100, 101, 104, 107]        | [0.0100, 0.1200, 0.0500, 0.1100, 0.0200, 0.1600, 0.2900, 0.0600, 0.0300, 0.0500, 0.0100, 0.0200, 0.0300, 0.0200, 0.0100, 0.0100] | 18.0564  | 0.9200  | 0.8604 
19    | 15          | [100, 101, 102, 103, 104, 105, 106, 107, 108, 109, 110, 111, 112, 113, 114] | [0.0200, 0.1000, 0.0800, 0.0400, 0.0500, 0.1800, 0.0700, 0.0700, 0.0800, 0.0600, 0.1500, 0.0100, 0.0600, 0.0200, 0.0100]         | 12.5100  | 0.9400  | 0.9093 
20    | 10          | [96, 97, 98, 99, 100, 101, 102, 103, 104, 105]                              | [0.0200, 0.0600, 0.0900, 0.2100, 0.2600, 0.0700, 0.2000, 0.0400, 0.0300, 0.0200]                                                 | 3.6144   | 0.8400  | 0.8368 
21    | 14          | [79, 80, 81, 82, 83, 84, 85, 86, 87, 88, 97, 100, 101, 102]                 | [0.0100, 0.0200, 0.0200, 0.0800, 0.1400, 0.3500, 0.1000, 0.1200, 0.0300, 0.0500, 0.0200, 0.0300, 0.0200, 0.0100]                 | 20.9800  | 0.8600  | 0.8293 
