
[Simulation Info]
simulation_id = sim_0011018
timestamp     = 20250429_085845
seed          = 751836
output_folder = /home/lejeunet/Bureau/simulations/Ref_table/sim_0011018

[Model Parameters]
pop_size           = 2719
num_loci           = 20
sample1_generation = 30
sample2_generation = 10
low_repeats        = 1
high_repeats       = 200
mutation_rate      = 0.001
recap_Ne           = 2719

[Sampling Design]
sample1_size_Ne  = 50
sample2_size_Ne  = 50
sample1_size_CMR = 50
sample2_size_CMR = 50

[Capture-Marquage-Recapture]
census_N   =  2601
MatchCount =  1

[Ne Estimates - One Sample - Decreasing critical values [0.050, 0.020, 0.010, 0+]]

[Linkage Desequilibrium]
LD_Ne_Pop1 = [None, None, None, None]
LD_r2_Pop1 = [0.021174, 0.021116, 0.021104, 0.021104]
LD_Ne_Pop2 = [990.6, 1919.7, 765.7, 765.7]
LD_r2_Pop2 = [0.021612, 0.021449, 0.02171, 0.02171]

[Heterozygote excess]
HE_Neb_mean_Pop1        = [None, None, None, None]
HE_weighted_D_mean_Pop1 = [-0.01064, -0.0108, -0.01077, -0.01077]
HE_Neb_mean_Pop2        = [None, None, None, None]
HE_weighted_D_mean_Pop2 = [-0.00811, -0.00606, -0.00617, -0.00617]

[Molecular Coancestry]
Coan_Neb_n_Pop1 = 279.4
Coan_f1_Pop1    = 0.00179
Coan_Neb_n_Pop2 = 26.2
Coan_f1_Pop2    = 0.01911

[Ne Estimates - Temporal - Decreasing critical values (0.050, 0.020, 0.010, 0+)]

[Pollak]
P_Ne     = [4287.0, 3117.4, 5200.6, 5329.8]
P_Fk     = [0.02117, 0.0216, 0.02096, 0.02094]
P_Fprime = [0.00117, 0.0016, 0.00096, 0.00094]

[Nei/Tajima]
N_Ne     = [4278.8, 3239.9, 5182.4, 5296.3]
N_Fc     = [0.02117, 0.02154, 0.02096, 0.02094]
N_Fprime = [0.00117, 0.00154, 0.00096, 0.00094]

[Jorde/Ryman]
J_Ne     = [2116.4, 1829.1, 2055.4, 2065.7]
J_Fs     = [0.02246, 0.02284, 0.02253, 0.02252]
J_Fprime = [0.00236, 0.00273, 0.00243, 0.00242]

[Genetic Diversity - Heterozygosity]
mean_exp_het_pop1 = 0.8107
mean_obs_het_pop1 = 0.801
mean_exp_het_pop2 = 0.8126
mean_obs_het_pop2 = 0.8057

[Genetic Diversity - Allele Counts]
mean_alleles_pop1 = 8.05
var_alleles_pop1  = 3.35
sum_alleles_pop1  = 169
mean_alleles_pop2 = 8.71
var_alleles_pop2  = 2.89
sum_alleles_pop2  = 366

[Genetic Diversity - Allelic Size Variance]
var_allele_size_pop1 = 4.4636
var_allele_size_pop2 = 4.3882

[Per-locus summary - Population 1]
Locus | Num_Alleles | Alleles                                                  | Frequencies                                                                                      | Variance | Obs_Het | Exp_Het
------+-------------+----------------------------------------------------------+--------------------------------------------------------------------------------------------------+----------+---------+--------
1     | 6           | [98, 99, 100, 101, 102, 103]                             | [0.0900, 0.2100, 0.1800, 0.2500, 0.1300, 0.1400]                                                 | 2.3084   | 0.7800  | 0.8246 
2     | 7           | [95, 96, 97, 98, 99, 100, 102]                           | [0.3100, 0.1200, 0.2800, 0.0800, 0.0400, 0.1600, 0.0100]                                         | 3.2875   | 0.7800  | 0.7853 
3     | 10          | [99, 101, 102, 103, 104, 105, 106, 107, 108, 109]        | [0.0100, 0.0100, 0.0100, 0.0400, 0.1500, 0.3200, 0.1900, 0.1100, 0.1100, 0.0500]                 | 3.0036   | 0.7800  | 0.8186 
4     | 7           | [98, 99, 100, 101, 102, 103, 104]                        | [0.0100, 0.0600, 0.1900, 0.1700, 0.0900, 0.3000, 0.1800]                                         | 2.6379   | 0.8200  | 0.8089 
5     | 8           | [95, 96, 97, 98, 99, 100, 101, 102]                      | [0.2000, 0.0500, 0.2000, 0.2900, 0.1600, 0.0500, 0.0300, 0.0200]                                 | 2.9291   | 0.8800  | 0.8121 
6     | 7           | [96, 97, 98, 99, 100, 101, 102]                          | [0.1300, 0.2500, 0.2000, 0.0500, 0.2100, 0.1100, 0.0500]                                         | 3.2099   | 0.7400  | 0.8277 
7     | 10          | [94, 95, 96, 97, 98, 99, 100, 101, 102, 103]             | [0.0100, 0.1100, 0.0100, 0.0200, 0.0400, 0.0200, 0.0900, 0.2900, 0.2300, 0.1800]                 | 6.2296   | 0.8600  | 0.8160 
8     | 5           | [95, 96, 97, 98, 99]                                     | [0.1700, 0.1300, 0.3700, 0.2200, 0.1100]                                                         | 1.4691   | 0.8200  | 0.7644 
9     | 10          | [91, 92, 93, 94, 95, 96, 97, 98, 99, 100]                | [0.0600, 0.1200, 0.0700, 0.0900, 0.0500, 0.1500, 0.1700, 0.1400, 0.1100, 0.0400]                 | 6.7416   | 0.8800  | 0.8907 
10    | 7           | [98, 101, 102, 103, 104, 106, 107]                       | [0.0300, 0.2100, 0.3400, 0.2000, 0.1500, 0.0100, 0.0600]                                         | 2.8899   | 0.7400  | 0.7810 
11    | 12          | [96, 97, 98, 99, 100, 101, 102, 103, 105, 106, 107, 108] | [0.0100, 0.1500, 0.2800, 0.2200, 0.0600, 0.0900, 0.0300, 0.0100, 0.0300, 0.0100, 0.0900, 0.0200] | 9.9419   | 0.8600  | 0.8368 
12    | 7           | [96, 97, 100, 101, 102, 103, 105]                        | [0.0300, 0.1600, 0.1600, 0.2500, 0.2200, 0.1700, 0.0100]                                         | 4.4075   | 0.8200  | 0.8162 
13    | 6           | [95, 96, 97, 98, 99, 101]                                | [0.0200, 0.3800, 0.2000, 0.1800, 0.2100, 0.0100]                                                 | 1.5916   | 0.7000  | 0.7461 
14    | 8           | [96, 97, 98, 99, 100, 101, 102, 103]                     | [0.1100, 0.1200, 0.1200, 0.0500, 0.2200, 0.2500, 0.0300, 0.1000]                                 | 4.4096   | 0.8200  | 0.8432 
15    | 9           | [96, 97, 98, 99, 100, 101, 102, 103, 104]                | [0.0200, 0.3500, 0.0800, 0.0500, 0.1300, 0.2000, 0.0100, 0.1300, 0.0300]                         | 5.3579   | 0.8400  | 0.8014 
16    | 9           | [95, 96, 97, 98, 100, 101, 103, 104, 105]                | [0.0500, 0.1500, 0.4600, 0.1000, 0.0400, 0.0300, 0.0400, 0.0600, 0.0700]                         | 8.4339   | 0.7200  | 0.7483 
17    | 6           | [97, 98, 99, 100, 101, 103]                              | [0.0400, 0.2100, 0.3200, 0.2800, 0.1100, 0.0400]                                                 | 1.5931   | 0.7200  | 0.7675 
18    | 11          | [92, 93, 95, 96, 97, 98, 99, 100, 101, 102, 103]         | [0.0600, 0.1700, 0.0200, 0.0400, 0.0600, 0.0400, 0.0800, 0.2000, 0.2300, 0.0800, 0.0200]         | 11.5076  | 0.8400  | 0.8628 
19    | 8           | [97, 98, 99, 100, 101, 102, 103, 104]                    | [0.1600, 0.2800, 0.1800, 0.1600, 0.0200, 0.0800, 0.0500, 0.0700]                                 | 4.2779   | 0.7800  | 0.8321 
20    | 9           | [98, 99, 100, 101, 102, 103, 104, 105, 106]              | [0.0200, 0.2100, 0.1300, 0.2200, 0.1700, 0.0800, 0.0500, 0.0300, 0.0900]                         | 4.6264   | 0.7600  | 0.8519 
21    | 7           | [99, 100, 101, 102, 103, 104, 105]                       | [0.1500, 0.0400, 0.1400, 0.1200, 0.3700, 0.1500, 0.0300]                                         | 2.8819   | 0.8800  | 0.7895 

[Per-locus summary - Population 2]
Locus | Num_Alleles | Alleles                                                | Frequencies                                                                                      | Variance | Obs_Het | Exp_Het
------+-------------+--------------------------------------------------------+--------------------------------------------------------------------------------------------------+----------+---------+--------
1     | 6           | [98, 99, 100, 101, 102, 103]                           | [0.0300, 0.2200, 0.2400, 0.2600, 0.0900, 0.1600]                                                 | 1.9904   | 0.8600  | 0.7998 
2     | 10          | [94, 95, 96, 97, 98, 99, 100, 101, 102, 103]           | [0.0200, 0.3700, 0.0900, 0.1700, 0.1000, 0.0300, 0.1700, 0.0200, 0.0200, 0.0100]                 | 4.6796   | 0.8800  | 0.7929 
3     | 9           | [99, 101, 103, 104, 105, 106, 107, 108, 109]           | [0.0200, 0.0100, 0.0700, 0.2300, 0.2100, 0.2300, 0.0600, 0.1300, 0.0400]                         | 3.5331   | 0.7800  | 0.8309 
4     | 6           | [99, 100, 101, 102, 103, 104]                          | [0.0400, 0.2200, 0.2200, 0.1500, 0.1900, 0.1800]                                                 | 2.3171   | 0.7800  | 0.8188 
5     | 8           | [95, 96, 97, 98, 99, 100, 101, 102]                    | [0.1500, 0.0900, 0.1400, 0.3300, 0.1700, 0.0800, 0.0100, 0.0300]                                 | 2.8259   | 0.8000  | 0.8127 
6     | 8           | [95, 96, 97, 98, 99, 100, 101, 102]                    | [0.0100, 0.1600, 0.1100, 0.2800, 0.0600, 0.1200, 0.2000, 0.0600]                                 | 3.6776   | 0.8200  | 0.8305 
7     | 10          | [94, 95, 96, 97, 98, 99, 100, 101, 102, 103]           | [0.0100, 0.0600, 0.0200, 0.0200, 0.0300, 0.0500, 0.0700, 0.3200, 0.3000, 0.1200]                 | 4.6811   | 0.8000  | 0.7883 
8     | 8           | [93, 94, 95, 96, 97, 98, 99, 100]                      | [0.0100, 0.0100, 0.1900, 0.1600, 0.2400, 0.2200, 0.1600, 0.0100]                                 | 2.1184   | 0.8000  | 0.8145 
9     | 10          | [91, 92, 93, 94, 95, 96, 97, 98, 99, 100]              | [0.0800, 0.1400, 0.1100, 0.1400, 0.0300, 0.1600, 0.1400, 0.1200, 0.0600, 0.0200]                 | 6.3784   | 0.8200  | 0.8867 
10    | 10          | [97, 98, 99, 100, 101, 102, 103, 104, 106, 107]        | [0.0200, 0.0100, 0.0100, 0.0300, 0.1300, 0.4600, 0.1900, 0.0700, 0.0400, 0.0400]                 | 3.0011   | 0.7000  | 0.7331 
11    | 12          | [94, 95, 96, 97, 98, 99, 100, 101, 102, 105, 106, 107] | [0.0100, 0.0200, 0.0200, 0.1100, 0.2800, 0.2700, 0.0300, 0.0700, 0.0300, 0.0300, 0.0400, 0.0900] | 10.2875  | 0.8400  | 0.8267 
12    | 9           | [96, 97, 99, 100, 101, 102, 103, 104, 105]             | [0.0200, 0.1200, 0.0200, 0.2000, 0.2300, 0.2600, 0.1100, 0.0200, 0.0200]                         | 3.8600   | 0.7600  | 0.8196 
13    | 6           | [95, 96, 97, 98, 99, 100]                              | [0.0800, 0.3000, 0.2800, 0.2000, 0.1300, 0.0100]                                                 | 1.4291   | 0.8200  | 0.7760 
14    | 8           | [96, 97, 98, 99, 100, 101, 102, 103]                   | [0.0500, 0.1600, 0.0900, 0.0400, 0.2300, 0.2600, 0.0800, 0.0900]                                 | 3.9859   | 0.7600  | 0.8356 
15    | 9           | [96, 97, 98, 99, 100, 101, 102, 103, 104]              | [0.0200, 0.2700, 0.1100, 0.0100, 0.1100, 0.2500, 0.0500, 0.1100, 0.0700]                         | 5.7344   | 0.7800  | 0.8287 
16    | 9           | [95, 96, 97, 98, 100, 101, 103, 104, 105]              | [0.0200, 0.1700, 0.3700, 0.1000, 0.0800, 0.0500, 0.1000, 0.0600, 0.0500]                         | 8.5475   | 0.7800  | 0.8069 
17    | 7           | [97, 98, 99, 100, 101, 102, 103]                       | [0.0300, 0.2000, 0.2200, 0.3700, 0.1500, 0.0200, 0.0100]                                         | 1.3699   | 0.7000  | 0.7584 
18    | 11          | [92, 93, 95, 96, 97, 98, 99, 100, 101, 102, 103]       | [0.0400, 0.1500, 0.0400, 0.0600, 0.1600, 0.0200, 0.0500, 0.1600, 0.2400, 0.0700, 0.0100]         | 10.1691  | 0.9000  | 0.8626 
19    | 8           | [97, 98, 99, 100, 101, 102, 103, 104]                  | [0.1200, 0.3300, 0.0900, 0.1800, 0.0200, 0.0800, 0.0400, 0.1400]                                 | 5.3675   | 0.8000  | 0.8164 
20    | 9           | [97, 99, 100, 101, 102, 103, 104, 105, 106]            | [0.0100, 0.1900, 0.1300, 0.2100, 0.3100, 0.0500, 0.0200, 0.0100, 0.0700]                         | 3.5539   | 0.8000  | 0.8069 
21    | 7           | [99, 100, 101, 102, 103, 104, 105]                     | [0.0900, 0.1000, 0.1700, 0.1300, 0.2700, 0.2300, 0.0100]                                         | 2.6456   | 0.9400  | 0.8184 
