
[Simulation Info]
simulation_id = sim_0004832
timestamp     = 20250428_091741
seed          = 570508
output_folder = /home/lejeunet/Bureau/simulations/Ref_table/sim_0004832

[Model Parameters]
pop_size           = 3828
num_loci           = 20
sample1_generation = 30
sample2_generation = 10
low_repeats        = 1
high_repeats       = 200
mutation_rate      = 0.001
recap_Ne           = 3828

[Sampling Design]
sample1_size_Ne  = 50
sample2_size_Ne  = 50
sample1_size_CMR = 50
sample2_size_CMR = 50

[Capture-Marquage-Recapture]
census_N   =  2601
MatchCount =  1

[Ne Estimates - One Sample - Decreasing critical values [0.050, 0.020, 0.010, 0+]]

[Linkage Desequilibrium]
LD_Ne_Pop1 = [32489.5, None, 2007.0, 2007.0]
LD_r2_Pop1 = [0.021286, 0.0211, 0.021442, 0.021442]
LD_Ne_Pop2 = [1679.3, 2621.6, 791.2, 791.2]
LD_r2_Pop2 = [0.021474, 0.021403, 0.021696, 0.021696]

[Heterozygote excess]
HE_Neb_mean_Pop1        = [23.5, 36.7, 30.3, 30.3]
HE_weighted_D_mean_Pop1 = [0.02177, 0.01382, 0.0168, 0.0168]
HE_Neb_mean_Pop2        = [None, None, None, None]
HE_weighted_D_mean_Pop2 = [-0.0174, -0.01109, -0.01113, -0.01113]

[Molecular Coancestry]
Coan_Neb_n_Pop1 = None
Coan_f1_Pop1    = -0.00448
Coan_Neb_n_Pop2 = 97.7
Coan_f1_Pop2    = 0.00512

[Ne Estimates - Temporal - Decreasing critical values (0.050, 0.020, 0.010, 0+)]

[Pollak]
P_Ne     = [-2028.4, 3523.4, 5562.0, 6231.1]
P_Fk     = [0.01753, 0.02142, 0.0209, 0.0208]
P_Fprime = [-0.00247, 0.00142, 0.0009, 0.0008]

[Nei/Tajima]
N_Ne     = [-1689.4, 8004.6, 23352.4, 32658.2]
N_Fc     = [0.01704, 0.02062, 0.02021, 0.02015]
N_Fprime = [-0.00296, 0.00062, 0.00021, 0.00015]

[Jorde/Ryman]
J_Ne     = [-1289.8, -2281.2, -2189.8, -2200.7]
J_Fs     = [0.01623, 0.01791, 0.01782, 0.01783]
J_Fprime = [-0.00388, -0.00219, -0.00228, -0.00227]

[Genetic Diversity - Heterozygosity]
mean_exp_het_pop1 = 0.79
mean_obs_het_pop1 = 0.8152
mean_exp_het_pop2 = 0.7967
mean_obs_het_pop2 = 0.7886

[Genetic Diversity - Allele Counts]
mean_alleles_pop1 = 9.43
var_alleles_pop1  = 4.16
sum_alleles_pop1  = 198
mean_alleles_pop2 = 9.31
var_alleles_pop2  = 4.9
sum_alleles_pop2  = 391

[Genetic Diversity - Allelic Size Variance]
var_allele_size_pop1 = 4.8294
var_allele_size_pop2 = 5.4419

[Per-locus summary - Population 1]
Locus | Num_Alleles | Alleles                                                    | Frequencies                                                                                              | Variance | Obs_Het | Exp_Het
------+-------------+------------------------------------------------------------+----------------------------------------------------------------------------------------------------------+----------+---------+--------
1     | 10          | [99, 100, 101, 102, 103, 104, 105, 106, 107, 108]          | [0.0100, 0.1100, 0.0700, 0.4500, 0.1200, 0.0800, 0.1100, 0.0200, 0.0100, 0.0200]                         | 3.0284   | 0.7200  | 0.7541 
2     | 6           | [99, 100, 101, 102, 103, 104]                              | [0.2500, 0.4000, 0.0900, 0.0700, 0.1400, 0.0500]                                                         | 2.3200   | 0.7000  | 0.7499 
3     | 10          | [97, 98, 99, 100, 101, 102, 103, 104, 105, 106]            | [0.0200, 0.0100, 0.0300, 0.3400, 0.1700, 0.0600, 0.1900, 0.1000, 0.0600, 0.0200]                         | 3.7251   | 0.8800  | 0.8085 
4     | 13          | [93, 94, 95, 96, 97, 98, 99, 100, 101, 102, 103, 104, 105] | [0.0100, 0.0200, 0.0500, 0.1100, 0.0700, 0.0200, 0.0800, 0.1700, 0.2800, 0.1000, 0.0600, 0.0100, 0.0200] | 6.7219   | 0.8600  | 0.8604 
5     | 10          | [91, 92, 93, 94, 95, 96, 97, 98, 101, 103]                 | [0.0100, 0.0500, 0.1400, 0.1800, 0.2900, 0.2200, 0.0300, 0.0100, 0.0500, 0.0200]                         | 4.8456   | 0.8400  | 0.8172 
6     | 6           | [102, 103, 104, 105, 106, 107]                             | [0.0100, 0.2000, 0.1500, 0.2300, 0.3500, 0.0600]                                                         | 1.6179   | 0.8400  | 0.7661 
7     | 8           | [101, 102, 103, 104, 105, 106, 107, 108]                   | [0.1100, 0.1700, 0.2500, 0.1700, 0.2300, 0.0500, 0.0100, 0.0100]                                         | 2.3296   | 0.8000  | 0.8202 
8     | 10          | [96, 97, 98, 99, 100, 101, 102, 103, 104, 105]             | [0.0600, 0.0900, 0.0800, 0.0400, 0.0100, 0.0600, 0.1400, 0.2700, 0.2400, 0.0100]                         | 7.1675   | 0.8200  | 0.8347 
9     | 7           | [96, 97, 99, 100, 101, 102, 103]                           | [0.0100, 0.0400, 0.0400, 0.3900, 0.2700, 0.1400, 0.1100]                                                 | 1.9176   | 0.8000  | 0.7475 
10    | 11          | [99, 101, 102, 103, 104, 105, 106, 107, 108, 109, 110]     | [0.0100, 0.0200, 0.0900, 0.0100, 0.0900, 0.0600, 0.0900, 0.1200, 0.4200, 0.0500, 0.0400]                 | 5.6091   | 0.7800  | 0.7844 
11    | 11          | [92, 93, 95, 96, 97, 98, 99, 100, 105, 107, 108]           | [0.0100, 0.0100, 0.0800, 0.1000, 0.1900, 0.3000, 0.0700, 0.1100, 0.0700, 0.0300, 0.0300]                 | 10.9179  | 0.8400  | 0.8420 
12    | 9           | [96, 97, 98, 99, 100, 101, 102, 103, 104]                  | [0.1000, 0.4400, 0.0900, 0.1200, 0.0100, 0.0300, 0.1700, 0.0300, 0.0100]                                 | 4.8696   | 0.8200  | 0.7505 
13    | 12          | [93, 94, 95, 96, 97, 98, 99, 100, 101, 102, 103, 107]      | [0.0100, 0.0300, 0.1200, 0.1500, 0.3200, 0.2000, 0.0900, 0.0200, 0.0100, 0.0200, 0.0100, 0.0200]         | 4.7176   | 0.8600  | 0.8184 
14    | 10          | [98, 99, 100, 101, 102, 103, 104, 105, 106, 107]           | [0.1400, 0.0600, 0.2000, 0.1200, 0.1000, 0.0300, 0.0300, 0.1300, 0.1300, 0.0600]                         | 8.5984   | 0.8400  | 0.8820 
15    | 11          | [90, 91, 93, 95, 96, 97, 98, 99, 100, 101, 102]            | [0.0700, 0.0100, 0.0300, 0.0100, 0.1100, 0.0400, 0.0400, 0.2800, 0.3700, 0.0300, 0.0100]                 | 8.4736   | 0.8400  | 0.7701 
16    | 7           | [100, 101, 102, 103, 104, 105, 106]                        | [0.0600, 0.1700, 0.2700, 0.3100, 0.1100, 0.0400, 0.0400]                                                 | 1.8896   | 0.8200  | 0.7911 
17    | 12          | [97, 98, 99, 100, 101, 103, 104, 105, 106, 107, 108, 109]  | [0.0400, 0.0100, 0.0100, 0.0200, 0.0100, 0.0100, 0.0600, 0.1300, 0.5300, 0.1300, 0.0300, 0.0200]         | 5.7259   | 0.7400  | 0.6848 
18    | 9           | [94, 95, 96, 97, 98, 99, 100, 103, 104]                    | [0.0100, 0.0600, 0.0100, 0.1200, 0.5000, 0.1900, 0.0700, 0.0300, 0.0100]                                 | 2.4076   | 0.7600  | 0.6968 
19    | 11          | [97, 98, 99, 100, 101, 102, 103, 104, 106, 107, 108]       | [0.0300, 0.0500, 0.1100, 0.1000, 0.1100, 0.1300, 0.1900, 0.0100, 0.0700, 0.1900, 0.0100]                 | 9.2499   | 1.0000  | 0.8770 
20    | 7           | [99, 100, 101, 102, 103, 104, 105]                         | [0.0400, 0.2000, 0.1100, 0.0300, 0.4200, 0.1800, 0.0200]                                                 | 2.5459   | 0.7600  | 0.7436 
21    | 8           | [97, 98, 99, 100, 101, 102, 103, 105]                      | [0.0400, 0.1000, 0.3400, 0.2400, 0.0300, 0.1600, 0.0800, 0.0100]                                         | 2.7396   | 0.8000  | 0.7901 

[Per-locus summary - Population 2]
Locus | Num_Alleles | Alleles                                                    | Frequencies                                                                                      | Variance | Obs_Het | Exp_Het
------+-------------+------------------------------------------------------------+--------------------------------------------------------------------------------------------------+----------+---------+--------
1     | 7           | [100, 101, 102, 103, 104, 105, 106]                        | [0.2100, 0.1400, 0.3800, 0.0600, 0.0900, 0.0500, 0.0700]                                         | 2.9579   | 0.8200  | 0.7806 
2     | 6           | [99, 100, 101, 102, 103, 104]                              | [0.1800, 0.3900, 0.1500, 0.1000, 0.1100, 0.0700]                                                 | 2.2316   | 0.8400  | 0.7737 
3     | 9           | [98, 99, 100, 101, 102, 103, 104, 105, 106]                | [0.0200, 0.0400, 0.3500, 0.1200, 0.1300, 0.1100, 0.0600, 0.1500, 0.0200]                         | 4.1524   | 0.8800  | 0.8137 
4     | 12          | [93, 95, 96, 97, 98, 99, 100, 101, 102, 103, 104, 105]     | [0.0100, 0.0800, 0.1000, 0.0700, 0.0200, 0.0600, 0.1000, 0.3100, 0.1000, 0.1000, 0.0200, 0.0300] | 7.5204   | 0.7600  | 0.8558 
5     | 8           | [92, 93, 94, 95, 96, 97, 98, 101]                          | [0.0100, 0.1400, 0.1400, 0.2700, 0.2300, 0.0600, 0.0400, 0.1100]                                 | 5.1176   | 0.8000  | 0.8259 
6     | 5           | [103, 104, 105, 106, 107]                                  | [0.2100, 0.1700, 0.2700, 0.2900, 0.0600]                                                         | 1.5076   | 0.7600  | 0.7741 
7     | 8           | [101, 102, 103, 104, 105, 106, 107, 108]                   | [0.0600, 0.3000, 0.1800, 0.1800, 0.2200, 0.0400, 0.0100, 0.0100]                                 | 2.2019   | 0.6800  | 0.7994 
8     | 9           | [96, 97, 98, 100, 101, 102, 103, 104, 105]                 | [0.0900, 0.1000, 0.1300, 0.0200, 0.1300, 0.1100, 0.2700, 0.1400, 0.0100]                         | 7.6275   | 0.8800  | 0.8515 
9     | 7           | [96, 97, 99, 100, 101, 102, 103]                           | [0.0100, 0.0500, 0.0400, 0.4100, 0.2900, 0.1100, 0.0900]                                         | 1.8875   | 0.6600  | 0.7307 
10    | 12          | [98, 99, 101, 102, 103, 104, 105, 106, 107, 108, 109, 110] | [0.0100, 0.0300, 0.0100, 0.1400, 0.0200, 0.1000, 0.0700, 0.0300, 0.1800, 0.3700, 0.0100, 0.0300] | 7.4544   | 0.8400  | 0.8008 
11    | 11          | [92, 93, 95, 96, 97, 98, 99, 100, 105, 107, 108]           | [0.0300, 0.0100, 0.0600, 0.1000, 0.2000, 0.3600, 0.0200, 0.0900, 0.0700, 0.0500, 0.0100]         | 11.1451  | 0.7000  | 0.8079 
12    | 8           | [96, 97, 98, 99, 100, 101, 102, 104]                       | [0.0500, 0.4100, 0.1200, 0.1300, 0.0100, 0.0500, 0.2100, 0.0200]                                 | 4.7475   | 0.7400  | 0.7586 
13    | 9           | [94, 95, 96, 97, 98, 99, 105, 106, 107]                    | [0.0600, 0.1300, 0.1500, 0.2700, 0.2100, 0.0600, 0.0100, 0.0100, 0.1000]                         | 12.2819  | 0.7600  | 0.8346 
14    | 10          | [98, 99, 100, 101, 102, 103, 104, 105, 106, 107]           | [0.0900, 0.0500, 0.1300, 0.1600, 0.0900, 0.0500, 0.0100, 0.2500, 0.1600, 0.0100]                 | 7.3836   | 0.7800  | 0.8566 
15    | 11          | [88, 90, 92, 93, 95, 96, 97, 98, 99, 100, 101]             | [0.0100, 0.0400, 0.0200, 0.0100, 0.0200, 0.1000, 0.0200, 0.0600, 0.2900, 0.4000, 0.0300]         | 7.1939   | 0.7200  | 0.7459 
16    | 9           | [99, 100, 101, 102, 103, 104, 105, 106, 107]               | [0.0100, 0.0900, 0.1300, 0.2300, 0.3200, 0.1300, 0.0300, 0.0500, 0.0100]                         | 2.4036   | 0.8400  | 0.8073 
17    | 10          | [97, 98, 99, 101, 104, 105, 106, 107, 108, 109]            | [0.0200, 0.0600, 0.0100, 0.0700, 0.1100, 0.1100, 0.4100, 0.1500, 0.0400, 0.0200]                 | 7.4856   | 0.8600  | 0.7820 
18    | 8           | [94, 96, 97, 98, 99, 100, 103, 104]                        | [0.0300, 0.0800, 0.1100, 0.4700, 0.2300, 0.0500, 0.0200, 0.0100]                                 | 2.1900   | 0.7800  | 0.7109 
19    | 12          | [97, 98, 99, 100, 101, 102, 103, 104, 106, 107, 108, 109]  | [0.0200, 0.0500, 0.0800, 0.0900, 0.1100, 0.0400, 0.2300, 0.0100, 0.0700, 0.2100, 0.0500, 0.0400] | 11.1211  | 0.8200  | 0.8715 
20    | 6           | [99, 100, 101, 102, 103, 104]                              | [0.0300, 0.1700, 0.1600, 0.0500, 0.4200, 0.1700]                                                 | 2.1811   | 0.7800  | 0.7442 
21    | 8           | [97, 98, 99, 100, 101, 102, 103, 105]                      | [0.1200, 0.0800, 0.3600, 0.1200, 0.0600, 0.1600, 0.0900, 0.0100]                                 | 3.4876   | 0.8600  | 0.8059 
