
[Simulation Info]
simulation_id = sim_0012892
timestamp     = 20250429_100646
seed          = 374474
output_folder = /home/lejeunet/Bureau/simulations/Ref_table/sim_0012892

[Model Parameters]
pop_size           = 5129
num_loci           = 20
sample1_generation = 30
sample2_generation = 10
low_repeats        = 1
high_repeats       = 200
mutation_rate      = 0.001
recap_Ne           = 5129

[Sampling Design]
sample1_size_Ne  = 50
sample2_size_Ne  = 50
sample1_size_CMR = 50
sample2_size_CMR = 50

[Capture-Marquage-Recapture]
census_N   =  2601
MatchCount =  1

[Ne Estimates - One Sample - Decreasing critical values [0.050, 0.020, 0.010, 0+]]

[Linkage Desequilibrium]
LD_Ne_Pop1 = [None, None, None, None]
LD_r2_Pop1 = [0.021075, 0.02107, 0.021046, 0.021046]
LD_Ne_Pop2 = [None, None, None, None]
LD_r2_Pop2 = [0.021159, 0.021131, 0.020987, 0.020987]

[Heterozygote excess]
HE_Neb_mean_Pop1        = [16.4, 20.7, 23.6, 23.6]
HE_weighted_D_mean_Pop1 = [0.03143, 0.02474, 0.02168, 0.02168]
HE_Neb_mean_Pop2        = [None, None, None, None]
HE_weighted_D_mean_Pop2 = [-0.02234, -0.01616, -0.01579, -0.01579]

[Molecular Coancestry]
Coan_Neb_n_Pop1 = None
Coan_f1_Pop1    = -0.0063
Coan_Neb_n_Pop2 = None
Coan_f1_Pop2    = -0.00692

[Ne Estimates - Temporal - Decreasing critical values (0.050, 0.020, 0.010, 0+)]

[Pollak]
P_Ne     = [-8154.0, -6088.5, -4373.9, -3911.2]
P_Fk     = [0.01939, 0.01918, 0.01886, 0.01872]
P_Fprime = [-0.00061, -0.00082, -0.00114, -0.00128]

[Nei/Tajima]
N_Ne     = [-5352.0, -4264.7, -3453.9, -3197.1]
N_Fc     = [0.01907, 0.01883, 0.01855, 0.01844]
N_Fprime = [-0.00093, -0.00117, -0.00145, -0.00156]

[Jorde/Ryman]
J_Ne     = [-4552.1, -2719.5, -2621.5, -2591.0]
J_Fs     = [0.019, 0.01826, 0.01819, 0.01817]
J_Fprime = [-0.0011, -0.00184, -0.00191, -0.00193]

[Genetic Diversity - Heterozygosity]
mean_exp_het_pop1 = 0.8675
mean_obs_het_pop1 = 0.8943
mean_exp_het_pop2 = 0.8768
mean_obs_het_pop2 = 0.8543

[Genetic Diversity - Allele Counts]
mean_alleles_pop1 = 13.0
var_alleles_pop1  = 6.7
sum_alleles_pop1  = 273
mean_alleles_pop2 = 13.38
var_alleles_pop2  = 7.61
sum_alleles_pop2  = 562

[Genetic Diversity - Allelic Size Variance]
var_allele_size_pop1 = 26.9824
var_allele_size_pop2 = 27.0055

[Per-locus summary - Population 1]
Locus | Num_Alleles | Alleles                                                                             | Frequencies                                                                                                                                      | Variance | Obs_Het | Exp_Het
------+-------------+-------------------------------------------------------------------------------------+--------------------------------------------------------------------------------------------------------------------------------------------------+----------+---------+--------
1     | 12          | [99, 100, 101, 102, 103, 104, 105, 106, 107, 108, 109, 110]                         | [0.0700, 0.0900, 0.0100, 0.0100, 0.0300, 0.1000, 0.1800, 0.1400, 0.1600, 0.1700, 0.0200, 0.0200]                                                 | 8.3675   | 0.9600  | 0.8774 
2     | 11          | [87, 88, 89, 90, 91, 92, 93, 94, 95, 96, 97]                                        | [0.0400, 0.1000, 0.1600, 0.1000, 0.0600, 0.0800, 0.0100, 0.0400, 0.0400, 0.1600, 0.2100]                                                         | 12.5264  | 0.9400  | 0.8786 
3     | 13          | [88, 89, 91, 92, 93, 94, 95, 101, 102, 103, 104, 105, 106]                          | [0.1200, 0.0200, 0.0100, 0.0100, 0.1700, 0.2400, 0.0200, 0.0100, 0.0400, 0.0400, 0.1200, 0.1600, 0.0400]                                         | 38.5011  | 0.9000  | 0.8618 
4     | 17          | [92, 93, 94, 95, 96, 97, 98, 106, 107, 108, 109, 111, 112, 113, 114, 115, 116]      | [0.0200, 0.1000, 0.0500, 0.1700, 0.0200, 0.0400, 0.0200, 0.0200, 0.1800, 0.1000, 0.0600, 0.0100, 0.0100, 0.0900, 0.0600, 0.0400, 0.0100]         | 62.9291  | 0.9200  | 0.9049 
5     | 13          | [91, 92, 93, 94, 96, 98, 99, 100, 101, 102, 103, 104, 105]                          | [0.0300, 0.1900, 0.1300, 0.0700, 0.0400, 0.0500, 0.1800, 0.0100, 0.0500, 0.0800, 0.0900, 0.0100, 0.0700]                                         | 20.3539  | 0.9200  | 0.8915 
6     | 15          | [95, 97, 98, 99, 100, 101, 102, 103, 108, 109, 110, 111, 112, 113, 114]             | [0.0100, 0.0600, 0.0100, 0.0100, 0.0200, 0.1500, 0.2900, 0.0900, 0.1100, 0.0200, 0.0800, 0.0500, 0.0300, 0.0600, 0.0100]                         | 22.4651  | 0.8800  | 0.8636 
7     | 12          | [95, 96, 97, 98, 99, 100, 103, 104, 105, 106, 107, 111]                             | [0.0300, 0.0300, 0.1000, 0.0400, 0.1500, 0.0900, 0.0400, 0.2500, 0.0600, 0.1300, 0.0500, 0.0300]                                                 | 14.7336  | 0.9000  | 0.8768 
8     | 17          | [85, 88, 89, 90, 91, 92, 93, 94, 100, 101, 102, 103, 104, 105, 106, 107, 109]       | [0.0200, 0.0100, 0.0200, 0.1300, 0.1600, 0.0900, 0.0800, 0.0300, 0.0300, 0.0100, 0.0100, 0.0500, 0.1000, 0.1500, 0.0700, 0.0300, 0.0100]         | 47.9459  | 0.9400  | 0.9083 
9     | 10          | [99, 100, 101, 102, 103, 104, 105, 107, 108, 109]                                   | [0.0200, 0.2200, 0.0700, 0.0600, 0.1400, 0.3400, 0.0300, 0.0200, 0.0800, 0.0200]                                                                 | 6.1364   | 0.7800  | 0.8075 
10    | 12          | [96, 97, 98, 99, 100, 105, 106, 107, 108, 109, 112, 113]                            | [0.0100, 0.1100, 0.3100, 0.0800, 0.0300, 0.0500, 0.1100, 0.1100, 0.1100, 0.0100, 0.0200, 0.0500]                                                 | 26.1491  | 0.9400  | 0.8511 
11    | 13          | [88, 89, 90, 91, 92, 96, 98, 100, 101, 102, 103, 104, 105]                          | [0.0500, 0.0400, 0.0900, 0.1200, 0.0500, 0.0100, 0.1100, 0.0700, 0.0500, 0.1300, 0.1500, 0.1000, 0.0300]                                         | 33.2131  | 0.9600  | 0.9101 
12    | 15          | [90, 91, 92, 93, 95, 96, 97, 98, 99, 104, 106, 107, 108, 109, 110]                  | [0.0200, 0.0300, 0.0700, 0.1300, 0.0300, 0.1000, 0.1100, 0.0800, 0.0300, 0.0100, 0.0400, 0.1600, 0.1600, 0.0200, 0.0100]                         | 41.2675  | 0.8800  | 0.9022 
13    | 16          | [81, 82, 84, 85, 86, 87, 88, 89, 90, 91, 95, 96, 97, 98, 99, 100]                   | [0.0200, 0.0900, 0.0100, 0.1100, 0.0300, 0.1400, 0.0200, 0.1200, 0.0700, 0.0100, 0.0300, 0.0200, 0.0200, 0.1100, 0.1700, 0.0300]                 | 37.8536  | 0.8600  | 0.9044 
14    | 13          | [95, 96, 97, 98, 99, 100, 101, 102, 103, 104, 105, 106, 109]                        | [0.0100, 0.0200, 0.0900, 0.0200, 0.0700, 0.0300, 0.0600, 0.0700, 0.2100, 0.2000, 0.1700, 0.0300, 0.0200]                                         | 8.4811   | 0.8400  | 0.8711 
15    | 12          | [100, 101, 102, 103, 104, 105, 106, 107, 108, 109, 110, 111]                        | [0.0300, 0.0100, 0.0300, 0.0200, 0.1200, 0.0900, 0.0600, 0.0100, 0.0100, 0.1900, 0.4000, 0.0300]                                                 | 8.8779   | 0.8600  | 0.7822 
16    | 13          | [82, 84, 85, 86, 87, 88, 89, 96, 97, 98, 99, 100, 101]                              | [0.0100, 0.0100, 0.0900, 0.0500, 0.0500, 0.2500, 0.0500, 0.0700, 0.2300, 0.0400, 0.0800, 0.0400, 0.0300]                                         | 30.6739  | 0.9200  | 0.8620 
17    | 18          | [87, 88, 89, 90, 91, 92, 95, 101, 102, 103, 104, 105, 110, 111, 112, 113, 114, 115] | [0.0100, 0.1100, 0.0700, 0.0600, 0.1100, 0.0200, 0.0100, 0.0100, 0.0400, 0.0100, 0.0800, 0.0100, 0.0100, 0.1300, 0.2000, 0.0300, 0.0500, 0.0400] | 109.2619 | 0.9400  | 0.9054 
18    | 10          | [100, 101, 102, 103, 104, 105, 106, 107, 108, 109]                                  | [0.0300, 0.0900, 0.3600, 0.0600, 0.0900, 0.1800, 0.0700, 0.0300, 0.0500, 0.0400]                                                                 | 5.1904   | 0.8000  | 0.8156 
19    | 8           | [104, 105, 106, 107, 108, 109, 110, 111]                                            | [0.0500, 0.1700, 0.2200, 0.1200, 0.2600, 0.1200, 0.0300, 0.0300]                                                                                 | 2.8400   | 0.8000  | 0.8303 
20    | 10          | [95, 96, 97, 98, 99, 102, 103, 104, 105, 106]                                       | [0.0800, 0.1600, 0.2500, 0.1000, 0.0300, 0.0300, 0.0200, 0.2800, 0.0400, 0.0100]                                                                 | 13.1096  | 0.9200  | 0.8214 
21    | 13          | [90, 91, 92, 93, 94, 95, 96, 98, 99, 100, 101, 102, 103]                            | [0.0200, 0.0100, 0.1100, 0.2100, 0.1000, 0.0100, 0.0200, 0.0700, 0.0700, 0.1100, 0.1300, 0.1000, 0.0400]                                         | 15.7531  | 0.9200  | 0.8913 

[Per-locus summary - Population 2]
Locus | Num_Alleles | Alleles                                                                             | Frequencies                                                                                                                                      | Variance | Obs_Het | Exp_Het
------+-------------+-------------------------------------------------------------------------------------+--------------------------------------------------------------------------------------------------------------------------------------------------+----------+---------+--------
1     | 11          | [99, 100, 101, 102, 103, 104, 105, 106, 107, 108, 109]                              | [0.0500, 0.0800, 0.0100, 0.0500, 0.0300, 0.1200, 0.1700, 0.1300, 0.2100, 0.1100, 0.0400]                                                         | 7.2491   | 0.8600  | 0.8784 
2     | 11          | [87, 88, 89, 90, 91, 92, 93, 94, 95, 96, 97]                                        | [0.0200, 0.1200, 0.1500, 0.0700, 0.1000, 0.1700, 0.0100, 0.0500, 0.0200, 0.1200, 0.1700]                                                         | 10.6571  | 0.8000  | 0.8814 
3     | 14          | [88, 89, 90, 91, 92, 93, 94, 95, 101, 102, 103, 104, 105, 106]                      | [0.0500, 0.0400, 0.0300, 0.0100, 0.0700, 0.1000, 0.1700, 0.0400, 0.0100, 0.0100, 0.0400, 0.1100, 0.1700, 0.1500]                                 | 41.7051  | 0.9000  | 0.8931 
4     | 14          | [92, 93, 94, 95, 96, 97, 106, 107, 108, 109, 113, 114, 115, 116]                    | [0.0100, 0.1200, 0.0300, 0.1500, 0.0400, 0.0300, 0.0300, 0.1400, 0.1600, 0.1000, 0.0900, 0.0600, 0.0100, 0.0300]                                 | 60.3856  | 0.9000  | 0.8998 
5     | 13          | [91, 92, 93, 94, 96, 97, 98, 99, 101, 102, 103, 104, 105]                           | [0.0100, 0.1400, 0.2000, 0.0600, 0.0500, 0.0200, 0.0600, 0.1800, 0.0400, 0.0400, 0.0400, 0.0700, 0.0900]                                         | 20.5064  | 0.8600  | 0.8889 
6     | 16          | [96, 97, 99, 100, 101, 102, 103, 104, 107, 108, 109, 110, 111, 112, 113, 114]       | [0.0500, 0.0300, 0.0100, 0.0500, 0.1600, 0.2500, 0.0500, 0.0200, 0.0100, 0.0400, 0.0500, 0.1000, 0.0500, 0.0500, 0.0600, 0.0200]                 | 25.8904  | 0.8800  | 0.8887 
7     | 15          | [95, 96, 97, 98, 99, 100, 101, 103, 104, 105, 106, 107, 111, 112, 113]              | [0.0600, 0.0300, 0.0600, 0.1000, 0.1500, 0.0800, 0.0100, 0.0100, 0.2000, 0.0300, 0.1200, 0.0600, 0.0500, 0.0100, 0.0300]                         | 21.9224  | 0.8400  | 0.8994 
8     | 16          | [85, 88, 89, 90, 91, 92, 93, 94, 100, 102, 103, 104, 105, 106, 107, 108]            | [0.0300, 0.0200, 0.0100, 0.1200, 0.1400, 0.0800, 0.0700, 0.0300, 0.0300, 0.0300, 0.1500, 0.1400, 0.0500, 0.0400, 0.0300, 0.0300]                 | 47.0464  | 0.9000  | 0.9117 
9     | 10          | [99, 100, 101, 102, 103, 104, 105, 107, 108, 109]                                   | [0.0200, 0.1600, 0.1400, 0.0400, 0.0900, 0.3600, 0.0800, 0.0400, 0.0400, 0.0300]                                                                 | 5.7276   | 0.7600  | 0.8127 
10    | 9           | [97, 98, 99, 100, 105, 106, 107, 108, 113]                                          | [0.1000, 0.3000, 0.1100, 0.0100, 0.0700, 0.2000, 0.0800, 0.0900, 0.0400]                                                                         | 22.1244  | 0.7600  | 0.8351 
11    | 13          | [88, 89, 90, 91, 96, 97, 98, 100, 101, 102, 103, 104, 105]                          | [0.0500, 0.1000, 0.0700, 0.1400, 0.0100, 0.0100, 0.0700, 0.0300, 0.0800, 0.1100, 0.1200, 0.1900, 0.0200]                                         | 37.7875  | 0.8200  | 0.8966 
12    | 14          | [91, 92, 93, 95, 96, 97, 98, 99, 100, 104, 106, 107, 108, 109]                      | [0.0400, 0.0800, 0.1100, 0.0400, 0.1200, 0.1100, 0.0700, 0.0500, 0.0100, 0.0500, 0.0600, 0.1100, 0.1300, 0.0200]                                 | 36.1036  | 0.9000  | 0.9180 
13    | 17          | [81, 82, 84, 85, 86, 87, 88, 89, 90, 91, 94, 95, 96, 97, 98, 99, 100]               | [0.0100, 0.0500, 0.0100, 0.1300, 0.0500, 0.0300, 0.0400, 0.0900, 0.0800, 0.0200, 0.0200, 0.0100, 0.0500, 0.0100, 0.1600, 0.1500, 0.0900]         | 37.4979  | 0.8600  | 0.9103 
14    | 12          | [96, 97, 98, 99, 100, 101, 102, 103, 104, 105, 106, 109]                            | [0.0300, 0.0500, 0.0200, 0.0500, 0.1200, 0.0300, 0.0900, 0.2100, 0.2300, 0.1100, 0.0400, 0.0200]                                                 | 7.2131   | 0.8600  | 0.8679 
15    | 12          | [100, 101, 102, 103, 104, 105, 106, 107, 108, 109, 110, 111]                        | [0.0300, 0.0100, 0.0100, 0.0600, 0.1000, 0.1600, 0.0900, 0.0600, 0.0300, 0.1600, 0.2600, 0.0300]                                                 | 8.1596   | 0.9000  | 0.8616 
16    | 12          | [84, 85, 86, 87, 88, 89, 96, 97, 98, 99, 100, 101]                                  | [0.0100, 0.0600, 0.0500, 0.0700, 0.2200, 0.0500, 0.0600, 0.2400, 0.0600, 0.1100, 0.0500, 0.0200]                                                 | 29.4891  | 0.8800  | 0.8669 
17    | 18          | [87, 88, 89, 90, 91, 92, 95, 101, 102, 103, 104, 105, 106, 111, 112, 113, 114, 115] | [0.0100, 0.1200, 0.0900, 0.0900, 0.1100, 0.0200, 0.0400, 0.0100, 0.0400, 0.0100, 0.0800, 0.0200, 0.0100, 0.0900, 0.1400, 0.0300, 0.0800, 0.0100] | 106.4856 | 0.8800  | 0.9206 
18    | 10          | [100, 101, 102, 103, 104, 105, 106, 107, 108, 109]                                  | [0.0300, 0.0700, 0.3300, 0.0700, 0.1400, 0.2000, 0.0600, 0.0500, 0.0200, 0.0300]                                                                 | 4.3304   | 0.8600  | 0.8216 
19    | 9           | [102, 104, 105, 106, 107, 108, 109, 110, 111]                                       | [0.0400, 0.1000, 0.1900, 0.1900, 0.1700, 0.1900, 0.0500, 0.0400, 0.0300]                                                                         | 3.7884   | 0.8600  | 0.8548 
20    | 11          | [95, 96, 97, 98, 99, 102, 103, 104, 105, 106, 108]                                  | [0.0500, 0.2100, 0.2600, 0.1100, 0.0100, 0.0300, 0.0100, 0.2100, 0.0600, 0.0300, 0.0200]                                                         | 14.5491  | 0.7800  | 0.8319 
21    | 15          | [90, 91, 92, 93, 94, 95, 96, 97, 98, 99, 100, 101, 102, 103, 104]                   | [0.0500, 0.0100, 0.1900, 0.2100, 0.0500, 0.0200, 0.0200, 0.0100, 0.0200, 0.0400, 0.0700, 0.1700, 0.1100, 0.0200, 0.0100]                         | 18.4976  | 0.8800  | 0.8741 
