
[Simulation Info]
simulation_id = sim_0002291
timestamp     = 20250428_081930
seed          = 998900
output_folder = /home/lejeunet/Bureau/simulations/Ref_table/sim_0002291

[Model Parameters]
pop_size           = 2774
num_loci           = 20
sample1_generation = 30
sample2_generation = 10
low_repeats        = 1
high_repeats       = 200
mutation_rate      = 0.001
recap_Ne           = 2774

[Sampling Design]
sample1_size_Ne  = 50
sample2_size_Ne  = 50
sample1_size_CMR = 50
sample2_size_CMR = 50

[Capture-Marquage-Recapture]
census_N   =  2601
MatchCount =  1

[Ne Estimates - One Sample - Decreasing critical values [0.050, 0.020, 0.010, 0+]]

[Linkage Desequilibrium]
LD_Ne_Pop1 = [None, None, None, None]
LD_r2_Pop1 = [0.020982, 0.020909, 0.021091, 0.021091]
LD_Ne_Pop2 = [None, None, None, None]
LD_r2_Pop2 = [0.02117, 0.021067, 0.021049, 0.021049]

[Heterozygote excess]
HE_Neb_mean_Pop1        = [None, None, None, None]
HE_weighted_D_mean_Pop1 = [-0.03887, -0.03032, -0.02921, -0.02921]
HE_Neb_mean_Pop2        = [None, None, None, None]
HE_weighted_D_mean_Pop2 = [-0.00369, -0.00414, -0.00418, -0.00418]

[Molecular Coancestry]
Coan_Neb_n_Pop1 = 717.1
Coan_f1_Pop1    = 0.0007
Coan_Neb_n_Pop2 = None
Coan_f1_Pop2    = -0.00458

[Ne Estimates - Temporal - Decreasing critical values (0.050, 0.020, 0.010, 0+)]

[Pollak]
P_Ne     = [967.8, 1044.9, 1072.4, 1080.9]
P_Fk     = [0.02517, 0.02478, 0.02466, 0.02463]
P_Fprime = [0.00517, 0.00478, 0.00466, 0.00463]

[Nei/Tajima]
N_Ne     = [1026.0, 1105.3, 1131.1, 1137.9]
N_Fc     = [0.02487, 0.02452, 0.02442, 0.02439]
N_Fprime = [0.00487, 0.00452, 0.00442, 0.00439]

[Jorde/Ryman]
J_Ne     = [807.4, 794.3, 793.0, 791.5]
J_Fs     = [0.0263, 0.02641, 0.02642, 0.02643]
J_Fprime = [0.00619, 0.00629, 0.00631, 0.00632]

[Genetic Diversity - Heterozygosity]
mean_exp_het_pop1 = 0.7868
mean_obs_het_pop1 = 0.7562
mean_exp_het_pop2 = 0.7797
mean_obs_het_pop2 = 0.7781

[Genetic Diversity - Allele Counts]
mean_alleles_pop1 = 7.62
var_alleles_pop1  = 3.45
sum_alleles_pop1  = 160
mean_alleles_pop2 = 7.6
var_alleles_pop2  = 2.93
sum_alleles_pop2  = 319

[Genetic Diversity - Allelic Size Variance]
var_allele_size_pop1 = 3.0418
var_allele_size_pop2 = 2.8984

[Per-locus summary - Population 1]
Locus | Num_Alleles | Alleles                                           | Frequencies                                                                              | Variance | Obs_Het | Exp_Het
------+-------------+---------------------------------------------------+------------------------------------------------------------------------------------------+----------+---------+--------
1     | 5           | [99, 100, 101, 102, 103]                          | [0.0200, 0.2700, 0.3900, 0.2800, 0.0400]                                                 | 0.7875   | 0.6000  | 0.7016 
2     | 7           | [95, 96, 97, 98, 99, 100, 103]                    | [0.0100, 0.0500, 0.2800, 0.2200, 0.2500, 0.1600, 0.0300]                                 | 2.1139   | 0.7600  | 0.7895 
3     | 8           | [97, 98, 99, 100, 101, 102, 103, 104]             | [0.0200, 0.0800, 0.0700, 0.2900, 0.3000, 0.1300, 0.0600, 0.0500]                         | 2.3075   | 0.7800  | 0.7992 
4     | 8           | [96, 97, 98, 99, 100, 101, 102, 103]              | [0.1200, 0.2400, 0.1000, 0.1700, 0.2100, 0.1100, 0.0400, 0.0100]                         | 3.1875   | 0.8600  | 0.8396 
5     | 6           | [96, 97, 98, 99, 100, 101]                        | [0.0500, 0.1600, 0.2900, 0.1300, 0.2900, 0.0800]                                         | 1.8939   | 0.7000  | 0.7883 
6     | 11          | [93, 94, 95, 96, 97, 98, 99, 100, 101, 102, 103]  | [0.0100, 0.0800, 0.1800, 0.0200, 0.0800, 0.0300, 0.1900, 0.2000, 0.1800, 0.0200, 0.0100] | 6.4371   | 0.8600  | 0.8529 
7     | 5           | [98, 100, 101, 102, 103]                          | [0.0300, 0.1800, 0.3800, 0.4000, 0.0100]                                                 | 0.8675   | 0.6200  | 0.6689 
8     | 10          | [95, 96, 97, 98, 99, 100, 101, 102, 103, 104]     | [0.0200, 0.1000, 0.1900, 0.0400, 0.0600, 0.1600, 0.1300, 0.0500, 0.1900, 0.0600]         | 7.0011   | 0.8600  | 0.8723 
9     | 10          | [96, 97, 99, 100, 101, 102, 103, 104, 105, 106]   | [0.0800, 0.0100, 0.1600, 0.0400, 0.1700, 0.0800, 0.1000, 0.2000, 0.1500, 0.0100]         | 7.2371   | 0.8200  | 0.8671 
10    | 10          | [95, 96, 97, 98, 99, 100, 101, 102, 103, 104]     | [0.0600, 0.0700, 0.0700, 0.1700, 0.0500, 0.1400, 0.2800, 0.1300, 0.0200, 0.0100]         | 4.8284   | 0.7200  | 0.8483 
11    | 11          | [94, 95, 96, 97, 98, 99, 100, 101, 102, 103, 104] | [0.0100, 0.0400, 0.2000, 0.1300, 0.1000, 0.2200, 0.0100, 0.0700, 0.0600, 0.1500, 0.0100] | 6.7539   | 0.8200  | 0.8604 
12    | 7           | [97, 98, 99, 100, 101, 102, 103]                  | [0.0300, 0.0900, 0.1800, 0.1700, 0.1800, 0.3100, 0.0400]                                 | 2.3691   | 0.7800  | 0.8077 
13    | 6           | [98, 99, 100, 101, 102, 103]                      | [0.1700, 0.1900, 0.2900, 0.2100, 0.0900, 0.0500]                                         | 1.8899   | 0.7600  | 0.8042 
14    | 8           | [97, 98, 99, 100, 101, 102, 103, 104]             | [0.0100, 0.0700, 0.2600, 0.1400, 0.3000, 0.1200, 0.0900, 0.0100]                         | 2.2036   | 0.8400  | 0.8032 
15    | 8           | [96, 98, 99, 100, 101, 102, 104, 105]             | [0.0100, 0.0100, 0.1600, 0.1900, 0.2500, 0.2800, 0.0900, 0.0100]                         | 2.4200   | 0.8200  | 0.7970 
16    | 6           | [97, 98, 99, 100, 101, 102]                       | [0.1500, 0.3400, 0.2400, 0.1700, 0.0400, 0.0600]                                         | 1.7659   | 0.7000  | 0.7780 
17    | 6           | [97, 98, 99, 100, 101, 102]                       | [0.1000, 0.0600, 0.1300, 0.4800, 0.1900, 0.0400]                                         | 1.5416   | 0.6800  | 0.7085 
18    | 7           | [97, 98, 99, 100, 101, 102, 103]                  | [0.0100, 0.1200, 0.1300, 0.0900, 0.0500, 0.5300, 0.0700]                                 | 2.6536   | 0.6200  | 0.6790 
19    | 8           | [95, 97, 98, 99, 100, 101, 102, 103]              | [0.0200, 0.0100, 0.0500, 0.1000, 0.0700, 0.2100, 0.4600, 0.0800]                         | 2.5784   | 0.7400  | 0.7273 
20    | 7           | [97, 98, 99, 100, 101, 102, 103]                  | [0.0100, 0.0200, 0.1500, 0.2000, 0.2700, 0.2600, 0.0900]                                 | 1.7344   | 0.8800  | 0.7964 
21    | 6           | [97, 98, 99, 100, 101, 102]                       | [0.0400, 0.0700, 0.1700, 0.4300, 0.2200, 0.0700]                                         | 1.3051   | 0.6600  | 0.7337 

[Per-locus summary - Population 2]
Locus | Num_Alleles | Alleles                                         | Frequencies                                                                      | Variance | Obs_Het | Exp_Het
------+-------------+-------------------------------------------------+----------------------------------------------------------------------------------+----------+---------+--------
1     | 5           | [99, 100, 101, 102, 103]                        | [0.0200, 0.1300, 0.4300, 0.3900, 0.0300]                                         | 0.6416   | 0.5800  | 0.6513 
2     | 7           | [96, 97, 98, 99, 100, 101, 103]                 | [0.0700, 0.2700, 0.1400, 0.3000, 0.1800, 0.0200, 0.0200]                         | 2.0819   | 0.8000  | 0.7873 
3     | 7           | [98, 99, 100, 101, 102, 103, 104]               | [0.0500, 0.0400, 0.3600, 0.2800, 0.1500, 0.0400, 0.0800]                         | 1.9856   | 0.7800  | 0.7651 
4     | 8           | [96, 97, 98, 99, 100, 101, 102, 103]            | [0.0500, 0.2900, 0.0900, 0.1900, 0.1600, 0.1600, 0.0500, 0.0100]                 | 3.0875   | 0.8800  | 0.8236 
5     | 6           | [96, 97, 98, 99, 100, 101]                      | [0.0400, 0.1200, 0.2700, 0.1700, 0.2500, 0.1500]                                 | 1.9536   | 0.8200  | 0.8053 
6     | 10          | [93, 94, 95, 96, 97, 98, 99, 100, 101, 102]     | [0.0200, 0.0900, 0.1500, 0.0500, 0.1400, 0.0400, 0.2300, 0.1700, 0.0700, 0.0400] | 5.7659   | 0.9200  | 0.8657 
7     | 6           | [98, 99, 100, 101, 102, 103]                    | [0.0100, 0.0900, 0.2400, 0.3400, 0.3100, 0.0100]                                 | 1.0256   | 0.7600  | 0.7297 
8     | 10          | [95, 96, 97, 98, 99, 100, 101, 102, 103, 104]   | [0.0400, 0.0600, 0.2500, 0.0500, 0.0200, 0.0800, 0.0600, 0.1200, 0.2500, 0.0700] | 8.3396   | 0.8200  | 0.8461 
9     | 10          | [96, 97, 99, 100, 101, 102, 103, 104, 105, 106] | [0.0200, 0.0300, 0.0800, 0.0400, 0.2500, 0.0700, 0.2500, 0.0900, 0.1500, 0.0200] | 4.8656   | 0.8000  | 0.8382 
10    | 9           | [95, 96, 97, 98, 99, 100, 101, 102, 103]        | [0.0200, 0.0700, 0.1100, 0.1800, 0.0800, 0.1000, 0.3700, 0.0600, 0.0100]         | 3.7131   | 0.8200  | 0.8012 
11    | 9           | [95, 96, 97, 98, 99, 100, 101, 102, 103]        | [0.1000, 0.1200, 0.1000, 0.0800, 0.2000, 0.0700, 0.1100, 0.0900, 0.1300]         | 6.5584   | 0.8200  | 0.8861 
12    | 6           | [98, 99, 100, 101, 102, 103]                    | [0.0800, 0.2800, 0.1500, 0.1200, 0.3400, 0.0300]                                 | 2.1475   | 0.8400  | 0.7695 
13    | 6           | [98, 99, 100, 101, 102, 103]                    | [0.0400, 0.2300, 0.2100, 0.3400, 0.1200, 0.0600]                                 | 1.5475   | 0.8000  | 0.7756 
14    | 7           | [97, 98, 99, 100, 101, 102, 103]                | [0.0400, 0.0500, 0.2500, 0.1900, 0.1600, 0.1400, 0.1700]                         | 2.8296   | 0.8400  | 0.8315 
15    | 9           | [95, 96, 98, 99, 100, 101, 102, 103, 104]       | [0.0100, 0.0400, 0.0200, 0.1200, 0.2700, 0.2600, 0.2000, 0.0100, 0.0700]         | 3.0000   | 0.8400  | 0.8061 
16    | 7           | [96, 97, 98, 99, 100, 101, 102]                 | [0.0100, 0.1000, 0.2800, 0.4100, 0.1100, 0.0400, 0.0500]                         | 1.4611   | 0.7200  | 0.7346 
17    | 6           | [97, 98, 99, 100, 101, 102]                     | [0.0600, 0.0600, 0.1000, 0.5200, 0.1800, 0.0800]                                 | 1.3764   | 0.6000  | 0.6804 
18    | 6           | [98, 99, 100, 101, 102, 103]                    | [0.1400, 0.1400, 0.0800, 0.0400, 0.5100, 0.0900]                                 | 2.7619   | 0.7200  | 0.6915 
19    | 7           | [95, 98, 99, 100, 101, 102, 103]                | [0.0200, 0.1200, 0.2100, 0.0300, 0.2100, 0.3500, 0.0600]                         | 3.0484   | 0.8000  | 0.7778 
20    | 6           | [99, 100, 101, 102, 103, 104]                   | [0.1600, 0.2100, 0.3400, 0.2100, 0.0700, 0.0100]                                 | 1.4075   | 0.7400  | 0.7733 
21    | 6           | [97, 98, 99, 100, 101, 102]                     | [0.0500, 0.0400, 0.2400, 0.4100, 0.2000, 0.0600]                                 | 1.2675   | 0.6400  | 0.7339 
