
[Simulation Info]
simulation_id = sim_0001205
timestamp     = 20250428_075734
seed          = 698467
output_folder = /home/lejeunet/Bureau/simulations/Ref_table/sim_0001205

[Model Parameters]
pop_size           = 2548
num_loci           = 20
sample1_generation = 30
sample2_generation = 10
low_repeats        = 1
high_repeats       = 200
mutation_rate      = 0.001
recap_Ne           = 2548

[Sampling Design]
sample1_size_Ne  = 50
sample2_size_Ne  = 50
sample1_size_CMR = 50
sample2_size_CMR = 50

[Capture-Marquage-Recapture]
census_N   =  2601
MatchCount =  1

[Ne Estimates - One Sample - Decreasing critical values [0.050, 0.020, 0.010, 0+]]

[Linkage Desequilibrium]
LD_Ne_Pop1 = [505.9, 1002.3, None, None]
LD_r2_Pop1 = [0.021932, 0.021608, 0.021175, 0.021175]
LD_Ne_Pop2 = [None, 2855.1, 2178.1, 2178.1]
LD_r2_Pop2 = [0.021078, 0.021393, 0.021429, 0.021429]

[Heterozygote excess]
HE_Neb_mean_Pop1        = [62.5, 74.3, 81.4, 81.4]
HE_weighted_D_mean_Pop1 = [0.00806, 0.00678, 0.00618, 0.00618]
HE_Neb_mean_Pop2        = [20.1, 21.9, 23.0, 23.0]
HE_weighted_D_mean_Pop2 = [0.0255, 0.02336, 0.02225, 0.02225]

[Molecular Coancestry]
Coan_Neb_n_Pop1 = 32.2
Coan_f1_Pop1    = 0.01553
Coan_Neb_n_Pop2 = None
Coan_f1_Pop2    = -0.00295

[Ne Estimates - Temporal - Decreasing critical values (0.050, 0.020, 0.010, 0+)]

[Pollak]
P_Ne     = [-4558.9, -12678.4, -7975.0, -6684.1]
P_Fk     = [0.0189, 0.01961, 0.01937, 0.01925]
P_Fprime = [-0.0011, -0.00039, -0.00063, -0.00075]

[Nei/Tajima]
N_Ne     = [-2684.4, -4231.6, -3703.0, -3440.5]
N_Fc     = [0.01814, 0.01882, 0.01865, 0.01855]
N_Fprime = [-0.00186, -0.00118, -0.00135, -0.00145]

[Jorde/Ryman]
J_Ne     = [-1162.9, -1120.0, -1092.6, -1089.7]
J_Fs     = [0.01581, 0.01564, 0.01553, 0.01552]
J_Fprime = [-0.0043, -0.00446, -0.00458, -0.00459]

[Genetic Diversity - Heterozygosity]
mean_exp_het_pop1 = 0.7952
mean_obs_het_pop1 = 0.8048
mean_exp_het_pop2 = 0.7931
mean_obs_het_pop2 = 0.8133

[Genetic Diversity - Allele Counts]
mean_alleles_pop1 = 7.95
var_alleles_pop1  = 3.05
sum_alleles_pop1  = 167
mean_alleles_pop2 = 8.43
var_alleles_pop2  = 3.13
sum_alleles_pop2  = 354

[Genetic Diversity - Allelic Size Variance]
var_allele_size_pop1 = 3.4377
var_allele_size_pop2 = 3.4688

[Per-locus summary - Population 1]
Locus | Num_Alleles | Alleles                                               | Frequencies                                                                                      | Variance | Obs_Het | Exp_Het
------+-------------+-------------------------------------------------------+--------------------------------------------------------------------------------------------------+----------+---------+--------
1     | 8           | [97, 98, 99, 100, 101, 102, 103, 104]                 | [0.0400, 0.0600, 0.3600, 0.1500, 0.1800, 0.1200, 0.0500, 0.0400]                                 | 2.6931   | 0.8200  | 0.7998 
2     | 11          | [96, 97, 98, 99, 100, 101, 102, 103, 104, 105, 106]   | [0.0100, 0.0300, 0.2900, 0.0100, 0.1600, 0.0200, 0.1600, 0.1000, 0.1300, 0.0800, 0.0100]         | 6.7900   | 0.9200  | 0.8382 
3     | 12          | [93, 94, 95, 96, 97, 98, 99, 100, 101, 102, 103, 104] | [0.0200, 0.0100, 0.0300, 0.1300, 0.0200, 0.0300, 0.2300, 0.2000, 0.1400, 0.0100, 0.0700, 0.1100] | 7.1019   | 0.8400  | 0.8594 
4     | 9           | [96, 97, 98, 99, 100, 101, 102, 103, 104]             | [0.0700, 0.2200, 0.0800, 0.1300, 0.0600, 0.0200, 0.1100, 0.2800, 0.0300]                         | 7.0091   | 0.7400  | 0.8364 
5     | 8           | [96, 97, 98, 99, 100, 101, 102, 103]                  | [0.0200, 0.0200, 0.0800, 0.0200, 0.2400, 0.2600, 0.2300, 0.1300]                                 | 2.5659   | 0.7800  | 0.8054 
6     | 7           | [97, 98, 99, 100, 101, 102, 103]                      | [0.0100, 0.0400, 0.1800, 0.0700, 0.5400, 0.1100, 0.0500]                                         | 1.4756   | 0.7400  | 0.6614 
7     | 8           | [95, 96, 97, 98, 99, 100, 101, 102]                   | [0.0100, 0.2200, 0.1000, 0.0300, 0.3600, 0.0800, 0.1100, 0.0900]                                 | 3.7704   | 0.8000  | 0.7923 
8     | 6           | [99, 100, 101, 102, 103, 104]                         | [0.1900, 0.1000, 0.3400, 0.2200, 0.1300, 0.0200]                                                 | 1.7764   | 0.8000  | 0.7804 
9     | 7           | [96, 97, 98, 99, 100, 101, 102]                       | [0.0700, 0.2000, 0.2600, 0.3300, 0.0400, 0.0600, 0.0400]                                         | 1.9819   | 0.8800  | 0.7796 
10    | 6           | [96, 97, 98, 99, 100, 101]                            | [0.1400, 0.1900, 0.2800, 0.2600, 0.1200, 0.0100]                                                 | 1.5764   | 0.8600  | 0.7917 
11    | 6           | [97, 98, 99, 100, 102, 104]                           | [0.0700, 0.1500, 0.2400, 0.1600, 0.3500, 0.0300]                                                 | 3.3451   | 0.7600  | 0.7737 
12    | 6           | [96, 97, 98, 99, 101, 102]                            | [0.1600, 0.1600, 0.2100, 0.1700, 0.2900, 0.0100]                                                 | 3.3800   | 0.7800  | 0.7996 
13    | 8           | [96, 97, 98, 99, 100, 101, 102, 103]                  | [0.0600, 0.1800, 0.0300, 0.2900, 0.1700, 0.1300, 0.1100, 0.0300]                                 | 3.3539   | 0.8600  | 0.8285 
14    | 9           | [96, 97, 99, 100, 101, 102, 103, 104, 105]            | [0.0500, 0.0600, 0.0300, 0.1900, 0.1600, 0.2700, 0.1600, 0.0700, 0.0100]                         | 4.2100   | 0.8000  | 0.8362 
15    | 7           | [96, 97, 98, 99, 100, 101, 102]                       | [0.0300, 0.1700, 0.0800, 0.0700, 0.5200, 0.1000, 0.0300]                                         | 2.1300   | 0.7600  | 0.6844 
16    | 11          | [94, 95, 96, 97, 98, 99, 100, 101, 102, 103, 104]     | [0.0100, 0.0100, 0.0300, 0.0100, 0.1500, 0.2000, 0.1000, 0.1700, 0.1400, 0.1200, 0.0600]         | 4.6659   | 0.8200  | 0.8685 
17    | 8           | [95, 96, 97, 98, 99, 100, 101, 103]                   | [0.0200, 0.1400, 0.0700, 0.0400, 0.2900, 0.1000, 0.3000, 0.0400]                                 | 3.8076   | 0.8000  | 0.7958 
18    | 9           | [94, 95, 96, 97, 98, 99, 100, 101, 102]               | [0.0100, 0.0200, 0.0200, 0.0900, 0.2300, 0.0100, 0.2500, 0.2700, 0.1000]                         | 3.3299   | 0.8200  | 0.8006 
19    | 6           | [95, 96, 97, 98, 99, 100]                             | [0.0100, 0.0700, 0.2700, 0.2400, 0.2400, 0.1700]                                                 | 1.5404   | 0.7600  | 0.7859 
20    | 7           | [98, 99, 100, 101, 102, 103, 104]                     | [0.0200, 0.3900, 0.2400, 0.0700, 0.2000, 0.0400, 0.0400]                                         | 2.2376   | 0.7400  | 0.7493 
21    | 8           | [98, 100, 101, 102, 103, 104, 105, 106]               | [0.0700, 0.0900, 0.2500, 0.1800, 0.2300, 0.1100, 0.0100, 0.0600]                                 | 3.4499   | 0.8200  | 0.8317 

[Per-locus summary - Population 2]
Locus | Num_Alleles | Alleles                                                 | Frequencies                                                                                      | Variance | Obs_Het | Exp_Het
------+-------------+---------------------------------------------------------+--------------------------------------------------------------------------------------------------+----------+---------+--------
1     | 7           | [98, 99, 100, 101, 102, 103, 104]                       | [0.0400, 0.3900, 0.1500, 0.2300, 0.1100, 0.0600, 0.0200]                                         | 2.0224   | 0.7200  | 0.7624 
2     | 12          | [95, 96, 97, 98, 99, 100, 101, 102, 103, 104, 105, 106] | [0.0200, 0.0400, 0.0200, 0.2800, 0.0400, 0.1300, 0.0900, 0.1200, 0.0800, 0.1000, 0.0700, 0.0100] | 7.2684   | 0.8200  | 0.8655 
3     | 11          | [93, 94, 96, 97, 98, 99, 100, 101, 102, 103, 104]       | [0.0200, 0.0100, 0.2300, 0.0200, 0.0400, 0.2200, 0.1900, 0.1200, 0.0100, 0.0900, 0.0500]         | 6.5931   | 0.8800  | 0.8434 
4     | 9           | [96, 97, 98, 99, 100, 101, 102, 103, 104]               | [0.0400, 0.2000, 0.1200, 0.1200, 0.0300, 0.0800, 0.1100, 0.2800, 0.0200]                         | 6.3900   | 0.8600  | 0.8398 
5     | 7           | [97, 98, 99, 100, 101, 102, 103]                        | [0.0400, 0.0700, 0.0100, 0.2900, 0.2900, 0.2100, 0.0900]                                         | 2.0859   | 0.8600  | 0.7808 
6     | 7           | [97, 98, 99, 100, 101, 102, 103]                        | [0.0100, 0.1400, 0.1700, 0.0200, 0.5700, 0.0500, 0.0400]                                         | 1.8539   | 0.6600  | 0.6283 
7     | 9           | [95, 96, 97, 98, 99, 100, 101, 102, 103]                | [0.0100, 0.3000, 0.1300, 0.0800, 0.2700, 0.0800, 0.0500, 0.0700, 0.0100]                         | 3.8075   | 0.8400  | 0.8079 
8     | 7           | [98, 99, 100, 101, 102, 103, 104]                       | [0.0200, 0.1200, 0.1500, 0.3900, 0.2500, 0.0500, 0.0200]                                         | 1.4384   | 0.7200  | 0.7527 
9     | 8           | [95, 96, 97, 98, 99, 100, 101, 102]                     | [0.0100, 0.0500, 0.2500, 0.2400, 0.2900, 0.0700, 0.0300, 0.0600]                                 | 2.1956   | 0.8400  | 0.7917 
10    | 5           | [96, 97, 98, 99, 100]                                   | [0.0900, 0.1300, 0.3800, 0.2400, 0.1600]                                                         | 1.3075   | 0.8200  | 0.7550 
11    | 8           | [97, 98, 99, 100, 101, 102, 103, 104]                   | [0.0700, 0.1900, 0.3000, 0.0900, 0.0100, 0.3000, 0.0300, 0.0100]                                 | 3.3075   | 0.8600  | 0.7776 
12    | 7           | [96, 97, 98, 99, 100, 101, 102]                         | [0.1400, 0.1600, 0.2400, 0.1100, 0.0200, 0.2600, 0.0700]                                         | 3.7771   | 0.8200  | 0.8204 
13    | 9           | [96, 97, 98, 99, 100, 101, 102, 103, 104]               | [0.0500, 0.1400, 0.0700, 0.3600, 0.1200, 0.1200, 0.0900, 0.0400, 0.0100]                         | 3.2644   | 0.7600  | 0.8129 
14    | 7           | [96, 97, 100, 101, 102, 103, 104]                       | [0.0200, 0.0700, 0.1800, 0.1200, 0.3200, 0.2000, 0.0900]                                         | 3.5451   | 0.9000  | 0.8054 
15    | 7           | [96, 97, 98, 99, 100, 101, 102]                         | [0.0100, 0.1400, 0.1100, 0.0300, 0.5600, 0.1200, 0.0300]                                         | 1.8491   | 0.6400  | 0.6449 
16    | 10          | [95, 96, 97, 98, 99, 100, 101, 102, 103, 104]           | [0.0300, 0.0400, 0.0300, 0.1300, 0.1800, 0.1400, 0.1700, 0.1300, 0.1400, 0.0100]                 | 4.4675   | 0.9200  | 0.8709 
17    | 8           | [96, 97, 98, 99, 100, 101, 102, 103]                    | [0.0800, 0.1100, 0.0700, 0.3400, 0.1400, 0.1800, 0.0200, 0.0600]                                 | 3.1571   | 0.7600  | 0.8131 
18    | 10          | [94, 95, 96, 97, 98, 99, 100, 101, 102, 103]            | [0.0200, 0.0800, 0.0200, 0.1200, 0.2300, 0.0100, 0.1600, 0.2100, 0.1400, 0.0100]                 | 5.0819   | 0.8600  | 0.8444 
19    | 6           | [95, 96, 97, 98, 99, 100]                               | [0.0100, 0.0800, 0.2700, 0.2400, 0.2400, 0.1600]                                                 | 1.5500   | 0.8200  | 0.7877 
20    | 8           | [98, 99, 100, 101, 102, 103, 104, 105]                  | [0.0100, 0.3200, 0.1900, 0.0400, 0.2600, 0.1100, 0.0300, 0.0400]                                 | 3.1531   | 0.8000  | 0.7854 
21    | 11          | [97, 98, 99, 100, 101, 102, 103, 104, 105, 106, 107]    | [0.0100, 0.0800, 0.0100, 0.1300, 0.1900, 0.1800, 0.1700, 0.1300, 0.0100, 0.0700, 0.0200]         | 4.7299   | 0.9200  | 0.8655 
