
[Simulation Info]
simulation_id = sim_0006394
timestamp     = 20250428_095507
seed          = 994224
output_folder = /home/lejeunet/Bureau/simulations/Ref_table/sim_0006394

[Model Parameters]
pop_size           = 2431
num_loci           = 20
sample1_generation = 30
sample2_generation = 10
low_repeats        = 1
high_repeats       = 200
mutation_rate      = 0.001
recap_Ne           = 2431

[Sampling Design]
sample1_size_Ne  = 50
sample2_size_Ne  = 50
sample1_size_CMR = 50
sample2_size_CMR = 50

[Capture-Marquage-Recapture]
census_N   =  1300
MatchCount =  2

[Ne Estimates - One Sample - Decreasing critical values [0.050, 0.020, 0.010, 0+]]

[Linkage Desequilibrium]
LD_Ne_Pop1 = [385.1, 373.9, 404.8, 404.8]
LD_r2_Pop1 = [0.022137, 0.022162, 0.022095, 0.022095]
LD_Ne_Pop2 = [1576.9, None, None, None]
LD_r2_Pop2 = [0.021487, 0.02125, 0.020904, 0.020904]

[Heterozygote excess]
HE_Neb_mean_Pop1        = [None, None, None, None]
HE_weighted_D_mean_Pop1 = [-0.0308, -0.02771, -0.02726, -0.02726]
HE_Neb_mean_Pop2        = [70.6, 80.3, 92.1, 92.1]
HE_weighted_D_mean_Pop2 = [0.00713, 0.00627, 0.00546, 0.00546]

[Molecular Coancestry]
Coan_Neb_n_Pop1 = None
Coan_f1_Pop1    = -0.01699
Coan_Neb_n_Pop2 = 86.2
Coan_f1_Pop2    = 0.0058

[Ne Estimates - Temporal - Decreasing critical values (0.050, 0.020, 0.010, 0+)]

[Pollak]
P_Ne     = [7879.8, -14454.1, 76073.4, -24667.9]
P_Fk     = [0.02063, 0.01965, 0.02007, 0.0198]
P_Fprime = [0.00063, -0.00035, 7e-05, -0.0002]

[Nei/Tajima]
N_Ne     = [44164.3, -7407.9, -16324.5, -9380.1]
N_Fc     = [0.02011, 0.01933, 0.01969, 0.01947]
N_Fprime = [0.00011, -0.00067, -0.00031, -0.00053]

[Jorde/Ryman]
J_Ne     = [-9404.1, -9101.1, -10458.3, -9940.0]
J_Fs     = [0.01957, 0.01955, 0.01962, 0.0196]
J_Fprime = [-0.00053, -0.00055, -0.00048, -0.0005]

[Genetic Diversity - Heterozygosity]
mean_exp_het_pop1 = 0.7758
mean_obs_het_pop1 = 0.7552
mean_exp_het_pop2 = 0.7756
mean_obs_het_pop2 = 0.7781

[Genetic Diversity - Allele Counts]
mean_alleles_pop1 = 7.43
var_alleles_pop1  = 3.16
sum_alleles_pop1  = 156
mean_alleles_pop2 = 8.0
var_alleles_pop2  = 3.27
sum_alleles_pop2  = 336

[Genetic Diversity - Allelic Size Variance]
var_allele_size_pop1 = 4.0708
var_allele_size_pop2 = 4.1605

[Per-locus summary - Population 1]
Locus | Num_Alleles | Alleles                                             | Frequencies                                                                              | Variance | Obs_Het | Exp_Het
------+-------------+-----------------------------------------------------+------------------------------------------------------------------------------------------+----------+---------+--------
1     | 7           | [96, 97, 98, 99, 100, 101, 102]                     | [0.0200, 0.0200, 0.3500, 0.4200, 0.0800, 0.0900, 0.0200]                                 | 1.2131   | 0.6200  | 0.6923 
2     | 7           | [98, 99, 100, 101, 102, 103, 104]                   | [0.0100, 0.3100, 0.3300, 0.1500, 0.0800, 0.0500, 0.0700]                                 | 2.2219   | 0.7200  | 0.7663 
3     | 6           | [97, 98, 99, 100, 101, 102]                         | [0.0800, 0.1200, 0.0400, 0.1500, 0.4100, 0.2000]                                         | 2.3659   | 0.7200  | 0.7546 
4     | 9           | [100, 101, 102, 103, 104, 105, 106, 107, 108]       | [0.0900, 0.2500, 0.2000, 0.0400, 0.0400, 0.1500, 0.1300, 0.0900, 0.0100]                 | 5.4811   | 0.8800  | 0.8471 
5     | 11          | [95, 96, 97, 99, 100, 101, 102, 103, 104, 105, 106] | [0.0300, 0.1100, 0.1900, 0.1200, 0.1800, 0.1000, 0.1500, 0.0500, 0.0400, 0.0200, 0.0100] | 6.8219   | 0.7600  | 0.8758 
6     | 10          | [98, 99, 100, 101, 102, 103, 104, 105, 106, 107]    | [0.0500, 0.1000, 0.0800, 0.1400, 0.1000, 0.0800, 0.0200, 0.1700, 0.2100, 0.0500]         | 7.6136   | 0.9400  | 0.8780 
7     | 6           | [99, 100, 101, 102, 103, 104]                       | [0.0100, 0.1700, 0.3700, 0.2800, 0.0700, 0.1000]                                         | 1.3891   | 0.7400  | 0.7483 
8     | 10          | [95, 96, 97, 98, 100, 101, 102, 103, 104, 106]      | [0.0800, 0.0500, 0.0500, 0.1300, 0.0200, 0.2500, 0.2500, 0.1300, 0.0200, 0.0200]         | 7.1211   | 0.8000  | 0.8370 
9     | 6           | [98, 99, 100, 101, 102, 103]                        | [0.1600, 0.1500, 0.2600, 0.0700, 0.2600, 0.1000]                                         | 2.6236   | 0.7800  | 0.8099 
10    | 5           | [99, 100, 101, 102, 103]                            | [0.0100, 0.3200, 0.2500, 0.3300, 0.0900]                                                 | 1.0211   | 0.7200  | 0.7252 
11    | 7           | [98, 99, 100, 101, 102, 103, 104]                   | [0.1100, 0.0300, 0.5600, 0.0700, 0.1000, 0.1200, 0.0100]                                 | 2.0036   | 0.6000  | 0.6505 
12    | 6           | [100, 102, 103, 104, 105, 106]                      | [0.0200, 0.0300, 0.2400, 0.6200, 0.0800, 0.0100]                                         | 0.7216   | 0.5800  | 0.5558 
13    | 7           | [95, 96, 98, 100, 101, 102, 103]                    | [0.0700, 0.3700, 0.0100, 0.0100, 0.2200, 0.1400, 0.1800]                                 | 9.4539   | 0.8000  | 0.7652 
14    | 10          | [96, 97, 98, 99, 100, 101, 104, 105, 106, 108]      | [0.0500, 0.0200, 0.2800, 0.1300, 0.1600, 0.1300, 0.0300, 0.1400, 0.0300, 0.0300]         | 9.1636   | 0.8200  | 0.8455 
15    | 8           | [92, 93, 94, 96, 98, 99, 100, 101]                  | [0.0300, 0.1300, 0.1600, 0.0200, 0.0700, 0.2700, 0.2900, 0.0300]                         | 8.3451   | 0.8200  | 0.8014 
16    | 8           | [97, 98, 99, 100, 101, 102, 104, 105]               | [0.0400, 0.0200, 0.1500, 0.1800, 0.3500, 0.0300, 0.1200, 0.1100]                         | 4.4531   | 0.7600  | 0.8012 
17    | 5           | [97, 98, 99, 100, 101]                              | [0.0600, 0.2600, 0.2300, 0.1800, 0.2700]                                                 | 1.6444   | 0.6000  | 0.7784 
18    | 5           | [95, 96, 97, 98, 99]                                | [0.1900, 0.2300, 0.0900, 0.4100, 0.0800]                                                 | 1.7184   | 0.8000  | 0.7358 
19    | 7           | [94, 96, 97, 98, 99, 100, 101]                      | [0.0100, 0.2000, 0.3100, 0.2300, 0.1900, 0.0100, 0.0500]                                 | 1.7979   | 0.8800  | 0.7800 
20    | 8           | [95, 96, 97, 98, 99, 100, 101, 102]                 | [0.1400, 0.1200, 0.2400, 0.0600, 0.0300, 0.0700, 0.2900, 0.0500]                         | 5.5844   | 0.7400  | 0.8206 
21    | 8           | [94, 95, 96, 97, 98, 99, 100, 101]                  | [0.0100, 0.0600, 0.1100, 0.2900, 0.1200, 0.1800, 0.1900, 0.0400]                         | 2.7275   | 0.7800  | 0.8238 

[Per-locus summary - Population 2]
Locus | Num_Alleles | Alleles                                                 | Frequencies                                                                                      | Variance | Obs_Het | Exp_Het
------+-------------+---------------------------------------------------------+--------------------------------------------------------------------------------------------------+----------+---------+--------
1     | 6           | [96, 97, 98, 99, 100, 101]                              | [0.0200, 0.0400, 0.4400, 0.3700, 0.0700, 0.0600]                                                 | 0.9379   | 0.5200  | 0.6657 
2     | 7           | [98, 99, 100, 101, 102, 103, 104]                       | [0.0300, 0.2800, 0.3600, 0.0900, 0.1400, 0.0300, 0.0700]                                         | 2.2800   | 0.7600  | 0.7652 
3     | 6           | [97, 98, 99, 100, 101, 102]                             | [0.0600, 0.1800, 0.0200, 0.1500, 0.4500, 0.1400]                                                 | 2.2611   | 0.7400  | 0.7263 
4     | 9           | [100, 101, 102, 103, 104, 105, 106, 107, 108]           | [0.0700, 0.2200, 0.3200, 0.0200, 0.0100, 0.1600, 0.0500, 0.1200, 0.0300]                         | 5.5804   | 0.8000  | 0.8085 
5     | 10          | [95, 96, 97, 99, 100, 101, 102, 103, 104, 105]          | [0.0100, 0.1100, 0.1800, 0.0400, 0.2900, 0.0600, 0.2100, 0.0300, 0.0400, 0.0300]                 | 6.1939   | 0.9400  | 0.8269 
6     | 10          | [98, 99, 100, 101, 102, 103, 104, 105, 106, 107]        | [0.0100, 0.1200, 0.0900, 0.1200, 0.0800, 0.0900, 0.0100, 0.1000, 0.3000, 0.0800]                 | 7.8339   | 0.8600  | 0.8505 
7     | 6           | [99, 100, 101, 102, 103, 104]                           | [0.0100, 0.1100, 0.3200, 0.3600, 0.1100, 0.0900]                                                 | 1.2416   | 0.7600  | 0.7430 
8     | 12          | [95, 96, 97, 98, 99, 100, 101, 102, 103, 104, 105, 106] | [0.0700, 0.0900, 0.1200, 0.1100, 0.0100, 0.0200, 0.2100, 0.2200, 0.1200, 0.0100, 0.0100, 0.0100] | 7.6404   | 0.8800  | 0.8614 
9     | 8           | [97, 98, 99, 100, 101, 102, 103, 104]                   | [0.0100, 0.1100, 0.2100, 0.3000, 0.0300, 0.2300, 0.1000, 0.0100]                                 | 2.6131   | 0.8400  | 0.7978 
10    | 7           | [98, 99, 100, 101, 102, 103, 104]                       | [0.0100, 0.0200, 0.2300, 0.2800, 0.3700, 0.0800, 0.0100]                                         | 1.1124   | 0.8400  | 0.7321 
11    | 8           | [97, 98, 99, 100, 101, 102, 103, 104]                   | [0.0100, 0.0400, 0.0500, 0.4600, 0.1700, 0.1300, 0.1300, 0.0100]                                 | 1.8300   | 0.6200  | 0.7287 
12    | 6           | [100, 102, 103, 104, 105, 106]                          | [0.0200, 0.0200, 0.1800, 0.6200, 0.1200, 0.0400]                                                 | 0.8500   | 0.5800  | 0.5721 
13    | 9           | [95, 96, 97, 100, 101, 102, 103, 104, 105]              | [0.0800, 0.3300, 0.0400, 0.0100, 0.1400, 0.0600, 0.3100, 0.0200, 0.0100]                         | 11.1096  | 0.6800  | 0.7709 
14    | 10          | [96, 97, 98, 99, 100, 101, 104, 105, 106, 108]          | [0.0400, 0.0400, 0.1400, 0.1300, 0.2100, 0.1600, 0.0500, 0.1600, 0.0200, 0.0500]                 | 9.5899   | 0.9000  | 0.8683 
15    | 8           | [92, 93, 94, 98, 99, 100, 101, 102]                     | [0.0200, 0.1000, 0.1300, 0.0600, 0.3200, 0.3200, 0.0400, 0.0100]                                 | 7.4196   | 0.8200  | 0.7703 
16    | 9           | [97, 98, 99, 100, 101, 102, 104, 105, 106]              | [0.0200, 0.0700, 0.1700, 0.1400, 0.3000, 0.0300, 0.1400, 0.1200, 0.0100]                         | 5.1859   | 0.8000  | 0.8295 
17    | 6           | [97, 98, 99, 100, 101, 102]                             | [0.0800, 0.1800, 0.2800, 0.1400, 0.3100, 0.0100]                                                 | 1.7675   | 0.8000  | 0.7748 
18    | 5           | [95, 96, 97, 98, 99]                                    | [0.1900, 0.1800, 0.1400, 0.4500, 0.0400]                                                         | 1.5491   | 0.7200  | 0.7149 
19    | 7           | [95, 96, 97, 98, 99, 100, 101]                          | [0.0300, 0.1700, 0.2800, 0.2600, 0.0900, 0.1100, 0.0600]                                         | 2.2516   | 0.8200  | 0.8085 
20    | 9           | [94, 95, 96, 97, 98, 99, 100, 101, 102]                 | [0.0100, 0.1700, 0.1200, 0.2400, 0.0500, 0.0900, 0.0600, 0.2100, 0.0500]                         | 5.4299   | 0.8000  | 0.8467 
21    | 7           | [95, 96, 97, 98, 99, 100, 101]                          | [0.0700, 0.0700, 0.2800, 0.2000, 0.1200, 0.1900, 0.0700]                                         | 2.6936   | 0.8600  | 0.8246 
