
[Simulation Info]
simulation_id = sim_0011253
timestamp     = 20250429_090532
seed          = 368129
output_folder = /home/lejeunet/Bureau/simulations/Ref_table/sim_0011253

[Model Parameters]
pop_size           = 8524
num_loci           = 20
sample1_generation = 30
sample2_generation = 10
low_repeats        = 1
high_repeats       = 200
mutation_rate      = 0.001
recap_Ne           = 8524

[Sampling Design]
sample1_size_Ne  = 50
sample2_size_Ne  = 50
sample1_size_CMR = 50
sample2_size_CMR = 50

[Capture-Marquage-Recapture]
census_N   =  0
MatchCount =  0
# There were no match between sampling of individuals during CMR.

[Ne Estimates - One Sample - Decreasing critical values [0.050, 0.020, 0.010, 0+]]

[Linkage Desequilibrium]
LD_Ne_Pop1 = [1324.3, 2438.5, 2097.2, 2097.2]
LD_r2_Pop1 = [0.021527, 0.021413, 0.021435, 0.021435]
LD_Ne_Pop2 = [None, None, None, None]
LD_r2_Pop2 = [0.021105, 0.020963, 0.021241, 0.021241]

[Heterozygote excess]
HE_Neb_mean_Pop1        = [None, None, None, None]
HE_weighted_D_mean_Pop1 = [-0.00594, -0.00198, -0.00263, -0.00263]
HE_Neb_mean_Pop2        = [43.3, 82.8, 60.3, 60.3]
HE_weighted_D_mean_Pop2 = [0.01167, 0.00608, 0.00836, 0.00836]

[Molecular Coancestry]
Coan_Neb_n_Pop1 = None
Coan_f1_Pop1    = -0.00523
Coan_Neb_n_Pop2 = 609.7
Coan_f1_Pop2    = 0.00082

[Ne Estimates - Temporal - Decreasing critical values (0.050, 0.020, 0.010, 0+)]

[Pollak]
P_Ne     = [-39155.7, -11913.9, -36338.8, -20026.3]
P_Fk     = [0.01987, 0.01958, 0.01986, 0.01975]
P_Fprime = [-0.00013, -0.00042, -0.00014, -0.00025]

[Nei/Tajima]
N_Ne     = [-6359.2, -5639.3, -8526.0, -7453.1]
N_Fc     = [0.01921, 0.01911, 0.01941, 0.01933]
N_Fprime = [-0.00079, -0.00089, -0.00059, -0.00067]

[Jorde/Ryman]
J_Ne     = [-1804.1, -2309.6, -2311.8, -2299.0]
J_Fs     = [0.01733, 0.01794, 0.01794, 0.01793]
J_Fprime = [-0.00277, -0.00216, -0.00216, -0.00217]

[Genetic Diversity - Heterozygosity]
mean_exp_het_pop1 = 0.8811
mean_obs_het_pop1 = 0.8762
mean_exp_het_pop2 = 0.8818
mean_obs_het_pop2 = 0.8971

[Genetic Diversity - Allele Counts]
mean_alleles_pop1 = 13.24
var_alleles_pop1  = 5.59
sum_alleles_pop1  = 278
mean_alleles_pop2 = 13.81
var_alleles_pop2  = 9.23
sum_alleles_pop2  = 580

[Genetic Diversity - Allelic Size Variance]
var_allele_size_pop1 = 16.4554
var_allele_size_pop2 = 16.429

[Per-locus summary - Population 1]
Locus | Num_Alleles | Alleles                                                                    | Frequencies                                                                                                                      | Variance | Obs_Het | Exp_Het
------+-------------+----------------------------------------------------------------------------+----------------------------------------------------------------------------------------------------------------------------------+----------+---------+--------
1     | 16          | [94, 95, 96, 97, 98, 99, 100, 101, 103, 105, 106, 107, 108, 109, 110, 111] | [0.1000, 0.0600, 0.0300, 0.0900, 0.1500, 0.0400, 0.0500, 0.0200, 0.0200, 0.0600, 0.0100, 0.1100, 0.0300, 0.1500, 0.0700, 0.0100] | 32.8396  | 0.9000  | 0.9150 
2     | 15          | [91, 92, 93, 94, 95, 96, 97, 98, 99, 100, 101, 102, 103, 104, 105]         | [0.0100, 0.0400, 0.0600, 0.0900, 0.0400, 0.1300, 0.1300, 0.0600, 0.0100, 0.0500, 0.0800, 0.1600, 0.0800, 0.0300, 0.0300]         | 13.8300  | 0.9400  | 0.9139 
3     | 16          | [90, 91, 92, 93, 94, 95, 96, 98, 103, 104, 105, 106, 107, 108, 109, 110]   | [0.0400, 0.0100, 0.1500, 0.1400, 0.1300, 0.0800, 0.0100, 0.0100, 0.0200, 0.0200, 0.2300, 0.0800, 0.0300, 0.0200, 0.0100, 0.0200] | 40.6496  | 0.8600  | 0.8796 
4     | 10          | [102, 103, 104, 105, 106, 107, 108, 109, 110, 111]                         | [0.0300, 0.1500, 0.1600, 0.0800, 0.2100, 0.1500, 0.0700, 0.1100, 0.0300, 0.0100]                                                 | 4.6676   | 0.8200  | 0.8687 
5     | 10          | [100, 102, 103, 104, 105, 106, 107, 108, 109, 110]                         | [0.0300, 0.0300, 0.2300, 0.0900, 0.1800, 0.1600, 0.1000, 0.1500, 0.0200, 0.0100]                                                 | 4.4875   | 0.9600  | 0.8548 
6     | 8           | [90, 91, 92, 93, 94, 95, 96, 97]                                           | [0.0200, 0.0500, 0.0800, 0.0700, 0.2200, 0.3300, 0.1700, 0.0600]                                                                 | 2.5579   | 0.8200  | 0.8040 
7     | 11          | [98, 101, 102, 103, 104, 105, 106, 107, 108, 109, 110]                     | [0.0100, 0.0900, 0.0800, 0.0300, 0.1300, 0.1100, 0.2300, 0.1700, 0.1000, 0.0400, 0.0100]                                         | 5.5516   | 0.8800  | 0.8707 
8     | 16          | [90, 91, 92, 93, 94, 95, 96, 97, 105, 107, 108, 109, 110, 111, 112, 113]   | [0.0200, 0.1200, 0.0600, 0.0300, 0.1600, 0.1000, 0.0300, 0.0100, 0.0100, 0.0400, 0.0600, 0.1100, 0.1300, 0.0900, 0.0200, 0.0100] | 68.5056  | 0.9000  | 0.9103 
9     | 16          | [90, 91, 92, 93, 94, 95, 96, 97, 98, 99, 100, 101, 102, 103, 104, 105]     | [0.0600, 0.0200, 0.0700, 0.0100, 0.0100, 0.0300, 0.1100, 0.0400, 0.0400, 0.0200, 0.0400, 0.0800, 0.1400, 0.1700, 0.0800, 0.0800] | 20.9739  | 0.9000  | 0.9141 
10    | 15          | [99, 100, 101, 102, 103, 104, 105, 106, 107, 108, 109, 110, 111, 112, 113] | [0.0100, 0.0400, 0.0900, 0.0900, 0.1100, 0.0500, 0.0500, 0.1100, 0.0100, 0.0500, 0.0600, 0.1600, 0.0300, 0.1300, 0.0100]         | 15.9811  | 0.9400  | 0.9123 
11    | 14          | [89, 90, 91, 92, 93, 94, 95, 96, 97, 98, 99, 100, 101, 102]                | [0.0400, 0.0100, 0.0100, 0.0200, 0.1200, 0.1200, 0.0300, 0.0100, 0.0900, 0.1000, 0.1600, 0.1700, 0.0400, 0.0800]                 | 11.9491  | 0.8800  | 0.8964 
12    | 12          | [96, 97, 98, 99, 100, 101, 102, 103, 104, 105, 106, 107]                   | [0.0100, 0.0800, 0.1300, 0.2800, 0.1200, 0.0600, 0.0900, 0.0300, 0.0200, 0.0600, 0.0900, 0.0300]                                 | 8.4904   | 0.8000  | 0.8669 
13    | 10          | [97, 98, 99, 100, 101, 102, 103, 104, 105, 106]                            | [0.0400, 0.0300, 0.0300, 0.0900, 0.0600, 0.1000, 0.1100, 0.2600, 0.1900, 0.0900]                                                 | 5.6419   | 0.8400  | 0.8596 
14    | 14          | [90, 92, 93, 94, 95, 96, 97, 98, 100, 101, 102, 103, 104, 105]             | [0.0300, 0.0500, 0.0200, 0.1800, 0.1300, 0.0400, 0.0400, 0.0200, 0.0400, 0.1500, 0.0600, 0.1400, 0.0900, 0.0100]                 | 18.1259  | 0.8000  | 0.8968 
15    | 14          | [91, 93, 94, 95, 96, 98, 101, 102, 103, 104, 105, 106, 107, 108]           | [0.0200, 0.0700, 0.0800, 0.1800, 0.1500, 0.0100, 0.0100, 0.0400, 0.0600, 0.2200, 0.0200, 0.0600, 0.0400, 0.0400]                 | 26.0684  | 0.8600  | 0.8812 
16    | 15          | [91, 95, 96, 97, 99, 100, 101, 102, 104, 105, 106, 107, 109, 110, 111]     | [0.0300, 0.0200, 0.0400, 0.1100, 0.0400, 0.0500, 0.1800, 0.0600, 0.0200, 0.1000, 0.1100, 0.0700, 0.0700, 0.0900, 0.0100]         | 23.4371  | 0.9400  | 0.9135 
17    | 13          | [97, 98, 99, 100, 101, 102, 103, 104, 105, 106, 107, 108, 110]             | [0.0100, 0.0200, 0.0200, 0.0600, 0.0300, 0.0400, 0.1500, 0.0400, 0.1700, 0.3000, 0.0900, 0.0600, 0.0100]                         | 6.5099   | 0.8600  | 0.8467 
18    | 15          | [93, 95, 96, 97, 98, 99, 101, 102, 103, 104, 105, 106, 107, 108, 109]      | [0.0100, 0.0500, 0.1000, 0.1400, 0.1400, 0.0400, 0.0300, 0.0800, 0.1300, 0.0200, 0.0500, 0.0200, 0.1600, 0.0200, 0.0100]         | 18.0564  | 0.9200  | 0.9020 
19    | 13          | [98, 99, 100, 101, 102, 103, 104, 105, 106, 107, 108, 110, 111]            | [0.0100, 0.0100, 0.0600, 0.0100, 0.1200, 0.1100, 0.2100, 0.1400, 0.1700, 0.0700, 0.0400, 0.0400, 0.0100]                         | 6.0851   | 0.8400  | 0.8776 
20    | 12          | [95, 96, 97, 98, 99, 100, 101, 102, 103, 104, 105, 106]                    | [0.0200, 0.0300, 0.0500, 0.1400, 0.1000, 0.1700, 0.0100, 0.2600, 0.1000, 0.0900, 0.0200, 0.0100]                                 | 5.9800   | 0.9200  | 0.8600 
21    | 13          | [92, 93, 94, 95, 96, 97, 98, 99, 100, 101, 102, 103, 104]                  | [0.0100, 0.0200, 0.0100, 0.0100, 0.0300, 0.0300, 0.1300, 0.1500, 0.1600, 0.2100, 0.1900, 0.0300, 0.0200]                         | 5.1739   | 0.8200  | 0.8596 

[Per-locus summary - Population 2]
Locus | Num_Alleles | Alleles                                                                            | Frequencies                                                                                                                                      | Variance | Obs_Het | Exp_Het
------+-------------+------------------------------------------------------------------------------------+--------------------------------------------------------------------------------------------------------------------------------------------------+----------+---------+--------
1     | 17          | [94, 95, 96, 97, 98, 99, 100, 101, 103, 105, 106, 107, 108, 109, 110, 111, 112]    | [0.0400, 0.0700, 0.0800, 0.0600, 0.1200, 0.0700, 0.0800, 0.0200, 0.0100, 0.0800, 0.0200, 0.0500, 0.0500, 0.1200, 0.0900, 0.0300, 0.0100]         | 32.3075  | 0.9600  | 0.9313 
2     | 15          | [91, 92, 93, 94, 95, 96, 97, 98, 99, 100, 101, 102, 103, 104, 105]                 | [0.0300, 0.0100, 0.0900, 0.0800, 0.0400, 0.0600, 0.1300, 0.0300, 0.0300, 0.0400, 0.0800, 0.2000, 0.0700, 0.0600, 0.0500]                         | 15.9200  | 0.9800  | 0.9107 
3     | 18          | [88, 90, 92, 93, 94, 95, 96, 97, 103, 104, 105, 106, 107, 108, 109, 110, 111, 112] | [0.0200, 0.1300, 0.1100, 0.0700, 0.1000, 0.0100, 0.0300, 0.0200, 0.0200, 0.0900, 0.2100, 0.0500, 0.0400, 0.0300, 0.0200, 0.0100, 0.0100, 0.0300] | 51.0700  | 0.9000  | 0.9042 
4     | 10          | [102, 103, 104, 105, 106, 107, 108, 109, 110, 111]                                 | [0.0100, 0.1100, 0.1500, 0.0900, 0.1900, 0.1900, 0.1100, 0.0900, 0.0400, 0.0200]                                                                 | 4.3876   | 0.9200  | 0.8715 
5     | 9           | [100, 102, 103, 104, 105, 106, 107, 108, 109]                                      | [0.0100, 0.0600, 0.1300, 0.1800, 0.2000, 0.1700, 0.1200, 0.1100, 0.0200]                                                                         | 3.4275   | 0.9000  | 0.8598 
6     | 10          | [89, 90, 91, 92, 93, 94, 95, 96, 97, 98]                                           | [0.0100, 0.0100, 0.0200, 0.0300, 0.0600, 0.2900, 0.3400, 0.1200, 0.0900, 0.0300]                                                                 | 2.3900   | 0.8600  | 0.7796 
7     | 10          | [99, 101, 102, 103, 104, 105, 106, 107, 108, 109]                                  | [0.0100, 0.0900, 0.0800, 0.0600, 0.1100, 0.1500, 0.2300, 0.1000, 0.1100, 0.0600]                                                                 | 5.4379   | 0.8200  | 0.8774 
8     | 18          | [89, 90, 91, 92, 93, 94, 95, 96, 97, 104, 105, 106, 107, 108, 109, 110, 111, 112]  | [0.0100, 0.0200, 0.0800, 0.1000, 0.0400, 0.1200, 0.0400, 0.0300, 0.0200, 0.0100, 0.0200, 0.0100, 0.0300, 0.1100, 0.1200, 0.1700, 0.0600, 0.0100] | 66.2904  | 0.9200  | 0.9127 
9     | 16          | [90, 91, 92, 93, 94, 95, 96, 97, 98, 99, 100, 101, 102, 103, 104, 105]             | [0.0400, 0.1200, 0.0700, 0.0800, 0.0100, 0.0200, 0.0900, 0.0400, 0.0200, 0.0200, 0.0300, 0.1000, 0.1400, 0.1600, 0.0400, 0.0200]                 | 23.3676  | 0.9200  | 0.9127 
10    | 15          | [99, 100, 101, 102, 103, 104, 105, 106, 107, 108, 109, 110, 111, 112, 113]         | [0.0200, 0.0200, 0.1000, 0.0300, 0.1000, 0.0500, 0.0400, 0.1700, 0.0100, 0.0300, 0.0900, 0.1400, 0.0500, 0.1000, 0.0500]                         | 15.6916  | 0.9200  | 0.9107 
11    | 14          | [89, 90, 92, 93, 94, 95, 96, 97, 98, 99, 100, 101, 102, 103]                       | [0.0300, 0.0100, 0.0900, 0.0700, 0.1100, 0.0600, 0.0100, 0.0800, 0.1000, 0.1500, 0.1700, 0.0700, 0.0400, 0.0100]                                 | 11.7275  | 0.9200  | 0.9049 
12    | 9           | [97, 98, 99, 100, 101, 102, 104, 105, 106]                                         | [0.0500, 0.1900, 0.2400, 0.2300, 0.1000, 0.0600, 0.0200, 0.0700, 0.0400]                                                                         | 5.2856   | 0.9000  | 0.8388 
13    | 10          | [97, 98, 99, 100, 101, 102, 103, 104, 105, 106]                                    | [0.0100, 0.0900, 0.0800, 0.1100, 0.0400, 0.0800, 0.1200, 0.2400, 0.1900, 0.0400]                                                                 | 6.1436   | 0.8400  | 0.8642 
14    | 14          | [92, 93, 94, 95, 96, 97, 98, 99, 100, 101, 102, 103, 104, 105]                     | [0.0400, 0.0400, 0.1800, 0.1000, 0.0700, 0.0600, 0.0400, 0.0200, 0.0600, 0.0900, 0.0700, 0.1600, 0.0500, 0.0200]                                 | 15.4571  | 0.9000  | 0.9079 
15    | 15          | [91, 92, 93, 94, 95, 96, 97, 98, 102, 103, 104, 105, 107, 108, 109]                | [0.0100, 0.0100, 0.0200, 0.1000, 0.1600, 0.1200, 0.0100, 0.0200, 0.0600, 0.0500, 0.2000, 0.1500, 0.0300, 0.0500, 0.0100]                         | 25.1724  | 0.9000  | 0.8857 
16    | 17          | [95, 96, 97, 98, 99, 100, 101, 102, 103, 104, 105, 106, 107, 108, 109, 110, 111]   | [0.0500, 0.0500, 0.0400, 0.0100, 0.0500, 0.0400, 0.2200, 0.0100, 0.0200, 0.0200, 0.0800, 0.1200, 0.1000, 0.0200, 0.0600, 0.1000, 0.0100]         | 20.4731  | 0.8800  | 0.9040 
17    | 15          | [97, 98, 99, 100, 101, 102, 103, 104, 105, 106, 107, 108, 109, 110, 111]           | [0.0100, 0.0300, 0.0400, 0.0500, 0.0300, 0.0400, 0.1200, 0.0300, 0.1700, 0.2600, 0.1400, 0.0500, 0.0100, 0.0100, 0.0100]                         | 7.9875   | 0.9000  | 0.8669 
18    | 14          | [95, 96, 97, 98, 99, 100, 101, 102, 103, 104, 105, 106, 107, 108]                  | [0.0700, 0.1700, 0.1100, 0.1300, 0.0600, 0.0300, 0.0100, 0.0800, 0.1000, 0.0100, 0.0500, 0.0600, 0.0900, 0.0300]                                 | 17.0739  | 0.9200  | 0.9101 
19    | 11          | [99, 100, 101, 102, 103, 104, 105, 106, 107, 108, 110]                             | [0.0200, 0.0200, 0.0200, 0.1700, 0.1800, 0.2700, 0.0800, 0.1400, 0.0100, 0.0800, 0.0100]                                                         | 4.2299   | 0.8400  | 0.8404 
20    | 12          | [95, 96, 97, 98, 99, 100, 101, 102, 103, 104, 105, 106]                            | [0.0100, 0.0300, 0.0100, 0.1500, 0.0900, 0.0800, 0.0500, 0.1900, 0.1900, 0.1300, 0.0500, 0.0200]                                                 | 6.3900   | 0.8600  | 0.8762 
21    | 11          | [92, 93, 96, 97, 98, 99, 100, 101, 102, 103, 104]                                  | [0.0100, 0.0300, 0.0100, 0.0400, 0.1400, 0.1300, 0.1900, 0.2000, 0.2100, 0.0300, 0.0100]                                                         | 4.7779   | 0.8800  | 0.8481 
