
[Simulation Info]
simulation_id = sim_0002602
timestamp     = 20250428_082521
seed          = 490159
output_folder = /home/lejeunet/Bureau/simulations/Ref_table/sim_0002602

[Model Parameters]
pop_size           = 8268
num_loci           = 20
sample1_generation = 30
sample2_generation = 10
low_repeats        = 1
high_repeats       = 200
mutation_rate      = 0.001
recap_Ne           = 8268

[Sampling Design]
sample1_size_Ne  = 50
sample2_size_Ne  = 50
sample1_size_CMR = 50
sample2_size_CMR = 50

[Capture-Marquage-Recapture]
census_N   =  0
MatchCount =  0
# There were no match between sampling of individuals during CMR.

[Ne Estimates - One Sample - Decreasing critical values [0.050, 0.020, 0.010, 0+]]

[Linkage Desequilibrium]
LD_Ne_Pop1 = [1347.7, 1700.9, 7139.0, 7139.0]
LD_r2_Pop1 = [0.021523, 0.021472, 0.021323, 0.021323]
LD_Ne_Pop2 = [None, 6147.0, 1216.5, 1216.5]
LD_r2_Pop2 = [0.021175, 0.02133, 0.02155, 0.02155]

[Heterozygote excess]
HE_Neb_mean_Pop1        = [92.3, 51.1, 61.9, 61.9]
HE_weighted_D_mean_Pop1 = [0.00545, 0.00988, 0.00814, 0.00814]
HE_Neb_mean_Pop2        = [204.6, 143.8, 98.2, 98.2]
HE_weighted_D_mean_Pop2 = [0.00245, 0.00349, 0.00512, 0.00512]

[Molecular Coancestry]
Coan_Neb_n_Pop1 = 128.9
Coan_f1_Pop1    = 0.00388
Coan_Neb_n_Pop2 = None
Coan_f1_Pop2    = -0.01699

[Ne Estimates - Temporal - Decreasing critical values (0.050, 0.020, 0.010, 0+)]

[Pollak]
P_Ne     = [2990.7, 30127.6, 14400.3, 9132.0]
P_Fk     = [0.02167, 0.02017, 0.02035, 0.02055]
P_Fprime = [0.00167, 0.00017, 0.00035, 0.00055]

[Nei/Tajima]
N_Ne     = [3709.7, -485768.1, 30444.0, 13985.7]
N_Fc     = [0.02135, 0.01999, 0.02016, 0.02036]
N_Fprime = [0.00135, -1e-05, 0.00016, 0.00036]

[Jorde/Ryman]
J_Ne     = [2293.7, 3256.0, 3005.9, 2988.6]
J_Fs     = [0.02228, 0.02164, 0.02176, 0.02177]
J_Fprime = [0.00218, 0.00154, 0.00166, 0.00167]

[Genetic Diversity - Heterozygosity]
mean_exp_het_pop1 = 0.8823
mean_obs_het_pop1 = 0.8857
mean_exp_het_pop2 = 0.8911
mean_obs_het_pop2 = 0.8933

[Genetic Diversity - Allele Counts]
mean_alleles_pop1 = 13.29
var_alleles_pop1  = 5.21
sum_alleles_pop1  = 279
mean_alleles_pop2 = 13.64
var_alleles_pop2  = 5.16
sum_alleles_pop2  = 573

[Genetic Diversity - Allelic Size Variance]
var_allele_size_pop1 = 13.7404
var_allele_size_pop2 = 14.1124

[Per-locus summary - Population 1]
Locus | Num_Alleles | Alleles                                                                         | Frequencies                                                                                                                      | Variance | Obs_Het | Exp_Het
------+-------------+---------------------------------------------------------------------------------+----------------------------------------------------------------------------------------------------------------------------------+----------+---------+--------
1     | 9           | [98, 100, 101, 102, 103, 104, 105, 106, 108]                                    | [0.0100, 0.0200, 0.0300, 0.1500, 0.1900, 0.2200, 0.2100, 0.1600, 0.0100]                                                         | 2.7275   | 0.8600  | 0.8301 
2     | 13          | [97, 98, 99, 100, 101, 102, 103, 104, 105, 106, 107, 108, 109]                  | [0.0200, 0.0100, 0.0700, 0.0300, 0.0100, 0.0100, 0.0500, 0.0700, 0.0800, 0.2600, 0.1200, 0.1300, 0.1400]                         | 9.5419   | 0.8400  | 0.8699 
3     | 16          | [89, 90, 91, 94, 95, 96, 97, 98, 99, 100, 101, 102, 104, 105, 106, 107]         | [0.0100, 0.0100, 0.1300, 0.0100, 0.1300, 0.0100, 0.0100, 0.0700, 0.0600, 0.1000, 0.0400, 0.0400, 0.0500, 0.2400, 0.0800, 0.0100] | 27.2259  | 0.8800  | 0.8863 
4     | 15          | [94, 95, 96, 97, 98, 99, 100, 101, 102, 103, 104, 105, 106, 107, 108]           | [0.0700, 0.1000, 0.0400, 0.0100, 0.0600, 0.0300, 0.0400, 0.0500, 0.2900, 0.0900, 0.0600, 0.0600, 0.0700, 0.0200, 0.0100]         | 13.9676  | 0.8800  | 0.8788 
5     | 13          | [95, 96, 97, 98, 99, 100, 101, 102, 103, 104, 106, 107, 108]                    | [0.0600, 0.0300, 0.0500, 0.0300, 0.1700, 0.1000, 0.1800, 0.1400, 0.0600, 0.0400, 0.0100, 0.0500, 0.0800]                         | 11.4675  | 0.8600  | 0.8960 
6     | 16          | [90, 91, 92, 93, 94, 95, 96, 97, 98, 99, 100, 101, 102, 103, 104, 105]          | [0.0100, 0.0300, 0.0900, 0.0100, 0.0400, 0.0500, 0.0200, 0.0700, 0.1900, 0.2300, 0.0800, 0.0700, 0.0300, 0.0400, 0.0300, 0.0100] | 11.0531  | 0.8800  | 0.8865 
7     | 15          | [95, 96, 97, 98, 99, 100, 101, 102, 103, 104, 105, 106, 107, 108, 110]          | [0.0100, 0.0500, 0.1100, 0.0900, 0.2000, 0.1100, 0.1100, 0.0400, 0.1000, 0.0600, 0.0400, 0.0300, 0.0300, 0.0100, 0.0100]         | 9.6284   | 0.8400  | 0.9032 
8     | 16          | [90, 92, 93, 94, 95, 96, 97, 98, 99, 100, 102, 103, 104, 105, 106, 107]         | [0.0100, 0.0100, 0.0400, 0.1600, 0.0200, 0.0200, 0.0400, 0.0900, 0.1500, 0.0200, 0.0500, 0.1200, 0.0400, 0.1100, 0.1000, 0.0200] | 20.2804  | 0.9000  | 0.9073 
9     | 12          | [94, 95, 96, 97, 98, 99, 100, 101, 102, 104, 105, 107]                          | [0.0100, 0.1300, 0.2100, 0.1400, 0.1300, 0.0900, 0.1400, 0.0400, 0.0500, 0.0200, 0.0200, 0.0200]                                 | 7.4204   | 0.8800  | 0.8782 
10    | 14          | [92, 93, 94, 95, 96, 97, 98, 99, 100, 101, 102, 103, 104, 105]                  | [0.1000, 0.0400, 0.1700, 0.0900, 0.0700, 0.0100, 0.0500, 0.0300, 0.0800, 0.0800, 0.0500, 0.1400, 0.0300, 0.0600]                 | 17.8091  | 0.9200  | 0.9127 
11    | 11          | [91, 92, 93, 95, 96, 97, 98, 99, 102, 103, 104]                                 | [0.0400, 0.1000, 0.0500, 0.0700, 0.2300, 0.1000, 0.1000, 0.0900, 0.0200, 0.1700, 0.0300]                                         | 13.7100  | 0.8400  | 0.8786 
12    | 11          | [91, 92, 93, 94, 95, 96, 97, 98, 99, 100, 101]                                  | [0.0100, 0.0200, 0.0800, 0.1000, 0.1700, 0.1900, 0.1400, 0.1900, 0.0800, 0.0100, 0.0100]                                         | 3.8779   | 0.9400  | 0.8644 
13    | 16          | [99, 100, 101, 103, 104, 105, 106, 107, 108, 109, 110, 111, 112, 113, 115, 116] | [0.0900, 0.0600, 0.1700, 0.0100, 0.0300, 0.0300, 0.0200, 0.0200, 0.1700, 0.0700, 0.0500, 0.1600, 0.0600, 0.0300, 0.0200, 0.0100] | 23.2284  | 0.9200  | 0.8988 
14    | 12          | [100, 101, 102, 103, 104, 105, 106, 107, 108, 109, 110, 111]                    | [0.0300, 0.2100, 0.0900, 0.0600, 0.0400, 0.1900, 0.0700, 0.1000, 0.1300, 0.0400, 0.0300, 0.0100]                                 | 8.4379   | 0.8400  | 0.8800 
15    | 14          | [86, 88, 89, 90, 91, 97, 98, 99, 100, 101, 102, 103, 104, 105]                  | [0.0200, 0.0400, 0.0800, 0.0100, 0.0100, 0.0700, 0.1200, 0.0300, 0.0800, 0.2100, 0.1200, 0.1300, 0.0400, 0.0400]                 | 24.5779  | 0.9200  | 0.8952 
16    | 11          | [90, 91, 93, 94, 95, 96, 97, 98, 99, 101, 102]                                  | [0.0100, 0.0100, 0.1200, 0.0800, 0.1800, 0.1200, 0.1000, 0.1200, 0.1200, 0.1300, 0.0100]                                         | 7.1000   | 0.8200  | 0.8852 
17    | 12          | [94, 95, 96, 97, 98, 99, 100, 101, 107, 108, 109, 110]                          | [0.0800, 0.1300, 0.0800, 0.1000, 0.1400, 0.0900, 0.1300, 0.0100, 0.0700, 0.0800, 0.0800, 0.0100]                                 | 24.9744  | 0.9600  | 0.9069 
18    | 9           | [100, 101, 102, 103, 104, 105, 106, 107, 109]                                   | [0.0100, 0.0600, 0.4300, 0.2600, 0.1000, 0.0700, 0.0300, 0.0300, 0.0100]                                                         | 2.2451   | 0.7800  | 0.7343 
19    | 15          | [94, 95, 96, 98, 99, 100, 101, 102, 103, 104, 105, 106, 107, 108, 109]          | [0.0500, 0.1300, 0.0900, 0.0600, 0.0200, 0.0200, 0.0700, 0.0600, 0.1200, 0.1300, 0.0300, 0.0800, 0.0700, 0.0300, 0.0400]         | 20.6444  | 0.9600  | 0.9228 
20    | 16          | [90, 91, 92, 93, 94, 95, 96, 97, 98, 99, 100, 101, 102, 104, 105, 106]          | [0.0300, 0.0600, 0.0100, 0.0200, 0.0700, 0.0300, 0.1000, 0.1500, 0.1800, 0.0600, 0.0500, 0.0200, 0.0600, 0.0800, 0.0700, 0.0100] | 16.0091  | 0.9600  | 0.9119 
21    | 13          | [94, 96, 97, 98, 99, 100, 101, 102, 103, 104, 105, 106, 107]                    | [0.0100, 0.1300, 0.1200, 0.1200, 0.1300, 0.0500, 0.1600, 0.0200, 0.0100, 0.0500, 0.0700, 0.0500, 0.0800]                         | 12.6211  | 0.9200  | 0.9014 

[Per-locus summary - Population 2]
Locus | Num_Alleles | Alleles                                                                         | Frequencies                                                                                                                              | Variance | Obs_Het | Exp_Het
------+-------------+---------------------------------------------------------------------------------+------------------------------------------------------------------------------------------------------------------------------------------+----------+---------+--------
1     | 9           | [98, 100, 101, 102, 103, 104, 105, 106, 108]                                    | [0.0200, 0.0300, 0.0700, 0.1400, 0.1400, 0.1200, 0.2600, 0.1800, 0.0400]                                                                 | 4.1419   | 0.8000  | 0.8471 
2     | 12          | [98, 99, 100, 101, 102, 103, 104, 105, 106, 107, 108, 109]                      | [0.0100, 0.1200, 0.0600, 0.0200, 0.0200, 0.0700, 0.0300, 0.0700, 0.2000, 0.1400, 0.1300, 0.1300]                                         | 11.1299  | 0.9400  | 0.8859 
3     | 13          | [91, 94, 95, 97, 98, 99, 100, 101, 102, 103, 104, 105, 106]                     | [0.1100, 0.0300, 0.1000, 0.0100, 0.0500, 0.0700, 0.0500, 0.1400, 0.0300, 0.0200, 0.0900, 0.2000, 0.1000]                                 | 23.2075  | 0.9200  | 0.8970 
4     | 15          | [94, 95, 96, 97, 98, 99, 100, 101, 102, 103, 104, 105, 106, 107, 108]           | [0.0600, 0.0700, 0.0500, 0.0100, 0.0500, 0.0400, 0.1300, 0.0600, 0.1900, 0.0500, 0.0900, 0.1000, 0.0700, 0.0200, 0.0100]                 | 13.3699  | 0.9600  | 0.9113 
5     | 14          | [95, 96, 97, 98, 99, 100, 101, 102, 103, 104, 105, 106, 107, 108]               | [0.0600, 0.0300, 0.0200, 0.0800, 0.1100, 0.1500, 0.1500, 0.0800, 0.0500, 0.0600, 0.0100, 0.0200, 0.1000, 0.0800]                         | 13.3284  | 0.9600  | 0.9113 
6     | 13          | [92, 93, 94, 95, 97, 98, 99, 100, 101, 102, 103, 104, 105]                      | [0.1000, 0.0100, 0.0500, 0.0500, 0.0800, 0.1500, 0.1700, 0.1400, 0.0700, 0.0400, 0.1000, 0.0100, 0.0300]                                 | 11.2499  | 0.8800  | 0.8990 
7     | 13          | [96, 97, 98, 99, 100, 101, 102, 103, 104, 105, 107, 110, 111]                   | [0.0400, 0.0500, 0.1500, 0.1900, 0.1400, 0.1500, 0.0500, 0.1200, 0.0400, 0.0100, 0.0300, 0.0200, 0.0100]                                 | 8.5884   | 0.8800  | 0.8840 
8     | 15          | [91, 93, 94, 95, 96, 97, 98, 99, 100, 102, 103, 104, 105, 106, 107]             | [0.0100, 0.0300, 0.0800, 0.0300, 0.0500, 0.0700, 0.1200, 0.1800, 0.0500, 0.0900, 0.0800, 0.0700, 0.0500, 0.0700, 0.0200]                 | 14.8875  | 0.9400  | 0.9170 
9     | 12          | [94, 95, 96, 97, 98, 99, 100, 101, 102, 103, 104, 107]                          | [0.0100, 0.0600, 0.1000, 0.1700, 0.1500, 0.2000, 0.1500, 0.0100, 0.0400, 0.0100, 0.0500, 0.0500]                                         | 8.0900   | 0.8800  | 0.8743 
10    | 15          | [92, 93, 94, 95, 96, 97, 98, 99, 100, 101, 102, 103, 104, 105, 107]             | [0.0600, 0.0400, 0.1500, 0.1600, 0.0600, 0.0100, 0.0600, 0.0200, 0.0700, 0.1100, 0.0100, 0.1300, 0.0200, 0.0900, 0.0100]                 | 17.8275  | 0.9400  | 0.9054 
11    | 12          | [91, 92, 93, 94, 95, 96, 97, 98, 99, 102, 103, 104]                             | [0.1000, 0.1100, 0.0200, 0.0100, 0.1000, 0.1400, 0.1600, 0.0900, 0.0600, 0.0100, 0.1600, 0.0400]                                         | 15.5900  | 0.9400  | 0.8921 
12    | 11          | [92, 93, 94, 95, 96, 97, 98, 99, 100, 101, 102]                                 | [0.0200, 0.1100, 0.0900, 0.1400, 0.2000, 0.1200, 0.0900, 0.1200, 0.0800, 0.0200, 0.0100]                                                 | 5.3419   | 0.8600  | 0.8849 
13    | 16          | [99, 100, 101, 102, 103, 104, 105, 106, 107, 108, 109, 110, 111, 112, 113, 116] | [0.1500, 0.0600, 0.1900, 0.0200, 0.0700, 0.0200, 0.0100, 0.0200, 0.0300, 0.0900, 0.0200, 0.0700, 0.1400, 0.0600, 0.0400, 0.0100]         | 25.1059  | 0.8200  | 0.9014 
14    | 11          | [100, 101, 102, 103, 104, 105, 106, 107, 108, 109, 110]                         | [0.0100, 0.1400, 0.0700, 0.0300, 0.0300, 0.1900, 0.1000, 0.1300, 0.1900, 0.0500, 0.0600]                                                 | 7.6296   | 0.8400  | 0.8772 
15    | 14          | [86, 87, 88, 89, 90, 97, 98, 99, 100, 101, 102, 103, 104, 105]                  | [0.0100, 0.0200, 0.0300, 0.1000, 0.0600, 0.0200, 0.1600, 0.0400, 0.0300, 0.1000, 0.1300, 0.1000, 0.1700, 0.0300]                         | 31.6779  | 0.9000  | 0.8988 
16    | 13          | [90, 91, 92, 93, 94, 95, 96, 97, 98, 99, 100, 101, 102]                         | [0.0100, 0.0500, 0.0500, 0.0600, 0.0800, 0.0500, 0.1200, 0.1000, 0.0800, 0.1200, 0.0600, 0.1900, 0.0300]                                 | 10.4219  | 0.9200  | 0.9057 
17    | 13          | [93, 94, 95, 96, 97, 98, 99, 100, 101, 106, 107, 108, 109]                      | [0.0100, 0.0500, 0.1200, 0.0800, 0.1300, 0.1100, 0.1500, 0.0600, 0.0400, 0.0100, 0.0700, 0.1100, 0.0600]                                 | 24.0584  | 0.8200  | 0.9083 
18    | 9           | [99, 101, 102, 103, 104, 105, 106, 107, 109]                                    | [0.0100, 0.1600, 0.3300, 0.2200, 0.1100, 0.0800, 0.0300, 0.0300, 0.0300]                                                                 | 3.3891   | 0.8800  | 0.8038 
19    | 15          | [95, 96, 97, 98, 99, 100, 101, 102, 103, 104, 105, 106, 107, 108, 109]          | [0.1300, 0.1300, 0.0100, 0.0300, 0.0200, 0.0200, 0.0300, 0.1300, 0.1700, 0.1000, 0.0200, 0.1100, 0.0400, 0.0300, 0.0300]                 | 17.8491  | 0.8800  | 0.9008 
20    | 17          | [89, 90, 91, 93, 94, 95, 96, 97, 98, 99, 100, 101, 102, 103, 104, 105, 106]     | [0.0100, 0.0100, 0.0600, 0.0100, 0.1200, 0.0300, 0.1600, 0.1200, 0.1100, 0.0400, 0.0400, 0.0100, 0.0500, 0.0200, 0.1200, 0.0800, 0.0100] | 18.0344  | 0.8800  | 0.9107 
21    | 13          | [95, 96, 97, 98, 99, 100, 101, 102, 103, 104, 105, 106, 107]                    | [0.0100, 0.1100, 0.1600, 0.1300, 0.1000, 0.0400, 0.1700, 0.0300, 0.0600, 0.0600, 0.0100, 0.0400, 0.0800]                                 | 11.4411  | 0.9200  | 0.8976 
