
[Simulation Info]
simulation_id = sim_0004749
timestamp     = 20250428_091530
seed          = 881587
output_folder = /home/lejeunet/Bureau/simulations/Ref_table/sim_0004749

[Model Parameters]
pop_size           = 1708
num_loci           = 20
sample1_generation = 30
sample2_generation = 10
low_repeats        = 1
high_repeats       = 200
mutation_rate      = 0.001
recap_Ne           = 1708

[Sampling Design]
sample1_size_Ne  = 50
sample2_size_Ne  = 50
sample1_size_CMR = 50
sample2_size_CMR = 50

[Capture-Marquage-Recapture]
census_N   =  2601
MatchCount =  1

[Ne Estimates - One Sample - Decreasing critical values [0.050, 0.020, 0.010, 0+]]

[Linkage Desequilibrium]
LD_Ne_Pop1 = [1109.4, 570.7, 407.5, 407.5]
LD_r2_Pop1 = [0.021576, 0.021858, 0.02209, 0.02209]
LD_Ne_Pop2 = [475.5, 100049.9, None, None]
LD_r2_Pop2 = [0.021974, 0.021279, 0.021081, 0.021081]

[Heterozygote excess]
HE_Neb_mean_Pop1        = [139.4, None, None, None]
HE_weighted_D_mean_Pop1 = [0.0036, -0.00589, -0.00626, -0.00626]
HE_Neb_mean_Pop2        = [33.2, 46.2, 51.5, 51.5]
HE_weighted_D_mean_Pop2 = [0.01529, 0.01095, 0.00981, 0.00981]

[Molecular Coancestry]
Coan_Neb_n_Pop1 = 32.7
Coan_f1_Pop1    = 0.01531
Coan_Neb_n_Pop2 = 22.2
Coan_f1_Pop2    = 0.02257

[Ne Estimates - Temporal - Decreasing critical values (0.050, 0.020, 0.010, 0+)]

[Pollak]
P_Ne     = [1629.9, 1490.4, 1922.5, 1718.4]
P_Fk     = [0.02307, 0.02335, 0.0226, 0.02291]
P_Fprime = [0.00307, 0.00335, 0.0026, 0.00291]

[Nei/Tajima]
N_Ne     = [1451.7, 1376.2, 1702.9, 1559.8]
N_Fc     = [0.02344, 0.02363, 0.02294, 0.02321]
N_Fprime = [0.00344, 0.00363, 0.00294, 0.00321]

[Jorde/Ryman]
J_Ne     = [671.0, 600.8, 597.0, 594.5]
J_Fs     = [0.02757, 0.02844, 0.02849, 0.02853]
J_Fprime = [0.00745, 0.00832, 0.00837, 0.00841]

[Genetic Diversity - Heterozygosity]
mean_exp_het_pop1 = 0.7869
mean_obs_het_pop1 = 0.7819
mean_exp_het_pop2 = 0.7739
mean_obs_het_pop2 = 0.7933

[Genetic Diversity - Allele Counts]
mean_alleles_pop1 = 8.52
var_alleles_pop1  = 1.86
sum_alleles_pop1  = 179
mean_alleles_pop2 = 8.76
var_alleles_pop2  = 2.92
sum_alleles_pop2  = 368

[Genetic Diversity - Allelic Size Variance]
var_allele_size_pop1 = 8.4416
var_allele_size_pop2 = 7.7266

[Per-locus summary - Population 1]
Locus | Num_Alleles | Alleles                                               | Frequencies                                                                              | Variance | Obs_Het | Exp_Het
------+-------------+-------------------------------------------------------+------------------------------------------------------------------------------------------+----------+---------+--------
1     | 9           | [95, 96, 97, 98, 99, 100, 102, 107, 109]              | [0.0400, 0.1000, 0.2200, 0.2300, 0.2100, 0.0300, 0.0400, 0.1200, 0.0100]                 | 11.7136  | 0.8400  | 0.8343 
2     | 8           | [93, 94, 95, 96, 97, 98, 99, 100]                     | [0.0100, 0.0300, 0.4700, 0.1100, 0.2000, 0.0300, 0.1300, 0.0200]                         | 2.4611   | 0.6400  | 0.7149 
3     | 9           | [94, 95, 96, 98, 99, 100, 101, 102, 103]              | [0.0100, 0.0500, 0.0200, 0.0300, 0.1900, 0.2100, 0.3800, 0.1000, 0.0100]                 | 3.1091   | 0.7800  | 0.7691 
4     | 11          | [96, 99, 101, 102, 103, 104, 105, 106, 107, 108, 109] | [0.0300, 0.0900, 0.0300, 0.0600, 0.0900, 0.1200, 0.1300, 0.0500, 0.1800, 0.2000, 0.0200] | 9.9576   | 0.8600  | 0.8806 
5     | 7           | [99, 100, 106, 107, 108, 109, 110]                    | [0.0200, 0.1300, 0.0200, 0.3500, 0.2600, 0.1300, 0.0900]                                 | 9.1700   | 0.7400  | 0.7750 
6     | 10          | [94, 96, 104, 105, 106, 107, 108, 109, 110, 111]      | [0.0700, 0.0300, 0.0300, 0.3200, 0.0800, 0.0400, 0.0100, 0.0100, 0.3600, 0.0500]         | 20.6324  | 0.8000  | 0.7582 
7     | 7           | [97, 98, 99, 100, 101, 102, 103]                      | [0.0200, 0.1800, 0.5100, 0.1900, 0.0400, 0.0100, 0.0500]                                 | 1.4216   | 0.6000  | 0.6735 
8     | 10          | [88, 89, 90, 91, 92, 93, 94, 95, 102, 104]            | [0.0700, 0.0100, 0.1700, 0.3700, 0.1100, 0.1600, 0.0100, 0.0300, 0.0100, 0.0600]         | 12.3651  | 0.7800  | 0.7947 
9     | 10          | [87, 88, 89, 90, 91, 92, 93, 94, 107, 109]            | [0.0200, 0.2600, 0.2200, 0.0100, 0.1200, 0.2600, 0.0500, 0.0100, 0.0400, 0.0100]         | 17.5700  | 0.8000  | 0.8053 
10    | 9           | [94, 95, 96, 97, 99, 100, 101, 102, 104]              | [0.0100, 0.2700, 0.2500, 0.0300, 0.0100, 0.2700, 0.0400, 0.1000, 0.0200]                 | 7.3539   | 0.7600  | 0.7865 
11    | 7           | [95, 96, 97, 98, 99, 100, 101]                        | [0.1000, 0.0400, 0.1700, 0.1000, 0.4200, 0.1200, 0.0500]                                 | 2.5124   | 0.8600  | 0.7638 
12    | 8           | [98, 99, 100, 101, 102, 103, 105, 106]                | [0.0100, 0.0100, 0.0400, 0.4100, 0.4000, 0.0500, 0.0100, 0.0700]                         | 2.0400   | 0.6200  | 0.6693 
13    | 11          | [91, 92, 93, 94, 96, 97, 98, 99, 100, 110, 111]       | [0.0100, 0.2400, 0.2700, 0.1200, 0.0300, 0.1100, 0.1100, 0.0200, 0.0200, 0.0100, 0.0600] | 23.2075  | 0.8000  | 0.8337 
14    | 8           | [103, 104, 105, 106, 108, 109, 110, 111]              | [0.0900, 0.3600, 0.1300, 0.0200, 0.1000, 0.0700, 0.1600, 0.0700]                         | 7.6416   | 0.8000  | 0.8077 
15    | 6           | [96, 98, 99, 100, 101, 102]                           | [0.0300, 0.2800, 0.2400, 0.3200, 0.1100, 0.0200]                                         | 1.4371   | 0.8200  | 0.7558 
16    | 8           | [93, 102, 103, 104, 105, 106, 107, 108]               | [0.0800, 0.1200, 0.0500, 0.0700, 0.1600, 0.2100, 0.2600, 0.0500]                         | 14.1979  | 0.8600  | 0.8404 
17    | 9           | [93, 94, 95, 96, 97, 98, 99, 100, 101]                | [0.0100, 0.0300, 0.2600, 0.1400, 0.1000, 0.0400, 0.3200, 0.0700, 0.0300]                 | 3.9916   | 0.8000  | 0.8000 
18    | 7           | [90, 91, 92, 93, 94, 95, 105]                         | [0.0600, 0.1000, 0.3500, 0.1900, 0.2100, 0.0100, 0.0800]                                 | 12.8484  | 0.7800  | 0.7851 
19    | 8           | [100, 101, 102, 103, 104, 105, 106, 108]              | [0.0500, 0.0500, 0.2800, 0.2500, 0.1500, 0.1000, 0.0100, 0.1100]                         | 4.1600   | 0.8200  | 0.8176 
20    | 9           | [100, 101, 102, 103, 104, 105, 106, 107, 108]         | [0.0800, 0.0200, 0.0300, 0.0800, 0.2800, 0.1800, 0.1800, 0.0900, 0.0600]                 | 4.0491   | 0.8400  | 0.8394 
21    | 8           | [99, 103, 104, 105, 106, 107, 108, 110]               | [0.0700, 0.0300, 0.1600, 0.2400, 0.1800, 0.2500, 0.0100, 0.0600]                         | 5.4331   | 0.8200  | 0.8206 

[Per-locus summary - Population 2]
Locus | Num_Alleles | Alleles                                                   | Frequencies                                                                                      | Variance | Obs_Het | Exp_Het
------+-------------+-----------------------------------------------------------+--------------------------------------------------------------------------------------------------+----------+---------+--------
1     | 8           | [95, 96, 97, 98, 99, 100, 102, 107]                       | [0.0300, 0.1100, 0.2800, 0.3900, 0.0800, 0.0500, 0.0200, 0.0400]                                 | 4.8291   | 0.7800  | 0.7531 
2     | 7           | [94, 95, 96, 97, 98, 99, 100]                             | [0.0100, 0.4400, 0.1200, 0.2200, 0.0100, 0.1700, 0.0300]                                         | 2.5819   | 0.7800  | 0.7208 
3     | 9           | [94, 95, 96, 97, 98, 99, 100, 101, 102]                   | [0.0100, 0.1200, 0.0300, 0.0100, 0.0600, 0.1500, 0.1400, 0.3500, 0.1300]                         | 4.9691   | 0.8600  | 0.8075 
4     | 12          | [96, 97, 99, 100, 102, 103, 104, 105, 106, 107, 108, 109] | [0.0200, 0.0100, 0.0800, 0.0200, 0.1300, 0.1000, 0.1100, 0.0900, 0.0300, 0.2100, 0.1700, 0.0300] | 9.9884   | 0.7600  | 0.8796 
5     | 8           | [99, 100, 106, 107, 108, 109, 110, 111]                   | [0.0200, 0.1400, 0.0200, 0.2800, 0.2100, 0.1800, 0.1200, 0.0300]                                 | 10.6379  | 0.8800  | 0.8176 
6     | 9           | [94, 96, 104, 105, 106, 107, 109, 110, 111]               | [0.0900, 0.0600, 0.0100, 0.2500, 0.1200, 0.0700, 0.0300, 0.3000, 0.0700]                         | 26.0824  | 0.8000  | 0.8188 
7     | 6           | [98, 99, 100, 101, 102, 103]                              | [0.1100, 0.5300, 0.2400, 0.0600, 0.0500, 0.0100]                                                 | 1.0064   | 0.6600  | 0.6497 
8     | 10          | [88, 89, 90, 91, 92, 93, 94, 95, 102, 104]                | [0.0400, 0.0100, 0.0600, 0.5100, 0.1000, 0.2100, 0.0300, 0.0100, 0.0100, 0.0200]                 | 5.7476   | 0.7800  | 0.6859 
9     | 11          | [86, 87, 88, 89, 90, 91, 92, 93, 94, 107, 109]            | [0.0100, 0.0200, 0.2000, 0.2300, 0.0200, 0.1400, 0.2300, 0.0400, 0.0100, 0.0900, 0.0100]         | 29.5075  | 0.8200  | 0.8321 
10    | 9           | [95, 96, 97, 99, 100, 101, 102, 103, 104]                 | [0.3300, 0.1300, 0.0200, 0.0100, 0.3000, 0.0500, 0.1400, 0.0100, 0.0100]                         | 7.9944   | 0.9000  | 0.7691 
11    | 7           | [95, 96, 97, 98, 99, 100, 101]                            | [0.1600, 0.0900, 0.2000, 0.0600, 0.3500, 0.1200, 0.0200]                                         | 2.9659   | 0.8000  | 0.7933 
12    | 7           | [99, 100, 101, 102, 103, 105, 106]                        | [0.0300, 0.0700, 0.3100, 0.4800, 0.0100, 0.0300, 0.0700]                                         | 2.2344   | 0.7200  | 0.6685 
13    | 11          | [92, 93, 94, 96, 97, 98, 99, 100, 101, 110, 111]          | [0.1900, 0.3800, 0.0700, 0.0100, 0.1000, 0.1300, 0.0600, 0.0100, 0.0100, 0.0200, 0.0200]         | 16.0411  | 0.8200  | 0.7909 
14    | 8           | [103, 104, 105, 106, 108, 109, 110, 111]                  | [0.1300, 0.4000, 0.1900, 0.0100, 0.0600, 0.0600, 0.0900, 0.0600]                                 | 6.5036   | 0.7600  | 0.7758 
15    | 6           | [96, 98, 99, 100, 101, 102]                               | [0.0300, 0.2200, 0.5300, 0.1300, 0.0800, 0.0100]                                                 | 1.0299   | 0.6600  | 0.6529 
16    | 8           | [93, 102, 103, 104, 105, 106, 107, 108]                   | [0.0600, 0.1000, 0.0900, 0.0500, 0.1600, 0.2100, 0.2700, 0.0600]                                 | 11.6776  | 0.8400  | 0.8380 
17    | 8           | [93, 94, 95, 96, 97, 98, 99, 100]                         | [0.0100, 0.0400, 0.2400, 0.1600, 0.1800, 0.0800, 0.2600, 0.0300]                                 | 3.0179   | 0.7400  | 0.8160 
18    | 7           | [90, 91, 92, 93, 94, 95, 102]                             | [0.0600, 0.0900, 0.3400, 0.2500, 0.2200, 0.0300, 0.0100]                                         | 2.2811   | 0.8000  | 0.7685 
19    | 7           | [100, 101, 102, 103, 104, 105, 108]                       | [0.0800, 0.0200, 0.4200, 0.2300, 0.1400, 0.0600, 0.0500]                                         | 2.8139   | 0.7400  | 0.7457 
20    | 10          | [100, 101, 102, 103, 104, 105, 106, 107, 108, 109]        | [0.0200, 0.0500, 0.0100, 0.0600, 0.2800, 0.2400, 0.2100, 0.0600, 0.0600, 0.0100]                 | 3.0276   | 0.8600  | 0.8141 
21    | 10          | [96, 99, 102, 103, 104, 105, 106, 107, 108, 110]          | [0.0200, 0.0700, 0.0100, 0.1400, 0.1500, 0.1700, 0.1500, 0.2300, 0.0100, 0.0500]                 | 7.3211   | 0.9000  | 0.8541 
