
[Simulation Info]
simulation_id = sim_0003127
timestamp     = 20250428_083719
seed          = 616018
output_folder = /home/lejeunet/Bureau/simulations/Ref_table/sim_0003127

[Model Parameters]
pop_size           = 2395
num_loci           = 20
sample1_generation = 30
sample2_generation = 10
low_repeats        = 1
high_repeats       = 200
mutation_rate      = 0.001
recap_Ne           = 2395

[Sampling Design]
sample1_size_Ne  = 50
sample2_size_Ne  = 50
sample1_size_CMR = 50
sample2_size_CMR = 50

[Capture-Marquage-Recapture]
census_N   =  867
MatchCount =  3

[Ne Estimates - One Sample - Decreasing critical values [0.050, 0.020, 0.010, 0+]]

[Linkage Desequilibrium]
LD_Ne_Pop1 = [588.9, 846.3, 976.2, 976.2]
LD_r2_Pop1 = [0.02184, 0.021669, 0.021617, 0.021617]
LD_Ne_Pop2 = [648.7, 866.7, 886.8, 886.8]
LD_r2_Pop2 = [0.021788, 0.02166, 0.021651, 0.021651]

[Heterozygote excess]
HE_Neb_mean_Pop1        = [None, None, None, None]
HE_weighted_D_mean_Pop1 = [-0.0164, -0.01386, -0.01383, -0.01383]
HE_Neb_mean_Pop2        = [None, None, None, None]
HE_weighted_D_mean_Pop2 = [-0.01164, -0.00671, -0.00683, -0.00683]

[Molecular Coancestry]
Coan_Neb_n_Pop1 = 32.0
Coan_f1_Pop1    = 0.01565
Coan_Neb_n_Pop2 = 24.5
Coan_f1_Pop2    = 0.0204

[Ne Estimates - Temporal - Decreasing critical values (0.050, 0.020, 0.010, 0+)]

[Pollak]
P_Ne     = [-3080.7, -4875.6, -4748.6, -4748.6]
P_Fk     = [0.01838, 0.01897, 0.01895, 0.01895]
P_Fprime = [-0.00162, -0.00103, -0.00105, -0.00105]

[Nei/Tajima]
N_Ne     = [-3278.2, -4853.5, -4710.4, -4710.4]
N_Fc     = [0.01847, 0.01897, 0.01894, 0.01894]
N_Fprime = [-0.00153, -0.00103, -0.00106, -0.00106]

[Jorde/Ryman]
J_Ne     = [-23953.4, -49599.8, -43391.5, -43391.5]
J_Fs     = [0.01989, 0.02, 0.01999, 0.01999]
J_Fprime = [-0.00021, -0.0001, -0.00012, -0.00012]

[Genetic Diversity - Heterozygosity]
mean_exp_het_pop1 = 0.7976
mean_obs_het_pop1 = 0.7867
mean_exp_het_pop2 = 0.8021
mean_obs_het_pop2 = 0.7952

[Genetic Diversity - Allele Counts]
mean_alleles_pop1 = 7.76
var_alleles_pop1  = 2.19
sum_alleles_pop1  = 163
mean_alleles_pop2 = 7.88
var_alleles_pop2  = 2.99
sum_alleles_pop2  = 331

[Genetic Diversity - Allelic Size Variance]
var_allele_size_pop1 = 4.0995
var_allele_size_pop2 = 3.9889

[Per-locus summary - Population 1]
Locus | Num_Alleles | Alleles                                       | Frequencies                                                                      | Variance | Obs_Het | Exp_Het
------+-------------+-----------------------------------------------+----------------------------------------------------------------------------------+----------+---------+--------
1     | 8           | [93, 94, 95, 96, 97, 98, 99, 100]             | [0.0100, 0.0500, 0.0600, 0.2600, 0.1900, 0.1000, 0.2300, 0.1000]                 | 2.9459   | 0.8200  | 0.8255 
2     | 6           | [96, 97, 98, 99, 100, 101]                    | [0.1200, 0.1100, 0.2500, 0.3100, 0.1700, 0.0400]                                 | 1.7636   | 0.8400  | 0.7923 
3     | 7           | [98, 99, 100, 101, 102, 103, 104]             | [0.0400, 0.1300, 0.0700, 0.2300, 0.1800, 0.2400, 0.1100]                         | 2.7884   | 0.8600  | 0.8299 
4     | 5           | [98, 99, 100, 101, 102]                       | [0.0500, 0.2200, 0.3800, 0.2700, 0.0800]                                         | 0.9979   | 0.7400  | 0.7327 
5     | 8           | [96, 97, 98, 99, 100, 101, 102, 103]          | [0.0300, 0.2300, 0.4700, 0.1800, 0.0300, 0.0200, 0.0200, 0.0200]                 | 1.6139   | 0.6600  | 0.6978 
6     | 9           | [94, 95, 96, 97, 100, 101, 102, 103, 104]     | [0.0200, 0.0400, 0.2800, 0.0300, 0.1400, 0.2200, 0.1000, 0.1100, 0.0600]         | 8.7484   | 0.7600  | 0.8333 
7     | 10          | [95, 96, 97, 98, 99, 100, 101, 103, 104, 105] | [0.0600, 0.0100, 0.2200, 0.0300, 0.0500, 0.0300, 0.1600, 0.1600, 0.2200, 0.0600] | 9.9259   | 0.8200  | 0.8489 
8     | 10          | [93, 94, 95, 96, 97, 98, 99, 100, 101, 102]   | [0.0100, 0.0600, 0.0100, 0.0800, 0.0200, 0.2000, 0.1900, 0.2200, 0.1800, 0.0300] | 4.1859   | 0.8400  | 0.8400 
9     | 8           | [99, 100, 101, 102, 103, 104, 105, 106]       | [0.0300, 0.0400, 0.1300, 0.0800, 0.3600, 0.2500, 0.0900, 0.0200]                 | 2.2219   | 0.7800  | 0.7814 
10    | 8           | [96, 97, 98, 99, 100, 101, 102, 103]          | [0.1000, 0.0400, 0.0900, 0.3700, 0.0900, 0.1800, 0.0500, 0.0800]                 | 3.4875   | 0.8200  | 0.8020 
11    | 5           | [97, 98, 99, 100, 101]                        | [0.3600, 0.2000, 0.0500, 0.1200, 0.2700]                                         | 2.7724   | 0.7200  | 0.7481 
12    | 10          | [95, 96, 97, 98, 99, 100, 101, 102, 103, 104] | [0.0100, 0.1200, 0.2800, 0.0600, 0.0800, 0.0400, 0.0900, 0.0200, 0.2700, 0.0300] | 7.8299   | 0.8200  | 0.8214 
13    | 10          | [94, 95, 96, 97, 98, 99, 100, 101, 102, 103]  | [0.0100, 0.1100, 0.0700, 0.1900, 0.0300, 0.2000, 0.0200, 0.0700, 0.1000, 0.2000] | 7.8075   | 0.8600  | 0.8592 
14    | 8           | [93, 94, 95, 96, 97, 100, 101, 102]           | [0.0200, 0.0100, 0.1300, 0.1300, 0.0700, 0.0500, 0.2500, 0.3400]                 | 8.4875   | 0.6200  | 0.7881 
15    | 7           | [98, 99, 100, 101, 102, 103, 104]             | [0.0500, 0.2600, 0.1100, 0.2300, 0.1000, 0.1000, 0.1500]                         | 3.4491   | 0.7800  | 0.8307 
16    | 8           | [94, 95, 96, 97, 98, 99, 100, 101]            | [0.0100, 0.1300, 0.1100, 0.1300, 0.2800, 0.1800, 0.1200, 0.0400]                 | 2.8624   | 0.8400  | 0.8356 
17    | 7           | [94, 95, 96, 97, 98, 99, 100]                 | [0.1100, 0.1100, 0.1000, 0.0700, 0.2200, 0.3000, 0.0900]                         | 3.5664   | 0.8400  | 0.8226 
18    | 7           | [96, 97, 98, 99, 100, 101, 102]               | [0.0100, 0.2500, 0.1400, 0.3800, 0.1400, 0.0600, 0.0200]                         | 1.6675   | 0.7400  | 0.7574 
19    | 7           | [96, 97, 98, 99, 100, 101, 102]               | [0.0300, 0.1000, 0.0600, 0.1000, 0.1200, 0.5200, 0.0700]                         | 2.5196   | 0.7600  | 0.6927 
20    | 7           | [96, 97, 99, 100, 101, 102, 103]              | [0.0100, 0.1500, 0.1200, 0.0600, 0.3200, 0.3100, 0.0300]                         | 3.2836   | 0.7000  | 0.7677 
21    | 8           | [97, 98, 99, 100, 101, 102, 103, 104]         | [0.0400, 0.0900, 0.2100, 0.2400, 0.1000, 0.1400, 0.1600, 0.0200]                 | 3.1651   | 0.9000  | 0.8414 

[Per-locus summary - Population 2]
Locus | Num_Alleles | Alleles                                                | Frequencies                                                                                      | Variance | Obs_Het | Exp_Het
------+-------------+--------------------------------------------------------+--------------------------------------------------------------------------------------------------+----------+---------+--------
1     | 7           | [94, 95, 96, 97, 98, 99, 100]                          | [0.0600, 0.0700, 0.2100, 0.1600, 0.1800, 0.2000, 0.1200]                                         | 2.9219   | 0.7600  | 0.8434 
2     | 6           | [96, 97, 98, 99, 100, 101]                             | [0.1000, 0.0500, 0.2900, 0.3000, 0.1900, 0.0700]                                                 | 1.7304   | 0.8000  | 0.7802 
3     | 7           | [98, 99, 100, 101, 102, 103, 104]                      | [0.0200, 0.1800, 0.0700, 0.3300, 0.1400, 0.1800, 0.0800]                                         | 2.4875   | 0.7200  | 0.8030 
4     | 5           | [98, 99, 100, 101, 102]                                | [0.0800, 0.1300, 0.5000, 0.2300, 0.0600]                                                         | 0.9164   | 0.7400  | 0.6770 
5     | 8           | [96, 97, 98, 99, 100, 101, 102, 103]                   | [0.0600, 0.3000, 0.3500, 0.1600, 0.0400, 0.0100, 0.0300, 0.0500]                                 | 2.6316   | 0.7200  | 0.7608 
6     | 9           | [94, 95, 96, 97, 100, 101, 102, 103, 104]              | [0.0200, 0.0600, 0.2700, 0.0200, 0.1200, 0.2400, 0.1400, 0.0900, 0.0400]                         | 8.5979   | 0.8800  | 0.8297 
7     | 11          | [95, 96, 97, 98, 99, 100, 101, 102, 103, 104, 105]     | [0.0500, 0.0300, 0.1700, 0.0300, 0.0600, 0.0900, 0.1400, 0.0200, 0.1400, 0.2600, 0.0100]         | 8.8539   | 0.8400  | 0.8564 
8     | 8           | [94, 95, 96, 97, 98, 99, 100, 101]                     | [0.1100, 0.0200, 0.1100, 0.0700, 0.1500, 0.1100, 0.2700, 0.1600]                                 | 4.9644   | 0.8400  | 0.8459 
9     | 8           | [99, 100, 101, 102, 103, 104, 105, 106]                | [0.0100, 0.0900, 0.1000, 0.1600, 0.3100, 0.2500, 0.0400, 0.0400]                                 | 2.2516   | 0.8000  | 0.8024 
10    | 8           | [96, 97, 98, 99, 100, 101, 102, 103]                   | [0.1400, 0.0200, 0.0800, 0.2400, 0.2300, 0.1500, 0.1100, 0.0300]                                 | 3.5264   | 0.7800  | 0.8360 
11    | 6           | [96, 97, 98, 99, 100, 101]                             | [0.0100, 0.2800, 0.2300, 0.0500, 0.1500, 0.2800]                                                 | 2.6979   | 0.6800  | 0.7729 
12    | 12          | [94, 95, 96, 97, 98, 99, 100, 101, 102, 103, 104, 105] | [0.0200, 0.0100, 0.1800, 0.3000, 0.0800, 0.0400, 0.0900, 0.0400, 0.0300, 0.1900, 0.0100, 0.0100] | 7.6771   | 0.8000  | 0.8305 
13    | 10          | [94, 95, 96, 97, 98, 99, 100, 101, 102, 103]           | [0.0200, 0.1000, 0.0500, 0.2400, 0.0500, 0.2100, 0.0600, 0.0500, 0.0500, 0.1700]                 | 6.9539   | 0.8600  | 0.8539 
14    | 9           | [93, 94, 95, 96, 97, 100, 101, 102, 103]               | [0.0100, 0.0100, 0.0800, 0.2400, 0.0800, 0.0700, 0.2100, 0.2800, 0.0200]                         | 8.1100   | 0.7400  | 0.8097 
15    | 7           | [98, 99, 100, 101, 102, 103, 104]                      | [0.0300, 0.2400, 0.1500, 0.2100, 0.0800, 0.1500, 0.1400]                                         | 3.3136   | 0.8200  | 0.8347 
16    | 7           | [94, 95, 96, 97, 98, 99, 100]                          | [0.0100, 0.2400, 0.1000, 0.1100, 0.3500, 0.1200, 0.0700]                                         | 2.5739   | 0.8800  | 0.7863 
17    | 8           | [93, 94, 95, 96, 97, 98, 99, 100]                      | [0.0100, 0.0900, 0.1200, 0.1100, 0.1100, 0.1800, 0.2500, 0.1300]                                 | 3.7419   | 0.8800  | 0.8499 
18    | 5           | [97, 98, 99, 100, 101]                                 | [0.2000, 0.1600, 0.4300, 0.1400, 0.0700]                                                         | 1.3016   | 0.7800  | 0.7323 
19    | 7           | [96, 97, 98, 99, 100, 101, 102]                        | [0.0100, 0.1300, 0.0500, 0.0800, 0.2300, 0.4100, 0.0900]                                         | 2.3796   | 0.7400  | 0.7525 
20    | 6           | [97, 99, 100, 101, 102, 103]                           | [0.1300, 0.1800, 0.0400, 0.3400, 0.2700, 0.0400]                                                 | 2.9451   | 0.7400  | 0.7667 
21    | 8           | [97, 98, 99, 100, 101, 102, 103, 104]                  | [0.0600, 0.0700, 0.1300, 0.3200, 0.1300, 0.0800, 0.1900, 0.0200]                                 | 3.1899   | 0.9000  | 0.8206 
