
[Simulation Info]
simulation_id = sim_0008380
timestamp     = 20250428_105008
seed          = 786280
output_folder = /home/lejeunet/Bureau/simulations/Ref_table/sim_0008380

[Model Parameters]
pop_size           = 6106
num_loci           = 20
sample1_generation = 30
sample2_generation = 10
low_repeats        = 1
high_repeats       = 200
mutation_rate      = 0.001
recap_Ne           = 6106

[Sampling Design]
sample1_size_Ne  = 50
sample2_size_Ne  = 50
sample1_size_CMR = 50
sample2_size_CMR = 50

[Capture-Marquage-Recapture]
census_N   =  0
MatchCount =  0
# There were no match between sampling of individuals during CMR.

[Ne Estimates - One Sample - Decreasing critical values [0.050, 0.020, 0.010, 0+]]

[Linkage Desequilibrium]
LD_Ne_Pop1 = [1424.9, None, 4150.8, 4150.8]
LD_r2_Pop1 = [0.02151, 0.021253, 0.021356, 0.021356]
LD_Ne_Pop2 = [None, None, None, None]
LD_r2_Pop2 = [0.021087, 0.021249, 0.021232, 0.021232]

[Heterozygote excess]
HE_Neb_mean_Pop1        = [139.7, 81.1, 84.8, 84.8]
HE_weighted_D_mean_Pop1 = [0.00359, 0.0062, 0.00593, 0.00593]
HE_Neb_mean_Pop2        = [None, None, None, None]
HE_weighted_D_mean_Pop2 = [-0.00556, -0.01022, -0.01023, -0.01023]

[Molecular Coancestry]
Coan_Neb_n_Pop1 = None
Coan_f1_Pop1    = -0.01443
Coan_Neb_n_Pop2 = 202.9
Coan_f1_Pop2    = 0.00246

[Ne Estimates - Temporal - Decreasing critical values (0.050, 0.020, 0.010, 0+)]

[Pollak]
P_Ne     = [-11552.0, -3530.5, -2804.3, -2684.0]
P_Fk     = [0.01957, 0.01858, 0.01822, 0.01814]
P_Fprime = [-0.00043, -0.00142, -0.00178, -0.00186]

[Nei/Tajima]
N_Ne     = [-5755.2, -2932.7, -2454.0, -2370.0]
N_Fc     = [0.01913, 0.0183, 0.01796, 0.01789]
N_Fprime = [-0.00087, -0.0017, -0.00204, -0.00211]

[Jorde/Ryman]
J_Ne     = [-2484.3, -2576.2, -2461.3, -2447.9]
J_Fs     = [0.01809, 0.01816, 0.01807, 0.01806]
J_Fprime = [-0.00201, -0.00194, -0.00203, -0.00204]

[Genetic Diversity - Heterozygosity]
mean_exp_het_pop1 = 0.8689
mean_obs_het_pop1 = 0.8733
mean_exp_het_pop2 = 0.8651
mean_obs_het_pop2 = 0.8629

[Genetic Diversity - Allele Counts]
mean_alleles_pop1 = 11.38
var_alleles_pop1  = 3.75
sum_alleles_pop1  = 239
mean_alleles_pop2 = 11.71
var_alleles_pop2  = 3.09
sum_alleles_pop2  = 492

[Genetic Diversity - Allelic Size Variance]
var_allele_size_pop1 = 8.7973
var_allele_size_pop2 = 8.4029

[Per-locus summary - Population 1]
Locus | Num_Alleles | Alleles                                                             | Frequencies                                                                                                      | Variance | Obs_Het | Exp_Het
------+-------------+---------------------------------------------------------------------+------------------------------------------------------------------------------------------------------------------+----------+---------+--------
1     | 12          | [91, 92, 93, 94, 95, 96, 97, 98, 99, 100, 101, 102]                 | [0.0200, 0.0700, 0.2100, 0.0900, 0.1000, 0.1700, 0.0500, 0.1300, 0.0900, 0.0100, 0.0200, 0.0400]                 | 7.3411   | 0.9200  | 0.8828 
2     | 9           | [94, 95, 96, 98, 99, 100, 101, 102, 103]                            | [0.0300, 0.2300, 0.0400, 0.1300, 0.1400, 0.1900, 0.0900, 0.1300, 0.0200]                                         | 6.7296   | 0.9000  | 0.8551 
3     | 8           | [97, 98, 99, 100, 101, 102, 103, 104]                               | [0.0400, 0.2200, 0.1600, 0.1100, 0.2500, 0.1400, 0.0700, 0.0100]                                                 | 2.9964   | 0.8400  | 0.8335 
4     | 14          | [97, 98, 99, 100, 101, 102, 103, 104, 105, 106, 107, 108, 109, 110] | [0.0200, 0.0200, 0.1100, 0.1300, 0.0200, 0.0300, 0.1200, 0.2300, 0.0600, 0.0400, 0.1300, 0.0200, 0.0500, 0.0200] | 10.2819  | 0.8000  | 0.8851 
5     | 12          | [95, 96, 97, 98, 99, 100, 101, 102, 103, 104, 105, 106]             | [0.0500, 0.0100, 0.0200, 0.0600, 0.2300, 0.0200, 0.0100, 0.0700, 0.1600, 0.2800, 0.0700, 0.0200]                 | 8.4296   | 0.7800  | 0.8341 
6     | 13          | [96, 97, 98, 99, 100, 101, 102, 103, 104, 105, 106, 107, 108]       | [0.0500, 0.0300, 0.1500, 0.0500, 0.0800, 0.0800, 0.1800, 0.2500, 0.0300, 0.0200, 0.0600, 0.0100, 0.0100]         | 7.4016   | 0.8800  | 0.8675 
7     | 10          | [98, 99, 100, 101, 102, 103, 104, 105, 106, 107]                    | [0.0400, 0.0300, 0.2300, 0.1900, 0.1600, 0.0900, 0.0800, 0.0200, 0.0800, 0.0800]                                 | 5.8731   | 0.8000  | 0.8638 
8     | 13          | [96, 97, 98, 99, 100, 101, 102, 104, 105, 106, 107, 108, 109]       | [0.0700, 0.0200, 0.0400, 0.1100, 0.1200, 0.0500, 0.0100, 0.0100, 0.1700, 0.1700, 0.0700, 0.0700, 0.0900]         | 16.4339  | 0.9800  | 0.8972 
9     | 13          | [94, 95, 96, 97, 98, 99, 100, 101, 102, 103, 104, 105, 106]         | [0.0100, 0.1000, 0.0300, 0.0300, 0.1300, 0.1700, 0.0900, 0.0600, 0.1500, 0.0700, 0.0400, 0.0900, 0.0300]         | 9.5344   | 0.9600  | 0.9016 
10    | 10          | [91, 92, 96, 97, 98, 99, 100, 101, 102, 103]                        | [0.0200, 0.0300, 0.0100, 0.0300, 0.1500, 0.3100, 0.1800, 0.1100, 0.1100, 0.0500]                                 | 5.4176   | 0.8600  | 0.8283 
11    | 13          | [94, 95, 96, 97, 98, 99, 100, 101, 102, 103, 104, 105, 106]         | [0.0300, 0.0500, 0.0600, 0.0100, 0.2100, 0.1200, 0.1400, 0.0300, 0.0600, 0.0200, 0.1600, 0.0900, 0.0200]         | 10.2876  | 0.8800  | 0.8847 
12    | 11          | [92, 93, 94, 95, 96, 97, 98, 99, 100, 101, 102]                     | [0.0300, 0.0800, 0.0300, 0.0400, 0.2200, 0.1500, 0.0300, 0.2600, 0.0600, 0.0700, 0.0300]                         | 6.0700   | 0.8800  | 0.8499 
13    | 12          | [97, 98, 99, 100, 101, 102, 103, 105, 106, 107, 108, 109]           | [0.0100, 0.0800, 0.1300, 0.1900, 0.2100, 0.0600, 0.1700, 0.0300, 0.0100, 0.0200, 0.0800, 0.0100]                 | 7.9800   | 0.9400  | 0.8647 
14    | 14          | [90, 91, 92, 94, 95, 96, 97, 98, 99, 100, 101, 103, 104, 105]       | [0.0500, 0.0900, 0.0300, 0.0700, 0.0200, 0.0800, 0.0800, 0.2100, 0.1200, 0.0800, 0.0300, 0.0300, 0.0900, 0.0200] | 15.7219  | 0.9000  | 0.9042 
15    | 9           | [94, 95, 96, 97, 98, 99, 100, 101, 102]                             | [0.0200, 0.1000, 0.1400, 0.0400, 0.3400, 0.2000, 0.0700, 0.0700, 0.0200]                                         | 3.2451   | 0.7600  | 0.8107 
16    | 14          | [94, 95, 96, 97, 98, 99, 100, 101, 102, 103, 104, 105, 106, 107]    | [0.0500, 0.0400, 0.1100, 0.1100, 0.1000, 0.1200, 0.0200, 0.0200, 0.0600, 0.0600, 0.0500, 0.0400, 0.1200, 0.1000] | 17.5875  | 0.9400  | 0.9200 
17    | 10          | [92, 93, 94, 95, 96, 98, 99, 100, 102, 103]                         | [0.0600, 0.2100, 0.0200, 0.0400, 0.0300, 0.0600, 0.1700, 0.2500, 0.0800, 0.0800]                                 | 12.5816  | 0.8800  | 0.8501 
18    | 8           | [97, 98, 99, 100, 101, 102, 103, 104]                               | [0.0800, 0.0900, 0.1000, 0.1100, 0.2900, 0.1300, 0.1500, 0.0500]                                                 | 3.6776   | 0.8800  | 0.8459 
19    | 12          | [89, 90, 91, 92, 93, 94, 95, 96, 97, 99, 100, 101]                  | [0.0800, 0.1300, 0.1100, 0.0400, 0.1100, 0.0500, 0.1200, 0.0700, 0.0700, 0.0600, 0.1400, 0.0200]                 | 13.7939  | 0.9000  | 0.9097 
20    | 10          | [97, 98, 99, 100, 101, 102, 103, 104, 105, 106]                     | [0.0900, 0.0900, 0.0400, 0.0800, 0.2000, 0.1300, 0.1300, 0.2000, 0.0300, 0.0100]                                 | 5.5331   | 0.8400  | 0.8697 
21    | 12          | [95, 97, 98, 99, 100, 101, 102, 103, 104, 105, 106, 109]            | [0.0400, 0.0400, 0.0500, 0.0700, 0.1400, 0.2100, 0.1200, 0.1200, 0.0600, 0.1100, 0.0100, 0.0300]                 | 7.8264   | 0.8200  | 0.8891 

[Per-locus summary - Population 2]
Locus | Num_Alleles | Alleles                                                           | Frequencies                                                                                                              | Variance | Obs_Het | Exp_Het
------+-------------+-------------------------------------------------------------------+--------------------------------------------------------------------------------------------------------------------------+----------+---------+--------
1     | 11          | [91, 92, 93, 94, 95, 96, 97, 98, 99, 101, 102]                    | [0.0200, 0.0600, 0.2200, 0.0700, 0.0500, 0.1600, 0.1000, 0.1200, 0.0700, 0.0100, 0.1200]                                 | 9.5331   | 0.8800  | 0.8796 
2     | 9           | [94, 95, 96, 98, 99, 100, 101, 102, 103]                          | [0.0100, 0.2300, 0.0800, 0.1100, 0.0500, 0.1800, 0.0900, 0.2100, 0.0400]                                                 | 7.8011   | 0.8000  | 0.8483 
3     | 9           | [97, 98, 99, 100, 101, 102, 103, 104, 105]                        | [0.0800, 0.1300, 0.1600, 0.1200, 0.1900, 0.1700, 0.1200, 0.0100, 0.0200]                                                 | 3.8731   | 0.9400  | 0.8655 
4     | 13          | [97, 98, 99, 100, 101, 102, 103, 104, 105, 106, 107, 108, 109]    | [0.0200, 0.0100, 0.0900, 0.1400, 0.0600, 0.1100, 0.1100, 0.1900, 0.0400, 0.1100, 0.0700, 0.0300, 0.0200]                 | 7.9491   | 0.8800  | 0.8970 
5     | 12          | [95, 96, 97, 98, 99, 100, 101, 102, 103, 104, 105, 106]           | [0.0400, 0.0200, 0.0500, 0.0700, 0.1500, 0.0400, 0.0200, 0.0300, 0.1000, 0.3600, 0.0900, 0.0300]                         | 9.3371   | 0.8400  | 0.8248 
6     | 11          | [96, 97, 98, 99, 100, 101, 102, 103, 104, 105, 106]               | [0.0300, 0.1100, 0.1200, 0.0200, 0.0900, 0.1000, 0.2000, 0.1600, 0.0300, 0.0400, 0.1000]                                 | 7.9739   | 0.8800  | 0.8849 
7     | 11          | [98, 99, 100, 101, 102, 103, 104, 105, 106, 107, 108]             | [0.0400, 0.0200, 0.1800, 0.1900, 0.1800, 0.1500, 0.0900, 0.0200, 0.0800, 0.0300, 0.0200]                                 | 5.1259   | 0.7800  | 0.8671 
8     | 13          | [96, 97, 98, 99, 100, 101, 102, 104, 105, 106, 107, 108, 109]     | [0.0400, 0.0200, 0.0200, 0.2000, 0.1600, 0.0300, 0.0300, 0.0100, 0.2000, 0.1400, 0.0600, 0.0400, 0.0500]                 | 13.7100  | 0.9000  | 0.8715 
9     | 13          | [94, 95, 96, 97, 98, 99, 100, 101, 102, 103, 104, 105, 106]       | [0.0100, 0.0900, 0.0700, 0.1000, 0.0900, 0.1400, 0.0800, 0.0500, 0.1500, 0.0900, 0.0800, 0.0400, 0.0100]                 | 9.1859   | 0.8800  | 0.9107 
10    | 12          | [91, 92, 94, 96, 97, 98, 99, 100, 101, 102, 103, 104]             | [0.0300, 0.0200, 0.0100, 0.0500, 0.0200, 0.1400, 0.3100, 0.1100, 0.2000, 0.0600, 0.0300, 0.0200]                         | 6.2275   | 0.8400  | 0.8313 
11    | 13          | [94, 95, 96, 97, 98, 99, 100, 101, 102, 103, 104, 105, 106]       | [0.0200, 0.0600, 0.0500, 0.1000, 0.1800, 0.1500, 0.0700, 0.0200, 0.1400, 0.0300, 0.1100, 0.0500, 0.0200]                 | 9.3171   | 0.8200  | 0.8968 
12    | 11          | [92, 93, 94, 95, 96, 97, 98, 99, 100, 101, 102]                   | [0.0200, 0.0300, 0.0800, 0.0700, 0.2400, 0.1400, 0.0500, 0.2200, 0.0400, 0.0700, 0.0400]                                 | 5.5675   | 0.9000  | 0.8598 
13    | 12          | [97, 98, 99, 100, 101, 102, 103, 105, 106, 107, 108, 109]         | [0.0100, 0.0500, 0.1200, 0.1900, 0.2400, 0.1200, 0.0900, 0.0300, 0.0400, 0.0300, 0.0600, 0.0200]                         | 7.9624   | 0.8800  | 0.8681 
14    | 15          | [90, 91, 92, 93, 94, 95, 96, 97, 98, 99, 100, 101, 103, 104, 105] | [0.0200, 0.0500, 0.0200, 0.0100, 0.0400, 0.0100, 0.0700, 0.1200, 0.2800, 0.1100, 0.1500, 0.0300, 0.0100, 0.0600, 0.0200] | 10.1936  | 0.9400  | 0.8663 
15    | 9           | [94, 95, 96, 97, 98, 99, 100, 101, 102]                           | [0.0100, 0.0600, 0.1000, 0.0700, 0.3400, 0.2100, 0.0500, 0.1100, 0.0500]                                                 | 3.2475   | 0.8600  | 0.8127 
16    | 13          | [94, 95, 96, 97, 98, 99, 101, 102, 103, 104, 105, 106, 107]       | [0.0300, 0.0500, 0.0800, 0.0600, 0.0900, 0.1900, 0.0100, 0.0500, 0.1100, 0.0400, 0.0400, 0.1400, 0.1100]                 | 16.7379  | 0.8800  | 0.9018 
17    | 12          | [92, 93, 94, 95, 96, 97, 98, 99, 100, 101, 102, 103]              | [0.0600, 0.1800, 0.0300, 0.0200, 0.0100, 0.0200, 0.0400, 0.1400, 0.3400, 0.0800, 0.0500, 0.0300]                         | 11.1451  | 0.8800  | 0.8238 
18    | 9           | [96, 97, 98, 99, 100, 101, 102, 103, 104]                         | [0.0300, 0.0900, 0.0300, 0.0600, 0.1000, 0.3600, 0.1100, 0.1700, 0.0500]                                                 | 3.9916   | 0.7400  | 0.8115 
19    | 13          | [89, 90, 91, 92, 93, 94, 95, 96, 97, 98, 99, 100, 101]            | [0.0700, 0.0800, 0.0900, 0.0400, 0.1100, 0.0900, 0.1200, 0.0200, 0.0800, 0.0100, 0.1000, 0.1600, 0.0300]                 | 13.9596  | 0.9000  | 0.9101 
20    | 9           | [97, 98, 99, 100, 101, 102, 103, 104, 105]                        | [0.0500, 0.1000, 0.0300, 0.0800, 0.1800, 0.1100, 0.2800, 0.1400, 0.0300]                                                 | 4.5451   | 0.8000  | 0.8452 
21    | 13          | [95, 96, 97, 98, 99, 100, 101, 102, 103, 104, 105, 106, 109]      | [0.0400, 0.0100, 0.0400, 0.0300, 0.0300, 0.1600, 0.2000, 0.1200, 0.1000, 0.0900, 0.1100, 0.0200, 0.0500]                 | 9.0771   | 0.9000  | 0.8907 
