
[Simulation Info]
simulation_id = sim_0008107
timestamp     = 20250428_104208
seed          = 768441
output_folder = /home/lejeunet/Bureau/simulations/Ref_table/sim_0008107

[Model Parameters]
pop_size           = 3471
num_loci           = 20
sample1_generation = 30
sample2_generation = 10
low_repeats        = 1
high_repeats       = 200
mutation_rate      = 0.001
recap_Ne           = 3471

[Sampling Design]
sample1_size_Ne  = 50
sample2_size_Ne  = 50
sample1_size_CMR = 50
sample2_size_CMR = 50

[Capture-Marquage-Recapture]
census_N   =  2601
MatchCount =  1

[Ne Estimates - One Sample - Decreasing critical values [0.050, 0.020, 0.010, 0+]]

[Linkage Desequilibrium]
LD_Ne_Pop1 = [756.4, 1876.1, 1171.6, 1171.6]
LD_r2_Pop1 = [0.021715, 0.021453, 0.02156, 0.02156]
LD_Ne_Pop2 = [9997.0, 866.5, 599.9, 599.9]
LD_r2_Pop2 = [0.021309, 0.02166, 0.02183, 0.02183]

[Heterozygote excess]
HE_Neb_mean_Pop1        = [None, None, None, None]
HE_weighted_D_mean_Pop1 = [-0.01987, -0.01673, -0.01156, -0.01156]
HE_Neb_mean_Pop2        = [220.9, None, None, None]
HE_weighted_D_mean_Pop2 = [0.00227, -0.00308, -0.00324, -0.00324]

[Molecular Coancestry]
Coan_Neb_n_Pop1 = 115.5
Coan_f1_Pop1    = 0.00433
Coan_Neb_n_Pop2 = 269.7
Coan_f1_Pop2    = 0.00185

[Ne Estimates - Temporal - Decreasing critical values (0.050, 0.020, 0.010, 0+)]

[Pollak]
P_Ne     = [3181.9, 2827.1, 2669.6, 2626.9]
P_Fk     = [0.02157, 0.02177, 0.02187, 0.0219]
P_Fprime = [0.00157, 0.00177, 0.00187, 0.0019]

[Nei/Tajima]
N_Ne     = [4207.6, 3526.9, 3291.0, 3219.7]
N_Fc     = [0.02119, 0.02142, 0.02152, 0.02155]
N_Fprime = [0.00119, 0.00142, 0.00152, 0.00155]

[Jorde/Ryman]
J_Ne     = [4054.7, 3587.2, 3504.9, 3477.6]
J_Fs     = [0.02133, 0.02149, 0.02153, 0.02154]
J_Fprime = [0.00123, 0.00139, 0.00143, 0.00144]

[Genetic Diversity - Heterozygosity]
mean_exp_het_pop1 = 0.8294
mean_obs_het_pop1 = 0.8143
mean_exp_het_pop2 = 0.8312
mean_obs_het_pop2 = 0.8324

[Genetic Diversity - Allele Counts]
mean_alleles_pop1 = 9.71
var_alleles_pop1  = 6.21
sum_alleles_pop1  = 204
mean_alleles_pop2 = 9.79
var_alleles_pop2  = 5.88
sum_alleles_pop2  = 411

[Genetic Diversity - Allelic Size Variance]
var_allele_size_pop1 = 6.3855
var_allele_size_pop2 = 6.7582

[Per-locus summary - Population 1]
Locus | Num_Alleles | Alleles                                                            | Frequencies                                                                                                              | Variance | Obs_Het | Exp_Het
------+-------------+--------------------------------------------------------------------+--------------------------------------------------------------------------------------------------------------------------+----------+---------+--------
1     | 8           | [96, 97, 98, 99, 100, 101, 102, 105]                               | [0.1000, 0.1000, 0.1000, 0.3000, 0.2600, 0.0500, 0.0800, 0.0100]                                                         | 2.9364   | 0.8000  | 0.8115 
2     | 12          | [96, 97, 98, 99, 100, 101, 102, 103, 104, 105, 106, 107]           | [0.0500, 0.2300, 0.1200, 0.0100, 0.1600, 0.0900, 0.1600, 0.0600, 0.0300, 0.0200, 0.0500, 0.0200]                         | 8.3779   | 0.7800  | 0.8717 
3     | 8           | [98, 99, 100, 101, 102, 103, 104, 105]                             | [0.0500, 0.0200, 0.1100, 0.1300, 0.2100, 0.4100, 0.0600, 0.0100]                                                         | 2.2875   | 0.7600  | 0.7598 
4     | 7           | [97, 98, 99, 100, 101, 102, 104]                                   | [0.0100, 0.1500, 0.1600, 0.3300, 0.2400, 0.0700, 0.0400]                                                                 | 2.0075   | 0.8000  | 0.7867 
5     | 10          | [97, 98, 99, 100, 101, 102, 103, 104, 105, 106]                    | [0.0200, 0.1000, 0.1000, 0.0900, 0.1100, 0.1100, 0.0800, 0.2500, 0.1200, 0.0200]                                         | 5.9451   | 0.8000  | 0.8723 
6     | 11          | [99, 100, 101, 102, 103, 104, 105, 107, 108, 109, 110]             | [0.0700, 0.1900, 0.2600, 0.0200, 0.0300, 0.0500, 0.0100, 0.0500, 0.2700, 0.0200, 0.0300]                                 | 13.4064  | 0.7200  | 0.8190 
7     | 10          | [95, 96, 97, 98, 99, 100, 101, 102, 103, 104]                      | [0.0200, 0.1100, 0.1100, 0.0700, 0.2400, 0.2300, 0.0200, 0.1200, 0.0700, 0.0100]                                         | 4.5124   | 0.9200  | 0.8487 
8     | 6           | [96, 97, 98, 99, 100, 101]                                         | [0.0400, 0.0500, 0.4100, 0.3100, 0.1700, 0.0200]                                                                         | 1.0436   | 0.6200  | 0.7095 
9     | 11          | [95, 96, 97, 98, 99, 100, 101, 102, 103, 104, 105]                 | [0.0500, 0.1300, 0.1300, 0.1300, 0.0800, 0.0700, 0.1900, 0.1500, 0.0200, 0.0400, 0.0100]                                 | 6.4124   | 0.9200  | 0.8836 
10    | 8           | [96, 98, 99, 100, 101, 102, 103, 104]                              | [0.0100, 0.1700, 0.2400, 0.2400, 0.2200, 0.0800, 0.0200, 0.0200]                                                         | 2.1100   | 0.7600  | 0.8083 
11    | 15          | [91, 92, 93, 94, 95, 96, 97, 98, 99, 100, 101, 102, 103, 104, 105] | [0.0500, 0.0800, 0.0400, 0.0100, 0.0300, 0.0400, 0.2300, 0.1600, 0.0600, 0.0300, 0.1200, 0.0200, 0.0200, 0.0500, 0.0600] | 13.9619  | 0.8600  | 0.8915 
12    | 13          | [92, 93, 94, 95, 96, 97, 98, 99, 100, 101, 102, 103, 104]          | [0.0100, 0.1100, 0.0900, 0.0200, 0.2100, 0.1100, 0.0600, 0.0600, 0.0600, 0.0700, 0.0900, 0.0900, 0.0200]                 | 10.9624  | 0.9200  | 0.8998 
13    | 10          | [95, 96, 97, 98, 99, 100, 101, 102, 104, 105]                      | [0.0600, 0.0300, 0.1300, 0.4000, 0.0400, 0.0500, 0.0600, 0.0500, 0.0400, 0.1400]                                         | 8.7931   | 0.8000  | 0.7952 
14    | 7           | [98, 99, 100, 101, 102, 103, 104]                                  | [0.2200, 0.2300, 0.1200, 0.0900, 0.1100, 0.1800, 0.0500]                                                                 | 3.9156   | 0.8600  | 0.8376 
15    | 10          | [97, 98, 99, 100, 101, 102, 103, 104, 105, 106]                    | [0.0100, 0.0100, 0.0900, 0.1100, 0.2400, 0.1600, 0.1100, 0.1400, 0.1000, 0.0300]                                         | 3.9499   | 0.7800  | 0.8624 
16    | 11          | [96, 97, 98, 99, 100, 101, 102, 104, 105, 106, 107]                | [0.0300, 0.0700, 0.0200, 0.0200, 0.1500, 0.2300, 0.0600, 0.1000, 0.1500, 0.1200, 0.0500]                                 | 9.0476   | 0.9400  | 0.8737 
17    | 11          | [96, 97, 98, 99, 100, 101, 102, 103, 104, 105, 107]                | [0.0300, 0.1100, 0.2000, 0.1000, 0.2300, 0.0500, 0.0500, 0.1200, 0.0500, 0.0500, 0.0100]                                 | 6.2336   | 0.8800  | 0.8683 
18    | 7           | [97, 98, 99, 100, 101, 102, 103]                                   | [0.0600, 0.2900, 0.1800, 0.1800, 0.1600, 0.0700, 0.0600]                                                                 | 2.6484   | 0.7800  | 0.8216 
19    | 14          | [93, 94, 95, 96, 97, 98, 99, 100, 101, 102, 104, 105, 106, 107]    | [0.0400, 0.2800, 0.0200, 0.1200, 0.0800, 0.0400, 0.0900, 0.0400, 0.0100, 0.0200, 0.0400, 0.0800, 0.1300, 0.0100]         | 21.1099  | 0.8600  | 0.8707 
20    | 8           | [97, 99, 100, 101, 102, 103, 104, 105]                             | [0.0400, 0.1600, 0.1700, 0.2800, 0.0700, 0.1500, 0.1000, 0.0300]                                                         | 3.4804   | 0.9000  | 0.8356 
21    | 7           | [98, 99, 100, 101, 102, 103, 104]                                  | [0.0100, 0.0100, 0.2000, 0.4700, 0.2300, 0.0600, 0.0200]                                                                 | 0.9544   | 0.6400  | 0.6889 

[Per-locus summary - Population 2]
Locus | Num_Alleles | Alleles                                                       | Frequencies                                                                                                      | Variance | Obs_Het | Exp_Het
------+-------------+---------------------------------------------------------------+------------------------------------------------------------------------------------------------------------------+----------+---------+--------
1     | 7           | [96, 97, 98, 99, 100, 101, 102]                               | [0.2300, 0.1200, 0.0500, 0.3000, 0.2200, 0.0500, 0.0300]                                                         | 2.9651   | 0.7800  | 0.7964 
2     | 12          | [96, 97, 98, 99, 100, 101, 102, 103, 104, 105, 106, 107]      | [0.0300, 0.2000, 0.0200, 0.0600, 0.1800, 0.0300, 0.1900, 0.0800, 0.0200, 0.0300, 0.0900, 0.0700]                 | 10.4819  | 0.9000  | 0.8737 
3     | 7           | [98, 99, 100, 101, 102, 103, 104]                             | [0.0400, 0.0500, 0.0900, 0.1800, 0.1800, 0.4000, 0.0600]                                                         | 2.2475   | 0.7600  | 0.7671 
4     | 6           | [98, 99, 100, 101, 102, 104]                                  | [0.1200, 0.1700, 0.3100, 0.2800, 0.1000, 0.0200]                                                                 | 1.6275   | 0.7000  | 0.7796 
5     | 11          | [96, 97, 98, 99, 100, 101, 102, 103, 104, 105, 106]           | [0.0200, 0.0600, 0.0900, 0.0800, 0.0500, 0.0400, 0.2200, 0.1100, 0.2300, 0.0900, 0.0100]                         | 6.5416   | 0.8600  | 0.8644 
6     | 11          | [99, 100, 101, 102, 103, 104, 105, 107, 108, 109, 110]        | [0.1000, 0.2400, 0.2900, 0.0500, 0.0200, 0.0100, 0.0200, 0.0200, 0.1400, 0.0500, 0.0600]                         | 13.5800  | 0.8000  | 0.8271 
7     | 9           | [95, 96, 97, 98, 99, 100, 101, 102, 103]                      | [0.0200, 0.0900, 0.1400, 0.1300, 0.2000, 0.1900, 0.0700, 0.0800, 0.0800]                                         | 4.2731   | 0.8400  | 0.8699 
8     | 8           | [95, 96, 97, 98, 99, 100, 101, 102]                           | [0.0200, 0.0200, 0.0300, 0.3400, 0.3600, 0.1600, 0.0600, 0.0100]                                                 | 1.3971   | 0.7800  | 0.7311 
9     | 10          | [95, 96, 97, 98, 99, 100, 101, 102, 103, 104]                 | [0.0400, 0.1400, 0.0900, 0.2000, 0.1000, 0.0300, 0.1800, 0.1400, 0.0500, 0.0300]                                 | 5.9800   | 0.8800  | 0.8731 
10    | 8           | [95, 97, 98, 99, 100, 101, 102, 103]                          | [0.0100, 0.0100, 0.1600, 0.2100, 0.1800, 0.2800, 0.1200, 0.0300]                                                 | 2.2200   | 0.7200  | 0.8121 
11    | 14          | [91, 92, 93, 94, 95, 96, 97, 98, 99, 100, 101, 102, 104, 105] | [0.1100, 0.1200, 0.0200, 0.0100, 0.0100, 0.0800, 0.1700, 0.1800, 0.0200, 0.0200, 0.1400, 0.0200, 0.0500, 0.0500] | 16.2716  | 0.9400  | 0.8883 
12    | 12          | [93, 94, 96, 97, 98, 99, 100, 101, 102, 103, 104, 106]        | [0.0400, 0.0900, 0.2200, 0.2100, 0.1200, 0.0600, 0.0500, 0.0200, 0.0400, 0.0700, 0.0700, 0.0100]                 | 9.5196   | 0.8400  | 0.8741 
13    | 11          | [95, 96, 97, 98, 99, 100, 101, 102, 103, 104, 105]            | [0.0900, 0.0200, 0.1800, 0.2900, 0.0200, 0.0200, 0.0600, 0.0900, 0.0100, 0.1400, 0.0800]                         | 9.9264   | 0.8600  | 0.8448 
14    | 8           | [96, 98, 99, 100, 101, 102, 103, 104]                         | [0.0100, 0.2900, 0.1900, 0.0700, 0.0900, 0.0700, 0.2700, 0.0100]                                                 | 4.3971   | 0.7600  | 0.7968 
15    | 8           | [99, 100, 101, 102, 103, 104, 105, 106]                       | [0.0900, 0.0800, 0.1200, 0.1900, 0.1000, 0.1500, 0.2300, 0.0400]                                                 | 4.1700   | 0.9000  | 0.8566 
16    | 12          | [96, 97, 98, 99, 100, 101, 102, 103, 104, 105, 106, 107]      | [0.0100, 0.0900, 0.0300, 0.0300, 0.1400, 0.2200, 0.0600, 0.0200, 0.0500, 0.1900, 0.1300, 0.0300]                 | 8.8804   | 0.9000  | 0.8703 
17    | 11          | [96, 97, 98, 99, 100, 101, 102, 103, 104, 105, 107]           | [0.0300, 0.1000, 0.1300, 0.1900, 0.1300, 0.1100, 0.0300, 0.0900, 0.1200, 0.0500, 0.0200]                         | 7.0864   | 0.9600  | 0.8897 
18    | 7           | [97, 98, 99, 100, 101, 102, 103]                              | [0.0400, 0.3400, 0.1600, 0.1700, 0.1900, 0.0600, 0.0400]                                                         | 2.3891   | 0.8600  | 0.7950 
19    | 13          | [93, 94, 95, 96, 97, 98, 99, 100, 101, 104, 105, 106, 107]    | [0.0700, 0.1700, 0.0500, 0.1200, 0.0200, 0.0500, 0.0700, 0.0700, 0.0400, 0.0400, 0.0700, 0.2200, 0.0100]         | 23.7291  | 0.9200  | 0.8889 
20    | 7           | [99, 100, 101, 102, 103, 104, 105]                            | [0.1700, 0.2300, 0.2100, 0.1100, 0.1400, 0.1100, 0.0300]                                                         | 2.9771   | 0.8000  | 0.8378 
21    | 6           | [98, 100, 101, 102, 103, 104]                                 | [0.0200, 0.1400, 0.4200, 0.2900, 0.0700, 0.0600]                                                                 | 1.2619   | 0.7200  | 0.7182 
