
[Simulation Info]
simulation_id = sim_0007548
timestamp     = 20250428_102616
seed          = 875180
output_folder = /home/lejeunet/Bureau/simulations/Ref_table/sim_0007548

[Model Parameters]
pop_size           = 65
num_loci           = 20
sample1_generation = 30
sample2_generation = 10
low_repeats        = 1
high_repeats       = 200
mutation_rate      = 0.001
recap_Ne           = 65

[Sampling Design]
sample1_size_Ne  = 50
sample2_size_Ne  = 50
sample1_size_CMR = 50
sample2_size_CMR = 50

[Capture-Marquage-Recapture]
census_N   =  70
MatchCount =  37

[Ne Estimates - One Sample - Decreasing critical values [0.050, 0.020, 0.010, 0+]]

[Linkage Desequilibrium]
LD_Ne_Pop1 = [44.6, 44.8, 96.3, 96.3]
LD_r2_Pop1 = [0.028396, 0.028374, 0.024662, 0.024662]
LD_Ne_Pop2 = [43.0, 210.0, 1687.2, 1687.2]
LD_r2_Pop2 = [0.028647, 0.022848, 0.021473, 0.021473]

[Heterozygote excess]
HE_Neb_mean_Pop1        = [33.3, 32.7, 38.3, 38.3]
HE_weighted_D_mean_Pop1 = [0.01523, 0.01555, 0.01321, 0.01321]
HE_Neb_mean_Pop2        = [14.2, 16.4, 19.4, 19.4]
HE_weighted_D_mean_Pop2 = [0.03634, 0.03145, 0.02648, 0.02648]

[Molecular Coancestry]
Coan_Neb_n_Pop1 = 3.8
Coan_f1_Pop1    = 0.13243
Coan_Neb_n_Pop2 = 106.5
Coan_f1_Pop2    = 0.00469

[Ne Estimates - Temporal - Decreasing critical values (0.050, 0.020, 0.010, 0+)]

[Pollak]
P_Ne     = [244.6, 258.6, 256.7, 320.5]
P_Fk     = [0.04044, 0.03933, 0.03948, 0.0356]
P_Fprime = [0.02044, 0.01933, 0.01948, 0.0156]

[Nei/Tajima]
N_Ne     = [257.7, 275.2, 263.0, 345.1]
N_Fc     = [0.0394, 0.03817, 0.03901, 0.03449]
N_Fprime = [0.0194, 0.01817, 0.01901, 0.01449]

[Jorde/Ryman]
J_Ne     = [231.0, 234.1, 231.4, 235.2]
J_Fs     = [0.04186, 0.04157, 0.04183, 0.04147]
J_Fprime = [0.02164, 0.02136, 0.02161, 0.02126]

[Genetic Diversity - Heterozygosity]
mean_exp_het_pop1 = 0.2308
mean_obs_het_pop1 = 0.2386
mean_exp_het_pop2 = 0.2017
mean_obs_het_pop2 = 0.2043

[Genetic Diversity - Allele Counts]
mean_alleles_pop1 = 2.18
var_alleles_pop1  = 0.53
sum_alleles_pop1  = 37
mean_alleles_pop2 = 2.29
var_alleles_pop2  = 0.4
sum_alleles_pop2  = 78

[Genetic Diversity - Allelic Size Variance]
var_allele_size_pop1 = 0.1106
var_allele_size_pop2 = 0.0914

[Per-locus summary - Population 1]
Locus | Num_Alleles | Alleles        | Frequencies              | Variance | Obs_Het | Exp_Het
------+-------------+----------------+--------------------------+----------+---------+--------
1     | 2           | [99, 100]      | [0.1900, 0.8100]         | 0.1539   | 0.3400  | 0.3109 
2     | 2           | [99, 100]      | [0.0300, 0.9700]         | 0.0291   | 0.0600  | 0.0588 
3     | 2           | [100, 101]     | [0.9900, 0.0100]         | 0.0099   | 0.0200  | 0.0200 
4     | 3           | [99, 100, 101] | [0.0100, 0.3200, 0.6700] | 0.2444   | 0.5000  | 0.4531 
5     | 2           | [99, 100]      | [0.1900, 0.8100]         | 0.1539   | 0.3400  | 0.3109 
6     | 2           | [99, 100]      | [0.0100, 0.9900]         | 0.0099   | 0.0200  | 0.0200 
7     | 3           | [99, 100, 101] | [0.1800, 0.5900, 0.2300] | 0.4075   | 0.6400  | 0.5723 
8     | 3           | [99, 100, 101] | [0.0200, 0.9300, 0.0500] | 0.0691   | 0.1400  | 0.1335 
9     | 2           | [99, 100]      | [0.0100, 0.9900]         | 0.0099   | 0.0200  | 0.0200 
10    | 1           | [100]          | [1.0000]                 | 0.0000   | NA      | NA     
11    | 1           | [100]          | [1.0000]                 | 0.0000   | NA      | NA     
12    | 1           | [101]          | [1.0000]                 | 0.0000   | NA      | NA     
13    | 3           | [99, 100, 101] | [0.0900, 0.6200, 0.2900] | 0.3400   | 0.5000  | 0.5287 
14    | 3           | [99, 100, 101] | [0.0500, 0.9300, 0.0200] | 0.0691   | 0.1400  | 0.1335 
15    | 2           | [99, 100]      | [0.9500, 0.0500]         | 0.0475   | 0.1000  | 0.0960 
16    | 2           | [99, 100]      | [0.0600, 0.9400]         | 0.0564   | 0.0800  | 0.1139 
17    | 3           | [99, 100, 101] | [0.2200, 0.7000, 0.0800] | 0.2804   | 0.4400  | 0.4598 

[Per-locus summary - Population 2]
Locus | Num_Alleles | Alleles         | Frequencies              | Variance | Obs_Het | Exp_Het
------+-------------+-----------------+--------------------------+----------+---------+--------
1     | 2           | [99, 100]       | [0.1500, 0.8500]         | 0.1275   | 0.3000  | 0.2576 
2     | 2           | [100, 101]      | [0.9900, 0.0100]         | 0.0099   | 0.0200  | 0.0200 
3     | 1           | [100]           | [1.0000]                 | 0.0000   | NA      | NA     
4     | 2           | [100, 101]      | [0.4300, 0.5700]         | 0.2451   | 0.3800  | 0.4951 
5     | 2           | [99, 100]       | [0.0700, 0.9300]         | 0.0651   | 0.1400  | 0.1315 
6     | 1           | [100]           | [1.0000]                 | 0.0000   | NA      | NA     
7     | 3           | [99, 100, 101]  | [0.1900, 0.5900, 0.2200] | 0.4091   | 0.5600  | 0.5731 
8     | 2           | [100, 101]      | [0.9300, 0.0700]         | 0.0651   | 0.1400  | 0.1315 
9     | 1           | [100]           | [1.0000]                 | 0.0000   | NA      | NA     
10    | 2           | [100, 101]      | [0.9900, 0.0100]         | 0.0099   | 0.0200  | 0.0200 
11    | 2           | [100, 101]      | [0.9900, 0.0100]         | 0.0099   | 0.0200  | 0.0200 
12    | 3           | [100, 101, 102] | [0.0200, 0.9700, 0.0100] | 0.0299   | 0.0600  | 0.0592 
13    | 3           | [99, 100, 101]  | [0.0100, 0.5900, 0.4000] | 0.2579   | 0.5800  | 0.4968 
14    | 3           | [99, 100, 101]  | [0.1100, 0.8800, 0.0100] | 0.1100   | 0.2400  | 0.2156 
15    | 2           | [99, 100]       | [0.9500, 0.0500]         | 0.0475   | 0.1000  | 0.0960 
16    | 2           | [99, 100]       | [0.0200, 0.9800]         | 0.0196   | 0.0400  | 0.0396 
17    | 3           | [99, 100, 101]  | [0.1000, 0.8500, 0.0500] | 0.1475   | 0.2600  | 0.2677 
