
[Simulation Info]
simulation_id = sim_0008649
timestamp     = 20250428_105725
seed          = 269285
output_folder = /home/lejeunet/Bureau/simulations/Ref_table/sim_0008649

[Model Parameters]
pop_size           = 1655
num_loci           = 20
sample1_generation = 30
sample2_generation = 10
low_repeats        = 1
high_repeats       = 200
mutation_rate      = 0.001
recap_Ne           = 1655

[Sampling Design]
sample1_size_Ne  = 50
sample2_size_Ne  = 50
sample1_size_CMR = 50
sample2_size_CMR = 50

[Capture-Marquage-Recapture]
census_N   =  2601
MatchCount =  1

[Ne Estimates - One Sample - Decreasing critical values [0.050, 0.020, 0.010, 0+]]

[Linkage Desequilibrium]
LD_Ne_Pop1 = [618.0, 701.5, 680.3, 680.3]
LD_r2_Pop1 = [0.021814, 0.02175, 0.021764, 0.021764]
LD_Ne_Pop2 = [None, None, None, None]
LD_r2_Pop2 = [0.020598, 0.020754, 0.020957, 0.020957]

[Heterozygote excess]
HE_Neb_mean_Pop1        = [None, None, None, None]
HE_weighted_D_mean_Pop1 = [-0.0184, -0.01393, -0.01401, -0.01401]
HE_Neb_mean_Pop2        = [None, None, None, None]
HE_weighted_D_mean_Pop2 = [-0.01619, -0.0156, -0.00688, -0.00688]

[Molecular Coancestry]
Coan_Neb_n_Pop1 = 25.2
Coan_f1_Pop1    = 0.01982
Coan_Neb_n_Pop2 = 7.6
Coan_f1_Pop2    = 0.06608

[Ne Estimates - Temporal - Decreasing critical values (0.050, 0.020, 0.010, 0+)]

[Pollak]
P_Ne     = [732.6, 705.5, 791.2, 761.3]
P_Fk     = [0.02682, 0.02709, 0.02632, 0.02657]
P_Fprime = [0.00682, 0.00709, 0.00632, 0.00657]

[Nei/Tajima]
N_Ne     = [818.6, 779.7, 862.7, 831.6]
N_Fc     = [0.02611, 0.02641, 0.0258, 0.02601]
N_Fprime = [0.00611, 0.00641, 0.0058, 0.00601]

[Jorde/Ryman]
J_Ne     = [688.2, 674.7, 677.6, 675.1]
J_Fs     = [0.02738, 0.02752, 0.02749, 0.02752]
J_Fprime = [0.00727, 0.00741, 0.00738, 0.00741]

[Genetic Diversity - Heterozygosity]
mean_exp_het_pop1 = 0.6739
mean_obs_het_pop1 = 0.6581
mean_exp_het_pop2 = 0.6647
mean_obs_het_pop2 = 0.6619

[Genetic Diversity - Allele Counts]
mean_alleles_pop1 = 5.86
var_alleles_pop1  = 1.23
sum_alleles_pop1  = 123
mean_alleles_pop2 = 5.98
var_alleles_pop2  = 1.15
sum_alleles_pop2  = 251

[Genetic Diversity - Allelic Size Variance]
var_allele_size_pop1 = 1.9599
var_allele_size_pop2 = 1.7044

[Per-locus summary - Population 1]
Locus | Num_Alleles | Alleles                             | Frequencies                                              | Variance | Obs_Het | Exp_Het
------+-------------+-------------------------------------+----------------------------------------------------------+----------+---------+--------
1     | 7           | [98, 99, 100, 101, 102, 103, 104]   | [0.0200, 0.1100, 0.5300, 0.1200, 0.0400, 0.1500, 0.0300] | 1.9156   | 0.6800  | 0.6739 
2     | 5           | [98, 99, 100, 101, 102]             | [0.0200, 0.5500, 0.3700, 0.0500, 0.0100]                 | 0.4496   | 0.5400  | 0.5632 
3     | 7           | [95, 96, 97, 98, 101, 103, 104]     | [0.0500, 0.1800, 0.3900, 0.0100, 0.0300, 0.3200, 0.0200] | 9.7219   | 0.6800  | 0.7164 
4     | 7           | [96, 97, 98, 99, 100, 101, 102]     | [0.0100, 0.0600, 0.1300, 0.7400, 0.0300, 0.0100, 0.0200] | 0.6811   | 0.4200  | 0.4348 
5     | 4           | [99, 100, 101, 102]                 | [0.1700, 0.5200, 0.2200, 0.0900]                         | 0.6971   | 0.6800  | 0.6507 
6     | 4           | [98, 100, 101, 102]                 | [0.1200, 0.5100, 0.3000, 0.0700]                         | 1.0200   | 0.4400  | 0.6370 
7     | 7           | [98, 99, 100, 101, 102, 103, 104]   | [0.0100, 0.3400, 0.0200, 0.0200, 0.2700, 0.2300, 0.1100] | 3.5411   | 0.6800  | 0.7531 
8     | 5           | [99, 100, 101, 102, 103]            | [0.0300, 0.3100, 0.2100, 0.3100, 0.1400]                 | 1.2516   | 0.7600  | 0.7507 
9     | 7           | [100, 101, 102, 103, 104, 105, 106] | [0.1700, 0.3700, 0.1200, 0.1000, 0.1500, 0.0800, 0.0100] | 2.6291   | 0.8000  | 0.7887 
10    | 5           | [99, 100, 101, 102, 103]            | [0.1600, 0.4300, 0.2300, 0.1100, 0.0700]                 | 1.2100   | 0.8000  | 0.7269 
11    | 4           | [98, 99, 100, 101]                  | [0.0400, 0.2600, 0.5300, 0.1700]                         | 0.5611   | 0.6000  | 0.6273 
12    | 6           | [96, 98, 99, 100, 101, 102]         | [0.1100, 0.1300, 0.2700, 0.2300, 0.2500, 0.0100]         | 2.3500   | 0.8000  | 0.7905 
13    | 7           | [99, 100, 101, 102, 103, 104, 105]  | [0.0400, 0.0900, 0.2900, 0.2900, 0.0300, 0.2300, 0.0300] | 2.2299   | 0.7000  | 0.7752 
14    | 6           | [97, 99, 100, 101, 102, 103]        | [0.0800, 0.1300, 0.3300, 0.1700, 0.2400, 0.0500]         | 2.2451   | 0.8400  | 0.7867 
15    | 7           | [97, 98, 99, 100, 101, 102, 103]    | [0.0200, 0.0100, 0.3200, 0.2600, 0.3200, 0.0600, 0.0100] | 1.1851   | 0.7800  | 0.7307 
16    | 6           | [96, 97, 98, 99, 100, 101]          | [0.0300, 0.0200, 0.0600, 0.2300, 0.6300, 0.0300]         | 0.9100   | 0.5000  | 0.5499 
17    | 5           | [97, 98, 99, 100, 103]              | [0.1000, 0.3100, 0.5300, 0.0200, 0.0400]                 | 1.2611   | 0.6800  | 0.6172 
18    | 6           | [98, 99, 100, 101, 102, 103]        | [0.0100, 0.0500, 0.2800, 0.1300, 0.5100, 0.0200]         | 1.1404   | 0.5800  | 0.6481 
19    | 7           | [96, 97, 100, 101, 102, 103, 104]   | [0.0500, 0.0600, 0.0100, 0.2700, 0.4300, 0.0100, 0.1700] | 4.0084   | 0.6600  | 0.7141 
20    | 5           | [97, 98, 99, 100, 101]              | [0.0200, 0.1600, 0.6600, 0.1100, 0.0500]                 | 0.5499   | 0.5800  | 0.5291 
21    | 6           | [97, 98, 99, 100, 101, 102]         | [0.0300, 0.2800, 0.4700, 0.0700, 0.0400, 0.1100]         | 1.6004   | 0.6200  | 0.6881 

[Per-locus summary - Population 2]
Locus | Num_Alleles | Alleles                            | Frequencies                                              | Variance | Obs_Het | Exp_Het
------+-------------+------------------------------------+----------------------------------------------------------+----------+---------+--------
1     | 7           | [98, 99, 100, 101, 102, 103, 104]  | [0.0300, 0.0700, 0.5700, 0.1200, 0.0500, 0.1300, 0.0300] | 1.8000   | 0.7000  | 0.6410 
2     | 4           | [98, 99, 100, 101]                 | [0.0500, 0.5200, 0.3900, 0.0400]                         | 0.4236   | 0.5800  | 0.5792 
3     | 5           | [96, 97, 100, 101, 103]            | [0.1900, 0.3700, 0.0100, 0.0100, 0.4200]                 | 9.8000   | 0.7000  | 0.6570 
4     | 6           | [97, 98, 99, 100, 101, 102]        | [0.0600, 0.1500, 0.7000, 0.0700, 0.0100, 0.0100]         | 0.5675   | 0.5000  | 0.4836 
5     | 4           | [99, 100, 101, 102]                | [0.1100, 0.3900, 0.4500, 0.0500]                         | 0.5664   | 0.6600  | 0.6372 
6     | 6           | [98, 99, 100, 101, 102, 104]       | [0.0600, 0.0600, 0.5700, 0.2500, 0.0500, 0.0100]         | 0.8659   | 0.4800  | 0.6089 
7     | 6           | [98, 99, 100, 102, 103, 104]       | [0.0300, 0.3600, 0.1000, 0.2800, 0.1700, 0.0600]         | 3.2979   | 0.7800  | 0.7562 
8     | 5           | [99, 100, 101, 102, 103]           | [0.0200, 0.3700, 0.2200, 0.3400, 0.0500]                 | 0.9891   | 0.5200  | 0.7032 
9     | 6           | [100, 101, 102, 103, 104, 105]     | [0.1700, 0.3700, 0.1100, 0.1000, 0.1900, 0.0600]         | 2.4475   | 0.7800  | 0.7802 
10    | 5           | [99, 100, 101, 102, 103]           | [0.0900, 0.4500, 0.2600, 0.1300, 0.0700]                 | 1.0904   | 0.7000  | 0.7071 
11    | 4           | [98, 99, 100, 101]                 | [0.0500, 0.3400, 0.4200, 0.1900]                         | 0.6675   | 0.6800  | 0.6762 
12    | 6           | [96, 97, 98, 99, 100, 101]         | [0.1500, 0.0100, 0.1900, 0.3700, 0.1500, 0.1300]         | 2.1875   | 0.8400  | 0.7727 
13    | 7           | [99, 100, 101, 102, 103, 104, 105] | [0.0900, 0.1300, 0.3700, 0.2600, 0.0100, 0.1300, 0.0100] | 1.9600   | 0.7600  | 0.7610 
14    | 7           | [97, 98, 99, 100, 101, 102, 103]   | [0.0900, 0.0100, 0.1000, 0.4800, 0.2000, 0.0800, 0.0400] | 1.8219   | 0.6800  | 0.7105 
15    | 5           | [99, 100, 101, 102, 103]           | [0.4500, 0.2400, 0.2600, 0.0400, 0.0100]                 | 0.9536   | 0.7000  | 0.6774 
16    | 6           | [96, 97, 98, 99, 100, 101]         | [0.0100, 0.0400, 0.1000, 0.1700, 0.6100, 0.0700]         | 0.9484   | 0.5200  | 0.5883 
17    | 6           | [97, 98, 99, 100, 102, 103]        | [0.0900, 0.3100, 0.5400, 0.0400, 0.0100, 0.0100]         | 0.8156   | 0.6000  | 0.6085 
18    | 6           | [98, 99, 100, 101, 102, 103]       | [0.0100, 0.0500, 0.2800, 0.1100, 0.5200, 0.0300]         | 1.1811   | 0.6200  | 0.6420 
19    | 7           | [96, 100, 101, 102, 103, 104, 105] | [0.0100, 0.0200, 0.2900, 0.5500, 0.0500, 0.0700, 0.0100] | 1.1211   | 0.7400  | 0.6115 
20    | 6           | [97, 98, 99, 100, 101, 102]        | [0.0100, 0.1300, 0.6100, 0.1600, 0.0700, 0.0200]         | 0.7459   | 0.6000  | 0.5859 
21    | 6           | [97, 98, 99, 100, 101, 102]        | [0.0400, 0.2200, 0.3600, 0.2000, 0.1100, 0.0700]         | 1.5411   | 0.7600  | 0.7711 
