
[Simulation Info]
simulation_id = sim_0005259
timestamp     = 20250428_092822
seed          = 41984
output_folder = /home/lejeunet/Bureau/simulations/Ref_table/sim_0005259

[Model Parameters]
pop_size           = 1414
num_loci           = 20
sample1_generation = 30
sample2_generation = 10
low_repeats        = 1
high_repeats       = 200
mutation_rate      = 0.001
recap_Ne           = 1414

[Sampling Design]
sample1_size_Ne  = 50
sample2_size_Ne  = 50
sample1_size_CMR = 50
sample2_size_CMR = 50

[Capture-Marquage-Recapture]
census_N   =  0
MatchCount =  0
# There were no match between sampling of individuals during CMR.

[Ne Estimates - One Sample - Decreasing critical values [0.050, 0.020, 0.010, 0+]]

[Linkage Desequilibrium]
LD_Ne_Pop1 = [596.1, 10824.8, None, None]
LD_r2_Pop1 = [0.021833, 0.021307, 0.020821, 0.020821]
LD_Ne_Pop2 = [None, 1773.3, 260.3, 260.3]
LD_r2_Pop2 = [0.020784, 0.021464, 0.022546, 0.022546]

[Heterozygote excess]
HE_Neb_mean_Pop1        = [None, None, None, None]
HE_weighted_D_mean_Pop1 = [-0.00496, -0.00575, -0.00596, -0.00596]
HE_Neb_mean_Pop2        = [None, 696.8, 2483.5, 2483.5]
HE_weighted_D_mean_Pop2 = [-0.00435, 0.00072, 0.0002, 0.0002]

[Molecular Coancestry]
Coan_Neb_n_Pop1 = 44.8
Coan_f1_Pop1    = 0.01115
Coan_Neb_n_Pop2 = 9.1
Coan_f1_Pop2    = 0.05489

[Ne Estimates - Temporal - Decreasing critical values (0.050, 0.020, 0.010, 0+)]

[Pollak]
P_Ne     = [1600.7, 1063.0, 1531.5, 1415.4]
P_Fk     = [0.02312, 0.0247, 0.02326, 0.02353]
P_Fprime = [0.00312, 0.0047, 0.00326, 0.00353]

[Nei/Tajima]
N_Ne     = [1488.8, 1080.3, 1472.7, 1380.2]
N_Fc     = [0.02336, 0.02463, 0.0234, 0.02362]
N_Fprime = [0.00336, 0.00463, 0.0034, 0.00362]

[Jorde/Ryman]
J_Ne     = [1141.4, 989.7, 1011.3, 1005.3]
J_Fs     = [0.02449, 0.02516, 0.02505, 0.02508]
J_Fprime = [0.00438, 0.00505, 0.00494, 0.00497]

[Genetic Diversity - Heterozygosity]
mean_exp_het_pop1 = 0.6538
mean_obs_het_pop1 = 0.641
mean_exp_het_pop2 = 0.6315
mean_obs_het_pop2 = 0.6295

[Genetic Diversity - Allele Counts]
mean_alleles_pop1 = 6.38
var_alleles_pop1  = 2.35
sum_alleles_pop1  = 134
mean_alleles_pop2 = 6.76
var_alleles_pop2  = 2.62
sum_alleles_pop2  = 284

[Genetic Diversity - Allelic Size Variance]
var_allele_size_pop1 = 2.625
var_allele_size_pop2 = 2.3494

[Per-locus summary - Population 1]
Locus | Num_Alleles | Alleles                                  | Frequencies                                                              | Variance | Obs_Het | Exp_Het
------+-------------+------------------------------------------+--------------------------------------------------------------------------+----------+---------+--------
1     | 9           | [94, 95, 96, 97, 98, 101, 102, 103, 107] | [0.1600, 0.4500, 0.0100, 0.0700, 0.1000, 0.0300, 0.0100, 0.0900, 0.0800] | 15.2716  | 0.7600  | 0.7489 
2     | 7           | [96, 97, 99, 100, 101, 102, 103]         | [0.0400, 0.0500, 0.0100, 0.1400, 0.4600, 0.2900, 0.0100]                 | 2.2475   | 0.7400  | 0.6873 
3     | 5           | [98, 99, 100, 101, 102]                  | [0.0400, 0.0600, 0.1800, 0.5800, 0.1400]                                 | 0.8416   | 0.5600  | 0.6125 
4     | 8           | [98, 99, 100, 101, 102, 103, 104, 105]   | [0.0300, 0.0500, 0.0900, 0.1400, 0.1500, 0.4300, 0.1000, 0.0100]         | 2.3451   | 0.7200  | 0.7590 
5     | 5           | [97, 99, 100, 101, 102]                  | [0.0400, 0.0200, 0.1700, 0.5100, 0.2600]                                 | 1.1379   | 0.7000  | 0.6479 
6     | 7           | [97, 99, 100, 101, 102, 103, 104]        | [0.0800, 0.0100, 0.1300, 0.2900, 0.4300, 0.0500, 0.0100]                 | 2.1619   | 0.7600  | 0.7121 
7     | 7           | [95, 97, 102, 103, 104, 105, 108]        | [0.0100, 0.0400, 0.2400, 0.4200, 0.1100, 0.1700, 0.0100]                 | 3.3564   | 0.7600  | 0.7305 
8     | 8           | [97, 98, 99, 100, 101, 102, 103, 104]    | [0.0400, 0.0700, 0.0200, 0.1600, 0.0100, 0.0800, 0.5100, 0.1100]         | 3.8804   | 0.7000  | 0.6958 
9     | 7           | [98, 99, 100, 101, 102, 103, 104]        | [0.0500, 0.0100, 0.2000, 0.3400, 0.0800, 0.3000, 0.0200]                 | 2.0131   | 0.7800  | 0.7525 
10    | 5           | [96, 97, 98, 99, 100]                    | [0.6600, 0.0900, 0.2000, 0.0400, 0.0100]                                 | 0.9875   | 0.4400  | 0.5198 
11    | 6           | [96, 97, 98, 99, 100, 101]               | [0.0300, 0.7000, 0.1200, 0.0100, 0.1200, 0.0200]                         | 1.2875   | 0.5200  | 0.4847 
12    | 7           | [97, 98, 99, 100, 101, 102, 103]         | [0.0700, 0.0500, 0.4100, 0.2500, 0.1900, 0.0200, 0.0100]                 | 1.3884   | 0.7000  | 0.7327 
13    | 6           | [98, 99, 100, 101, 102, 104]             | [0.0600, 0.4500, 0.3600, 0.0800, 0.0100, 0.0400]                         | 1.3539   | 0.6000  | 0.6628 
14    | 7           | [98, 99, 100, 101, 102, 103, 104]        | [0.0900, 0.0700, 0.0500, 0.0800, 0.5300, 0.0700, 0.1100]                 | 2.6484   | 0.7000  | 0.6871 
15    | 3           | [99, 100, 101]                           | [0.0400, 0.4500, 0.5100]                                                 | 0.3291   | 0.5000  | 0.5412 
16    | 9           | [95, 96, 97, 98, 99, 100, 104, 105, 106] | [0.0600, 0.2000, 0.3500, 0.1100, 0.1000, 0.0400, 0.1200, 0.0100, 0.0100] | 7.3856   | 0.7800  | 0.8036 
17    | 7           | [97, 98, 99, 100, 101, 102, 103]         | [0.1000, 0.0400, 0.0100, 0.2400, 0.3600, 0.1900, 0.0600]                 | 2.4491   | 0.7600  | 0.7691 
18    | 4           | [99, 100, 101, 102]                      | [0.0300, 0.7600, 0.1000, 0.1100]                                         | 0.4859   | 0.4200  | 0.4034 
19    | 6           | [98, 99, 100, 101, 102, 103]             | [0.0100, 0.0100, 0.3600, 0.3700, 0.2100, 0.0400]                         | 0.8456   | 0.5400  | 0.6946 
20    | 6           | [97, 100, 101, 102, 103, 104]            | [0.0300, 0.0300, 0.2200, 0.2300, 0.4600, 0.0300]                         | 1.6619   | 0.6800  | 0.6913 
21    | 5           | [96, 98, 99, 100, 101]                   | [0.1000, 0.0300, 0.7700, 0.0800, 0.0200]                                 | 1.0459   | 0.3400  | 0.3933 

[Per-locus summary - Population 2]
Locus | Num_Alleles | Alleles                                     | Frequencies                                                              | Variance | Obs_Het | Exp_Het
------+-------------+---------------------------------------------+--------------------------------------------------------------------------+----------+---------+--------
1     | 9           | [93, 94, 95, 97, 98, 101, 102, 103, 107]    | [0.0100, 0.2200, 0.4600, 0.0400, 0.1100, 0.0200, 0.0100, 0.0800, 0.0500] | 12.3800  | 0.7800  | 0.7240 
2     | 7           | [96, 97, 99, 100, 101, 102, 103]            | [0.0300, 0.0500, 0.0100, 0.0700, 0.6000, 0.2300, 0.0100]                 | 1.8939   | 0.6400  | 0.5844 
3     | 6           | [98, 99, 100, 101, 102, 103]                | [0.0600, 0.0700, 0.0900, 0.6300, 0.1400, 0.0100]                         | 1.0275   | 0.6200  | 0.5725 
4     | 7           | [98, 100, 101, 102, 103, 104, 105]          | [0.0200, 0.1100, 0.0800, 0.1500, 0.5500, 0.0800, 0.0100]                 | 1.6704   | 0.6400  | 0.6562 
5     | 7           | [97, 98, 99, 100, 101, 102, 103]            | [0.0200, 0.0100, 0.1000, 0.1600, 0.5000, 0.1900, 0.0200]                 | 1.1824   | 0.6800  | 0.6842 
6     | 6           | [97, 100, 101, 102, 103, 104]               | [0.0800, 0.0200, 0.2500, 0.5400, 0.0800, 0.0300]                         | 2.2275   | 0.6000  | 0.6382 
7     | 9           | [95, 97, 101, 102, 103, 104, 105, 106, 108] | [0.0200, 0.0400, 0.0300, 0.1900, 0.4200, 0.1600, 0.0900, 0.0400, 0.0100] | 4.1404   | 0.7800  | 0.7568 
8     | 9           | [95, 97, 98, 99, 100, 101, 102, 103, 104]   | [0.0100, 0.0100, 0.1000, 0.0300, 0.1000, 0.0100, 0.1800, 0.4200, 0.1400] | 3.9856   | 0.7200  | 0.7580 
9     | 7           | [98, 99, 100, 101, 102, 103, 104]           | [0.0100, 0.0100, 0.1700, 0.4300, 0.0800, 0.2100, 0.0900]                 | 1.7275   | 0.7000  | 0.7348 
10    | 5           | [96, 97, 98, 99, 100]                       | [0.5900, 0.0900, 0.2600, 0.0200, 0.0400]                                 | 1.2611   | 0.5400  | 0.5800 
11    | 6           | [96, 97, 98, 99, 100, 101]                  | [0.0200, 0.6400, 0.1300, 0.0100, 0.1600, 0.0400]                         | 1.6771   | 0.5400  | 0.5513 
12    | 5           | [97, 98, 99, 100, 101]                      | [0.0700, 0.0200, 0.5600, 0.1600, 0.1900]                                 | 1.0756   | 0.6000  | 0.6257 
13    | 5           | [98, 99, 100, 101, 104]                     | [0.0500, 0.4800, 0.3700, 0.0800, 0.0200]                                 | 0.9036   | 0.5800  | 0.6297 
14    | 8           | [97, 98, 99, 100, 101, 102, 103, 104]       | [0.0100, 0.1000, 0.0200, 0.0500, 0.0800, 0.5300, 0.1000, 0.1100]         | 2.7131   | 0.6800  | 0.6844 
15    | 4           | [98, 99, 100, 101]                          | [0.0100, 0.0100, 0.5400, 0.4400]                                         | 0.3219   | 0.5200  | 0.5198 
16    | 9           | [94, 95, 96, 97, 98, 99, 100, 104, 106]     | [0.0100, 0.0700, 0.2400, 0.3200, 0.0800, 0.2000, 0.0300, 0.0300, 0.0200] | 4.5475   | 0.7800  | 0.7943 
17    | 7           | [96, 97, 99, 100, 101, 102, 103]            | [0.0100, 0.1600, 0.0800, 0.2200, 0.4000, 0.1200, 0.0100]                 | 2.6451   | 0.8200  | 0.7525 
18    | 4           | [99, 100, 101, 102]                         | [0.0200, 0.8700, 0.0500, 0.0600]                                         | 0.2875   | 0.2400  | 0.2390 
19    | 6           | [98, 99, 100, 101, 102, 103]                | [0.0100, 0.0200, 0.2600, 0.4600, 0.2300, 0.0200]                         | 0.7364   | 0.7200  | 0.6737 
20    | 6           | [97, 100, 101, 102, 103, 104]               | [0.0200, 0.0500, 0.1300, 0.2500, 0.5400, 0.0100]                         | 1.3571   | 0.5600  | 0.6323 
21    | 6           | [96, 97, 98, 99, 100, 101]                  | [0.1600, 0.0100, 0.0200, 0.7100, 0.0600, 0.0400]                         | 1.5756   | 0.4800  | 0.4693 
