
[Simulation Info]
simulation_id = sim_0002226
timestamp     = 20250428_081812
seed          = 825056
output_folder = /home/lejeunet/Bureau/simulations/Ref_table/sim_0002226

[Model Parameters]
pop_size           = 1484
num_loci           = 20
sample1_generation = 30
sample2_generation = 10
low_repeats        = 1
high_repeats       = 200
mutation_rate      = 0.001
recap_Ne           = 1484

[Sampling Design]
sample1_size_Ne  = 50
sample2_size_Ne  = 50
sample1_size_CMR = 50
sample2_size_CMR = 50

[Capture-Marquage-Recapture]
census_N   =  1300
MatchCount =  2

[Ne Estimates - One Sample - Decreasing critical values [0.050, 0.020, 0.010, 0+]]

[Linkage Desequilibrium]
LD_Ne_Pop1 = [None, 1379.4, 1136.7, 1136.7]
LD_r2_Pop1 = [0.021108, 0.021517, 0.021569, 0.021569]
LD_Ne_Pop2 = [784.2, 724.7, 593.0, 593.0]
LD_r2_Pop2 = [0.0217, 0.021735, 0.021836, 0.021836]

[Heterozygote excess]
HE_Neb_mean_Pop1        = [30.4, 48.2, 48.2, 48.2]
HE_weighted_D_mean_Pop1 = [0.01673, 0.01048, 0.01048, 0.01048]
HE_Neb_mean_Pop2        = [None, None, None, None]
HE_weighted_D_mean_Pop2 = [-0.00906, -0.00158, -0.00158, -0.00158]

[Molecular Coancestry]
Coan_Neb_n_Pop1 = 82.9
Coan_f1_Pop1    = 0.00603
Coan_Neb_n_Pop2 = None
Coan_f1_Pop2    = -0.00866

[Ne Estimates - Temporal - Decreasing critical values (0.050, 0.020, 0.010, 0+)]

[Pollak]
P_Ne     = [-12667.1, 11065.5, 11065.5, 11065.5]
P_Fk     = [0.01961, 0.02045, 0.02045, 0.02045]
P_Fprime = [-0.00039, 0.00045, 0.00045, 0.00045]

[Nei/Tajima]
N_Ne     = [-5938.2, -47545.9, -47545.8, -47545.9]
N_Fc     = [0.01916, 0.01989, 0.01989, 0.01989]
N_Fprime = [-0.00084, -0.00011, -0.00011, -0.00011]

[Jorde/Ryman]
J_Ne     = [-9854.3, -17657.5, -17657.5, -17657.5]
J_Fs     = [0.01959, 0.01982, 0.01982, 0.01982]
J_Fprime = [-0.00051, -0.00028, -0.00028, -0.00028]

[Genetic Diversity - Heterozygosity]
mean_exp_het_pop1 = 0.7033
mean_obs_het_pop1 = 0.7048
mean_exp_het_pop2 = 0.7013
mean_obs_het_pop2 = 0.6905

[Genetic Diversity - Allele Counts]
mean_alleles_pop1 = 5.81
var_alleles_pop1  = 1.56
sum_alleles_pop1  = 122
mean_alleles_pop2 = 5.86
var_alleles_pop2  = 1.54
sum_alleles_pop2  = 246

[Genetic Diversity - Allelic Size Variance]
var_allele_size_pop1 = 1.4915
var_allele_size_pop2 = 1.5963

[Per-locus summary - Population 1]
Locus | Num_Alleles | Alleles                              | Frequencies                                                      | Variance | Obs_Het | Exp_Het
------+-------------+--------------------------------------+------------------------------------------------------------------+----------+---------+--------
1     | 5           | [98, 99, 100, 101, 102]              | [0.1800, 0.5500, 0.2300, 0.0200, 0.0200]                         | 0.6475   | 0.6000  | 0.6176 
2     | 7           | [98, 99, 100, 101, 102, 103, 104]    | [0.0300, 0.0500, 0.2400, 0.3300, 0.2100, 0.0900, 0.0500]         | 1.7179   | 0.7400  | 0.7832 
3     | 6           | [96, 99, 100, 101, 102, 103]         | [0.0600, 0.2000, 0.4000, 0.2800, 0.0500, 0.0100]                 | 1.7291   | 0.7400  | 0.7226 
4     | 4           | [99, 100, 101, 102]                  | [0.3000, 0.5000, 0.0600, 0.1400]                                 | 0.9184   | 0.7400  | 0.6432 
5     | 7           | [97, 98, 99, 100, 101, 102, 103]     | [0.0200, 0.1900, 0.5000, 0.1000, 0.1400, 0.0200, 0.0300]         | 1.4811   | 0.7400  | 0.6895 
6     | 8           | [94, 95, 96, 97, 98, 99, 100, 101]   | [0.0100, 0.1600, 0.0700, 0.0600, 0.0700, 0.4200, 0.1900, 0.0200] | 3.2804   | 0.8000  | 0.7556 
7     | 5           | [96, 97, 98, 99, 100]                | [0.0200, 0.3900, 0.2600, 0.2600, 0.0700]                         | 1.0091   | 0.7400  | 0.7146 
8     | 7           | [97, 98, 99, 100, 101, 102, 103]     | [0.0100, 0.1100, 0.1900, 0.2900, 0.2400, 0.0300, 0.1300]         | 2.1875   | 0.6800  | 0.8002 
9     | 5           | [99, 100, 101, 102, 103]             | [0.0700, 0.3200, 0.3800, 0.2000, 0.0300]                         | 0.8800   | 0.7600  | 0.7146 
10    | 6           | [97, 98, 99, 100, 101, 103]          | [0.0100, 0.1100, 0.2500, 0.5200, 0.0700, 0.0400]                 | 1.1139   | 0.7000  | 0.6550 
11    | 7           | [96, 97, 98, 100, 101, 102, 103]     | [0.0500, 0.0700, 0.1800, 0.0400, 0.5400, 0.1000, 0.0200]         | 3.2691   | 0.6400  | 0.6632 
12    | 5           | [98, 99, 100, 101, 102]              | [0.2200, 0.2500, 0.1600, 0.3600, 0.0100]                         | 1.4339   | 0.6400  | 0.7412 
13    | 4           | [100, 101, 102, 103]                 | [0.0900, 0.5900, 0.1900, 0.1300]                                 | 0.6704   | 0.6600  | 0.5968 
14    | 7           | [94, 95, 96, 97, 98, 99, 100]        | [0.0500, 0.0200, 0.2500, 0.0500, 0.3600, 0.2500, 0.0200]         | 2.0896   | 0.6600  | 0.7471 
15    | 6           | [98, 99, 100, 101, 102, 103]         | [0.1500, 0.3800, 0.2200, 0.1600, 0.0600, 0.0300]                 | 1.5539   | 0.8600  | 0.7622 
16    | 8           | [96, 97, 98, 99, 100, 101, 102, 103] | [0.0500, 0.0200, 0.3500, 0.0800, 0.2400, 0.0500, 0.1900, 0.0200] | 3.1475   | 0.8400  | 0.7794 
17    | 5           | [98, 99, 100, 101, 102]              | [0.0200, 0.2700, 0.4800, 0.1900, 0.0400]                         | 0.6984   | 0.5600  | 0.6653 
18    | 4           | [99, 100, 101, 102]                  | [0.0500, 0.2400, 0.5900, 0.1200]                                 | 0.5116   | 0.5600  | 0.5832 
19    | 5           | [98, 99, 100, 101, 102]              | [0.0400, 0.2100, 0.2300, 0.3100, 0.2100]                         | 1.3264   | 0.7000  | 0.7689 
20    | 6           | [96, 97, 98, 99, 100, 101]           | [0.0100, 0.0300, 0.1100, 0.4400, 0.3000, 0.1100]                 | 0.9576   | 0.8000  | 0.6982 
21    | 5           | [97, 98, 99, 100, 101]               | [0.0400, 0.4300, 0.3500, 0.1700, 0.0100]                         | 0.6976   | 0.6400  | 0.6687 

[Per-locus summary - Population 2]
Locus | Num_Alleles | Alleles                              | Frequencies                                                      | Variance | Obs_Het | Exp_Het
------+-------------+--------------------------------------+------------------------------------------------------------------+----------+---------+--------
1     | 5           | [98, 99, 100, 101, 102]              | [0.1100, 0.5700, 0.2800, 0.0300, 0.0100]                         | 0.5324   | 0.5400  | 0.5895 
2     | 7           | [98, 99, 100, 101, 102, 103, 104]    | [0.0200, 0.0700, 0.2200, 0.2300, 0.3100, 0.0600, 0.0900]         | 1.9616   | 0.7600  | 0.7935 
3     | 5           | [96, 99, 100, 101, 102]              | [0.0700, 0.1500, 0.4300, 0.2900, 0.0600]                         | 1.7996   | 0.7000  | 0.7071 
4     | 4           | [99, 100, 101, 102]                  | [0.3600, 0.4300, 0.0600, 0.1500]                                 | 1.0200   | 0.7000  | 0.6661 
5     | 6           | [98, 99, 100, 101, 102, 103]         | [0.1400, 0.5400, 0.1200, 0.1100, 0.0400, 0.0500]                 | 1.5896   | 0.5400  | 0.6649 
6     | 7           | [94, 95, 96, 97, 98, 99, 100]        | [0.0400, 0.1500, 0.0900, 0.0400, 0.0500, 0.5100, 0.1200]         | 3.3736   | 0.6600  | 0.6962 
7     | 6           | [95, 96, 97, 98, 99, 100]            | [0.0100, 0.0500, 0.3700, 0.1300, 0.3100, 0.1300]                 | 1.4851   | 0.6800  | 0.7380 
8     | 7           | [97, 98, 99, 100, 101, 102, 103]     | [0.0200, 0.1500, 0.2900, 0.2700, 0.1600, 0.0200, 0.0900]         | 2.0876   | 0.8000  | 0.7939 
9     | 5           | [99, 100, 101, 102, 103]             | [0.0100, 0.4200, 0.2900, 0.2500, 0.0300]                         | 0.8131   | 0.7400  | 0.6828 
10    | 5           | [98, 99, 100, 101, 103]              | [0.0300, 0.3000, 0.5500, 0.0600, 0.0600]                         | 1.0056   | 0.5200  | 0.6055 
11    | 8           | [95, 96, 97, 98, 100, 101, 102, 103] | [0.0200, 0.0800, 0.0800, 0.1500, 0.0400, 0.5100, 0.0700, 0.0500] | 4.3144   | 0.6800  | 0.7022 
12    | 5           | [98, 99, 100, 101, 102]              | [0.1000, 0.2800, 0.1600, 0.4400, 0.0200]                         | 1.2000   | 0.6400  | 0.6990 
13    | 4           | [100, 101, 102, 103]                 | [0.0800, 0.6100, 0.2500, 0.0600]                                 | 0.4859   | 0.6200  | 0.5610 
14    | 7           | [94, 95, 96, 97, 98, 99, 100]        | [0.0400, 0.0100, 0.2200, 0.0800, 0.3700, 0.2300, 0.0500]         | 1.9756   | 0.8400  | 0.7588 
15    | 6           | [98, 99, 100, 101, 102, 103]         | [0.0600, 0.3800, 0.2600, 0.2000, 0.0400, 0.0600]                 | 1.5184   | 0.7000  | 0.7467 
16    | 8           | [96, 97, 98, 99, 100, 101, 102, 103] | [0.0300, 0.0400, 0.2500, 0.1300, 0.2500, 0.0900, 0.2000, 0.0100] | 2.8275   | 0.7600  | 0.8156 
17    | 5           | [98, 99, 100, 101, 102]              | [0.0200, 0.2000, 0.5200, 0.1900, 0.0700]                         | 0.7419   | 0.7000  | 0.6548 
18    | 4           | [99, 100, 101, 102]                  | [0.0300, 0.2600, 0.5900, 0.1200]                                 | 0.4600   | 0.5400  | 0.5747 
19    | 6           | [98, 99, 100, 101, 102, 103]         | [0.0600, 0.2000, 0.1800, 0.2400, 0.3000, 0.0200]                 | 1.7236   | 0.8000  | 0.7838 
20    | 6           | [96, 97, 98, 99, 100, 101]           | [0.0200, 0.0900, 0.1500, 0.2800, 0.2600, 0.2000]                 | 1.6771   | 0.8400  | 0.7909 
21    | 5           | [97, 98, 99, 100, 101]               | [0.0300, 0.3500, 0.3900, 0.1500, 0.0800]                         | 0.9300   | 0.7400  | 0.7026 
