
[Simulation Info]
simulation_id = sim_0008197
timestamp     = 20250428_104448
seed          = 568838
output_folder = /home/lejeunet/Bureau/simulations/Ref_table/sim_0008197

[Model Parameters]
pop_size           = 1140
num_loci           = 20
sample1_generation = 30
sample2_generation = 10
low_repeats        = 1
high_repeats       = 200
mutation_rate      = 0.001
recap_Ne           = 1140

[Sampling Design]
sample1_size_Ne  = 50
sample2_size_Ne  = 50
sample1_size_CMR = 50
sample2_size_CMR = 50

[Capture-Marquage-Recapture]
census_N   =  1300
MatchCount =  2

[Ne Estimates - One Sample - Decreasing critical values [0.050, 0.020, 0.010, 0+]]

[Linkage Desequilibrium]
LD_Ne_Pop1 = [610.2, 634.7, 832.4, 832.4]
LD_r2_Pop1 = [0.02182, 0.021799, 0.021675, 0.021675]
LD_Ne_Pop2 = [2973.7, 817.2, 14484.6, 14484.6]
LD_r2_Pop2 = [0.021388, 0.021683, 0.021299, 0.021299]

[Heterozygote excess]
HE_Neb_mean_Pop1        = [None, None, None, None]
HE_weighted_D_mean_Pop1 = [-0.0107, -0.01148, -0.01133, -0.01133]
HE_Neb_mean_Pop2        = [38.4, 38.2, 39.5, 39.5]
HE_weighted_D_mean_Pop2 = [0.0132, 0.01326, 0.01283, 0.01283]

[Molecular Coancestry]
Coan_Neb_n_Pop1 = None
Coan_f1_Pop1    = -0.00066
Coan_Neb_n_Pop2 = 38.9
Coan_f1_Pop2    = 0.01287

[Ne Estimates - Temporal - Decreasing critical values (0.050, 0.020, 0.010, 0+)]

[Pollak]
P_Ne     = [1600.4, 1895.3, 1845.6, 2191.1]
P_Fk     = [0.02312, 0.02264, 0.02271, 0.02228]
P_Fprime = [0.00312, 0.00264, 0.00271, 0.00228]

[Nei/Tajima]
N_Ne     = [1869.0, 2231.5, 2166.3, 2555.7]
N_Fc     = [0.02268, 0.02224, 0.02231, 0.02196]
N_Fprime = [0.00268, 0.00224, 0.00231, 0.00196]

[Jorde/Ryman]
J_Ne     = [3782.8, 5808.5, 5912.6, 6207.6]
J_Fs     = [0.02142, 0.02096, 0.02095, 0.02091]
J_Fprime = [0.00132, 0.00086, 0.00085, 0.00081]

[Genetic Diversity - Heterozygosity]
mean_exp_het_pop1 = 0.7192
mean_obs_het_pop1 = 0.7095
mean_exp_het_pop2 = 0.7218
mean_obs_het_pop2 = 0.7324

[Genetic Diversity - Allele Counts]
mean_alleles_pop1 = 6.43
var_alleles_pop1  = 3.06
sum_alleles_pop1  = 135
mean_alleles_pop2 = 6.38
var_alleles_pop2  = 2.78
sum_alleles_pop2  = 268

[Genetic Diversity - Allelic Size Variance]
var_allele_size_pop1 = 4.328
var_allele_size_pop2 = 4.3484

[Per-locus summary - Population 1]
Locus | Num_Alleles | Alleles                                           | Frequencies                                                                              | Variance | Obs_Het | Exp_Het
------+-------------+---------------------------------------------------+------------------------------------------------------------------------------------------+----------+---------+--------
1     | 7           | [99, 100, 101, 102, 103, 104, 105]                | [0.1100, 0.3200, 0.0800, 0.2000, 0.2400, 0.0400, 0.0100]                                 | 2.3500   | 0.7800  | 0.7877 
2     | 9           | [96, 97, 98, 99, 100, 102, 103, 104, 105]         | [0.0600, 0.1500, 0.0600, 0.1200, 0.0100, 0.1000, 0.1500, 0.3200, 0.0300]                 | 8.9675   | 0.8600  | 0.8283 
3     | 5           | [94, 95, 96, 97, 98]                              | [0.0300, 0.0400, 0.5800, 0.3400, 0.0100]                                                 | 0.4724   | 0.5200  | 0.5509 
4     | 4           | [98, 99, 100, 101]                                | [0.4100, 0.2200, 0.3200, 0.0500]                                                         | 0.9299   | 0.7000  | 0.6855 
5     | 4           | [100, 101, 102, 103]                              | [0.0300, 0.1300, 0.5000, 0.3400]                                                         | 0.5675   | 0.6200  | 0.6228 
6     | 5           | [97, 98, 99, 100, 102]                            | [0.0100, 0.0600, 0.5900, 0.2600, 0.0800]                                                 | 0.9036   | 0.6000  | 0.5800 
7     | 7           | [98, 99, 100, 101, 102, 103, 104]                 | [0.0300, 0.1600, 0.2000, 0.1200, 0.1200, 0.2000, 0.1700]                                 | 3.3836   | 0.8400  | 0.8442 
8     | 7           | [89, 90, 91, 92, 93, 94, 95]                      | [0.4700, 0.0100, 0.0300, 0.0900, 0.0800, 0.3000, 0.0200]                                 | 5.2416   | 0.6600  | 0.6800 
9     | 7           | [96, 97, 98, 103, 104, 105, 106]                  | [0.0500, 0.1800, 0.3900, 0.0300, 0.0900, 0.2400, 0.0200]                                 | 12.3475  | 0.6800  | 0.7535 
10    | 6           | [90, 91, 93, 96, 97, 98]                          | [0.0500, 0.3100, 0.0400, 0.1600, 0.4200, 0.0200]                                         | 8.1299   | 0.7600  | 0.7044 
11    | 8           | [94, 95, 96, 97, 100, 101, 102, 103]              | [0.0100, 0.1900, 0.2600, 0.0700, 0.2500, 0.1400, 0.0700, 0.0100]                         | 6.6075   | 0.8600  | 0.8123 
12    | 8           | [93, 94, 95, 96, 100, 101, 102, 103]              | [0.0100, 0.0200, 0.2600, 0.1300, 0.0100, 0.2400, 0.2300, 0.1000]                         | 10.8299  | 0.7400  | 0.8024 
13    | 5           | [96, 97, 98, 99, 100]                             | [0.0500, 0.2000, 0.1200, 0.6200, 0.0100]                                                 | 0.9444   | 0.5400  | 0.5642 
14    | 8           | [97, 98, 99, 100, 101, 102, 103, 104]             | [0.0800, 0.2100, 0.1300, 0.1600, 0.2900, 0.0800, 0.0300, 0.0200]                         | 2.8611   | 0.9200  | 0.8234 
15    | 5           | [101, 102, 103, 104, 105]                         | [0.3600, 0.2400, 0.2000, 0.1700, 0.0300]                                                 | 1.4371   | 0.7800  | 0.7505 
16    | 5           | [97, 98, 99, 100, 101]                            | [0.0400, 0.1200, 0.1600, 0.5600, 0.1200]                                                 | 0.9600   | 0.5400  | 0.6368 
17    | 5           | [100, 102, 103, 104, 105]                         | [0.0100, 0.0600, 0.1200, 0.5000, 0.3100]                                                 | 0.8291   | 0.5800  | 0.6422 
18    | 6           | [99, 100, 101, 102, 103, 104]                     | [0.0200, 0.3800, 0.0500, 0.1000, 0.4300, 0.0200]                                         | 2.1000   | 0.7000  | 0.6640 
19    | 6           | [99, 100, 101, 102, 103, 104]                     | [0.0200, 0.3400, 0.1700, 0.2100, 0.2500, 0.0100]                                         | 1.5904   | 0.7200  | 0.7560 
20    | 11          | [92, 93, 94, 95, 96, 97, 101, 102, 103, 104, 105] | [0.0400, 0.0100, 0.1600, 0.0800, 0.1300, 0.0100, 0.0400, 0.1800, 0.3300, 0.0100, 0.0100] | 16.4476  | 0.8200  | 0.8143 
21    | 7           | [98, 99, 100, 101, 102, 103, 104]                 | [0.1800, 0.1100, 0.2500, 0.0400, 0.3000, 0.1000, 0.0200]                                 | 2.9875   | 0.6800  | 0.7990 

[Per-locus summary - Population 2]
Locus | Num_Alleles | Alleles                                  | Frequencies                                                              | Variance | Obs_Het | Exp_Het
------+-------------+------------------------------------------+--------------------------------------------------------------------------+----------+---------+--------
1     | 7           | [99, 100, 101, 102, 103, 104, 105]       | [0.1300, 0.2300, 0.1000, 0.2300, 0.2300, 0.0600, 0.0200]                 | 2.5484   | 0.8600  | 0.8186 
2     | 9           | [95, 96, 97, 98, 99, 102, 103, 104, 105] | [0.0300, 0.0900, 0.2100, 0.1200, 0.1000, 0.0300, 0.1300, 0.2600, 0.0300] | 10.8344  | 0.8600  | 0.8447 
3     | 3           | [95, 96, 97]                             | [0.0500, 0.7300, 0.2200]                                                 | 0.2411   | 0.4000  | 0.4204 
4     | 4           | [98, 99, 100, 101]                       | [0.3100, 0.2700, 0.4100, 0.0100]                                         | 0.7456   | 0.6200  | 0.6695 
5     | 4           | [100, 101, 102, 103]                     | [0.0400, 0.2100, 0.4700, 0.2800]                                         | 0.6499   | 0.5800  | 0.6616 
6     | 6           | [97, 98, 99, 100, 101, 102]              | [0.0100, 0.1000, 0.5200, 0.1700, 0.0200, 0.1800]                         | 1.6131   | 0.6200  | 0.6644 
7     | 7           | [98, 99, 100, 101, 102, 103, 104]        | [0.0100, 0.2000, 0.2200, 0.0800, 0.1400, 0.2300, 0.1200]                 | 3.1539   | 0.8800  | 0.8265 
8     | 7           | [89, 90, 91, 92, 93, 94, 95]             | [0.4500, 0.0400, 0.0600, 0.0900, 0.0200, 0.2800, 0.0600]                 | 5.4171   | 0.6800  | 0.7089 
9     | 7           | [96, 97, 98, 103, 104, 105, 106]         | [0.0700, 0.1500, 0.3300, 0.0600, 0.1600, 0.2100, 0.0200]                 | 12.5000  | 0.8400  | 0.7980 
10    | 7           | [90, 91, 93, 94, 96, 97, 98]             | [0.0500, 0.2900, 0.0300, 0.0100, 0.1000, 0.4900, 0.0300]                 | 8.2539   | 0.7000  | 0.6681 
11    | 8           | [94, 95, 96, 97, 100, 101, 102, 103]     | [0.0400, 0.1600, 0.3500, 0.0100, 0.2800, 0.1000, 0.0500, 0.0100]         | 6.5024   | 0.7000  | 0.7669 
12    | 6           | [94, 95, 96, 101, 102, 103]              | [0.0100, 0.3200, 0.1500, 0.1600, 0.2900, 0.0700]                         | 10.9939  | 0.7400  | 0.7681 
13    | 5           | [96, 97, 98, 99, 100]                    | [0.0600, 0.1900, 0.1800, 0.5500, 0.0200]                                 | 0.9816   | 0.6200  | 0.6313 
14    | 8           | [97, 98, 99, 100, 101, 102, 103, 104]    | [0.0200, 0.2600, 0.2100, 0.1000, 0.3100, 0.0500, 0.0200, 0.0300]         | 2.5600   | 0.8200  | 0.7859 
15    | 5           | [101, 102, 103, 104, 105]                | [0.3600, 0.2500, 0.1700, 0.2100, 0.0100]                                 | 1.3924   | 0.6800  | 0.7422 
16    | 6           | [97, 98, 99, 100, 101, 102]              | [0.0600, 0.0500, 0.1700, 0.4300, 0.2300, 0.0600]                         | 1.3700   | 0.7600  | 0.7309 
17    | 5           | [101, 102, 103, 104, 105]                | [0.0100, 0.0300, 0.1600, 0.5000, 0.3000]                                 | 0.6675   | 0.8200  | 0.6398 
18    | 6           | [99, 100, 101, 102, 103, 104]            | [0.0800, 0.4000, 0.0700, 0.0700, 0.3700, 0.0100]                         | 2.2816   | 0.8000  | 0.6937 
19    | 4           | [100, 101, 102, 103]                     | [0.3200, 0.2300, 0.2600, 0.1900]                                         | 1.2376   | 0.8200  | 0.7485 
20    | 8           | [92, 94, 95, 96, 101, 102, 103, 104]     | [0.0100, 0.1400, 0.1000, 0.1600, 0.0100, 0.2900, 0.2700, 0.0200]         | 14.3236  | 0.8200  | 0.7952 
21    | 6           | [98, 99, 100, 101, 102, 103]             | [0.2800, 0.1000, 0.2200, 0.0300, 0.3000, 0.0700]                         | 3.0476   | 0.7600  | 0.7752 
