
[Simulation Info]
simulation_id = sim_0005560
timestamp     = 20250428_093531
seed          = 488447
output_folder = /home/lejeunet/Bureau/simulations/Ref_table/sim_0005560

[Model Parameters]
pop_size           = 3765
num_loci           = 20
sample1_generation = 30
sample2_generation = 10
low_repeats        = 1
high_repeats       = 200
mutation_rate      = 0.001
recap_Ne           = 3765

[Sampling Design]
sample1_size_Ne  = 50
sample2_size_Ne  = 50
sample1_size_CMR = 50
sample2_size_CMR = 50

[Capture-Marquage-Recapture]
census_N   =  0
MatchCount =  0
# There were no match between sampling of individuals during CMR.

[Ne Estimates - One Sample - Decreasing critical values [0.050, 0.020, 0.010, 0+]]

[Linkage Desequilibrium]
LD_Ne_Pop1 = [None, 1692.7, 52263.0, 52263.0]
LD_r2_Pop1 = [0.021269, 0.021473, 0.021282, 0.021282]
LD_Ne_Pop2 = [None, 4747.1, 6437.0, 6437.0]
LD_r2_Pop2 = [0.02117, 0.021346, 0.021328, 0.021328]

[Heterozygote excess]
HE_Neb_mean_Pop1        = [None, 463.9, 1267.9, 1267.9]
HE_weighted_D_mean_Pop1 = [-0.00874, 0.00108, 0.00039, 0.00039]
HE_Neb_mean_Pop2        = [48.5, 79.9, 89.8, 89.8]
HE_weighted_D_mean_Pop2 = [0.01042, 0.0063, 0.0056, 0.0056]

[Molecular Coancestry]
Coan_Neb_n_Pop1 = 431.5
Coan_f1_Pop1    = 0.00116
Coan_Neb_n_Pop2 = 27.9
Coan_f1_Pop2    = 0.01795

[Ne Estimates - Temporal - Decreasing critical values (0.050, 0.020, 0.010, 0+)]

[Pollak]
P_Ne     = [3694.7, 3800.0, 9900.5, 7308.1]
P_Fk     = [0.02135, 0.02132, 0.02051, 0.02068]
P_Fprime = [0.00135, 0.00132, 0.00051, 0.00068]

[Nei/Tajima]
N_Ne     = [4198.6, 4260.4, 11481.1, 8337.6]
N_Fc     = [0.02119, 0.02117, 0.02044, 0.0206]
N_Fprime = [0.00119, 0.00117, 0.00044, 0.0006]

[Jorde/Ryman]
J_Ne     = [2088.3, 1836.9, 1892.3, 1876.3]
J_Fs     = [0.0225, 0.02282, 0.02274, 0.02277]
J_Fprime = [0.00239, 0.00272, 0.00264, 0.00266]

[Genetic Diversity - Heterozygosity]
mean_exp_het_pop1 = 0.834
mean_obs_het_pop1 = 0.8305
mean_exp_het_pop2 = 0.844
mean_obs_het_pop2 = 0.8543

[Genetic Diversity - Allele Counts]
mean_alleles_pop1 = 10.48
var_alleles_pop1  = 6.26
sum_alleles_pop1  = 220
mean_alleles_pop2 = 10.86
var_alleles_pop2  = 6.32
sum_alleles_pop2  = 456

[Genetic Diversity - Allelic Size Variance]
var_allele_size_pop1 = 12.09
var_allele_size_pop2 = 12.487

[Per-locus summary - Population 1]
Locus | Num_Alleles | Alleles                                                                | Frequencies                                                                                                              | Variance | Obs_Het | Exp_Het
------+-------------+------------------------------------------------------------------------+--------------------------------------------------------------------------------------------------------------------------+----------+---------+--------
1     | 8           | [96, 97, 98, 99, 100, 101, 102, 103]                                   | [0.0200, 0.0900, 0.2600, 0.1300, 0.1400, 0.0400, 0.2300, 0.0900]                                                         | 4.0171   | 0.8000  | 0.8331 
2     | 15          | [93, 95, 96, 97, 98, 99, 100, 101, 102, 103, 104, 105, 106, 107, 108]  | [0.0200, 0.0500, 0.0700, 0.0100, 0.0900, 0.0300, 0.1500, 0.1000, 0.0900, 0.0200, 0.0100, 0.0500, 0.2100, 0.0600, 0.0400] | 15.9816  | 0.8400  | 0.8992 
3     | 9           | [94, 96, 97, 98, 99, 100, 101, 102, 106]                               | [0.0100, 0.1500, 0.1200, 0.0700, 0.1200, 0.0600, 0.2800, 0.1100, 0.0800]                                                 | 7.7500   | 0.8200  | 0.8517 
4     | 9           | [95, 96, 97, 98, 99, 100, 103, 104, 105]                               | [0.0600, 0.1000, 0.5100, 0.1300, 0.0600, 0.0600, 0.0100, 0.0600, 0.0100]                                                 | 4.5971   | 0.6400  | 0.7055 
5     | 8           | [100, 101, 102, 103, 104, 105, 106, 107]                               | [0.0800, 0.1200, 0.2700, 0.1900, 0.1600, 0.0700, 0.0700, 0.0400]                                                         | 3.1736   | 0.9200  | 0.8416 
6     | 9           | [93, 94, 95, 96, 97, 98, 99, 100, 101]                                 | [0.0200, 0.0600, 0.1100, 0.1200, 0.4100, 0.0400, 0.0300, 0.1900, 0.0200]                                                 | 3.5875   | 0.7600  | 0.7701 
7     | 8           | [99, 100, 101, 102, 103, 108, 109, 110]                                | [0.1500, 0.3700, 0.2900, 0.0600, 0.0100, 0.0400, 0.0500, 0.0300]                                                         | 8.5304   | 0.7400  | 0.7553 
8     | 11          | [97, 98, 99, 101, 105, 106, 107, 108, 109, 110, 111]                   | [0.0300, 0.1400, 0.1100, 0.0200, 0.0100, 0.0200, 0.1600, 0.1600, 0.1000, 0.0700, 0.1800]                                 | 24.5139  | 0.9000  | 0.8768 
9     | 10          | [94, 95, 96, 97, 98, 99, 100, 101, 102, 103]                           | [0.0200, 0.0300, 0.1800, 0.0500, 0.1300, 0.1000, 0.0500, 0.1000, 0.2700, 0.0700]                                         | 6.8075   | 0.8200  | 0.8551 
10    | 12          | [92, 93, 94, 95, 96, 97, 98, 99, 100, 104, 105, 106]                   | [0.0100, 0.1500, 0.2200, 0.2000, 0.0600, 0.0100, 0.0300, 0.0200, 0.1200, 0.0100, 0.0900, 0.0800]                         | 19.3811  | 0.8200  | 0.8636 
11    | 7           | [97, 98, 99, 100, 101, 102, 103]                                       | [0.0200, 0.1700, 0.2700, 0.1400, 0.1700, 0.1300, 0.1000]                                                                 | 2.7164   | 0.8800  | 0.8307 
12    | 15          | [95, 96, 97, 98, 99, 103, 104, 105, 106, 107, 110, 111, 112, 113, 115] | [0.0600, 0.0200, 0.1100, 0.0200, 0.0100, 0.0500, 0.0100, 0.0200, 0.0700, 0.0200, 0.0600, 0.2800, 0.1800, 0.0800, 0.0100] | 38.3856  | 0.8400  | 0.8628 
13    | 9           | [95, 97, 98, 99, 100, 101, 102, 103, 105]                              | [0.0500, 0.0500, 0.1200, 0.0800, 0.1700, 0.3600, 0.0300, 0.0100, 0.1300]                                                 | 5.9356   | 0.8200  | 0.8059 
14    | 12          | [97, 98, 100, 101, 102, 107, 108, 109, 110, 111, 112, 113]             | [0.0600, 0.0800, 0.0400, 0.1500, 0.0100, 0.0100, 0.0400, 0.1400, 0.1700, 0.1700, 0.1000, 0.0300]                         | 28.3904  | 0.8800  | 0.8847 
15    | 13          | [88, 89, 90, 95, 96, 97, 98, 99, 100, 101, 102, 103, 104]              | [0.0100, 0.0800, 0.0200, 0.0500, 0.0600, 0.0400, 0.0200, 0.1500, 0.0900, 0.0900, 0.2500, 0.1300, 0.0100]                 | 17.3796  | 0.8400  | 0.8756 
16    | 14          | [97, 98, 99, 100, 101, 102, 103, 104, 107, 108, 109, 111, 112, 113]    | [0.0800, 0.1700, 0.0100, 0.2000, 0.0700, 0.1100, 0.1100, 0.0100, 0.0300, 0.0600, 0.0500, 0.0200, 0.0700, 0.0100]         | 20.8600  | 0.9200  | 0.8919 
17    | 10          | [98, 99, 100, 101, 102, 103, 104, 106, 107, 108]                       | [0.0100, 0.1300, 0.2800, 0.2700, 0.0300, 0.0100, 0.1000, 0.0200, 0.0800, 0.0700]                                         | 7.9475   | 0.8200  | 0.8172 
18    | 8           | [96, 97, 98, 99, 100, 104, 108, 109]                                   | [0.0200, 0.1700, 0.2300, 0.3800, 0.0300, 0.0400, 0.0300, 0.1000]                                                         | 13.7931  | 0.8200  | 0.7677 
19    | 10          | [98, 99, 100, 101, 102, 103, 104, 105, 107, 108]                       | [0.0600, 0.0700, 0.1000, 0.0600, 0.0300, 0.2500, 0.3100, 0.0100, 0.0700, 0.0400]                                         | 6.2116   | 0.8000  | 0.8200 
20    | 9           | [100, 101, 102, 103, 104, 105, 106, 107, 108]                          | [0.1100, 0.1000, 0.2400, 0.1100, 0.2400, 0.0500, 0.1200, 0.0100, 0.0200]                                                 | 3.8051   | 0.8800  | 0.8416 
21    | 14          | [91, 92, 93, 94, 96, 97, 98, 99, 100, 101, 102, 103, 104, 105]         | [0.0100, 0.0600, 0.0200, 0.0500, 0.0400, 0.0100, 0.1200, 0.0400, 0.2100, 0.1600, 0.2200, 0.0300, 0.0200, 0.0100]         | 10.1244  | 0.8800  | 0.8649 

[Per-locus summary - Population 2]
Locus | Num_Alleles | Alleles                                                                     | Frequencies                                                                                                                      | Variance | Obs_Het | Exp_Het
------+-------------+-----------------------------------------------------------------------------+----------------------------------------------------------------------------------------------------------------------------------+----------+---------+--------
1     | 8           | [96, 97, 98, 99, 100, 101, 102, 103]                                        | [0.0100, 0.0700, 0.2300, 0.1300, 0.1200, 0.0500, 0.2800, 0.1100]                                                                 | 3.9900   | 0.7800  | 0.8261 
2     | 13          | [93, 95, 96, 98, 99, 100, 101, 102, 103, 105, 106, 107, 108]                | [0.0100, 0.0400, 0.0300, 0.1700, 0.0700, 0.1400, 0.0900, 0.0900, 0.0100, 0.0300, 0.1900, 0.0800, 0.0500]                         | 14.9075  | 0.8800  | 0.8907 
3     | 11          | [94, 95, 96, 97, 98, 99, 100, 101, 102, 105, 106]                           | [0.0300, 0.0200, 0.1500, 0.0800, 0.1300, 0.1500, 0.0300, 0.1800, 0.1100, 0.0100, 0.1100]                                         | 10.0236  | 0.9200  | 0.8816 
4     | 9           | [95, 96, 97, 98, 99, 100, 103, 104, 105]                                    | [0.0500, 0.1500, 0.3700, 0.1700, 0.0400, 0.0400, 0.0300, 0.1300, 0.0200]                                                         | 7.8931   | 0.7800  | 0.7958 
5     | 8           | [100, 101, 102, 103, 104, 105, 106, 107]                                    | [0.0400, 0.2300, 0.1900, 0.2400, 0.1000, 0.0700, 0.0400, 0.0900]                                                                 | 3.6475   | 0.8000  | 0.8356 
6     | 9           | [93, 94, 95, 96, 97, 98, 99, 100, 101]                                      | [0.0200, 0.0400, 0.0400, 0.2000, 0.3400, 0.0600, 0.0200, 0.2700, 0.0100]                                                         | 3.5491   | 0.7800  | 0.7715 
7     | 9           | [98, 99, 100, 101, 102, 108, 109, 110, 112]                                 | [0.0300, 0.1500, 0.3200, 0.1900, 0.0800, 0.0500, 0.0900, 0.0400, 0.0500]                                                         | 16.9475  | 0.9000  | 0.8253 
8     | 12          | [97, 98, 99, 101, 105, 106, 107, 108, 109, 110, 111, 112]                   | [0.0200, 0.1300, 0.1000, 0.0300, 0.0200, 0.0100, 0.1800, 0.1200, 0.2000, 0.0900, 0.0900, 0.0100]                                 | 22.0800  | 0.9000  | 0.8770 
9     | 10          | [94, 95, 96, 97, 98, 99, 100, 101, 102, 103]                                | [0.0200, 0.0700, 0.1700, 0.0300, 0.0800, 0.0800, 0.0600, 0.1400, 0.2900, 0.0600]                                                 | 7.3636   | 0.8600  | 0.8497 
10    | 11          | [92, 93, 94, 95, 96, 99, 100, 104, 105, 106, 107]                           | [0.0500, 0.2500, 0.1300, 0.2000, 0.0700, 0.0300, 0.0500, 0.0600, 0.0300, 0.1200, 0.0100]                                         | 23.4364  | 0.8600  | 0.8594 
11    | 7           | [97, 98, 99, 100, 101, 102, 103]                                            | [0.0200, 0.1400, 0.2900, 0.1600, 0.1900, 0.0900, 0.1100]                                                                         | 2.5651   | 0.8400  | 0.8222 
12    | 16          | [95, 96, 97, 98, 99, 103, 104, 105, 106, 107, 110, 111, 112, 113, 114, 115] | [0.0600, 0.0700, 0.0400, 0.0100, 0.0100, 0.0300, 0.0200, 0.0100, 0.0900, 0.0800, 0.0600, 0.2600, 0.1700, 0.0600, 0.0100, 0.0200] | 36.1339  | 0.9400  | 0.8784 
13    | 9           | [95, 97, 98, 99, 100, 101, 102, 103, 105]                                   | [0.0800, 0.0300, 0.1100, 0.0800, 0.1600, 0.2500, 0.0600, 0.0500, 0.1800]                                                         | 7.8331   | 0.9600  | 0.8562 
14    | 13          | [97, 98, 99, 100, 101, 107, 108, 109, 110, 111, 112, 113, 114]              | [0.0400, 0.0500, 0.0200, 0.0200, 0.0800, 0.0200, 0.0800, 0.1100, 0.1500, 0.2800, 0.1000, 0.0400, 0.0100]                         | 22.8675  | 0.9400  | 0.8659 
15    | 12          | [89, 90, 95, 96, 97, 98, 99, 100, 101, 102, 103, 104]                       | [0.0900, 0.0700, 0.0600, 0.1400, 0.0100, 0.0300, 0.1900, 0.0700, 0.0400, 0.1900, 0.1000, 0.0100]                                 | 19.6051  | 0.8200  | 0.8828 
16    | 13          | [97, 98, 99, 100, 101, 102, 103, 107, 108, 109, 111, 112, 113]              | [0.0800, 0.0800, 0.0300, 0.2500, 0.0400, 0.0900, 0.1400, 0.0300, 0.1100, 0.0200, 0.0200, 0.0800, 0.0300]                         | 22.5675  | 0.9800  | 0.8822 
17    | 10          | [99, 100, 101, 102, 103, 104, 105, 106, 107, 108]                           | [0.1900, 0.1600, 0.2600, 0.0700, 0.0100, 0.1500, 0.0100, 0.0500, 0.0800, 0.0200]                                                 | 6.8219   | 0.8600  | 0.8422 
18    | 9           | [96, 97, 98, 99, 100, 104, 108, 109, 110]                                   | [0.0200, 0.1900, 0.2800, 0.4000, 0.0300, 0.0400, 0.0200, 0.0100, 0.0100]                                                         | 6.0700   | 0.6800  | 0.7293 
19    | 11          | [97, 98, 99, 100, 101, 102, 103, 104, 105, 107, 108]                        | [0.0200, 0.0800, 0.0600, 0.0600, 0.0600, 0.0300, 0.1900, 0.3000, 0.0300, 0.0700, 0.1000]                                         | 8.5275   | 0.8800  | 0.8481 
20    | 8           | [100, 101, 102, 103, 104, 105, 106, 107]                                    | [0.0900, 0.0600, 0.1800, 0.2200, 0.2700, 0.0400, 0.1100, 0.0300]                                                                 | 3.0771   | 0.7400  | 0.8283 
21    | 15          | [91, 92, 93, 94, 96, 97, 98, 99, 100, 101, 102, 103, 104, 105, 106]         | [0.0400, 0.0700, 0.0200, 0.0300, 0.0100, 0.0200, 0.1700, 0.0700, 0.2000, 0.2100, 0.0500, 0.0200, 0.0600, 0.0200, 0.0100]         | 12.3196  | 0.8400  | 0.8756 
