
[Simulation Info]
simulation_id = sim_0006257
timestamp     = 20250428_095150
seed          = 374842
output_folder = /home/lejeunet/Bureau/simulations/Ref_table/sim_0006257

[Model Parameters]
pop_size           = 1348
num_loci           = 20
sample1_generation = 30
sample2_generation = 10
low_repeats        = 1
high_repeats       = 200
mutation_rate      = 0.001
recap_Ne           = 1348

[Sampling Design]
sample1_size_Ne  = 50
sample2_size_Ne  = 50
sample1_size_CMR = 50
sample2_size_CMR = 50

[Capture-Marquage-Recapture]
census_N   =  2601
MatchCount =  1

[Ne Estimates - One Sample - Decreasing critical values [0.050, 0.020, 0.010, 0+]]

[Linkage Desequilibrium]
LD_Ne_Pop1 = [None, 4042.9, None, None]
LD_r2_Pop1 = [0.021241, 0.021358, 0.020942, 0.020942]
LD_Ne_Pop2 = [258.5, 473.4, 542.7, 542.7]
LD_r2_Pop2 = [0.022555, 0.021977, 0.021888, 0.021888]

[Heterozygote excess]
HE_Neb_mean_Pop1        = [47.7, 51.4, 54.3, 54.3]
HE_weighted_D_mean_Pop1 = [0.0106, 0.00982, 0.0093, 0.0093]
HE_Neb_mean_Pop2        = [116.4, 104.8, 119.8, 119.8]
HE_weighted_D_mean_Pop2 = [0.00432, 0.00479, 0.00419, 0.00419]

[Molecular Coancestry]
Coan_Neb_n_Pop1 = None
Coan_f1_Pop1    = -0.00976
Coan_Neb_n_Pop2 = None
Coan_f1_Pop2    = -0.01363

[Ne Estimates - Temporal - Decreasing critical values (0.050, 0.020, 0.010, 0+)]

[Pollak]
P_Ne     = [1378.6, 1453.7, 1862.0, 1829.7]
P_Fk     = [0.02363, 0.02344, 0.02269, 0.02273]
P_Fprime = [0.00363, 0.00344, 0.00269, 0.00273]

[Nei/Tajima]
N_Ne     = [1385.7, 1470.8, 1825.3, 1799.4]
N_Fc     = [0.02361, 0.0234, 0.02274, 0.02278]
N_Fprime = [0.00361, 0.0034, 0.00274, 0.00278]

[Jorde/Ryman]
J_Ne     = [990.2, 1005.1, 1016.3, 1013.8]
J_Fs     = [0.02516, 0.02508, 0.02503, 0.02504]
J_Fprime = [0.00505, 0.00497, 0.00492, 0.00493]

[Genetic Diversity - Heterozygosity]
mean_exp_het_pop1 = 0.7621
mean_obs_het_pop1 = 0.7705
mean_exp_het_pop2 = 0.7537
mean_obs_het_pop2 = 0.7495

[Genetic Diversity - Allele Counts]
mean_alleles_pop1 = 6.9
var_alleles_pop1  = 2.29
sum_alleles_pop1  = 145
mean_alleles_pop2 = 7.4
var_alleles_pop2  = 3.52
sum_alleles_pop2  = 311

[Genetic Diversity - Allelic Size Variance]
var_allele_size_pop1 = 4.8991
var_allele_size_pop2 = 5.0484

[Per-locus summary - Population 1]
Locus | Num_Alleles | Alleles                                         | Frequencies                                                                      | Variance | Obs_Het | Exp_Het
------+-------------+-------------------------------------------------+----------------------------------------------------------------------------------+----------+---------+--------
1     | 7           | [95, 96, 97, 98, 99, 100, 101]                  | [0.0800, 0.2600, 0.0200, 0.1800, 0.2700, 0.1100, 0.0800]                         | 3.2075   | 0.8400  | 0.8099 
2     | 10          | [97, 98, 99, 100, 101, 102, 103, 104, 105, 106] | [0.0300, 0.1800, 0.1800, 0.0400, 0.0500, 0.0700, 0.0100, 0.0100, 0.3700, 0.0600] | 9.7744   | 0.8600  | 0.7925 
3     | 7           | [97, 98, 99, 100, 101, 102, 103]                | [0.1500, 0.1500, 0.1700, 0.1600, 0.1900, 0.1500, 0.0300]                         | 3.0644   | 0.8200  | 0.8495 
4     | 6           | [92, 93, 94, 95, 96, 97]                        | [0.0200, 0.0100, 0.3900, 0.1500, 0.3900, 0.0400]                                 | 1.1600   | 0.6600  | 0.6780 
5     | 6           | [96, 97, 98, 99, 100, 101]                      | [0.0700, 0.1200, 0.1900, 0.0300, 0.5600, 0.0300]                                 | 1.9796   | 0.5800  | 0.6356 
6     | 7           | [96, 97, 98, 99, 100, 101, 102]                 | [0.0700, 0.1200, 0.0700, 0.0600, 0.1600, 0.3700, 0.1500]                         | 3.4811   | 0.7400  | 0.7952 
7     | 8           | [95, 96, 97, 100, 101, 102, 103, 104]           | [0.0100, 0.1200, 0.2200, 0.0100, 0.3000, 0.1200, 0.0600, 0.1600]                 | 8.0011   | 0.8400  | 0.8115 
8     | 8           | [98, 99, 100, 101, 102, 103, 104, 105]          | [0.0100, 0.0100, 0.0100, 0.1600, 0.3900, 0.2100, 0.1900, 0.0200]                 | 1.4400   | 0.7400  | 0.7489 
9     | 5           | [97, 98, 99, 100, 101]                          | [0.2000, 0.4300, 0.2700, 0.0800, 0.0200]                                         | 0.8859   | 0.7800  | 0.7024 
10    | 4           | [96, 97, 98, 99]                                | [0.1600, 0.3800, 0.4000, 0.0600]                                                 | 0.6704   | 0.6200  | 0.6731 
11    | 7           | [96, 97, 99, 100, 104, 105, 106]                | [0.0200, 0.3900, 0.2000, 0.0400, 0.0300, 0.2900, 0.0300]                         | 12.7500  | 0.8200  | 0.7273 
12    | 6           | [96, 97, 98, 99, 100, 101]                      | [0.0400, 0.0100, 0.1900, 0.2400, 0.3300, 0.1900]                                 | 1.5356   | 0.7600  | 0.7673 
13    | 9           | [92, 93, 94, 95, 96, 101, 102, 103, 104]        | [0.0300, 0.1700, 0.1800, 0.0400, 0.0600, 0.1600, 0.2400, 0.1100, 0.0100]         | 17.1964  | 0.8400  | 0.8457 
14    | 8           | [95, 96, 97, 101, 102, 103, 104, 106]           | [0.1500, 0.2400, 0.0200, 0.2000, 0.0100, 0.2600, 0.1000, 0.0200]                 | 12.6075  | 0.7600  | 0.8095 
15    | 5           | [101, 102, 103, 104, 105]                       | [0.0500, 0.6200, 0.2500, 0.0700, 0.0100]                                         | 0.5331   | 0.5000  | 0.5511 
16    | 9           | [99, 100, 101, 103, 104, 105, 106, 107, 108]    | [0.1200, 0.2200, 0.0800, 0.0100, 0.0600, 0.1500, 0.1800, 0.1400, 0.0400]         | 9.6104   | 0.9200  | 0.8596 
17    | 7           | [100, 101, 102, 103, 104, 105, 106]             | [0.0100, 0.1700, 0.1100, 0.0700, 0.2000, 0.2700, 0.1700]                         | 3.0971   | 0.8200  | 0.8204 
18    | 6           | [97, 98, 99, 100, 101, 102]                     | [0.0400, 0.2100, 0.1000, 0.2400, 0.3800, 0.0300]                                 | 1.7600   | 0.7600  | 0.7489 
19    | 8           | [100, 101, 102, 103, 104, 105, 106, 107]        | [0.0500, 0.2500, 0.0200, 0.1900, 0.2800, 0.1800, 0.0100, 0.0200]                 | 2.8736   | 0.8200  | 0.7952 
20    | 5           | [100, 101, 102, 103, 104]                       | [0.1200, 0.2500, 0.3300, 0.1300, 0.1700]                                         | 1.5396   | 0.8000  | 0.7762 
21    | 7           | [90, 91, 94, 95, 96, 97, 98]                    | [0.1000, 0.0100, 0.1600, 0.0500, 0.2500, 0.1500, 0.2800]                         | 5.7139   | 0.9000  | 0.8065 

[Per-locus summary - Population 2]
Locus | Num_Alleles | Alleles                                             | Frequencies                                                                              | Variance | Obs_Het | Exp_Het
------+-------------+-----------------------------------------------------+------------------------------------------------------------------------------------------+----------+---------+--------
1     | 7           | [95, 96, 97, 98, 99, 100, 101]                      | [0.1600, 0.2100, 0.0400, 0.1400, 0.3200, 0.1000, 0.0300]                                 | 3.2011   | 0.8400  | 0.8038 
2     | 10          | [97, 98, 99, 100, 101, 102, 104, 105, 106, 107]     | [0.0200, 0.2300, 0.0900, 0.0600, 0.0400, 0.0400, 0.0400, 0.4200, 0.0500, 0.0100]         | 10.2404  | 0.7400  | 0.7588 
3     | 8           | [96, 97, 98, 99, 100, 101, 102, 103]                | [0.0100, 0.0900, 0.2600, 0.1600, 0.1100, 0.2000, 0.1500, 0.0200]                         | 2.9651   | 0.8600  | 0.8319 
4     | 6           | [92, 93, 94, 95, 96, 97]                            | [0.0300, 0.0100, 0.3500, 0.1300, 0.4000, 0.0800]                                         | 1.3700   | 0.5800  | 0.7002 
5     | 6           | [96, 97, 98, 99, 100, 101]                          | [0.0900, 0.1400, 0.2700, 0.0100, 0.4600, 0.0300]                                         | 2.1300   | 0.7400  | 0.6937 
6     | 7           | [96, 97, 98, 99, 100, 101, 102]                     | [0.1200, 0.1600, 0.0700, 0.0300, 0.1800, 0.2900, 0.1500]                                 | 4.2684   | 0.8200  | 0.8234 
7     | 8           | [95, 96, 97, 98, 101, 102, 103, 104]                | [0.0200, 0.0900, 0.3100, 0.0100, 0.3400, 0.0500, 0.0500, 0.1300]                         | 7.7500   | 0.7600  | 0.7654 
8     | 7           | [99, 100, 101, 102, 103, 104, 105]                  | [0.0200, 0.0100, 0.1400, 0.4300, 0.0800, 0.2900, 0.0300]                                 | 1.5891   | 0.6800  | 0.7107 
9     | 5           | [97, 98, 99, 100, 101]                              | [0.1000, 0.6200, 0.1900, 0.0500, 0.0400]                                                 | 0.7539   | 0.5400  | 0.5711 
10    | 5           | [95, 96, 97, 98, 99]                                | [0.0200, 0.1200, 0.3500, 0.4300, 0.0800]                                                 | 0.7651   | 0.7400  | 0.6782 
11    | 10          | [95, 96, 97, 98, 99, 100, 101, 104, 105, 106]       | [0.0500, 0.0200, 0.2400, 0.0200, 0.1800, 0.0100, 0.0100, 0.0500, 0.3800, 0.0400]         | 14.5736  | 0.7600  | 0.7657 
12    | 8           | [95, 96, 97, 98, 99, 100, 101, 102]                 | [0.0100, 0.0900, 0.0200, 0.2300, 0.2200, 0.2500, 0.1700, 0.0100]                         | 2.2984   | 0.7800  | 0.8067 
13    | 10          | [92, 93, 94, 95, 96, 100, 101, 102, 103, 104]       | [0.0200, 0.1000, 0.2300, 0.0300, 0.0400, 0.0200, 0.2100, 0.2200, 0.1200, 0.0100]         | 15.9300  | 0.9000  | 0.8351 
14    | 11          | [94, 95, 96, 97, 100, 101, 102, 103, 104, 105, 106] | [0.0100, 0.2100, 0.0900, 0.0100, 0.0100, 0.2200, 0.0100, 0.2400, 0.1300, 0.0200, 0.0500] | 13.7956  | 0.7800  | 0.8299 
15    | 4           | [102, 103, 104, 105]                                | [0.5800, 0.3300, 0.0600, 0.0300]                                                         | 0.5484   | 0.5600  | 0.5558 
16    | 8           | [99, 100, 101, 104, 105, 106, 107, 108]             | [0.0800, 0.2800, 0.0800, 0.1200, 0.1400, 0.1900, 0.0900, 0.0200]                         | 8.4379   | 0.8400  | 0.8386 
17    | 6           | [101, 102, 103, 104, 105, 106]                      | [0.1500, 0.1600, 0.1600, 0.1300, 0.2500, 0.1500]                                         | 2.8556   | 0.6400  | 0.8327 
18    | 5           | [98, 99, 100, 101, 102]                             | [0.1800, 0.2300, 0.1300, 0.4500, 0.0100]                                                 | 1.4256   | 0.7200  | 0.7022 
19    | 7           | [100, 101, 102, 103, 104, 105, 107]                 | [0.0300, 0.2700, 0.0100, 0.1000, 0.2500, 0.2900, 0.0500]                                 | 3.4179   | 0.8000  | 0.7748 
20    | 6           | [100, 101, 102, 103, 104, 105]                      | [0.1200, 0.2200, 0.4100, 0.1500, 0.0900, 0.0100]                                         | 1.2900   | 0.7600  | 0.7459 
21    | 7           | [90, 94, 95, 96, 97, 98, 99]                        | [0.1300, 0.0900, 0.0800, 0.2700, 0.1300, 0.2900, 0.0100]                                 | 6.4100   | 0.9000  | 0.8026 
