
[Simulation Info]
simulation_id = sim_0008975
timestamp     = 20250428_110658
seed          = 131211
output_folder = /home/lejeunet/Bureau/simulations/Ref_table/sim_0008975

[Model Parameters]
pop_size           = 3285
num_loci           = 20
sample1_generation = 30
sample2_generation = 10
low_repeats        = 1
high_repeats       = 200
mutation_rate      = 0.001
recap_Ne           = 3285

[Sampling Design]
sample1_size_Ne  = 50
sample2_size_Ne  = 50
sample1_size_CMR = 50
sample2_size_CMR = 50

[Capture-Marquage-Recapture]
census_N   =  1300
MatchCount =  2

[Ne Estimates - One Sample - Decreasing critical values [0.050, 0.020, 0.010, 0+]]

[Linkage Desequilibrium]
LD_Ne_Pop1 = [1667.7, 1365.2, 5004.9, 5004.9]
LD_r2_Pop1 = [0.021476, 0.02152, 0.021343, 0.021343]
LD_Ne_Pop2 = [None, None, None, None]
LD_r2_Pop2 = [0.02091, 0.020909, 0.020813, 0.020813]

[Heterozygote excess]
HE_Neb_mean_Pop1        = [None, None, None, None]
HE_weighted_D_mean_Pop1 = [-0.00627, -0.00147, -0.00148, -0.00148]
HE_Neb_mean_Pop2        = [None, None, None, None]
HE_weighted_D_mean_Pop2 = [-0.01025, -0.00754, -0.00733, -0.00733]

[Molecular Coancestry]
Coan_Neb_n_Pop1 = None
Coan_f1_Pop1    = -0.00048
Coan_Neb_n_Pop2 = None
Coan_f1_Pop2    = -0.00739

[Ne Estimates - Temporal - Decreasing critical values (0.050, 0.020, 0.010, 0+)]

[Pollak]
P_Ne     = [1534.1, 1176.2, 1327.5, 1396.3]
P_Fk     = [0.02326, 0.02425, 0.02377, 0.02358]
P_Fprime = [0.00326, 0.00425, 0.00377, 0.00358]

[Nei/Tajima]
N_Ne     = [1666.0, 1290.2, 1441.3, 1509.9]
N_Fc     = [0.023, 0.02388, 0.02347, 0.02331]
N_Fprime = [0.003, 0.00388, 0.00347, 0.00331]

[Jorde/Ryman]
J_Ne     = [1450.8, 1299.3, 1329.9, 1334.3]
J_Fs     = [0.02355, 0.02395, 0.02386, 0.02385]
J_Fprime = [0.00345, 0.00385, 0.00376, 0.00375]

[Genetic Diversity - Heterozygosity]
mean_exp_het_pop1 = 0.7661
mean_obs_het_pop1 = 0.7752
mean_exp_het_pop2 = 0.7702
mean_obs_het_pop2 = 0.7676

[Genetic Diversity - Allele Counts]
mean_alleles_pop1 = 6.76
var_alleles_pop1  = 1.39
sum_alleles_pop1  = 142
mean_alleles_pop2 = 6.9
var_alleles_pop2  = 1.31
sum_alleles_pop2  = 290

[Genetic Diversity - Allelic Size Variance]
var_allele_size_pop1 = 2.2373
var_allele_size_pop2 = 2.1796

[Per-locus summary - Population 1]
Locus | Num_Alleles | Alleles                                     | Frequencies                                                              | Variance | Obs_Het | Exp_Het
------+-------------+---------------------------------------------+--------------------------------------------------------------------------+----------+---------+--------
1     | 7           | [96, 97, 98, 99, 100, 101, 102]             | [0.0300, 0.0100, 0.1300, 0.2900, 0.2400, 0.1800, 0.1200]                 | 1.9616   | 0.8600  | 0.8016 
2     | 7           | [98, 99, 100, 101, 102, 103, 104]           | [0.0100, 0.2100, 0.4000, 0.1300, 0.0700, 0.0900, 0.0900]                 | 2.4611   | 0.8200  | 0.7654 
3     | 8           | [97, 98, 99, 100, 101, 102, 103, 104]       | [0.0100, 0.2200, 0.2600, 0.0400, 0.0700, 0.1400, 0.2100, 0.0500]         | 4.3475   | 0.8200  | 0.8194 
4     | 5           | [98, 99, 100, 101, 102]                     | [0.0600, 0.3900, 0.2400, 0.1100, 0.2000]                                 | 1.5400   | 0.8400  | 0.7420 
5     | 9           | [98, 99, 100, 101, 102, 103, 104, 105, 106] | [0.0100, 0.0500, 0.1200, 0.2600, 0.1700, 0.1500, 0.0800, 0.1400, 0.0200] | 3.3856   | 0.8000  | 0.8461 
6     | 7           | [97, 98, 99, 100, 101, 102, 103]            | [0.0100, 0.0900, 0.2000, 0.3700, 0.3100, 0.0100, 0.0100]                 | 1.0875   | 0.7600  | 0.7259 
7     | 7           | [98, 99, 100, 101, 102, 103, 104]           | [0.0200, 0.3100, 0.1100, 0.1500, 0.1800, 0.2200, 0.0100]                 | 2.6604   | 0.7800  | 0.7960 
8     | 6           | [96, 97, 98, 99, 100, 101]                  | [0.1100, 0.3700, 0.1800, 0.1100, 0.1900, 0.0400]                         | 2.0396   | 0.8000  | 0.7766 
9     | 6           | [97, 99, 100, 101, 102, 103]                | [0.0300, 0.0500, 0.2600, 0.3600, 0.1000, 0.2000]                         | 1.8396   | 0.7800  | 0.7570 
10    | 8           | [95, 96, 97, 98, 99, 100, 101, 102]         | [0.0100, 0.0800, 0.1200, 0.2200, 0.2600, 0.1700, 0.0200, 0.1200]         | 2.8811   | 0.8600  | 0.8277 
11    | 5           | [97, 98, 99, 100, 101]                      | [0.0300, 0.1900, 0.5200, 0.1500, 0.1100]                                 | 0.8856   | 0.7600  | 0.6646 
12    | 5           | [97, 98, 99, 100, 102]                      | [0.1200, 0.1100, 0.5900, 0.1200, 0.0600]                                 | 1.2475   | 0.6200  | 0.6135 
13    | 7           | [98, 99, 100, 101, 102, 103, 104]           | [0.0300, 0.2600, 0.2400, 0.2100, 0.1600, 0.0600, 0.0400]                 | 2.1075   | 0.7400  | 0.8071 
14    | 6           | [97, 98, 99, 100, 101, 102]                 | [0.0900, 0.2500, 0.3800, 0.1400, 0.0700, 0.0700]                         | 1.6564   | 0.8200  | 0.7632 
15    | 7           | [96, 97, 99, 100, 101, 102, 103]            | [0.0900, 0.0800, 0.1500, 0.3500, 0.1600, 0.1600, 0.0100]                 | 3.1424   | 0.7600  | 0.7972 
16    | 8           | [94, 95, 97, 98, 99, 100, 101, 102]         | [0.0300, 0.0500, 0.0300, 0.0500, 0.2000, 0.4000, 0.1800, 0.0600]         | 3.1496   | 0.8000  | 0.7649 
17    | 6           | [97, 98, 99, 100, 101, 102]                 | [0.1100, 0.2200, 0.1100, 0.3100, 0.1500, 0.1000]                         | 2.2491   | 0.6800  | 0.8069 
18    | 6           | [99, 100, 101, 102, 103, 104]               | [0.0300, 0.4400, 0.1000, 0.2500, 0.1400, 0.0400]                         | 1.7075   | 0.6800  | 0.7190 
19    | 6           | [97, 98, 99, 100, 101, 102]                 | [0.0200, 0.1400, 0.1000, 0.5000, 0.2200, 0.0200]                         | 1.1076   | 0.6600  | 0.6780 
20    | 7           | [97, 98, 99, 100, 101, 102, 103]            | [0.0100, 0.2400, 0.3700, 0.1400, 0.1500, 0.0500, 0.0400]                 | 1.8699   | 0.7800  | 0.7669 
21    | 9           | [96, 98, 99, 100, 101, 102, 103, 104, 105]  | [0.0300, 0.0200, 0.1000, 0.1600, 0.2200, 0.1800, 0.1100, 0.1700, 0.0100] | 3.6556   | 0.8600  | 0.8497 

[Per-locus summary - Population 2]
Locus | Num_Alleles | Alleles                                    | Frequencies                                                              | Variance | Obs_Het | Exp_Het
------+-------------+--------------------------------------------+--------------------------------------------------------------------------+----------+---------+--------
1     | 5           | [98, 99, 100, 101, 102]                    | [0.1000, 0.2900, 0.4300, 0.1200, 0.0600]                                 | 0.9875   | 0.6200  | 0.7101 
2     | 9           | [97, 98, 99, 100, 101, 102, 103, 104, 105] | [0.0100, 0.0200, 0.1900, 0.4200, 0.1300, 0.1100, 0.0200, 0.0900, 0.0100] | 2.4864   | 0.8000  | 0.7570 
3     | 8           | [97, 98, 99, 100, 101, 102, 103, 104]      | [0.0400, 0.2400, 0.2100, 0.0800, 0.0900, 0.1400, 0.1200, 0.0800]         | 4.4824   | 0.7600  | 0.8503 
4     | 5           | [98, 99, 100, 101, 102]                    | [0.0700, 0.3700, 0.1600, 0.2100, 0.1900]                                 | 1.6136   | 0.7400  | 0.7600 
5     | 8           | [99, 100, 101, 102, 103, 104, 105, 106]    | [0.0200, 0.1000, 0.3000, 0.1900, 0.1000, 0.0800, 0.1700, 0.0400]         | 3.3331   | 0.8400  | 0.8248 
6     | 6           | [97, 98, 99, 100, 101, 102]                | [0.0100, 0.1100, 0.2000, 0.4000, 0.2500, 0.0300]                         | 1.0804   | 0.7000  | 0.7317 
7     | 7           | [98, 99, 100, 101, 102, 103, 104]          | [0.0300, 0.3800, 0.1700, 0.0900, 0.1700, 0.1300, 0.0300]                 | 2.6700   | 0.7800  | 0.7788 
8     | 6           | [96, 97, 98, 99, 100, 101]                 | [0.1100, 0.3100, 0.1800, 0.1100, 0.2600, 0.0300]                         | 2.1339   | 0.7800  | 0.7867 
9     | 7           | [97, 98, 99, 100, 101, 102, 103]           | [0.0100, 0.0100, 0.0800, 0.3600, 0.3200, 0.1200, 0.1000]                 | 1.3771   | 0.8400  | 0.7444 
10    | 7           | [95, 96, 97, 98, 99, 100, 102]             | [0.0800, 0.0400, 0.1900, 0.2000, 0.2300, 0.1100, 0.1500]                 | 3.8484   | 0.8400  | 0.8368 
11    | 5           | [97, 98, 99, 100, 101]                     | [0.1100, 0.1600, 0.3900, 0.1900, 0.1500]                                 | 1.3779   | 0.7400  | 0.7592 
12    | 7           | [96, 97, 98, 99, 100, 101, 102]            | [0.0100, 0.1200, 0.1000, 0.5500, 0.1300, 0.0200, 0.0700]                 | 1.5099   | 0.6400  | 0.6574 
13    | 7           | [98, 99, 100, 101, 102, 103, 104]          | [0.0500, 0.2100, 0.3000, 0.2000, 0.1100, 0.1000, 0.0300]                 | 2.1491   | 0.8000  | 0.8085 
14    | 7           | [97, 98, 99, 100, 101, 102, 103]           | [0.0200, 0.1800, 0.4600, 0.1900, 0.1100, 0.0300, 0.0100]                 | 1.2176   | 0.7000  | 0.7135 
15    | 7           | [96, 97, 99, 100, 101, 102, 103]           | [0.0800, 0.0900, 0.1200, 0.3800, 0.1400, 0.1600, 0.0300]                 | 3.2344   | 0.8200  | 0.7885 
16    | 8           | [95, 97, 98, 99, 100, 101, 102, 103]       | [0.0500, 0.0100, 0.1400, 0.2400, 0.3000, 0.2000, 0.0500, 0.0100]         | 2.4091   | 0.9000  | 0.7956 
17    | 6           | [97, 98, 99, 100, 101, 102]                | [0.0800, 0.2800, 0.1100, 0.2100, 0.1900, 0.1300]                         | 2.4484   | 0.8000  | 0.8141 
18    | 6           | [99, 100, 101, 102, 103, 104]              | [0.0100, 0.3700, 0.1600, 0.2300, 0.1800, 0.0500]                         | 1.6875   | 0.8400  | 0.7572 
19    | 6           | [97, 98, 99, 100, 101, 102]                | [0.0300, 0.0800, 0.1300, 0.4300, 0.2800, 0.0500]                         | 1.2000   | 0.7600  | 0.7172 
20    | 7           | [97, 98, 99, 100, 101, 102, 103]           | [0.0300, 0.2400, 0.2600, 0.2500, 0.0800, 0.0600, 0.0800]                 | 2.3779   | 0.7000  | 0.8030 
21    | 7           | [98, 99, 100, 101, 102, 103, 104]          | [0.0600, 0.0900, 0.1900, 0.3900, 0.0900, 0.1300, 0.0500]                 | 2.1475   | 0.7200  | 0.7804 
