
[Simulation Info]
simulation_id = sim_0001184
timestamp     = 20250428_075712
seed          = 682950
output_folder = /home/lejeunet/Bureau/simulations/Ref_table/sim_0001184

[Model Parameters]
pop_size           = 932
num_loci           = 20
sample1_generation = 30
sample2_generation = 10
low_repeats        = 1
high_repeats       = 200
mutation_rate      = 0.001
recap_Ne           = 932

[Sampling Design]
sample1_size_Ne  = 50
sample2_size_Ne  = 50
sample1_size_CMR = 50
sample2_size_CMR = 50

[Capture-Marquage-Recapture]
census_N   =  867
MatchCount =  3

[Ne Estimates - One Sample - Decreasing critical values [0.050, 0.020, 0.010, 0+]]

[Linkage Desequilibrium]
LD_Ne_Pop1 = [14872.5, None, None, None]
LD_r2_Pop1 = [0.021298, 0.020935, 0.020763, 0.020763]
LD_Ne_Pop2 = [854.0, 1819.2, 1063.6, 1063.6]
LD_r2_Pop2 = [0.021665, 0.021459, 0.021589, 0.021589]

[Heterozygote excess]
HE_Neb_mean_Pop1        = [None, None, None, None]
HE_weighted_D_mean_Pop1 = [-0.00541, -0.00325, -0.00362, -0.00362]
HE_Neb_mean_Pop2        = [23.9, 28.6, 29.4, 29.4]
HE_weighted_D_mean_Pop2 = [0.02133, 0.0178, 0.0173, 0.0173]

[Molecular Coancestry]
Coan_Neb_n_Pop1 = None
Coan_f1_Pop1    = -0.00603
Coan_Neb_n_Pop2 = 64.0
Coan_f1_Pop2    = 0.00781

[Ne Estimates - Temporal - Decreasing critical values (0.050, 0.020, 0.010, 0+)]

[Pollak]
P_Ne     = [57161.5, -11366.7, 8366.0, 5011.5]
P_Fk     = [0.02009, 0.01956, 0.0206, 0.021]
P_Fprime = [9e-05, -0.00044, 0.0006, 0.001]

[Nei/Tajima]
N_Ne     = [-6476.8, -4368.8, -19277.1, 59521.1]
N_Fc     = [0.01923, 0.01886, 0.01974, 0.02008]
N_Fprime = [-0.00077, -0.00114, -0.00026, 8e-05]

[Jorde/Ryman]
J_Ne     = [-2245.9, -2326.8, -2490.3, -2526.9]
J_Fs     = [0.01788, 0.01795, 0.01809, 0.01812]
J_Fprime = [-0.00223, -0.00215, -0.00201, -0.00198]

[Genetic Diversity - Heterozygosity]
mean_exp_het_pop1 = 0.6582
mean_obs_het_pop1 = 0.6619
mean_exp_het_pop2 = 0.6534
mean_obs_het_pop2 = 0.6676

[Genetic Diversity - Allele Counts]
mean_alleles_pop1 = 5.33
var_alleles_pop1  = 2.33
sum_alleles_pop1  = 112
mean_alleles_pop2 = 5.4
var_alleles_pop2  = 1.95
sum_alleles_pop2  = 227

[Genetic Diversity - Allelic Size Variance]
var_allele_size_pop1 = 1.421
var_allele_size_pop2 = 1.4515

[Per-locus summary - Population 1]
Locus | Num_Alleles | Alleles                                 | Frequencies                                                      | Variance | Obs_Het | Exp_Het
------+-------------+-----------------------------------------+------------------------------------------------------------------+----------+---------+--------
1     | 6           | [98, 99, 100, 101, 103, 104]            | [0.0900, 0.2000, 0.4700, 0.0800, 0.1500, 0.0100]                 | 2.1139   | 0.7200  | 0.7091 
2     | 5           | [98, 99, 100, 101, 102]                 | [0.0100, 0.4100, 0.2500, 0.3200, 0.0100]                         | 0.8019   | 0.7200  | 0.6735 
3     | 5           | [96, 98, 99, 100, 101]                  | [0.0100, 0.3900, 0.2900, 0.2300, 0.0800]                         | 1.0291   | 0.7800  | 0.7115 
4     | 5           | [100, 101, 102, 103, 104]               | [0.0300, 0.1400, 0.3900, 0.2700, 0.1700]                         | 1.0419   | 0.7200  | 0.7329 
5     | 4           | [95, 96, 97, 98]                        | [0.1000, 0.5400, 0.3500, 0.0100]                                 | 0.4171   | 0.6000  | 0.5816 
6     | 2           | [100, 101]                              | [0.8400, 0.1600]                                                 | 0.1344   | 0.2800  | 0.2715 
7     | 4           | [96, 97, 98, 99]                        | [0.2300, 0.2300, 0.4400, 0.1000]                                 | 0.9019   | 0.7600  | 0.6976 
8     | 7           | [95, 96, 97, 98, 99, 101, 102]          | [0.0100, 0.0500, 0.5500, 0.1800, 0.0100, 0.1500, 0.0500]         | 2.9996   | 0.5800  | 0.6438 
9     | 8           | [99, 100, 101, 102, 103, 104, 105, 106] | [0.0100, 0.1000, 0.1600, 0.2200, 0.1600, 0.0300, 0.3100, 0.0100] | 3.2400   | 0.7000  | 0.8012 
10    | 3           | [100, 101, 102]                         | [0.0800, 0.6600, 0.2600]                                         | 0.3076   | 0.5200  | 0.4954 
11    | 5           | [98, 99, 100, 101, 102]                 | [0.0500, 0.2700, 0.4700, 0.1400, 0.0700]                         | 0.8819   | 0.6200  | 0.6861 
12    | 6           | [97, 98, 99, 100, 101, 102]             | [0.0100, 0.0300, 0.3600, 0.3700, 0.1200, 0.1100]                 | 1.1179   | 0.7400  | 0.7131 
13    | 7           | [97, 98, 99, 100, 101, 102, 103]        | [0.0100, 0.0800, 0.1000, 0.1200, 0.3400, 0.2700, 0.0800]         | 1.9611   | 0.8400  | 0.7820 
14    | 6           | [98, 99, 100, 101, 102, 103]            | [0.1000, 0.1500, 0.3000, 0.2900, 0.0700, 0.0900]                 | 1.8075   | 0.6200  | 0.7883 
15    | 4           | [100, 101, 102, 103]                    | [0.2900, 0.3200, 0.3600, 0.0300]                                 | 0.7531   | 0.7000  | 0.6899 
16    | 4           | [99, 100, 101, 102]                     | [0.1300, 0.2500, 0.5600, 0.0600]                                 | 0.6275   | 0.6800  | 0.6095 
17    | 6           | [96, 97, 99, 100, 101, 102]             | [0.0100, 0.0900, 0.0800, 0.6300, 0.1100, 0.0800]                 | 1.4656   | 0.6000  | 0.5758 
18    | 6           | [99, 100, 101, 102, 103, 104]           | [0.0700, 0.2500, 0.3400, 0.1200, 0.2100, 0.0100]                 | 1.5476   | 0.7400  | 0.7661 
19    | 8           | [97, 98, 99, 100, 102, 103, 104, 105]   | [0.0100, 0.1300, 0.5600, 0.0300, 0.0200, 0.2300, 0.0100, 0.0100] | 3.7291   | 0.6200  | 0.6212 
20    | 6           | [97, 98, 99, 100, 101, 102]             | [0.3200, 0.3900, 0.2000, 0.0300, 0.0400, 0.0200]                 | 1.3004   | 0.7600  | 0.7097 
21    | 5           | [97, 98, 101, 102, 103]                 | [0.0300, 0.0700, 0.3000, 0.5900, 0.0100]                         | 1.6616   | 0.6000  | 0.5616 

[Per-locus summary - Population 2]
Locus | Num_Alleles | Alleles                            | Frequencies                                              | Variance | Obs_Het | Exp_Het
------+-------------+------------------------------------+----------------------------------------------------------+----------+---------+--------
1     | 6           | [98, 99, 100, 101, 102, 103]       | [0.0900, 0.1300, 0.5500, 0.1000, 0.0200, 0.1100]         | 1.6344   | 0.7000  | 0.6566 
2     | 5           | [99, 100, 101, 102, 103]           | [0.3700, 0.2700, 0.2900, 0.0600, 0.0100]                 | 0.9851   | 0.6800  | 0.7095 
3     | 5           | [96, 98, 99, 100, 101]             | [0.0100, 0.3300, 0.3300, 0.3100, 0.0200]                 | 0.8099   | 0.6200  | 0.6925 
4     | 5           | [100, 101, 102, 103, 104]          | [0.0500, 0.1400, 0.3400, 0.2300, 0.2400]                 | 1.3091   | 0.8000  | 0.7594 
5     | 4           | [95, 96, 97, 98]                   | [0.0700, 0.5800, 0.3200, 0.0300]                         | 0.4139   | 0.5800  | 0.5610 
6     | 3           | [99, 100, 101]                     | [0.0400, 0.8500, 0.1100]                                 | 0.1451   | 0.3000  | 0.2665 
7     | 4           | [96, 97, 98, 99]                   | [0.2000, 0.2800, 0.4700, 0.0500]                         | 0.7331   | 0.6800  | 0.6649 
8     | 7           | [95, 96, 97, 98, 99, 101, 102]     | [0.0500, 0.0500, 0.4400, 0.2400, 0.0200, 0.1700, 0.0300] | 3.1184   | 0.8000  | 0.7208 
9     | 7           | [99, 100, 101, 102, 103, 104, 105] | [0.0200, 0.1600, 0.1100, 0.2200, 0.1200, 0.0300, 0.3400] | 3.7259   | 0.8200  | 0.7905 
10    | 3           | [100, 101, 102]                    | [0.0400, 0.6000, 0.3600]                                 | 0.2976   | 0.5200  | 0.5139 
11    | 4           | [98, 99, 100, 101]                 | [0.0600, 0.3300, 0.5200, 0.0900]                         | 0.5304   | 0.6200  | 0.6151 
12    | 6           | [98, 99, 100, 101, 102, 103]       | [0.0400, 0.3300, 0.3100, 0.1400, 0.1700, 0.0100]         | 1.3900   | 0.7000  | 0.7523 
13    | 6           | [98, 99, 100, 101, 102, 103]       | [0.0200, 0.1500, 0.1600, 0.4000, 0.2100, 0.0600]         | 1.3539   | 0.8400  | 0.7513 
14    | 6           | [98, 99, 100, 101, 102, 103]       | [0.0800, 0.1100, 0.3100, 0.3800, 0.0300, 0.0900]         | 1.5464   | 0.8200  | 0.7394 
15    | 4           | [99, 100, 101, 102]                | [0.0200, 0.3200, 0.2900, 0.3700]                         | 0.7699   | 0.6800  | 0.6830 
16    | 4           | [99, 100, 101, 102]                | [0.2500, 0.2500, 0.4800, 0.0200]                         | 0.7371   | 0.6200  | 0.6507 
17    | 6           | [96, 97, 99, 100, 101, 102]        | [0.0100, 0.1100, 0.0500, 0.6100, 0.1000, 0.1200]         | 1.7736   | 0.5800  | 0.5948 
18    | 5           | [99, 100, 101, 102, 103]           | [0.0400, 0.3900, 0.2500, 0.1300, 0.1900]                 | 1.4384   | 0.7800  | 0.7382 
19    | 7           | [97, 98, 99, 102, 103, 104, 105]   | [0.0100, 0.1300, 0.6500, 0.0100, 0.1700, 0.0200, 0.0100] | 3.3216   | 0.5600  | 0.5364 
20    | 7           | [97, 98, 99, 100, 101, 102, 103]   | [0.3000, 0.2800, 0.2400, 0.0300, 0.0600, 0.0800, 0.0100] | 2.4275   | 0.7600  | 0.7707 
21    | 5           | [97, 98, 101, 102, 103]            | [0.0200, 0.1200, 0.2300, 0.6200, 0.0100]                 | 2.0200   | 0.5600  | 0.5533 
