
[Simulation Info]
simulation_id = sim_0011715
timestamp     = 20250429_091952
seed          = 823436
output_folder = /home/lejeunet/Bureau/simulations/Ref_table/sim_0011715

[Model Parameters]
pop_size           = 2391
num_loci           = 20
sample1_generation = 30
sample2_generation = 10
low_repeats        = 1
high_repeats       = 200
mutation_rate      = 0.001
recap_Ne           = 2391

[Sampling Design]
sample1_size_Ne  = 50
sample2_size_Ne  = 50
sample1_size_CMR = 50
sample2_size_CMR = 50

[Capture-Marquage-Recapture]
census_N   =  1300
MatchCount =  2

[Ne Estimates - One Sample - Decreasing critical values [0.050, 0.020, 0.010, 0+]]

[Linkage Desequilibrium]
LD_Ne_Pop1 = [834.7, 784.5, None, None]
LD_r2_Pop1 = [0.021674, 0.0217, 0.021266, 0.021266]
LD_Ne_Pop2 = [None, None, 2223.7, 2223.7]
LD_r2_Pop2 = [0.021144, 0.021181, 0.021426, 0.021426]

[Heterozygote excess]
HE_Neb_mean_Pop1        = [848.7, 2223.9, None, None]
HE_weighted_D_mean_Pop1 = [0.00059, 0.00022, -0.00019, -0.00019]
HE_Neb_mean_Pop2        = [None, None, None, None]
HE_weighted_D_mean_Pop2 = [-0.01816, -0.02232, -0.02187, -0.02187]

[Molecular Coancestry]
Coan_Neb_n_Pop1 = None
Coan_f1_Pop1    = -0.00764
Coan_Neb_n_Pop2 = None
Coan_f1_Pop2    = -0.00773

[Ne Estimates - Temporal - Decreasing critical values (0.050, 0.020, 0.010, 0+)]

[Pollak]
P_Ne     = [7378.2, 5570.1, 14234.2, 9458.5]
P_Fk     = [0.02068, 0.0209, 0.02035, 0.02053]
P_Fprime = [0.00068, 0.0009, 0.00035, 0.00053]

[Nei/Tajima]
N_Ne     = [38387.4, 10373.7, 576791.8, 29019.1]
N_Fc     = [0.02013, 0.02048, 0.02001, 0.02017]
N_Fprime = [0.00013, 0.00048, 1e-05, 0.00017]

[Jorde/Ryman]
J_Ne     = [-5279.1, -39514.4, -32086.6, -37807.2]
J_Fs     = [0.01915, 0.01997, 0.01994, 0.01997]
J_Fprime = [-0.00095, -0.00013, -0.00016, -0.00013]

[Genetic Diversity - Heterozygosity]
mean_exp_het_pop1 = 0.7987
mean_obs_het_pop1 = 0.7962
mean_exp_het_pop2 = 0.8091
mean_obs_het_pop2 = 0.7819

[Genetic Diversity - Allele Counts]
mean_alleles_pop1 = 9.33
var_alleles_pop1  = 2.43
sum_alleles_pop1  = 196
mean_alleles_pop2 = 9.4
var_alleles_pop2  = 3.27
sum_alleles_pop2  = 395

[Genetic Diversity - Allelic Size Variance]
var_allele_size_pop1 = 6.4641
var_allele_size_pop2 = 7.2306

[Per-locus summary - Population 1]
Locus | Num_Alleles | Alleles                                                 | Frequencies                                                                                      | Variance | Obs_Het | Exp_Het
------+-------------+---------------------------------------------------------+--------------------------------------------------------------------------------------------------+----------+---------+--------
1     | 12          | [92, 93, 94, 95, 96, 97, 98, 99, 100, 101, 102, 103]    | [0.0300, 0.0100, 0.0300, 0.2300, 0.0500, 0.0500, 0.0600, 0.0100, 0.0900, 0.1800, 0.2200, 0.0400] | 10.2556  | 0.8400  | 0.8546 
2     | 10          | [90, 91, 92, 93, 94, 95, 96, 97, 98, 99]                | [0.0600, 0.0100, 0.2800, 0.1300, 0.2100, 0.1800, 0.0500, 0.0200, 0.0400, 0.0200]                 | 3.8704   | 0.8200  | 0.8279 
3     | 9           | [98, 99, 101, 102, 103, 104, 105, 107, 108]             | [0.0100, 0.1600, 0.1600, 0.2900, 0.1600, 0.1400, 0.0100, 0.0600, 0.0100]                         | 4.4075   | 0.8000  | 0.8238 
4     | 8           | [96, 97, 98, 99, 100, 101, 102, 103]                    | [0.1700, 0.1400, 0.0300, 0.0200, 0.1100, 0.3700, 0.1500, 0.0100]                                 | 4.9496   | 0.8000  | 0.7865 
5     | 7           | [91, 92, 93, 94, 95, 96, 97]                            | [0.0400, 0.1300, 0.1100, 0.1700, 0.0300, 0.4100, 0.1100]                                         | 3.1739   | 0.7800  | 0.7671 
6     | 9           | [96, 97, 98, 99, 100, 103, 104, 105, 106]               | [0.0600, 0.0200, 0.1300, 0.2700, 0.0700, 0.0300, 0.1300, 0.2700, 0.0200]                         | 10.1875  | 0.7800  | 0.8184 
7     | 9           | [94, 95, 96, 97, 98, 99, 100, 101, 102]                 | [0.0100, 0.1200, 0.1000, 0.1400, 0.2000, 0.1000, 0.0900, 0.2100, 0.0300]                         | 4.5259   | 0.8600  | 0.8614 
8     | 12          | [89, 90, 92, 93, 94, 96, 97, 98, 102, 103, 104, 107]    | [0.0200, 0.0700, 0.0400, 0.2900, 0.0100, 0.1000, 0.2800, 0.0800, 0.0100, 0.0700, 0.0100, 0.0200] | 14.1376  | 0.7600  | 0.8168 
9     | 8           | [96, 97, 98, 99, 100, 101, 102, 104]                    | [0.0200, 0.0400, 0.2400, 0.4000, 0.0900, 0.1000, 0.0900, 0.0200]                                 | 2.3016   | 0.7200  | 0.7614 
10    | 9           | [97, 98, 99, 100, 101, 102, 103, 104, 105]              | [0.0200, 0.1700, 0.0100, 0.0400, 0.0300, 0.3900, 0.2100, 0.0700, 0.0600]                         | 4.3779   | 0.8000  | 0.7711 
11    | 8           | [97, 103, 104, 105, 106, 107, 108, 109]                 | [0.1000, 0.0200, 0.2500, 0.3000, 0.1400, 0.1200, 0.0600, 0.0100]                                 | 7.8099   | 0.7200  | 0.8075 
12    | 10          | [95, 96, 97, 98, 99, 100, 101, 102, 103, 104]           | [0.1200, 0.0700, 0.2700, 0.0500, 0.0200, 0.0200, 0.1100, 0.2600, 0.0600, 0.0200]                 | 7.9336   | 0.8000  | 0.8291 
13    | 7           | [91, 93, 94, 95, 96, 97, 98]                            | [0.0400, 0.0400, 0.3500, 0.3000, 0.1800, 0.0600, 0.0300]                                         | 1.8000   | 0.7800  | 0.7550 
14    | 10          | [96, 97, 98, 99, 100, 101, 102, 103, 104, 105]          | [0.0200, 0.1600, 0.0700, 0.0100, 0.1700, 0.2600, 0.0800, 0.0300, 0.1800, 0.0200]                 | 5.8956   | 0.8000  | 0.8408 
15    | 7           | [96, 97, 98, 99, 100, 101, 102]                         | [0.0400, 0.0900, 0.1700, 0.1100, 0.2200, 0.2800, 0.0900]                                         | 2.7036   | 0.8600  | 0.8226 
16    | 9           | [98, 99, 100, 101, 102, 103, 104, 105, 106]             | [0.0300, 0.1400, 0.1300, 0.2100, 0.0300, 0.1100, 0.1300, 0.2100, 0.0100]                         | 5.1491   | 0.8800  | 0.8529 
17    | 9           | [96, 97, 98, 99, 100, 101, 102, 108, 109]               | [0.0100, 0.4600, 0.0800, 0.0800, 0.2000, 0.0200, 0.0300, 0.1000, 0.0200]                         | 12.5000  | 0.7200  | 0.7311 
18    | 11          | [100, 101, 103, 105, 106, 107, 108, 109, 111, 112, 113] | [0.0100, 0.0400, 0.0100, 0.0200, 0.0500, 0.2200, 0.0500, 0.0600, 0.4900, 0.0400, 0.0100]         | 7.9075   | 0.7200  | 0.7061 
19    | 10          | [94, 95, 96, 97, 98, 99, 100, 101, 102, 103]            | [0.0200, 0.0200, 0.0100, 0.0700, 0.1300, 0.0700, 0.0300, 0.0500, 0.5400, 0.0600]                 | 5.0899   | 0.7000  | 0.6806 
20    | 12          | [86, 87, 89, 95, 96, 97, 98, 99, 100, 101, 102, 103]    | [0.0100, 0.0400, 0.0100, 0.0200, 0.2900, 0.0400, 0.0600, 0.0500, 0.3300, 0.0600, 0.0500, 0.0400] | 12.1784  | 0.9200  | 0.7974 
21    | 10          | [95, 96, 97, 98, 99, 100, 101, 102, 103, 104]           | [0.0300, 0.0300, 0.2400, 0.1800, 0.0900, 0.1300, 0.1400, 0.0900, 0.0600, 0.0100]                 | 4.5900   | 0.8600  | 0.8604 

[Per-locus summary - Population 2]
Locus | Num_Alleles | Alleles                                                      | Frequencies                                                                                      | Variance | Obs_Het | Exp_Het
------+-------------+--------------------------------------------------------------+--------------------------------------------------------------------------------------------------+----------+---------+--------
1     | 12          | [91, 92, 94, 95, 96, 97, 98, 99, 100, 101, 102, 103]         | [0.0300, 0.0900, 0.0100, 0.1800, 0.0300, 0.0400, 0.1100, 0.0100, 0.0800, 0.2100, 0.1700, 0.0400] | 12.5275  | 0.8600  | 0.8715 
2     | 11          | [89, 90, 91, 92, 93, 94, 95, 96, 97, 98, 99]                 | [0.0100, 0.0200, 0.0500, 0.2300, 0.1900, 0.1600, 0.1700, 0.0700, 0.0200, 0.0500, 0.0300]         | 4.2659   | 0.8800  | 0.8533 
3     | 8           | [98, 99, 101, 102, 103, 104, 106, 107]                       | [0.0100, 0.1100, 0.1500, 0.2700, 0.2700, 0.1200, 0.0100, 0.0600]                                 | 3.6011   | 0.7800  | 0.8095 
4     | 8           | [96, 97, 98, 99, 100, 101, 102, 103]                         | [0.1500, 0.1900, 0.0100, 0.0200, 0.0700, 0.3800, 0.1300, 0.0500]                                 | 5.3436   | 0.7200  | 0.7800 
5     | 7           | [91, 92, 93, 94, 95, 96, 97]                                 | [0.1000, 0.1500, 0.0900, 0.1400, 0.0400, 0.2700, 0.2100]                                         | 4.3296   | 0.8000  | 0.8295 
6     | 10          | [96, 97, 98, 99, 100, 101, 103, 104, 105, 106]               | [0.0200, 0.0300, 0.1200, 0.2200, 0.0800, 0.0500, 0.0500, 0.0600, 0.2800, 0.0900]                 | 9.9275   | 0.8200  | 0.8428 
7     | 10          | [93, 94, 95, 96, 97, 98, 99, 100, 101, 102]                  | [0.0100, 0.0300, 0.0400, 0.0500, 0.2200, 0.2100, 0.1100, 0.0700, 0.2400, 0.0200]                 | 4.1864   | 0.8400  | 0.8358 
8     | 12          | [89, 90, 91, 92, 93, 94, 96, 97, 98, 102, 103, 107]          | [0.0200, 0.0800, 0.0100, 0.0700, 0.2900, 0.0100, 0.0200, 0.3000, 0.0400, 0.0300, 0.0500, 0.0800] | 21.5475  | 0.8600  | 0.8103 
9     | 7           | [96, 97, 98, 99, 100, 101, 102]                              | [0.0100, 0.0400, 0.2800, 0.4000, 0.0400, 0.2200, 0.0100]                                         | 1.5256   | 0.7200  | 0.7170 
10    | 9           | [97, 98, 99, 100, 101, 102, 103, 104, 105]                   | [0.0100, 0.1000, 0.0100, 0.0500, 0.0500, 0.3200, 0.3100, 0.1100, 0.0400]                         | 3.2996   | 0.8000  | 0.7804 
11    | 7           | [97, 103, 104, 105, 106, 107, 108]                           | [0.0700, 0.0300, 0.2500, 0.3000, 0.0700, 0.1600, 0.1200]                                         | 6.6256   | 0.7400  | 0.8048 
12    | 10          | [95, 96, 97, 98, 99, 100, 101, 102, 103, 104]                | [0.1000, 0.0600, 0.2600, 0.0400, 0.0200, 0.0100, 0.1200, 0.3200, 0.0600, 0.0100]                 | 7.6704   | 0.7200  | 0.8042 
13    | 7           | [91, 93, 94, 95, 96, 97, 98]                                 | [0.0400, 0.0400, 0.2900, 0.3000, 0.1100, 0.1600, 0.0600]                                         | 2.3736   | 0.6200  | 0.7893 
14    | 10          | [96, 97, 98, 99, 100, 101, 102, 103, 104, 105]               | [0.0200, 0.0800, 0.0200, 0.0500, 0.1000, 0.2600, 0.0800, 0.0500, 0.3000, 0.0400]                 | 5.5664   | 0.7800  | 0.8204 
15    | 7           | [96, 97, 98, 99, 100, 101, 102]                              | [0.0300, 0.1400, 0.1600, 0.1400, 0.2700, 0.1800, 0.0800]                                         | 2.5844   | 0.7400  | 0.8309 
16    | 7           | [98, 99, 100, 101, 103, 104, 105]                            | [0.0600, 0.1300, 0.0900, 0.2800, 0.1400, 0.0900, 0.2100]                                         | 5.1404   | 0.8200  | 0.8295 
17    | 9           | [96, 97, 98, 99, 100, 101, 102, 108, 109]                    | [0.0400, 0.4100, 0.0400, 0.0800, 0.2300, 0.0500, 0.0300, 0.1100, 0.0100]                         | 12.3691  | 0.7800  | 0.7614 
18    | 12          | [100, 101, 103, 105, 106, 107, 108, 109, 110, 111, 112, 113] | [0.0100, 0.0500, 0.0200, 0.0100, 0.1100, 0.1400, 0.0500, 0.0500, 0.0300, 0.4600, 0.0300, 0.0400] | 9.2579   | 0.7600  | 0.7527 
19    | 9           | [94, 95, 97, 98, 99, 100, 101, 102, 103]                     | [0.0700, 0.0200, 0.0500, 0.1200, 0.1400, 0.0100, 0.0900, 0.4300, 0.0700]                         | 6.5179   | 0.7400  | 0.7679 
20    | 11          | [87, 89, 95, 96, 97, 98, 99, 100, 101, 102, 103]             | [0.1000, 0.0100, 0.0600, 0.2300, 0.0500, 0.0300, 0.0800, 0.2900, 0.0500, 0.0500, 0.0500]         | 17.7756  | 0.8000  | 0.8404 
21    | 9           | [95, 96, 97, 98, 99, 100, 101, 102, 103]                     | [0.0400, 0.0600, 0.2500, 0.1700, 0.0300, 0.1300, 0.1300, 0.0900, 0.1000]                         | 5.4075   | 0.8400  | 0.8592 
