
[Simulation Info]
simulation_id = sim_0008015
timestamp     = 20250428_103937
seed          = 240207
output_folder = /home/lejeunet/Bureau/simulations/Ref_table/sim_0008015

[Model Parameters]
pop_size           = 1761
num_loci           = 20
sample1_generation = 30
sample2_generation = 10
low_repeats        = 1
high_repeats       = 200
mutation_rate      = 0.001
recap_Ne           = 1761

[Sampling Design]
sample1_size_Ne  = 50
sample2_size_Ne  = 50
sample1_size_CMR = 50
sample2_size_CMR = 50

[Capture-Marquage-Recapture]
census_N   =  2601
MatchCount =  1

[Ne Estimates - One Sample - Decreasing critical values [0.050, 0.020, 0.010, 0+]]

[Linkage Desequilibrium]
LD_Ne_Pop1 = [None, None, None, None]
LD_r2_Pop1 = [0.020551, 0.021227, 0.021234, 0.021234]
LD_Ne_Pop2 = [None, None, None, None]
LD_r2_Pop2 = [0.02075, 0.020731, 0.020298, 0.020298]

[Heterozygote excess]
HE_Neb_mean_Pop1        = [29.9, 42.0, 46.0, 46.0]
HE_weighted_D_mean_Pop1 = [0.01701, 0.01204, 0.011, 0.011]
HE_Neb_mean_Pop2        = [17.1, 23.3, 24.5, 24.5]
HE_weighted_D_mean_Pop2 = [0.03008, 0.02188, 0.02079, 0.02079]

[Molecular Coancestry]
Coan_Neb_n_Pop1 = 45.7
Coan_f1_Pop1    = 0.01094
Coan_Neb_n_Pop2 = None
Coan_f1_Pop2    = -0.00155

[Ne Estimates - Temporal - Decreasing critical values (0.050, 0.020, 0.010, 0+)]

[Pollak]
P_Ne     = [-4959.1, -12046.7, -24804.9, -15116.2]
P_Fk     = [0.01899, 0.01958, 0.0198, 0.01967]
P_Fprime = [-0.00101, -0.00042, -0.0002, -0.00033]

[Nei/Tajima]
N_Ne     = [-5177.2, -10715.2, -17695.1, -12716.1]
N_Fc     = [0.01903, 0.01953, 0.01972, 0.01961]
N_Fprime = [-0.00097, -0.00047, -0.00028, -0.00039]

[Jorde/Ryman]
J_Ne     = [-63850.8, 26693.6, 19284.5, 20294.9]
J_Fs     = [0.02002, 0.02029, 0.02036, 0.02035]
J_Fprime = [-8e-05, 0.00019, 0.00026, 0.00025]

[Genetic Diversity - Heterozygosity]
mean_exp_het_pop1 = 0.7577
mean_obs_het_pop1 = 0.7714
mean_exp_het_pop2 = 0.7626
mean_obs_het_pop2 = 0.7848

[Genetic Diversity - Allele Counts]
mean_alleles_pop1 = 7.24
var_alleles_pop1  = 3.39
sum_alleles_pop1  = 152
mean_alleles_pop2 = 7.76
var_alleles_pop2  = 2.92
sum_alleles_pop2  = 326

[Genetic Diversity - Allelic Size Variance]
var_allele_size_pop1 = 4.4443
var_allele_size_pop2 = 4.8413

[Per-locus summary - Population 1]
Locus | Num_Alleles | Alleles                                          | Frequencies                                                                              | Variance | Obs_Het | Exp_Het
------+-------------+--------------------------------------------------+------------------------------------------------------------------------------------------+----------+---------+--------
1     | 7           | [94, 95, 96, 97, 98, 99, 100]                    | [0.1000, 0.1700, 0.1600, 0.1500, 0.0700, 0.1200, 0.2300]                                 | 4.3200   | 0.9400  | 0.8493 
2     | 7           | [95, 96, 97, 98, 99, 100, 101]                   | [0.0200, 0.0400, 0.5300, 0.1000, 0.1400, 0.1600, 0.0100]                                 | 1.7076   | 0.6800  | 0.6685 
3     | 11          | [91, 93, 94, 95, 96, 97, 98, 99, 100, 105, 107]  | [0.0200, 0.2000, 0.0100, 0.1700, 0.2900, 0.1500, 0.0500, 0.0100, 0.0100, 0.0800, 0.0100] | 10.7324  | 0.7400  | 0.8230 
4     | 7           | [97, 98, 99, 100, 101, 104, 105]                 | [0.0200, 0.3200, 0.2700, 0.2200, 0.0200, 0.0400, 0.1100]                                 | 5.0824   | 0.7600  | 0.7695 
5     | 6           | [96, 97, 98, 99, 100, 101]                       | [0.1500, 0.1300, 0.1400, 0.0900, 0.1200, 0.3700]                                         | 3.6099   | 0.8400  | 0.7895 
6     | 6           | [98, 103, 104, 105, 106, 107]                    | [0.0800, 0.0200, 0.1000, 0.5400, 0.2200, 0.0400]                                         | 4.3200   | 0.6400  | 0.6481 
7     | 8           | [95, 96, 97, 98, 99, 100, 101, 103]              | [0.1000, 0.3200, 0.1000, 0.0100, 0.0900, 0.2900, 0.0800, 0.0100]                         | 4.4936   | 0.7600  | 0.7867 
8     | 7           | [101, 102, 105, 106, 107, 108, 109]              | [0.2800, 0.2500, 0.1500, 0.0500, 0.0900, 0.1500, 0.0300]                                 | 7.8251   | 0.8600  | 0.8107 
9     | 3           | [101, 102, 103]                                  | [0.3700, 0.5300, 0.1000]                                                                 | 0.3971   | 0.7200  | 0.5780 
10    | 7           | [96, 97, 99, 100, 101, 103, 104]                 | [0.0100, 0.0500, 0.2600, 0.4000, 0.0200, 0.2400, 0.0200]                                 | 3.2331   | 0.7600  | 0.7186 
11    | 9           | [95, 96, 97, 98, 99, 100, 101, 106, 109]         | [0.0400, 0.1100, 0.4600, 0.0800, 0.0500, 0.2000, 0.0100, 0.0300, 0.0200]                 | 6.5204   | 0.6800  | 0.7317 
12    | 10          | [98, 99, 100, 101, 102, 103, 104, 106, 107, 108] | [0.0200, 0.2200, 0.1200, 0.2100, 0.0700, 0.1800, 0.0600, 0.0300, 0.0700, 0.0200]         | 6.2700   | 0.9400  | 0.8541 
13    | 8           | [96, 97, 98, 99, 100, 101, 102, 103]             | [0.0100, 0.2500, 0.3200, 0.1500, 0.0300, 0.0400, 0.1400, 0.0600]                         | 3.8136   | 0.8200  | 0.7947 
14    | 7           | [97, 98, 99, 100, 101, 102, 103]                 | [0.0400, 0.0400, 0.1900, 0.3700, 0.2200, 0.0400, 0.1000]                                 | 1.9459   | 0.8400  | 0.7715 
15    | 6           | [96, 97, 98, 99, 100, 101]                       | [0.0600, 0.0800, 0.0600, 0.3400, 0.3900, 0.0700]                                         | 1.5731   | 0.6400  | 0.7210 
16    | 9           | [93, 94, 95, 96, 97, 98, 99, 100, 101]           | [0.0200, 0.2300, 0.0600, 0.1200, 0.1600, 0.2300, 0.1200, 0.0100, 0.0500]                 | 4.2539   | 0.8400  | 0.8416 
17    | 9           | [94, 95, 96, 97, 99, 100, 101, 102, 103]         | [0.0300, 0.2100, 0.0300, 0.0100, 0.0200, 0.1300, 0.1500, 0.0600, 0.3600]                 | 10.5475  | 0.9000  | 0.7889 
18    | 7           | [98, 99, 100, 101, 102, 103, 104]                | [0.0100, 0.4000, 0.1300, 0.0400, 0.2500, 0.1600, 0.0100]                                 | 2.6704   | 0.6800  | 0.7406 
19    | 8           | [94, 95, 96, 100, 101, 102, 103, 104]            | [0.0500, 0.1100, 0.0600, 0.0500, 0.3700, 0.2600, 0.0800, 0.0200]                         | 7.9456   | 0.7600  | 0.7758 
20    | 4           | [101, 102, 103, 104]                             | [0.1400, 0.3800, 0.2000, 0.2800]                                                         | 1.0756   | 0.6800  | 0.7248 
21    | 6           | [101, 102, 103, 104, 105, 106]                   | [0.0500, 0.3300, 0.3200, 0.2600, 0.0300, 0.0100]                                         | 0.9936   | 0.7200  | 0.7248 

[Per-locus summary - Population 2]
Locus | Num_Alleles | Alleles                                           | Frequencies                                                                      | Variance | Obs_Het | Exp_Het
------+-------------+---------------------------------------------------+----------------------------------------------------------------------------------+----------+---------+--------
1     | 7           | [94, 95, 96, 97, 98, 99, 100]                     | [0.0900, 0.1800, 0.2300, 0.1300, 0.0500, 0.1500, 0.1700]                         | 3.9400   | 0.9000  | 0.8442 
2     | 6           | [96, 97, 98, 99, 100, 101]                        | [0.0500, 0.4900, 0.1200, 0.2300, 0.0900, 0.0200]                                 | 1.4456   | 0.7600  | 0.6885 
3     | 10          | [91, 93, 94, 95, 96, 97, 98, 100, 105, 107]       | [0.0400, 0.2300, 0.0200, 0.2000, 0.2000, 0.1200, 0.0600, 0.0100, 0.1100, 0.0100] | 13.9275  | 0.9000  | 0.8432 
4     | 7           | [97, 98, 99, 100, 101, 104, 105]                  | [0.0200, 0.3000, 0.2800, 0.2600, 0.0300, 0.0600, 0.0500]                         | 3.7236   | 0.7200  | 0.7642 
5     | 8           | [96, 97, 98, 99, 100, 101, 102, 103]              | [0.1700, 0.1600, 0.1700, 0.0500, 0.1300, 0.3000, 0.0100, 0.0100]                 | 3.8800   | 0.9000  | 0.8152 
6     | 6           | [98, 103, 104, 105, 106, 107]                     | [0.0600, 0.0300, 0.2100, 0.5200, 0.1700, 0.0100]                                 | 3.2300   | 0.6600  | 0.6586 
7     | 8           | [95, 96, 97, 98, 99, 100, 101, 103]               | [0.0300, 0.2800, 0.1200, 0.0100, 0.1500, 0.2900, 0.1100, 0.0100]                 | 3.9444   | 0.8400  | 0.7954 
8     | 10          | [99, 100, 101, 102, 103, 105, 106, 107, 108, 109] | [0.0600, 0.0100, 0.2600, 0.1900, 0.0100, 0.1500, 0.0500, 0.0400, 0.1900, 0.0400] | 9.4876   | 0.8000  | 0.8366 
9     | 5           | [99, 100, 101, 102, 103]                          | [0.0100, 0.0100, 0.4900, 0.3600, 0.1300]                                         | 0.5819   | 0.6800  | 0.6194 
10    | 6           | [97, 98, 99, 100, 101, 103]                       | [0.0600, 0.0200, 0.2200, 0.3500, 0.0200, 0.3300]                                 | 3.5051   | 0.7400  | 0.7230 
11    | 10          | [95, 96, 97, 98, 99, 100, 106, 107, 108, 109]     | [0.0100, 0.0500, 0.5400, 0.0800, 0.0200, 0.1800, 0.0300, 0.0200, 0.0100, 0.0600] | 12.5779  | 0.7200  | 0.6683 
12    | 10          | [98, 99, 100, 101, 102, 103, 104, 105, 106, 107]  | [0.0200, 0.2200, 0.0800, 0.2700, 0.0500, 0.1800, 0.0800, 0.0100, 0.0300, 0.0600] | 5.3156   | 0.8600  | 0.8343 
13    | 8           | [96, 97, 98, 99, 100, 101, 102, 103]              | [0.0500, 0.3300, 0.2400, 0.1300, 0.0700, 0.0100, 0.1500, 0.0200]                 | 3.6051   | 0.8400  | 0.7941 
14    | 8           | [97, 98, 99, 100, 101, 102, 103, 104]             | [0.0300, 0.0300, 0.2200, 0.4600, 0.1400, 0.0400, 0.0600, 0.0200]                 | 1.7579   | 0.7200  | 0.7202 
15    | 6           | [96, 97, 98, 99, 100, 101]                        | [0.0300, 0.1200, 0.1200, 0.2400, 0.4000, 0.0900]                                 | 1.6131   | 0.7800  | 0.7521 
16    | 8           | [93, 94, 95, 96, 97, 98, 99, 101]                 | [0.0100, 0.1600, 0.1100, 0.1300, 0.1800, 0.2700, 0.1200, 0.0200]                 | 3.1616   | 0.9800  | 0.8335 
17    | 8           | [94, 95, 96, 100, 101, 102, 103, 104]             | [0.0300, 0.2200, 0.0300, 0.0500, 0.1900, 0.0900, 0.3800, 0.0100]                 | 11.1675  | 0.6800  | 0.7663 
18    | 6           | [98, 99, 100, 101, 102, 103]                      | [0.0300, 0.2600, 0.2000, 0.0300, 0.3100, 0.1700]                                 | 2.4744   | 0.7200  | 0.7733 
19    | 8           | [94, 95, 96, 100, 101, 102, 103, 104]             | [0.0300, 0.2000, 0.0300, 0.0700, 0.2500, 0.3000, 0.0600, 0.0600]                 | 9.5091   | 0.8400  | 0.8016 
20    | 5           | [100, 101, 102, 103, 104]                         | [0.0200, 0.1100, 0.3900, 0.1800, 0.3000]                                         | 1.1731   | 0.7200  | 0.7202 
21    | 8           | [100, 101, 102, 103, 104, 105, 106, 107]          | [0.0200, 0.0700, 0.2100, 0.3200, 0.3000, 0.0200, 0.0500, 0.0100]                 | 1.6456   | 0.7200  | 0.7628 
