
[Simulation Info]
simulation_id = sim_0012858
timestamp     = 20250429_100533
seed          = 50072
output_folder = /home/lejeunet/Bureau/simulations/Ref_table/sim_0012858

[Model Parameters]
pop_size           = 6111
num_loci           = 20
sample1_generation = 30
sample2_generation = 10
low_repeats        = 1
high_repeats       = 200
mutation_rate      = 0.001
recap_Ne           = 6111

[Sampling Design]
sample1_size_Ne  = 50
sample2_size_Ne  = 50
sample1_size_CMR = 50
sample2_size_CMR = 50

[Capture-Marquage-Recapture]
census_N   =  1300
MatchCount =  2

[Ne Estimates - One Sample - Decreasing critical values [0.050, 0.020, 0.010, 0+]]

[Linkage Desequilibrium]
LD_Ne_Pop1 = [None, None, None, None]
LD_r2_Pop1 = [0.020983, 0.020949, 0.021091, 0.021091]
LD_Ne_Pop2 = [1204.3, 1433.1, 2908.2, 2908.2]
LD_r2_Pop2 = [0.021552, 0.021508, 0.021391, 0.021391]

[Heterozygote excess]
HE_Neb_mean_Pop1        = [68.3, 54.9, 60.2, 60.2]
HE_weighted_D_mean_Pop1 = [0.00737, 0.0092, 0.00838, 0.00838]
HE_Neb_mean_Pop2        = [185.7, None, None, None]
HE_weighted_D_mean_Pop2 = [0.0027, -0.00363, -0.00386, -0.00386]

[Molecular Coancestry]
Coan_Neb_n_Pop1 = None
Coan_f1_Pop1    = -0.00444
Coan_Neb_n_Pop2 = None
Coan_f1_Pop2    = -0.00645

[Ne Estimates - Temporal - Decreasing critical values (0.050, 0.020, 0.010, 0+)]

[Pollak]
P_Ne     = [-7504.4, -6099.6, 8744.8, 13852.6]
P_Fk     = [0.01933, 0.01918, 0.02057, 0.02036]
P_Fprime = [-0.00067, -0.00082, 0.00057, 0.00036]

[Nei/Tajima]
N_Ne     = [-4169.2, -3989.8, 190144.0, -33198.1]
N_Fc     = [0.0188, 0.01875, 0.02003, 0.01985]
N_Fprime = [-0.0012, -0.00125, 3e-05, -0.00015]

[Jorde/Ryman]
J_Ne     = [-1901.2, -1852.5, -1974.4, -1956.3]
J_Fs     = [0.01747, 0.0174, 0.01757, 0.01755]
J_Fprime = [-0.00263, -0.0027, -0.00253, -0.00256]

[Genetic Diversity - Heterozygosity]
mean_exp_het_pop1 = 0.8366
mean_obs_het_pop1 = 0.8429
mean_exp_het_pop2 = 0.8294
mean_obs_het_pop2 = 0.82

[Genetic Diversity - Allele Counts]
mean_alleles_pop1 = 10.1
var_alleles_pop1  = 3.39
sum_alleles_pop1  = 212
mean_alleles_pop2 = 10.31
var_alleles_pop2  = 3.24
sum_alleles_pop2  = 433

[Genetic Diversity - Allelic Size Variance]
var_allele_size_pop1 = 5.6184
var_allele_size_pop2 = 5.5727

[Per-locus summary - Population 1]
Locus | Num_Alleles | Alleles                                                          | Frequencies                                                                                                      | Variance | Obs_Het | Exp_Het
------+-------------+------------------------------------------------------------------+------------------------------------------------------------------------------------------------------------------+----------+---------+--------
1     | 11          | [94, 95, 96, 97, 98, 99, 100, 107, 108, 109, 110]                | [0.0600, 0.0200, 0.1500, 0.2500, 0.2000, 0.1500, 0.0100, 0.0300, 0.0400, 0.0700, 0.0200]                         | 18.9600  | 0.8400  | 0.8491 
2     | 9           | [97, 98, 99, 100, 101, 102, 103, 104, 106]                       | [0.0500, 0.0900, 0.0600, 0.1700, 0.2000, 0.1600, 0.2000, 0.0400, 0.0300]                                         | 4.0851   | 0.8200  | 0.8574 
3     | 12          | [91, 92, 93, 96, 97, 98, 99, 100, 101, 102, 103, 104]            | [0.0400, 0.0100, 0.0100, 0.0200, 0.0300, 0.0100, 0.0500, 0.2200, 0.3300, 0.1600, 0.1000, 0.0200]                 | 7.1616   | 0.7800  | 0.8091 
4     | 14          | [94, 95, 96, 97, 98, 99, 100, 101, 102, 103, 104, 105, 107, 108] | [0.0300, 0.1300, 0.1000, 0.0200, 0.0700, 0.0800, 0.1800, 0.1100, 0.0600, 0.0800, 0.0600, 0.0600, 0.0100, 0.0100] | 11.0075  | 0.9200  | 0.9077 
5     | 13          | [94, 95, 96, 97, 98, 99, 100, 101, 102, 103, 104, 105, 106]      | [0.0100, 0.1200, 0.0700, 0.0400, 0.0400, 0.2000, 0.2900, 0.0300, 0.0200, 0.0500, 0.0600, 0.0400, 0.0300]         | 8.5500   | 0.8800  | 0.8519 
6     | 8           | [96, 97, 98, 99, 100, 101, 102, 103]                             | [0.0100, 0.0800, 0.0600, 0.0900, 0.3300, 0.3000, 0.0500, 0.0800]                                                 | 2.4075   | 0.7600  | 0.7818 
7     | 11          | [92, 93, 94, 95, 96, 97, 99, 100, 101, 102, 103]                 | [0.0500, 0.1300, 0.2700, 0.2300, 0.0100, 0.1000, 0.0800, 0.0500, 0.0300, 0.0200, 0.0300]                         | 7.7244   | 0.8400  | 0.8420 
8     | 11          | [98, 99, 100, 101, 102, 103, 104, 105, 106, 107, 108]            | [0.0200, 0.0300, 0.0400, 0.2500, 0.1300, 0.1400, 0.0700, 0.1700, 0.0800, 0.0500, 0.0200]                         | 5.2396   | 0.8400  | 0.8636 
9     | 8           | [91, 93, 94, 95, 96, 97, 98, 99]                                 | [0.0100, 0.0600, 0.0900, 0.1800, 0.2600, 0.2500, 0.1100, 0.0400]                                                 | 2.3800   | 0.8200  | 0.8202 
10    | 8           | [97, 98, 99, 100, 101, 102, 103, 104]                            | [0.0700, 0.1000, 0.0400, 0.1400, 0.2700, 0.2300, 0.1300, 0.0200]                                                 | 3.1875   | 0.8600  | 0.8291 
11    | 12          | [90, 91, 92, 93, 94, 95, 96, 97, 98, 99, 100, 101]               | [0.0100, 0.0700, 0.1500, 0.1700, 0.0500, 0.1400, 0.2300, 0.0700, 0.0500, 0.0300, 0.0200, 0.0100]                 | 5.6131   | 0.8800  | 0.8685 
12    | 8           | [93, 100, 101, 102, 103, 104, 105, 106]                          | [0.0200, 0.0100, 0.2000, 0.0500, 0.2500, 0.2100, 0.1700, 0.0900]                                                 | 4.6204   | 0.8400  | 0.8216 
13    | 8           | [92, 93, 94, 95, 96, 97, 98, 99]                                 | [0.0500, 0.0400, 0.3500, 0.1900, 0.2700, 0.0200, 0.0300, 0.0500]                                                 | 2.3796   | 0.8000  | 0.7683 
14    | 10          | [94, 96, 97, 98, 99, 100, 101, 102, 103, 104]                    | [0.0100, 0.0500, 0.0900, 0.0500, 0.3200, 0.2000, 0.1900, 0.0600, 0.0200, 0.0100]                                 | 2.9684   | 0.8600  | 0.8123 
15    | 12          | [96, 97, 98, 99, 100, 101, 102, 103, 104, 105, 106, 108]         | [0.0200, 0.0200, 0.0100, 0.0200, 0.0300, 0.1700, 0.3100, 0.2500, 0.0500, 0.0900, 0.0100, 0.0200]                 | 3.9371   | 0.8200  | 0.8073 
16    | 10          | [96, 97, 98, 99, 100, 101, 102, 103, 104, 105]                   | [0.0700, 0.1600, 0.1900, 0.1600, 0.1000, 0.1100, 0.1500, 0.0100, 0.0100, 0.0400]                                 | 5.0556   | 0.8200  | 0.8701 
17    | 9           | [93, 95, 96, 97, 98, 99, 100, 101, 102]                          | [0.0100, 0.0300, 0.1400, 0.2300, 0.2800, 0.0600, 0.0700, 0.1700, 0.0100]                                         | 3.3300   | 0.8200  | 0.8188 
18    | 11          | [96, 97, 98, 100, 101, 102, 103, 104, 105, 106, 107]             | [0.0500, 0.0400, 0.0100, 0.0200, 0.1100, 0.1600, 0.1600, 0.1400, 0.2100, 0.0300, 0.0700]                         | 7.2675   | 0.8800  | 0.8713 
19    | 10          | [99, 100, 101, 102, 103, 104, 105, 106, 107, 108]                | [0.1000, 0.0900, 0.0200, 0.0100, 0.0600, 0.2500, 0.1800, 0.1800, 0.0800, 0.0300]                                 | 6.3100   | 0.8200  | 0.8517 
20    | 8           | [92, 93, 94, 95, 96, 97, 98, 99]                                 | [0.0100, 0.0300, 0.1000, 0.1400, 0.2400, 0.2800, 0.1900, 0.0100]                                                 | 2.0516   | 0.8800  | 0.8053 
21    | 9           | [94, 95, 96, 97, 98, 99, 100, 101, 102]                          | [0.0500, 0.0200, 0.1300, 0.1400, 0.1600, 0.1800, 0.2000, 0.1000, 0.0200]                                         | 3.7500   | 0.9200  | 0.8608 

[Per-locus summary - Population 2]
Locus | Num_Alleles | Alleles                                                          | Frequencies                                                                                                      | Variance | Obs_Het | Exp_Het
------+-------------+------------------------------------------------------------------+------------------------------------------------------------------------------------------------------------------+----------+---------+--------
1     | 10          | [94, 95, 96, 97, 98, 99, 100, 107, 108, 109]                     | [0.0300, 0.0300, 0.1300, 0.2900, 0.2500, 0.0800, 0.0400, 0.0500, 0.0300, 0.0700]                                 | 16.4736  | 0.8200  | 0.8267 
2     | 9           | [97, 98, 99, 100, 101, 102, 103, 104, 106]                       | [0.0600, 0.0700, 0.0700, 0.1000, 0.1400, 0.2600, 0.2300, 0.0100, 0.0600]                                         | 4.6104   | 0.8600  | 0.8412 
3     | 9           | [91, 97, 98, 99, 100, 101, 102, 103, 104]                        | [0.0100, 0.0100, 0.0200, 0.0700, 0.2500, 0.4400, 0.1100, 0.0700, 0.0200]                                         | 2.3616   | 0.6600  | 0.7283 
4     | 13          | [95, 96, 97, 98, 99, 100, 101, 102, 103, 104, 105, 106, 107]     | [0.1400, 0.0700, 0.0500, 0.0800, 0.0600, 0.1500, 0.1300, 0.0900, 0.0700, 0.1200, 0.0100, 0.0200, 0.0100]         | 9.9379   | 0.9400  | 0.9046 
5     | 14          | [94, 95, 96, 97, 98, 99, 100, 101, 102, 103, 104, 105, 106, 109] | [0.0200, 0.1000, 0.0700, 0.0200, 0.1100, 0.1500, 0.2300, 0.0700, 0.0300, 0.0800, 0.0500, 0.0400, 0.0200, 0.0100] | 9.2275   | 0.9000  | 0.8889 
6     | 8           | [97, 98, 99, 100, 101, 102, 103, 104]                            | [0.0600, 0.0300, 0.1000, 0.3400, 0.3800, 0.0300, 0.0500, 0.0100]                                                 | 1.7859   | 0.6000  | 0.7293 
7     | 11          | [92, 93, 94, 95, 96, 97, 98, 99, 100, 101, 102]                  | [0.1000, 0.1700, 0.2300, 0.1900, 0.0500, 0.0400, 0.0100, 0.0600, 0.0100, 0.1000, 0.0400]                         | 8.6684   | 0.8800  | 0.8612 
8     | 10          | [98, 100, 101, 102, 103, 104, 105, 106, 107, 108]                | [0.0300, 0.0200, 0.2600, 0.0900, 0.1800, 0.1100, 0.2100, 0.0600, 0.0100, 0.0300]                                 | 4.4536   | 0.8400  | 0.8382 
9     | 9           | [92, 93, 94, 95, 96, 97, 98, 99, 100]                            | [0.0100, 0.0300, 0.0600, 0.1700, 0.2400, 0.2000, 0.1800, 0.0900, 0.0200]                                         | 2.6499   | 0.8400  | 0.8364 
10    | 9           | [95, 96, 97, 98, 99, 100, 101, 102, 103]                         | [0.0300, 0.0200, 0.0900, 0.0600, 0.0700, 0.1300, 0.2500, 0.2500, 0.1000]                                         | 4.2104   | 0.8600  | 0.8386 
11    | 10          | [91, 92, 93, 94, 95, 96, 97, 98, 99, 100]                        | [0.1100, 0.1500, 0.1100, 0.0700, 0.2400, 0.2200, 0.0400, 0.0400, 0.0100, 0.0100]                                 | 4.3211   | 0.7400  | 0.8475 
12    | 9           | [93, 99, 100, 101, 102, 103, 104, 105, 106]                      | [0.0400, 0.0100, 0.0700, 0.1600, 0.0900, 0.2600, 0.1900, 0.1200, 0.0600]                                         | 6.5275   | 0.8200  | 0.8465 
13    | 8           | [92, 93, 94, 95, 96, 97, 98, 99]                                 | [0.0500, 0.0500, 0.3100, 0.1900, 0.3200, 0.0200, 0.0300, 0.0300]                                                 | 2.1099   | 0.7600  | 0.7659 
14    | 10          | [95, 96, 97, 98, 99, 100, 101, 102, 103, 104]                    | [0.0300, 0.0700, 0.0800, 0.0300, 0.3300, 0.2200, 0.1300, 0.0800, 0.0200, 0.0100]                                 | 3.3811   | 0.7800  | 0.8139 
15    | 9           | [96, 99, 100, 101, 102, 103, 104, 105, 108]                      | [0.0300, 0.0300, 0.0100, 0.2000, 0.2600, 0.2900, 0.1100, 0.0500, 0.0200]                                         | 3.4059   | 0.7200  | 0.7994 
16    | 10          | [96, 97, 98, 99, 100, 101, 102, 103, 104, 105]                   | [0.0300, 0.1500, 0.2100, 0.1200, 0.1200, 0.2300, 0.0800, 0.0300, 0.0200, 0.0100]                                 | 3.9300   | 0.9200  | 0.8515 
17    | 7           | [95, 96, 97, 98, 99, 100, 101]                                   | [0.1100, 0.0800, 0.2800, 0.3200, 0.0700, 0.0600, 0.0800]                                                         | 2.5044   | 0.7800  | 0.7937 
18    | 12          | [95, 96, 97, 99, 100, 101, 102, 103, 104, 105, 106, 107]         | [0.0200, 0.1000, 0.1300, 0.0200, 0.0100, 0.0500, 0.0900, 0.0900, 0.2100, 0.1700, 0.0500, 0.0600]                 | 12.8600  | 0.9000  | 0.8832 
19    | 11          | [98, 99, 100, 101, 102, 103, 104, 105, 106, 107, 108]            | [0.0200, 0.0800, 0.1200, 0.0400, 0.0100, 0.0900, 0.3000, 0.0700, 0.1900, 0.0600, 0.0200]                         | 6.5496   | 0.8200  | 0.8424 
20    | 8           | [93, 94, 95, 96, 97, 98, 99, 100]                                | [0.0300, 0.1200, 0.1700, 0.2200, 0.3000, 0.1100, 0.0300, 0.0200]                                                 | 2.2139   | 0.9000  | 0.8121 
21    | 10          | [94, 95, 96, 97, 98, 99, 100, 101, 102, 104]                     | [0.0500, 0.0400, 0.1700, 0.1000, 0.1400, 0.1300, 0.2100, 0.1300, 0.0100, 0.0200]                                 | 4.8444   | 0.8800  | 0.8677 
