
[Simulation Info]
simulation_id = sim_0003104
timestamp     = 20250428_083659
seed          = 442731
output_folder = /home/lejeunet/Bureau/simulations/Ref_table/sim_0003104

[Model Parameters]
pop_size           = 706
num_loci           = 20
sample1_generation = 30
sample2_generation = 10
low_repeats        = 1
high_repeats       = 200
mutation_rate      = 0.001
recap_Ne           = 706

[Sampling Design]
sample1_size_Ne  = 50
sample2_size_Ne  = 50
sample1_size_CMR = 50
sample2_size_CMR = 50

[Capture-Marquage-Recapture]
census_N   =  867
MatchCount =  3

[Ne Estimates - One Sample - Decreasing critical values [0.050, 0.020, 0.010, 0+]]

[Linkage Desequilibrium]
LD_Ne_Pop1 = [None, None, None, None]
LD_r2_Pop1 = [0.021089, 0.021071, 0.020884, 0.020884]
LD_Ne_Pop2 = [147.9, 235.0, 343.6, 343.6]
LD_r2_Pop2 = [0.023498, 0.022682, 0.02224, 0.02224]

[Heterozygote excess]
HE_Neb_mean_Pop1        = [51.9, 28.8, 30.5, 30.5]
HE_weighted_D_mean_Pop1 = [0.00972, 0.01764, 0.01669, 0.01669]
HE_Neb_mean_Pop2        = [263.2, 162.7, 166.0, 166.0]
HE_weighted_D_mean_Pop2 = [0.0019, 0.00308, 0.00302, 0.00302]

[Molecular Coancestry]
Coan_Neb_n_Pop1 = 18.2
Coan_f1_Pop1    = 0.02744
Coan_Neb_n_Pop2 = 22.8
Coan_f1_Pop2    = 0.02192

[Ne Estimates - Temporal - Decreasing critical values (0.050, 0.020, 0.010, 0+)]

[Pollak]
P_Ne     = [1478.9, 1431.8, 1644.4, 1549.4]
P_Fk     = [0.02338, 0.02349, 0.02304, 0.02323]
P_Fprime = [0.00338, 0.00349, 0.00304, 0.00323]

[Nei/Tajima]
N_Ne     = [1377.5, 1354.2, 1508.7, 1443.8]
N_Fc     = [0.02363, 0.02369, 0.02331, 0.02346]
N_Fprime = [0.00363, 0.00369, 0.00331, 0.00346]

[Jorde/Ryman]
J_Ne     = [800.6, 780.3, 782.4, 780.6]
J_Fs     = [0.02636, 0.02652, 0.0265, 0.02652]
J_Fprime = [0.00625, 0.00641, 0.00639, 0.00641]

[Genetic Diversity - Heterozygosity]
mean_exp_het_pop1 = 0.6634
mean_obs_het_pop1 = 0.679
mean_exp_het_pop2 = 0.6636
mean_obs_het_pop2 = 0.6657

[Genetic Diversity - Allele Counts]
mean_alleles_pop1 = 5.19
var_alleles_pop1  = 0.96
sum_alleles_pop1  = 109
mean_alleles_pop2 = 5.14
var_alleles_pop2  = 0.86
sum_alleles_pop2  = 216

[Genetic Diversity - Allelic Size Variance]
var_allele_size_pop1 = 1.4562
var_allele_size_pop2 = 1.5207

[Per-locus summary - Population 1]
Locus | Num_Alleles | Alleles                         | Frequencies                                              | Variance | Obs_Het | Exp_Het
------+-------------+---------------------------------+----------------------------------------------------------+----------+---------+--------
1     | 5           | [99, 100, 101, 102, 103]        | [0.2500, 0.3900, 0.2900, 0.0600, 0.0100]                 | 0.8339   | 0.7200  | 0.7046 
2     | 5           | [98, 99, 100, 101, 102]         | [0.2900, 0.0700, 0.4300, 0.1000, 0.1100]                 | 1.6611   | 0.7800  | 0.7111 
3     | 5           | [98, 99, 100, 101, 102]         | [0.0100, 0.3300, 0.5000, 0.1400, 0.0200]                 | 0.5611   | 0.6000  | 0.6273 
4     | 6           | [98, 99, 100, 101, 102, 103]    | [0.1600, 0.5200, 0.0100, 0.1400, 0.0100, 0.1600]         | 2.7400   | 0.6800  | 0.6653 
5     | 4           | [100, 101, 102, 103]            | [0.0400, 0.5600, 0.3900, 0.0100]                         | 0.3331   | 0.6400  | 0.5380 
6     | 6           | [96, 97, 98, 100, 101, 102]     | [0.0100, 0.2700, 0.0100, 0.0400, 0.5400, 0.1300]         | 3.6851   | 0.6400  | 0.6230 
7     | 7           | [96, 97, 98, 99, 100, 101, 102] | [0.0100, 0.2300, 0.0700, 0.4500, 0.0800, 0.0800, 0.0800] | 2.1936   | 0.7200  | 0.7277 
8     | 5           | [97, 98, 99, 100, 101]          | [0.0700, 0.3100, 0.2400, 0.3700, 0.0100]                 | 0.9964   | 0.6400  | 0.7115 
9     | 4           | [98, 99, 100, 101]              | [0.0400, 0.0200, 0.3600, 0.5800]                         | 0.5296   | 0.4800  | 0.5374 
10    | 6           | [97, 98, 99, 100, 101, 102]     | [0.0400, 0.0500, 0.0800, 0.3700, 0.3500, 0.1100]         | 1.3571   | 0.8000  | 0.7252 
11    | 5           | [99, 100, 102, 103, 104]        | [0.0200, 0.2500, 0.4800, 0.2400, 0.0100]                 | 1.3700   | 0.6600  | 0.6556 
12    | 6           | [98, 99, 100, 101, 102, 103]    | [0.0900, 0.1800, 0.0200, 0.4300, 0.2400, 0.0400]         | 1.8411   | 0.7200  | 0.7222 
13    | 3           | [99, 100, 101]                  | [0.0600, 0.4600, 0.4800]                                 | 0.3636   | 0.7000  | 0.5600 
14    | 6           | [94, 96, 97, 99, 100, 101]      | [0.0700, 0.0100, 0.2500, 0.0700, 0.4900, 0.1100]         | 3.7411   | 0.6600  | 0.6822 
15    | 6           | [97, 98, 99, 100, 101, 102]     | [0.2900, 0.0100, 0.1800, 0.3600, 0.1300, 0.0300]         | 2.3056   | 0.8000  | 0.7434 
16    | 4           | [99, 100, 101, 102]             | [0.1500, 0.5000, 0.3400, 0.0100]                         | 0.4859   | 0.5600  | 0.6180 
17    | 6           | [96, 97, 99, 100, 101, 102]     | [0.0100, 0.0100, 0.0500, 0.3600, 0.3300, 0.2400]         | 1.1139   | 0.7000  | 0.7083 
18    | 5           | [101, 102, 103, 104, 105]       | [0.0300, 0.5600, 0.1800, 0.2100, 0.0200]                 | 0.8331   | 0.6200  | 0.6148 
19    | 6           | [99, 100, 101, 102, 103, 105]   | [0.0400, 0.2500, 0.4000, 0.0500, 0.2300, 0.0300]         | 1.7700   | 0.7800  | 0.7269 
20    | 4           | [99, 100, 101, 102]             | [0.1400, 0.6300, 0.1700, 0.0600]                         | 0.5275   | 0.5200  | 0.5566 
21    | 5           | [97, 98, 99, 100, 101]          | [0.0600, 0.1700, 0.2900, 0.2800, 0.2000]                 | 1.3379   | 0.8400  | 0.7727 

[Per-locus summary - Population 2]
Locus | Num_Alleles | Alleles                       | Frequencies                                      | Variance | Obs_Het | Exp_Het
------+-------------+-------------------------------+--------------------------------------------------+----------+---------+--------
1     | 4           | [99, 100, 101, 102]           | [0.3000, 0.4500, 0.2000, 0.0500]                 | 0.7000   | 0.7200  | 0.6717 
2     | 5           | [98, 99, 100, 101, 102]       | [0.2900, 0.0100, 0.4900, 0.1100, 0.1000]         | 1.6016   | 0.7400  | 0.6602 
3     | 5           | [98, 99, 100, 101, 102]       | [0.0200, 0.3900, 0.4600, 0.1200, 0.0100]         | 0.5459   | 0.5600  | 0.6277 
4     | 5           | [98, 99, 101, 102, 103]       | [0.2900, 0.3800, 0.1400, 0.0200, 0.1700]         | 3.2171   | 0.7600  | 0.7299 
5     | 4           | [100, 101, 102, 103]          | [0.0200, 0.6300, 0.3100, 0.0400]                 | 0.3531   | 0.3800  | 0.5101 
6     | 6           | [96, 97, 98, 100, 101, 102]   | [0.0100, 0.2500, 0.0100, 0.0200, 0.6000, 0.1100] | 3.4899   | 0.6200  | 0.5705 
7     | 6           | [97, 98, 99, 100, 101, 102]   | [0.4500, 0.0800, 0.3100, 0.0900, 0.0600, 0.0100] | 1.7524   | 0.7400  | 0.6901 
8     | 5           | [97, 98, 99, 100, 101]        | [0.0900, 0.2900, 0.3400, 0.2600, 0.0200]         | 0.9611   | 0.7200  | 0.7315 
9     | 5           | [98, 99, 100, 101, 102]       | [0.0800, 0.0200, 0.3700, 0.5200, 0.0100]         | 0.7704   | 0.6200  | 0.5917 
10    | 6           | [97, 98, 99, 100, 101, 102]   | [0.0800, 0.0400, 0.0300, 0.3000, 0.4600, 0.0900] | 1.6459   | 0.6800  | 0.6883 
11    | 4           | [99, 100, 102, 103]           | [0.0200, 0.3100, 0.3900, 0.2800]                 | 1.5400   | 0.7600  | 0.6798 
12    | 6           | [98, 99, 100, 101, 102, 103]  | [0.0300, 0.2300, 0.0100, 0.3300, 0.3700, 0.0300] | 1.6731   | 0.6800  | 0.7065 
13    | 4           | [99, 100, 101, 102]           | [0.0600, 0.4500, 0.4700, 0.0200]                 | 0.4075   | 0.5200  | 0.5784 
14    | 5           | [94, 97, 99, 100, 101]        | [0.0600, 0.2800, 0.1000, 0.4500, 0.1100]         | 3.4739   | 0.7000  | 0.7004 
15    | 6           | [96, 97, 99, 100, 101, 102]   | [0.0100, 0.2300, 0.1700, 0.3200, 0.1700, 0.1000] | 2.6891   | 0.7000  | 0.7846 
16    | 3           | [99, 100, 101]                | [0.1500, 0.4900, 0.3600]                         | 0.4659   | 0.5600  | 0.6139 
17    | 6           | [96, 97, 99, 100, 101, 102]   | [0.0100, 0.0800, 0.0400, 0.2100, 0.3800, 0.2800] | 2.0356   | 0.7000  | 0.7323 
18    | 4           | [102, 103, 104, 105]          | [0.6200, 0.1600, 0.2100, 0.0100]                 | 0.7179   | 0.6600  | 0.5513 
19    | 6           | [99, 100, 101, 102, 103, 105] | [0.1000, 0.1900, 0.4100, 0.0100, 0.2400, 0.0500] | 2.2700   | 0.7200  | 0.7329 
20    | 4           | [99, 100, 101, 102]           | [0.1300, 0.4900, 0.3200, 0.0600]                 | 0.5939   | 0.6600  | 0.6434 
21    | 5           | [97, 98, 99, 100, 101]        | [0.0300, 0.1900, 0.3600, 0.2900, 0.1300]         | 1.0300   | 0.7800  | 0.7398 
