
[Simulation Info]
simulation_id = sim_0004007
timestamp     = 20250428_085835
seed          = 857992
output_folder = /home/lejeunet/Bureau/simulations/Ref_table/sim_0004007

[Model Parameters]
pop_size           = 1136
num_loci           = 20
sample1_generation = 30
sample2_generation = 10
low_repeats        = 1
high_repeats       = 200
mutation_rate      = 0.001
recap_Ne           = 1136

[Sampling Design]
sample1_size_Ne  = 50
sample2_size_Ne  = 50
sample1_size_CMR = 50
sample2_size_CMR = 50

[Capture-Marquage-Recapture]
census_N   =  433
MatchCount =  6

[Ne Estimates - One Sample - Decreasing critical values [0.050, 0.020, 0.010, 0+]]

[Linkage Desequilibrium]
LD_Ne_Pop1 = [634.7, 890.3, None, None]
LD_r2_Pop1 = [0.0218, 0.02165, 0.021158, 0.021158]
LD_Ne_Pop2 = [272.6, 392.6, 391.2, 391.2]
LD_r2_Pop2 = [0.02249, 0.022121, 0.022123, 0.022123]

[Heterozygote excess]
HE_Neb_mean_Pop1        = [None, None, None, None]
HE_weighted_D_mean_Pop1 = [-0.01514, -0.01468, -0.01483, -0.01483]
HE_Neb_mean_Pop2        = [None, 86.8, 90.5, 90.5]
HE_weighted_D_mean_Pop2 = [-0.00103, 0.0058, 0.00555, 0.00555]

[Molecular Coancestry]
Coan_Neb_n_Pop1 = None
Coan_f1_Pop1    = -0.00547
Coan_Neb_n_Pop2 = 29.4
Coan_f1_Pop2    = 0.01699

[Ne Estimates - Temporal - Decreasing critical values (0.050, 0.020, 0.010, 0+)]

[Pollak]
P_Ne     = [1080.8, 1231.2, 1496.6, 1523.5]
P_Fk     = [0.02463, 0.02406, 0.02334, 0.02328]
P_Fprime = [0.00463, 0.00406, 0.00334, 0.00328]

[Nei/Tajima]
N_Ne     = [1042.0, 1162.4, 1358.9, 1379.5]
N_Fc     = [0.0248, 0.0243, 0.02368, 0.02362]
N_Fprime = [0.0048, 0.0043, 0.00368, 0.00362]

[Jorde/Ryman]
J_Ne     = [605.5, 604.8, 606.1, 606.1]
J_Fs     = [0.02838, 0.02838, 0.02837, 0.02837]
J_Fprime = [0.00826, 0.00827, 0.00825, 0.00825]

[Genetic Diversity - Heterozygosity]
mean_exp_het_pop1 = 0.7018
mean_obs_het_pop1 = 0.6876
mean_exp_het_pop2 = 0.7091
mean_obs_het_pop2 = 0.7114

[Genetic Diversity - Allele Counts]
mean_alleles_pop1 = 6.05
var_alleles_pop1  = 1.65
sum_alleles_pop1  = 127
mean_alleles_pop2 = 6.24
var_alleles_pop2  = 1.99
sum_alleles_pop2  = 262

[Genetic Diversity - Allelic Size Variance]
var_allele_size_pop1 = 2.1254
var_allele_size_pop2 = 2.0682

[Per-locus summary - Population 1]
Locus | Num_Alleles | Alleles                                  | Frequencies                                                              | Variance | Obs_Het | Exp_Het
------+-------------+------------------------------------------+--------------------------------------------------------------------------+----------+---------+--------
1     | 4           | [99, 100, 101, 102]                      | [0.1000, 0.4500, 0.3200, 0.1300]                                         | 0.7096   | 0.5800  | 0.6750 
2     | 5           | [97, 98, 99, 100, 101]                   | [0.0500, 0.0600, 0.4700, 0.2400, 0.1800]                                 | 1.0264   | 0.6600  | 0.6899 
3     | 7           | [97, 98, 99, 100, 101, 102, 103]         | [0.0900, 0.1400, 0.3800, 0.1200, 0.2400, 0.0100, 0.0200]                 | 1.8379   | 0.7000  | 0.7630 
4     | 7           | [98, 99, 100, 101, 102, 103, 104]        | [0.0500, 0.1000, 0.1100, 0.3200, 0.0200, 0.1400, 0.2600]                 | 3.4956   | 0.8200  | 0.7933 
5     | 6           | [99, 100, 101, 102, 103, 104]            | [0.0500, 0.3700, 0.1700, 0.2600, 0.1300, 0.0200]                         | 1.5179   | 0.7600  | 0.7543 
6     | 5           | [97, 98, 99, 100, 101]                   | [0.0700, 0.3400, 0.2500, 0.2700, 0.0700]                                 | 1.1651   | 0.7400  | 0.7467 
7     | 6           | [98, 99, 100, 101, 103, 104]             | [0.0600, 0.2200, 0.4300, 0.1500, 0.0600, 0.0800]                         | 2.3339   | 0.7600  | 0.7380 
8     | 6           | [99, 100, 101, 102, 103, 104]            | [0.1000, 0.5900, 0.1100, 0.0600, 0.1100, 0.0300]                         | 1.5836   | 0.6200  | 0.6194 
9     | 5           | [99, 100, 101, 102, 103]                 | [0.0800, 0.3000, 0.5000, 0.0900, 0.0300]                                 | 0.7339   | 0.5800  | 0.6511 
10    | 6           | [98, 99, 100, 101, 102, 103]             | [0.0100, 0.1000, 0.5600, 0.0100, 0.0800, 0.2400]                         | 2.0371   | 0.5600  | 0.6184 
11    | 4           | [99, 100, 101, 102]                      | [0.0300, 0.3100, 0.5600, 0.1000]                                         | 0.4571   | 0.5800  | 0.5853 
12    | 6           | [99, 100, 101, 102, 104, 105]            | [0.0800, 0.3700, 0.4400, 0.0100, 0.0800, 0.0200]                         | 1.7000   | 0.6400  | 0.6628 
13    | 6           | [98, 99, 100, 101, 102, 103]             | [0.1200, 0.3500, 0.1500, 0.2200, 0.1500, 0.0100]                         | 1.7384   | 0.8000  | 0.7774 
14    | 8           | [97, 98, 99, 100, 101, 102, 103, 104]    | [0.2000, 0.0800, 0.0200, 0.2000, 0.0200, 0.3300, 0.0100, 0.1400]         | 5.5699   | 0.8200  | 0.7921 
15    | 9           | [95, 96, 97, 98, 99, 100, 101, 102, 103] | [0.0300, 0.0400, 0.1300, 0.0100, 0.0700, 0.4700, 0.1100, 0.1100, 0.0300] | 3.3531   | 0.7400  | 0.7370 
16    | 5           | [96, 97, 98, 101, 102]                   | [0.0400, 0.3100, 0.2500, 0.1300, 0.2700]                                 | 4.7936   | 0.7800  | 0.7576 
17    | 6           | [101, 102, 103, 104, 105, 106]           | [0.0900, 0.2800, 0.3200, 0.0800, 0.2200, 0.0100]                         | 1.6819   | 0.7400  | 0.7638 
18    | 6           | [99, 100, 101, 102, 103, 104]            | [0.1000, 0.3700, 0.1700, 0.2300, 0.1200, 0.0100]                         | 1.5651   | 0.7400  | 0.7644 
19    | 8           | [97, 98, 99, 100, 101, 102, 103, 104]    | [0.1100, 0.0500, 0.2500, 0.0100, 0.0700, 0.4100, 0.0600, 0.0400]         | 4.0275   | 0.7200  | 0.7521 
20    | 5           | [98, 99, 100, 101, 103]                  | [0.0100, 0.1200, 0.7900, 0.0700, 0.0100]                                 | 0.3184   | 0.3200  | 0.3600 
21    | 7           | [98, 99, 100, 101, 102, 103, 104]        | [0.1000, 0.1400, 0.4000, 0.0300, 0.0400, 0.2800, 0.0100]                 | 2.9875   | 0.7800  | 0.7368 

[Per-locus summary - Population 2]
Locus | Num_Alleles | Alleles                                  | Frequencies                                                              | Variance | Obs_Het | Exp_Het
------+-------------+------------------------------------------+--------------------------------------------------------------------------+----------+---------+--------
1     | 5           | [98, 99, 100, 101, 102]                  | [0.0100, 0.1600, 0.4100, 0.2700, 0.1500]                                 | 0.9179   | 0.7400  | 0.7180 
2     | 5           | [97, 98, 99, 100, 101]                   | [0.0200, 0.0200, 0.4300, 0.2700, 0.2600]                                 | 0.8771   | 0.6400  | 0.6806 
3     | 6           | [97, 98, 99, 100, 101, 102]              | [0.0800, 0.2100, 0.4000, 0.1700, 0.1300, 0.0100]                         | 1.3019   | 0.7800  | 0.7511 
4     | 8           | [98, 99, 100, 101, 102, 103, 104, 105]   | [0.0300, 0.1000, 0.1200, 0.2700, 0.0200, 0.1800, 0.2400, 0.0400]         | 3.6075   | 0.8000  | 0.8180 
5     | 6           | [99, 100, 101, 102, 103, 104]            | [0.0300, 0.2200, 0.0900, 0.2900, 0.3300, 0.0400]                         | 1.6859   | 0.7200  | 0.7556 
6     | 6           | [97, 98, 99, 100, 101, 102]              | [0.0500, 0.4300, 0.1500, 0.2500, 0.1000, 0.0200]                         | 1.4596   | 0.8400  | 0.7244 
7     | 6           | [98, 99, 100, 101, 103, 104]             | [0.0300, 0.3500, 0.2900, 0.1800, 0.0900, 0.0600]                         | 2.3416   | 0.8000  | 0.7560 
8     | 7           | [98, 99, 100, 101, 102, 103, 104]        | [0.0100, 0.0800, 0.5700, 0.1800, 0.0700, 0.0300, 0.0600]                 | 1.5075   | 0.6000  | 0.6331 
9     | 5           | [99, 100, 101, 102, 103]                 | [0.1400, 0.3900, 0.3000, 0.1500, 0.0200]                                 | 0.9496   | 0.8000  | 0.7226 
10    | 6           | [98, 99, 100, 102, 103, 104]             | [0.0200, 0.1600, 0.4600, 0.1000, 0.2500, 0.0100]                         | 2.4259   | 0.6400  | 0.6968 
11    | 4           | [99, 100, 101, 102]                      | [0.0400, 0.2500, 0.6300, 0.0800]                                         | 0.4275   | 0.5400  | 0.5380 
12    | 6           | [99, 100, 101, 102, 104, 105]            | [0.0400, 0.3600, 0.5000, 0.0100, 0.0600, 0.0300]                         | 1.5331   | 0.6400  | 0.6204 
13    | 5           | [98, 99, 100, 101, 102]                  | [0.0800, 0.3400, 0.2000, 0.2300, 0.1500]                                 | 1.4891   | 0.7000  | 0.7703 
14    | 8           | [97, 98, 99, 100, 101, 102, 103, 104]    | [0.2000, 0.0800, 0.0100, 0.2200, 0.0100, 0.3700, 0.0200, 0.0900]         | 5.0800   | 0.8200  | 0.7673 
15    | 9           | [95, 96, 97, 98, 99, 100, 101, 102, 103] | [0.0300, 0.0800, 0.1700, 0.0500, 0.1000, 0.3500, 0.1700, 0.0400, 0.0100] | 3.4700   | 0.8000  | 0.8063 
16    | 5           | [96, 97, 98, 101, 102]                   | [0.0300, 0.3500, 0.2700, 0.1200, 0.2300]                                 | 4.4731   | 0.7400  | 0.7438 
17    | 7           | [100, 101, 102, 103, 104, 105, 106]      | [0.0200, 0.1400, 0.3800, 0.1700, 0.1000, 0.1700, 0.0200]                 | 2.0316   | 0.7200  | 0.7752 
18    | 5           | [99, 100, 101, 102, 103]                 | [0.1000, 0.4500, 0.1600, 0.1600, 0.1300]                                 | 1.4771   | 0.7600  | 0.7267 
19    | 8           | [97, 98, 99, 100, 101, 102, 103, 104]    | [0.0500, 0.1000, 0.1700, 0.0100, 0.0600, 0.4700, 0.0900, 0.0500]         | 3.6675   | 0.6800  | 0.7307 
20    | 3           | [99, 100, 101]                           | [0.2200, 0.7500, 0.0300]                                                 | 0.2139   | 0.4400  | 0.3921 
21    | 8           | [97, 98, 99, 100, 101, 102, 103, 104]    | [0.0100, 0.1000, 0.1800, 0.4100, 0.0500, 0.0900, 0.1500, 0.0100]         | 2.4939   | 0.7400  | 0.7638 
