
[Simulation Info]
simulation_id = sim_0003762
timestamp     = 20250428_085125
seed          = 829953
output_folder = /home/lejeunet/Bureau/simulations/Ref_table/sim_0003762

[Model Parameters]
pop_size           = 8453
num_loci           = 20
sample1_generation = 30
sample2_generation = 10
low_repeats        = 1
high_repeats       = 200
mutation_rate      = 0.001
recap_Ne           = 8453

[Sampling Design]
sample1_size_Ne  = 50
sample2_size_Ne  = 50
sample1_size_CMR = 50
sample2_size_CMR = 50

[Capture-Marquage-Recapture]
census_N   =  0
MatchCount =  0
# There were no match between sampling of individuals during CMR.

[Ne Estimates - One Sample - Decreasing critical values [0.050, 0.020, 0.010, 0+]]

[Linkage Desequilibrium]
LD_Ne_Pop1 = [None, 676.8, 3336.3, 3336.3]
LD_r2_Pop1 = [0.02126, 0.021767, 0.021376, 0.021376]
LD_Ne_Pop2 = [None, None, None, None]
LD_r2_Pop2 = [0.020866, 0.020969, 0.021177, 0.021177]

[Heterozygote excess]
HE_Neb_mean_Pop1        = [249.2, 1167.1, None, None]
HE_weighted_D_mean_Pop1 = [0.00201, 0.00043, -0.00018, -0.00018]
HE_Neb_mean_Pop2        = [None, None, None, None]
HE_weighted_D_mean_Pop2 = [-0.00323, -0.01137, -0.01127, -0.01127]

[Molecular Coancestry]
Coan_Neb_n_Pop1 = None
Coan_f1_Pop1    = -0.00588
Coan_Neb_n_Pop2 = None
Coan_f1_Pop2    = -0.01231

[Ne Estimates - Temporal - Decreasing critical values (0.050, 0.020, 0.010, 0+)]

[Pollak]
P_Ne     = [1387.3, 1268.6, 1615.7, 1565.4]
P_Fk     = [0.0236, 0.02394, 0.02309, 0.02319]
P_Fprime = [0.0036, 0.00394, 0.00309, 0.00319]

[Nei/Tajima]
N_Ne     = [1524.4, 1366.7, 1735.9, 1679.0]
N_Fc     = [0.02328, 0.02366, 0.02288, 0.02298]
N_Fprime = [0.00328, 0.00366, 0.00288, 0.00298]

[Jorde/Ryman]
J_Ne     = [1366.9, 1119.9, 1172.8, 1164.1]
J_Fs     = [0.02376, 0.02457, 0.02437, 0.0244]
J_Fprime = [0.00366, 0.00446, 0.00426, 0.0043]

[Genetic Diversity - Heterozygosity]
mean_exp_het_pop1 = 0.8678
mean_obs_het_pop1 = 0.8705
mean_exp_het_pop2 = 0.8728
mean_obs_het_pop2 = 0.8762

[Genetic Diversity - Allele Counts]
mean_alleles_pop1 = 12.14
var_alleles_pop1  = 4.53
sum_alleles_pop1  = 255
mean_alleles_pop2 = 12.76
var_alleles_pop2  = 5.26
sum_alleles_pop2  = 536

[Genetic Diversity - Allelic Size Variance]
var_allele_size_pop1 = 10.1287
var_allele_size_pop2 = 10.0932

[Per-locus summary - Population 1]
Locus | Num_Alleles | Alleles                                                                   | Frequencies                                                                                                                              | Variance | Obs_Het | Exp_Het
------+-------------+---------------------------------------------------------------------------+------------------------------------------------------------------------------------------------------------------------------------------+----------+---------+--------
1     | 10          | [100, 101, 102, 103, 104, 105, 106, 107, 108, 109]                        | [0.0200, 0.0300, 0.1300, 0.1500, 0.1700, 0.2700, 0.0700, 0.1200, 0.0100, 0.0300]                                                         | 3.6556   | 0.8600  | 0.8457 
2     | 12          | [94, 95, 96, 97, 98, 99, 100, 101, 102, 103, 104, 105]                    | [0.0100, 0.0200, 0.0600, 0.1100, 0.1200, 0.2500, 0.1000, 0.0900, 0.0400, 0.0400, 0.1100, 0.0500]                                         | 7.1024   | 0.9200  | 0.8798 
3     | 13          | [96, 97, 98, 99, 100, 101, 102, 103, 104, 105, 106, 107, 108]             | [0.0400, 0.1000, 0.0500, 0.0100, 0.0100, 0.1200, 0.1200, 0.0800, 0.2400, 0.0500, 0.1200, 0.0200, 0.0400]                                 | 10.1636  | 0.9000  | 0.8828 
4     | 17          | [88, 89, 90, 91, 92, 93, 94, 95, 96, 97, 98, 99, 100, 101, 102, 103, 104] | [0.0200, 0.0200, 0.1800, 0.0600, 0.1500, 0.1400, 0.0600, 0.0400, 0.0500, 0.0600, 0.0400, 0.0100, 0.0300, 0.0200, 0.0800, 0.0200, 0.0200] | 17.7539  | 0.8800  | 0.9087 
5     | 12          | [91, 92, 93, 94, 95, 96, 97, 98, 99, 100, 101, 102]                       | [0.0100, 0.0700, 0.0600, 0.0500, 0.1200, 0.0800, 0.1000, 0.2200, 0.1600, 0.0700, 0.0400, 0.0200]                                         | 6.6979   | 0.8800  | 0.8861 
6     | 14          | [92, 93, 94, 95, 96, 97, 98, 99, 100, 101, 102, 104, 105, 106]            | [0.0100, 0.0100, 0.1000, 0.0500, 0.0300, 0.0600, 0.0400, 0.1800, 0.2800, 0.0700, 0.1100, 0.0100, 0.0400, 0.0100]                         | 8.4291   | 0.8400  | 0.8602 
7     | 11          | [92, 93, 94, 95, 96, 98, 99, 101, 102, 103, 104]                          | [0.0300, 0.1700, 0.1900, 0.2600, 0.0400, 0.0900, 0.0100, 0.0800, 0.1000, 0.0100, 0.0200]                                                 | 10.8211  | 0.8800  | 0.8483 
8     | 15          | [89, 90, 91, 92, 93, 94, 95, 96, 98, 99, 100, 101, 102, 103, 104]         | [0.0500, 0.0700, 0.0400, 0.0600, 0.0600, 0.0500, 0.0200, 0.0900, 0.0100, 0.0400, 0.1300, 0.0400, 0.0800, 0.2100, 0.0500]                 | 24.6500  | 0.8600  | 0.9087 
9     | 12          | [96, 97, 98, 99, 102, 103, 104, 105, 106, 107, 108, 109]                  | [0.0400, 0.0400, 0.0400, 0.0100, 0.0600, 0.0800, 0.2400, 0.1400, 0.0800, 0.2000, 0.0500, 0.0200]                                         | 10.0779  | 0.8800  | 0.8673 
10    | 12          | [93, 94, 96, 97, 98, 100, 101, 102, 103, 104, 105, 107]                   | [0.0100, 0.0400, 0.0100, 0.0400, 0.0900, 0.0800, 0.1500, 0.1400, 0.1900, 0.1200, 0.1200, 0.0100]                                         | 8.3900   | 0.8800  | 0.8838 
11    | 9           | [96, 97, 98, 99, 100, 101, 102, 103, 104]                                 | [0.0500, 0.1000, 0.1600, 0.2700, 0.1700, 0.1600, 0.0200, 0.0600, 0.0100]                                                                 | 3.1011   | 0.8400  | 0.8388 
12    | 13          | [91, 92, 93, 96, 97, 98, 99, 100, 101, 102, 103, 104, 105]                | [0.0100, 0.0100, 0.0600, 0.0400, 0.0500, 0.0800, 0.2300, 0.1400, 0.1500, 0.1500, 0.0100, 0.0400, 0.0300]                                 | 8.0100   | 0.8600  | 0.8743 
13    | 10          | [98, 99, 100, 101, 102, 103, 104, 105, 106, 107]                          | [0.0100, 0.0500, 0.0300, 0.0900, 0.3000, 0.2200, 0.0900, 0.1100, 0.0300, 0.0700]                                                         | 3.8804   | 0.8400  | 0.8323 
14    | 11          | [94, 95, 96, 97, 98, 99, 100, 101, 102, 103, 104]                         | [0.0200, 0.0300, 0.0300, 0.0500, 0.1200, 0.2300, 0.1700, 0.1400, 0.1700, 0.0300, 0.0100]                                                 | 4.2000   | 0.8800  | 0.8582 
15    | 10          | [100, 101, 102, 103, 104, 105, 106, 107, 108, 109]                        | [0.0200, 0.0800, 0.0700, 0.0300, 0.2300, 0.1700, 0.1100, 0.1700, 0.0900, 0.0300]                                                         | 4.8336   | 0.8600  | 0.8642 
16    | 13          | [88, 89, 90, 91, 92, 93, 100, 101, 102, 103, 104, 105, 106]               | [0.0400, 0.0100, 0.0100, 0.0200, 0.0600, 0.0400, 0.0100, 0.1100, 0.0400, 0.2400, 0.2500, 0.1100, 0.0600]                                 | 25.3139  | 0.9400  | 0.8515 
17    | 9           | [99, 100, 101, 102, 103, 104, 105, 106, 107]                              | [0.0100, 0.0100, 0.1000, 0.2000, 0.1100, 0.2800, 0.1200, 0.1200, 0.0500]                                                                 | 3.1179   | 0.7800  | 0.8364 
18    | 14          | [90, 91, 92, 93, 94, 95, 96, 97, 98, 99, 100, 101, 102, 103]              | [0.0100, 0.0700, 0.0400, 0.1500, 0.0400, 0.0300, 0.0300, 0.0500, 0.1000, 0.1100, 0.1000, 0.0900, 0.1400, 0.0400]                         | 14.5636  | 0.8600  | 0.9127 
19    | 13          | [94, 95, 96, 97, 98, 99, 100, 101, 103, 105, 106, 107, 108]               | [0.0300, 0.0400, 0.1600, 0.0500, 0.0300, 0.2500, 0.2000, 0.0500, 0.0100, 0.1400, 0.0100, 0.0100, 0.0200]                                 | 11.0619  | 0.9200  | 0.8517 
20    | 15          | [88, 89, 90, 91, 93, 95, 97, 98, 99, 100, 101, 102, 103, 104, 105]        | [0.0100, 0.1300, 0.0100, 0.0200, 0.0200, 0.0400, 0.0400, 0.0700, 0.0600, 0.1400, 0.1700, 0.1300, 0.1000, 0.0200, 0.0400]                 | 23.1896  | 0.9600  | 0.9020 
21    | 10          | [99, 100, 101, 102, 103, 104, 105, 106, 107, 111]                         | [0.0400, 0.0100, 0.1200, 0.2700, 0.2300, 0.0900, 0.1600, 0.0400, 0.0300, 0.0100]                                                         | 3.6891   | 0.7600  | 0.8301 

[Per-locus summary - Population 2]
Locus | Num_Alleles | Alleles                                                                      | Frequencies                                                                                                                              | Variance | Obs_Het | Exp_Het
------+-------------+------------------------------------------------------------------------------+------------------------------------------------------------------------------------------------------------------------------------------+----------+---------+--------
1     | 10          | [100, 101, 102, 103, 104, 105, 106, 107, 108, 109]                           | [0.0100, 0.0500, 0.1400, 0.2200, 0.1600, 0.2000, 0.1200, 0.0800, 0.0100, 0.0100]                                                         | 3.1936   | 0.8800  | 0.8513 
2     | 13          | [93, 94, 95, 96, 97, 98, 99, 100, 101, 102, 103, 104, 105]                   | [0.0100, 0.0800, 0.0100, 0.0300, 0.1300, 0.1000, 0.1900, 0.0700, 0.1200, 0.0100, 0.0500, 0.1000, 0.1000]                                 | 10.4739  | 0.8800  | 0.8966 
3     | 13          | [95, 96, 97, 98, 99, 100, 101, 102, 103, 104, 105, 106, 107]                 | [0.0300, 0.1000, 0.1900, 0.0700, 0.0200, 0.0500, 0.0900, 0.0600, 0.0700, 0.2200, 0.0500, 0.0300, 0.0200]                                 | 11.8019  | 0.8000  | 0.8852 
4     | 15          | [88, 89, 90, 91, 92, 93, 94, 95, 96, 97, 98, 99, 101, 102, 104]              | [0.0100, 0.0300, 0.0600, 0.1300, 0.2400, 0.1400, 0.0700, 0.0400, 0.0600, 0.0200, 0.0400, 0.0600, 0.0300, 0.0400, 0.0300]                 | 13.9675  | 0.9200  | 0.8911 
5     | 11          | [92, 93, 94, 95, 96, 97, 98, 99, 100, 101, 102]                              | [0.0200, 0.0200, 0.0200, 0.0600, 0.1700, 0.1200, 0.1400, 0.1600, 0.1700, 0.0600, 0.0600]                                                 | 5.2196   | 0.9400  | 0.8794 
6     | 13          | [92, 94, 95, 96, 97, 98, 99, 100, 101, 102, 103, 105, 106]                   | [0.0100, 0.1400, 0.0500, 0.0600, 0.0400, 0.1000, 0.1700, 0.1600, 0.0800, 0.0700, 0.0200, 0.0700, 0.0300]                                 | 11.0019  | 0.8400  | 0.8996 
7     | 11          | [92, 93, 94, 95, 96, 98, 99, 101, 102, 103, 104]                             | [0.0400, 0.1800, 0.2600, 0.1600, 0.0500, 0.0400, 0.0100, 0.1200, 0.1100, 0.0100, 0.0200]                                                 | 12.3916  | 0.8600  | 0.8501 
8     | 15          | [89, 90, 91, 92, 93, 94, 95, 96, 98, 99, 100, 101, 102, 103, 104]            | [0.0400, 0.0400, 0.0400, 0.0400, 0.1000, 0.0600, 0.0100, 0.0800, 0.0100, 0.0600, 0.1600, 0.0500, 0.0500, 0.2200, 0.0400]                 | 21.9564  | 0.9400  | 0.8982 
9     | 11          | [96, 97, 98, 102, 103, 104, 105, 106, 107, 108, 110]                         | [0.0300, 0.0400, 0.0500, 0.0600, 0.1600, 0.1700, 0.1900, 0.1300, 0.1100, 0.0500, 0.0100]                                                 | 8.9364   | 0.8600  | 0.8780 
10    | 13          | [94, 95, 97, 98, 99, 100, 101, 102, 103, 104, 105, 106, 107]                 | [0.0200, 0.0200, 0.0700, 0.1000, 0.0100, 0.0600, 0.1500, 0.1600, 0.1600, 0.1100, 0.0800, 0.0400, 0.0200]                                 | 8.3291   | 0.8800  | 0.8953 
11    | 10          | [95, 96, 97, 98, 99, 100, 101, 102, 103, 104]                                | [0.0100, 0.0100, 0.0700, 0.2600, 0.2500, 0.1600, 0.1100, 0.0800, 0.0400, 0.0100]                                                         | 2.8704   | 0.8400  | 0.8273 
12    | 11          | [91, 93, 97, 98, 99, 100, 101, 102, 103, 104, 105]                           | [0.0200, 0.0700, 0.0500, 0.0800, 0.1400, 0.1400, 0.2000, 0.0800, 0.1100, 0.0600, 0.0500]                                                 | 9.6764   | 0.8400  | 0.8909 
13    | 11          | [98, 99, 100, 101, 102, 103, 104, 105, 106, 107, 109]                        | [0.0100, 0.0300, 0.0700, 0.0300, 0.2100, 0.1900, 0.1500, 0.1700, 0.0600, 0.0700, 0.0100]                                                 | 4.4104   | 0.8600  | 0.8616 
14    | 11          | [94, 95, 96, 97, 98, 99, 100, 101, 102, 103, 104]                            | [0.0200, 0.0500, 0.0500, 0.0300, 0.1300, 0.1100, 0.2500, 0.1000, 0.2000, 0.0300, 0.0300]                                                 | 5.2176   | 0.8800  | 0.8590 
15    | 11          | [99, 100, 101, 102, 103, 104, 105, 106, 107, 108, 109]                       | [0.0100, 0.0400, 0.1500, 0.0300, 0.0600, 0.1600, 0.1500, 0.1000, 0.1700, 0.0800, 0.0500]                                                 | 6.6075   | 0.9200  | 0.8842 
16    | 17          | [88, 89, 90, 91, 92, 93, 94, 98, 99, 101, 102, 103, 104, 105, 106, 107, 108] | [0.0300, 0.0200, 0.0100, 0.0400, 0.0400, 0.0300, 0.0100, 0.0100, 0.0200, 0.0600, 0.0200, 0.1500, 0.2800, 0.1400, 0.0900, 0.0400, 0.0100] | 28.1800  | 0.9200  | 0.8683 
17    | 11          | [99, 100, 101, 102, 103, 104, 105, 106, 107, 108, 109]                       | [0.0100, 0.0300, 0.0800, 0.2600, 0.0900, 0.2700, 0.1300, 0.0500, 0.0500, 0.0200, 0.0100]                                                 | 3.6699   | 0.9000  | 0.8299 
18    | 13          | [90, 91, 93, 94, 95, 96, 97, 98, 99, 100, 101, 102, 103]                     | [0.0300, 0.0300, 0.1600, 0.0800, 0.0800, 0.0500, 0.0700, 0.0700, 0.0600, 0.0900, 0.1900, 0.0700, 0.0200]                                 | 12.7859  | 0.9000  | 0.9034 
19    | 14          | [94, 95, 96, 97, 98, 99, 100, 101, 102, 105, 106, 107, 108, 109]             | [0.0100, 0.0100, 0.1200, 0.1200, 0.0500, 0.1800, 0.2100, 0.0600, 0.0300, 0.1100, 0.0200, 0.0100, 0.0600, 0.0100]                         | 12.7400  | 0.9000  | 0.8800 
20    | 16          | [88, 89, 90, 92, 93, 95, 97, 98, 99, 100, 101, 102, 103, 104, 105, 106]      | [0.0200, 0.0400, 0.0100, 0.0200, 0.0300, 0.0100, 0.0400, 0.0100, 0.0400, 0.1800, 0.2600, 0.1200, 0.1500, 0.0500, 0.0100, 0.0100]         | 15.6456  | 0.9000  | 0.8622 
21    | 9           | [99, 100, 101, 102, 103, 104, 105, 106, 109]                                 | [0.0100, 0.0300, 0.1300, 0.1700, 0.2200, 0.1700, 0.2100, 0.0500, 0.0100]                                                                 | 2.8824   | 0.7400  | 0.8376 
