
[Simulation Info]
simulation_id = sim_0005907
timestamp     = 20250428_094331
seed          = 323735
output_folder = /home/lejeunet/Bureau/simulations/Ref_table/sim_0005907

[Model Parameters]
pop_size           = 793
num_loci           = 20
sample1_generation = 30
sample2_generation = 10
low_repeats        = 1
high_repeats       = 200
mutation_rate      = 0.001
recap_Ne           = 793

[Sampling Design]
sample1_size_Ne  = 50
sample2_size_Ne  = 50
sample1_size_CMR = 50
sample2_size_CMR = 50

[Capture-Marquage-Recapture]
census_N   =  520
MatchCount =  5

[Ne Estimates - One Sample - Decreasing critical values [0.050, 0.020, 0.010, 0+]]

[Linkage Desequilibrium]
LD_Ne_Pop1 = [268457.0, None, None, None]
LD_r2_Pop1 = [0.021277, 0.021148, 0.02111, 0.02111]
LD_Ne_Pop2 = [460.9, 552.7, 625.8, 625.8]
LD_r2_Pop2 = [0.021996, 0.021877, 0.021807, 0.021807]

[Heterozygote excess]
HE_Neb_mean_Pop1        = [None, None, None, None]
HE_weighted_D_mean_Pop1 = [-0.01846, -0.01493, -0.0151, -0.0151]
HE_Neb_mean_Pop2        = [48.0, 45.3, 46.2, 46.2]
HE_weighted_D_mean_Pop2 = [0.01053, 0.01116, 0.01094, 0.01094]

[Molecular Coancestry]
Coan_Neb_n_Pop1 = None
Coan_f1_Pop1    = -0.01425
Coan_Neb_n_Pop2 = None
Coan_f1_Pop2    = -0.01665

[Ne Estimates - Temporal - Decreasing critical values (0.050, 0.020, 0.010, 0+)]

[Pollak]
P_Ne     = [537.4, 662.2, 643.1, 643.1]
P_Fk     = [0.0293, 0.02755, 0.02778, 0.02778]
P_Fprime = [0.0093, 0.00755, 0.00778, 0.00778]

[Nei/Tajima]
N_Ne     = [507.8, 601.9, 590.8, 590.8]
N_Fc     = [0.02985, 0.02831, 0.02846, 0.02846]
N_Fprime = [0.00985, 0.00831, 0.00846, 0.00846]

[Jorde/Ryman]
J_Ne     = [354.5, 361.0, 359.7, 359.7]
J_Fs     = [0.03426, 0.034, 0.03405, 0.03405]
J_Fprime = [0.01411, 0.01385, 0.0139, 0.0139]

[Genetic Diversity - Heterozygosity]
mean_exp_het_pop1 = 0.7175
mean_obs_het_pop1 = 0.7067
mean_exp_het_pop2 = 0.7105
mean_obs_het_pop2 = 0.7229

[Genetic Diversity - Allele Counts]
mean_alleles_pop1 = 5.86
var_alleles_pop1  = 1.53
sum_alleles_pop1  = 123
mean_alleles_pop2 = 5.9
var_alleles_pop2  = 1.41
sum_alleles_pop2  = 248

[Genetic Diversity - Allelic Size Variance]
var_allele_size_pop1 = 3.439
var_allele_size_pop2 = 3.1704

[Per-locus summary - Population 1]
Locus | Num_Alleles | Alleles                                | Frequencies                                                              | Variance | Obs_Het | Exp_Het
------+-------------+----------------------------------------+--------------------------------------------------------------------------+----------+---------+--------
1     | 7           | [99, 100, 101, 102, 103, 104, 105]     | [0.1200, 0.1800, 0.0100, 0.1400, 0.2700, 0.0500, 0.2300]                 | 4.2411   | 0.7400  | 0.8133 
2     | 7           | [98, 99, 100, 101, 102, 103, 104]      | [0.0100, 0.0700, 0.5000, 0.0700, 0.2700, 0.0500, 0.0300]                 | 1.5659   | 0.7600  | 0.6705 
3     | 5           | [98, 99, 100, 101, 102]                | [0.0100, 0.0500, 0.3600, 0.5200, 0.0600]                                 | 0.5251   | 0.5800  | 0.5998 
4     | 4           | [99, 100, 102, 103]                    | [0.2100, 0.6000, 0.1800, 0.0100]                                         | 0.9876   | 0.5200  | 0.5691 
5     | 7           | [97, 98, 99, 100, 101, 102, 103]       | [0.0800, 0.0700, 0.2300, 0.0400, 0.3400, 0.2100, 0.0300]                 | 2.6224   | 0.8000  | 0.7814 
6     | 7           | [94, 95, 96, 99, 100, 101, 102]        | [0.0400, 0.1600, 0.2000, 0.0100, 0.3700, 0.1700, 0.0500]                 | 6.5236   | 0.8800  | 0.7721 
7     | 5           | [96, 97, 98, 99, 100]                  | [0.1800, 0.1900, 0.3700, 0.1700, 0.0900]                                 | 1.4000   | 0.9000  | 0.7652 
8     | 9           | [93, 94, 95, 96, 97, 98, 99, 100, 101] | [0.0100, 0.0300, 0.3400, 0.1500, 0.0400, 0.0900, 0.1900, 0.0100, 0.1400] | 5.1100   | 0.7400  | 0.8034 
9     | 5           | [99, 100, 101, 102, 103]               | [0.0800, 0.2400, 0.3800, 0.0800, 0.2200]                                 | 1.5056   | 0.7200  | 0.7442 
10    | 5           | [98, 99, 100, 101, 102]                | [0.0700, 0.3400, 0.4500, 0.0300, 0.1100]                                 | 1.0371   | 0.7200  | 0.6707 
11    | 5           | [96, 97, 98, 99, 100]                  | [0.1500, 0.3800, 0.0300, 0.1900, 0.2500]                                 | 2.1699   | 0.7000  | 0.7410 
12    | 6           | [93, 94, 95, 96, 104, 105]             | [0.0100, 0.3200, 0.3500, 0.0100, 0.1900, 0.1200]                         | 21.1036  | 0.5800  | 0.7317 
13    | 4           | [96, 97, 98, 99]                       | [0.1100, 0.2600, 0.6100, 0.0200]                                         | 0.5084   | 0.5200  | 0.5533 
14    | 7           | [97, 98, 99, 100, 101, 102, 103]       | [0.0500, 0.4200, 0.1500, 0.0300, 0.0100, 0.0700, 0.2700]                 | 4.9676   | 0.7400  | 0.7271 
15    | 6           | [99, 100, 101, 102, 103, 104]          | [0.0100, 0.2900, 0.0300, 0.2800, 0.1300, 0.2600]                         | 2.4499   | 0.7200  | 0.7596 
16    | 5           | [99, 100, 101, 102, 103]               | [0.3100, 0.3900, 0.2000, 0.0700, 0.0300]                                 | 1.0456   | 0.6600  | 0.7131 
17    | 7           | [95, 96, 97, 98, 99, 100, 101]         | [0.3500, 0.0200, 0.1100, 0.2000, 0.1100, 0.0800, 0.1300]                 | 4.6484   | 0.8600  | 0.7976 
18    | 5           | [95, 96, 97, 98, 99]                   | [0.0100, 0.2500, 0.2100, 0.4700, 0.0600]                                 | 0.8976   | 0.6400  | 0.6756 
19    | 5           | [98, 99, 100, 101, 102]                | [0.0500, 0.5000, 0.1400, 0.2000, 0.1100]                                 | 1.3076   | 0.6400  | 0.6826 
20    | 6           | [100, 101, 102, 103, 104, 106]         | [0.1600, 0.0900, 0.0400, 0.1500, 0.3600, 0.2000]                         | 3.9324   | 0.7200  | 0.7804 
21    | 6           | [97, 98, 99, 100, 101, 102]            | [0.1300, 0.1400, 0.0400, 0.1000, 0.1100, 0.4800]                         | 3.6704   | 0.7000  | 0.7166 

[Per-locus summary - Population 2]
Locus | Num_Alleles | Alleles                             | Frequencies                                                      | Variance | Obs_Het | Exp_Het
------+-------------+-------------------------------------+------------------------------------------------------------------+----------+---------+--------
1     | 7           | [99, 100, 101, 102, 103, 104, 105]  | [0.0800, 0.2100, 0.0100, 0.1300, 0.3400, 0.0600, 0.1700]         | 3.5900   | 0.8200  | 0.7923 
2     | 6           | [99, 100, 101, 102, 103, 104]       | [0.1200, 0.4300, 0.1400, 0.2900, 0.0100, 0.0100]                 | 1.2211   | 0.7000  | 0.7038 
3     | 4           | [99, 100, 101, 102]                 | [0.0800, 0.2700, 0.6400, 0.0100]                                 | 0.4236   | 0.6000  | 0.5162 
4     | 4           | [99, 100, 101, 102]                 | [0.2000, 0.4400, 0.0300, 0.3300]                                 | 1.3099   | 0.6600  | 0.6632 
5     | 6           | [97, 98, 99, 100, 101, 102]         | [0.0400, 0.0600, 0.1700, 0.0400, 0.4300, 0.2600]                 | 1.9484   | 0.6800  | 0.7190 
6     | 7           | [94, 95, 96, 99, 100, 101, 102]     | [0.0800, 0.1000, 0.2200, 0.0100, 0.3700, 0.1600, 0.0600]         | 6.7819   | 0.8400  | 0.7768 
7     | 5           | [96, 97, 98, 99, 100]               | [0.0800, 0.2100, 0.4800, 0.0900, 0.1400]                         | 1.1800   | 0.7400  | 0.6984 
8     | 8           | [94, 95, 96, 97, 98, 99, 100, 101]  | [0.0300, 0.3600, 0.1800, 0.0400, 0.0900, 0.1800, 0.0100, 0.1100] | 4.5451   | 0.8200  | 0.7907 
9     | 5           | [99, 100, 101, 102, 103]            | [0.2000, 0.2400, 0.3500, 0.0500, 0.1600]                         | 1.6571   | 0.7200  | 0.7594 
10    | 5           | [98, 99, 100, 101, 102]             | [0.0400, 0.4800, 0.3400, 0.0400, 0.1000]                         | 0.9776   | 0.7800  | 0.6473 
11    | 5           | [96, 97, 98, 99, 100]               | [0.2400, 0.2400, 0.0400, 0.2900, 0.1900]                         | 2.2475   | 0.7800  | 0.7707 
12    | 6           | [94, 95, 96, 104, 105, 106]         | [0.1000, 0.5700, 0.0200, 0.2000, 0.0800, 0.0300]                 | 19.8275  | 0.6200  | 0.6236 
13    | 5           | [95, 96, 97, 98, 99]                | [0.0100, 0.1700, 0.2500, 0.5400, 0.0300]                         | 0.7019   | 0.5600  | 0.6222 
14    | 6           | [97, 98, 99, 100, 102, 103]         | [0.0400, 0.5400, 0.1000, 0.0200, 0.1000, 0.2000]                 | 4.5700   | 0.6000  | 0.6529 
15    | 5           | [100, 101, 102, 103, 104]           | [0.3400, 0.0800, 0.1500, 0.1500, 0.2800]                         | 2.7075   | 0.7800  | 0.7622 
16    | 5           | [99, 100, 101, 102, 103]            | [0.2700, 0.3200, 0.3000, 0.0700, 0.0400]                         | 1.1259   | 0.7600  | 0.7356 
17    | 8           | [94, 95, 96, 97, 98, 99, 100, 101]  | [0.0100, 0.3500, 0.0400, 0.1000, 0.2300, 0.1200, 0.0800, 0.0700] | 4.0316   | 0.8400  | 0.7952 
18    | 5           | [95, 96, 97, 98, 99]                | [0.0200, 0.2700, 0.3100, 0.3800, 0.0200]                         | 0.7979   | 0.6800  | 0.6927 
19    | 5           | [98, 99, 100, 101, 102]             | [0.0800, 0.5300, 0.2100, 0.1300, 0.0500]                         | 0.9684   | 0.7200  | 0.6558 
20    | 7           | [100, 101, 102, 103, 104, 105, 106] | [0.1400, 0.1200, 0.0200, 0.2200, 0.3000, 0.0200, 0.1800]         | 3.7200   | 0.7800  | 0.8024 
21    | 6           | [97, 98, 99, 100, 101, 102]         | [0.0100, 0.1600, 0.0500, 0.2200, 0.1500, 0.4100]                 | 2.2451   | 0.7000  | 0.7402 
