
[Simulation Info]
simulation_id = sim_0010592
timestamp     = 20250429_084617
seed          = 660238
output_folder = /home/lejeunet/Bureau/simulations/Ref_table/sim_0010592

[Model Parameters]
pop_size           = 1059
num_loci           = 20
sample1_generation = 30
sample2_generation = 10
low_repeats        = 1
high_repeats       = 200
mutation_rate      = 0.001
recap_Ne           = 1059

[Sampling Design]
sample1_size_Ne  = 50
sample2_size_Ne  = 50
sample1_size_CMR = 50
sample2_size_CMR = 50

[Capture-Marquage-Recapture]
census_N   =  867
MatchCount =  3

[Ne Estimates - One Sample - Decreasing critical values [0.050, 0.020, 0.010, 0+]]

[Linkage Desequilibrium]
LD_Ne_Pop1 = [785.3, 1364.0, 6836.1, 6836.1]
LD_r2_Pop1 = [0.021699, 0.02152, 0.021325, 0.021325]
LD_Ne_Pop2 = [4690.6, 1002.6, 751.3, 751.3]
LD_r2_Pop2 = [0.021347, 0.021608, 0.021718, 0.021718]

[Heterozygote excess]
HE_Neb_mean_Pop1        = [None, None, None, None]
HE_weighted_D_mean_Pop1 = [-0.00472, -0.00516, -0.00516, -0.00516]
HE_Neb_mean_Pop2        = [63.9, 83.4, 83.4, 83.4]
HE_weighted_D_mean_Pop2 = [0.00789, 0.00603, 0.00603, 0.00603]

[Molecular Coancestry]
Coan_Neb_n_Pop1 = 35.2
Coan_f1_Pop1    = 0.01421
Coan_Neb_n_Pop2 = 71.3
Coan_f1_Pop2    = 0.00701

[Ne Estimates - Temporal - Decreasing critical values (0.050, 0.020, 0.010, 0+)]

[Pollak]
P_Ne     = [1651.1, 1563.7, 1744.2, 1656.6]
P_Fk     = [0.02303, 0.0232, 0.02287, 0.02302]
P_Fprime = [0.00303, 0.0032, 0.00287, 0.00302]

[Nei/Tajima]
N_Ne     = [1525.3, 1486.5, 1623.0, 1559.1]
N_Fc     = [0.02328, 0.02336, 0.02308, 0.02321]
N_Fprime = [0.00328, 0.00336, 0.00308, 0.00321]

[Jorde/Ryman]
J_Ne     = [898.5, 906.9, 909.1, 907.0]
J_Fs     = [0.02567, 0.02562, 0.02561, 0.02562]
J_Fprime = [0.00556, 0.00551, 0.0055, 0.00551]

[Genetic Diversity - Heterozygosity]
mean_exp_het_pop1 = 0.7351
mean_obs_het_pop1 = 0.7267
mean_exp_het_pop2 = 0.7438
mean_obs_het_pop2 = 0.7505

[Genetic Diversity - Allele Counts]
mean_alleles_pop1 = 6.1
var_alleles_pop1  = 1.89
sum_alleles_pop1  = 128
mean_alleles_pop2 = 6.29
var_alleles_pop2  = 1.67
sum_alleles_pop2  = 264

[Genetic Diversity - Allelic Size Variance]
var_allele_size_pop1 = 2.8094
var_allele_size_pop2 = 2.92

[Per-locus summary - Population 1]
Locus | Num_Alleles | Alleles                                 | Frequencies                                                              | Variance | Obs_Het | Exp_Het
------+-------------+-----------------------------------------+--------------------------------------------------------------------------+----------+---------+--------
1     | 5           | [99, 100, 101, 102, 103]                | [0.0400, 0.3000, 0.4900, 0.1400, 0.0300]                                 | 0.6876   | 0.6000  | 0.6543 
2     | 6           | [97, 98, 100, 101, 102, 103]            | [0.0200, 0.1100, 0.1100, 0.1700, 0.5300, 0.0600]                         | 2.1731   | 0.7000  | 0.6687 
3     | 6           | [99, 100, 101, 102, 103, 104]           | [0.0500, 0.3300, 0.1200, 0.1100, 0.2600, 0.1300]                         | 2.5019   | 0.7200  | 0.7854 
4     | 5           | [98, 99, 100, 101, 102]                 | [0.0900, 0.1900, 0.4100, 0.2900, 0.0200]                                 | 0.9184   | 0.7600  | 0.7103 
5     | 5           | [99, 100, 101, 102, 103]                | [0.0500, 0.3500, 0.1300, 0.2800, 0.1900]                                 | 1.5459   | 0.7400  | 0.7511 
6     | 5           | [98, 99, 100, 102, 103]                 | [0.2500, 0.1700, 0.2500, 0.1200, 0.2100]                                 | 3.5000   | 0.7600  | 0.7956 
7     | 9           | [94, 95, 96, 97, 98, 99, 100, 101, 102] | [0.0300, 0.0600, 0.0800, 0.0300, 0.0600, 0.1800, 0.1700, 0.3300, 0.0600] | 4.5724   | 0.9400  | 0.8190 
8     | 7           | [97, 98, 99, 100, 101, 102, 103]        | [0.0200, 0.1700, 0.3400, 0.2000, 0.1600, 0.0800, 0.0300]                 | 1.8411   | 0.7800  | 0.7901 
9     | 5           | [98, 100, 101, 102, 103]                | [0.0200, 0.3600, 0.2800, 0.2700, 0.0700]                                 | 1.0899   | 0.8200  | 0.7210 
10    | 8           | [95, 96, 97, 99, 100, 101, 102, 103]    | [0.0300, 0.1100, 0.2500, 0.1900, 0.0800, 0.1400, 0.1900, 0.0100]         | 4.9796   | 0.7800  | 0.8346 
11    | 5           | [98, 99, 100, 103, 104]                 | [0.0300, 0.3600, 0.2600, 0.0500, 0.3000]                                 | 4.8651   | 0.6800  | 0.7166 
12    | 5           | [99, 100, 101, 102, 103]                | [0.0300, 0.4200, 0.0800, 0.3400, 0.1300]                                 | 1.3856   | 0.7400  | 0.6907 
13    | 6           | [97, 98, 99, 100, 101, 102]             | [0.0300, 0.1800, 0.3600, 0.0600, 0.2600, 0.1100]                         | 1.9411   | 0.7000  | 0.7614 
14    | 5           | [99, 100, 101, 102, 103]                | [0.1800, 0.1000, 0.4900, 0.0500, 0.1800]                                 | 1.5875   | 0.6400  | 0.6895 
15    | 7           | [95, 96, 97, 98, 99, 100, 101]          | [0.0400, 0.2700, 0.1100, 0.0900, 0.4000, 0.0700, 0.0200]                 | 2.3811   | 0.7200  | 0.7475 
16    | 6           | [99, 100, 101, 102, 103, 104]           | [0.1300, 0.4900, 0.0200, 0.1300, 0.1400, 0.0900]                         | 2.5051   | 0.6600  | 0.7050 
17    | 8           | [96, 97, 98, 99, 101, 102, 103, 104]    | [0.0200, 0.1000, 0.0800, 0.1500, 0.0400, 0.2000, 0.3000, 0.1100]         | 5.8019   | 0.7200  | 0.8253 
18    | 5           | [98, 99, 100, 103, 104]                 | [0.0100, 0.6000, 0.0100, 0.1700, 0.2100]                                 | 4.9971   | 0.6000  | 0.5725 
19    | 5           | [98, 99, 100, 101, 102]                 | [0.1700, 0.3200, 0.4100, 0.0900, 0.0100]                                 | 0.8275   | 0.7200  | 0.6994 
20    | 6           | [99, 100, 101, 102, 103, 104]           | [0.0300, 0.2500, 0.2000, 0.4100, 0.1000, 0.0100]                         | 1.1611   | 0.7400  | 0.7257 
21    | 9           | [92, 93, 94, 95, 97, 98, 99, 100, 101]  | [0.0500, 0.0800, 0.1100, 0.0300, 0.1100, 0.0100, 0.2000, 0.4000, 0.0100] | 7.7339   | 0.7400  | 0.7735 

[Per-locus summary - Population 2]
Locus | Num_Alleles | Alleles                                 | Frequencies                                                              | Variance | Obs_Het | Exp_Het
------+-------------+-----------------------------------------+--------------------------------------------------------------------------+----------+---------+--------
1     | 6           | [99, 100, 101, 102, 103, 104]           | [0.0200, 0.4500, 0.3500, 0.1300, 0.0400, 0.0100]                         | 0.8475   | 0.8600  | 0.6626 
2     | 7           | [97, 98, 99, 100, 101, 102, 103]        | [0.0400, 0.2400, 0.0100, 0.1300, 0.1300, 0.4000, 0.0500]                 | 3.2891   | 0.7400  | 0.7519 
3     | 6           | [99, 100, 101, 102, 103, 104]           | [0.0700, 0.2900, 0.1100, 0.1600, 0.2400, 0.1300]                         | 2.5000   | 0.8600  | 0.8069 
4     | 5           | [98, 99, 100, 101, 102]                 | [0.0900, 0.2100, 0.3700, 0.2800, 0.0500]                                 | 1.0499   | 0.7200  | 0.7374 
5     | 5           | [99, 100, 101, 102, 103]                | [0.1400, 0.1800, 0.1900, 0.3400, 0.1500]                                 | 1.6476   | 0.8400  | 0.7816 
6     | 5           | [98, 99, 100, 102, 103]                 | [0.3000, 0.0800, 0.1900, 0.1400, 0.2900]                                 | 4.2291   | 0.8200  | 0.7715 
7     | 9           | [94, 95, 96, 97, 98, 99, 100, 101, 102] | [0.0300, 0.0800, 0.1100, 0.0200, 0.0700, 0.1400, 0.1000, 0.3900, 0.0600] | 5.3475   | 0.8600  | 0.7980 
8     | 6           | [97, 98, 99, 100, 101, 102]             | [0.0200, 0.1200, 0.3700, 0.3200, 0.1200, 0.0500]                         | 1.1475   | 0.8200  | 0.7364 
9     | 4           | [100, 101, 102, 103]                    | [0.2800, 0.3200, 0.3100, 0.0900]                                         | 0.9059   | 0.7000  | 0.7222 
10    | 8           | [95, 96, 97, 99, 100, 101, 102, 103]    | [0.0300, 0.0900, 0.1300, 0.2000, 0.1200, 0.1600, 0.2600, 0.0100]         | 4.6979   | 0.7800  | 0.8347 
11    | 6           | [98, 99, 100, 103, 104, 105]            | [0.0900, 0.2700, 0.2500, 0.1100, 0.2500, 0.0300]                         | 5.3091   | 0.7400  | 0.7889 
12    | 6           | [99, 100, 101, 102, 103, 104]           | [0.0400, 0.2800, 0.1900, 0.3200, 0.1400, 0.0300]                         | 1.4811   | 0.7600  | 0.7687 
13    | 6           | [97, 98, 99, 100, 101, 102]             | [0.0200, 0.1600, 0.4300, 0.0600, 0.1900, 0.1400]                         | 1.8844   | 0.6800  | 0.7372 
14    | 5           | [99, 100, 101, 102, 103]                | [0.1700, 0.2200, 0.3600, 0.0400, 0.2100]                                 | 1.7700   | 0.7000  | 0.7550 
15    | 7           | [95, 96, 97, 98, 99, 100, 101]          | [0.0100, 0.2500, 0.1300, 0.0900, 0.3500, 0.1300, 0.0400]                 | 2.4451   | 0.7400  | 0.7792 
16    | 6           | [99, 100, 101, 102, 103, 104]           | [0.0300, 0.5500, 0.0400, 0.1200, 0.1900, 0.0700]                         | 2.1700   | 0.6400  | 0.6461 
17    | 8           | [96, 97, 98, 99, 101, 102, 103, 104]    | [0.0100, 0.0800, 0.0900, 0.1700, 0.0300, 0.1900, 0.3600, 0.0700]         | 5.2604   | 0.7000  | 0.7929 
18    | 5           | [99, 100, 102, 103, 104]                | [0.6900, 0.0200, 0.0100, 0.1100, 0.1700]                                 | 4.3244   | 0.5000  | 0.4873 
19    | 6           | [97, 98, 99, 100, 101, 102]             | [0.0100, 0.1700, 0.3300, 0.3600, 0.1100, 0.0200]                         | 0.9875   | 0.8000  | 0.7273 
20    | 5           | [100, 101, 102, 103, 104]               | [0.2800, 0.1900, 0.4100, 0.0900, 0.0300]                                 | 1.1600   | 0.7000  | 0.7156 
21    | 9           | [92, 93, 94, 95, 97, 98, 99, 100, 101]  | [0.0600, 0.1500, 0.0600, 0.0200, 0.0500, 0.0500, 0.2600, 0.2900, 0.0600] | 8.8664   | 0.8000  | 0.8178 
