
[Simulation Info]
simulation_id = sim_0012923
timestamp     = 20250429_100755
seed          = 676386
output_folder = /home/lejeunet/Bureau/simulations/Ref_table/sim_0012923

[Model Parameters]
pop_size           = 1928
num_loci           = 20
sample1_generation = 30
sample2_generation = 10
low_repeats        = 1
high_repeats       = 200
mutation_rate      = 0.001
recap_Ne           = 1928

[Sampling Design]
sample1_size_Ne  = 50
sample2_size_Ne  = 50
sample1_size_CMR = 50
sample2_size_CMR = 50

[Capture-Marquage-Recapture]
census_N   =  1300
MatchCount =  2

[Ne Estimates - One Sample - Decreasing critical values [0.050, 0.020, 0.010, 0+]]

[Linkage Desequilibrium]
LD_Ne_Pop1 = [1445.0, None, 3048.8, 3048.8]
LD_r2_Pop1 = [0.021506, 0.021175, 0.021385, 0.021385]
LD_Ne_Pop2 = [567.4, 533.3, 1195.8, 1195.8]
LD_r2_Pop2 = [0.021861, 0.021899, 0.021554, 0.021554]

[Heterozygote excess]
HE_Neb_mean_Pop1        = [None, None, 183.5, 183.5]
HE_weighted_D_mean_Pop1 = [-0.00819, -0.00151, 0.00273, 0.00273]
HE_Neb_mean_Pop2        = [54.8, 45.4, 49.0, 49.0]
HE_weighted_D_mean_Pop2 = [0.00921, 0.01114, 0.0103, 0.0103]

[Molecular Coancestry]
Coan_Neb_n_Pop1 = None
Coan_f1_Pop1    = -0.01133
Coan_Neb_n_Pop2 = None
Coan_f1_Pop2    = -0.00462

[Ne Estimates - Temporal - Decreasing critical values (0.050, 0.020, 0.010, 0+)]

[Pollak]
P_Ne     = [2426.3, 2443.2, 3033.6, 2843.9]
P_Fk     = [0.02206, 0.02205, 0.02165, 0.02176]
P_Fprime = [0.00206, 0.00205, 0.00165, 0.00176]

[Nei/Tajima]
N_Ne     = [2794.9, 2774.1, 3393.9, 3181.0]
N_Fc     = [0.02179, 0.0218, 0.02147, 0.02157]
N_Fprime = [0.00179, 0.0018, 0.00147, 0.00157]

[Jorde/Ryman]
J_Ne     = [2062.6, 1871.3, 1864.8, 1856.1]
J_Fs     = [0.02253, 0.02277, 0.02278, 0.0228]
J_Fprime = [0.00242, 0.00267, 0.00268, 0.00269]

[Genetic Diversity - Heterozygosity]
mean_exp_het_pop1 = 0.7527
mean_obs_het_pop1 = 0.7514
mean_exp_het_pop2 = 0.7495
mean_obs_het_pop2 = 0.7543

[Genetic Diversity - Allele Counts]
mean_alleles_pop1 = 7.05
var_alleles_pop1  = 2.65
sum_alleles_pop1  = 148
mean_alleles_pop2 = 7.29
var_alleles_pop2  = 3.67
sum_alleles_pop2  = 306

[Genetic Diversity - Allelic Size Variance]
var_allele_size_pop1 = 2.8764
var_allele_size_pop2 = 2.9034

[Per-locus summary - Population 1]
Locus | Num_Alleles | Alleles                                       | Frequencies                                                                      | Variance | Obs_Het | Exp_Het
------+-------------+-----------------------------------------------+----------------------------------------------------------------------------------+----------+---------+--------
1     | 6           | [99, 100, 101, 102, 103, 104]                 | [0.1300, 0.0500, 0.0600, 0.2400, 0.4300, 0.0900]                                 | 2.2164   | 0.7600  | 0.7337 
2     | 9           | [97, 98, 100, 101, 102, 103, 104, 105, 106]   | [0.0100, 0.0700, 0.0100, 0.0900, 0.1800, 0.1500, 0.2300, 0.2500, 0.0100]         | 4.0584   | 0.8400  | 0.8246 
3     | 8           | [97, 98, 99, 100, 101, 102, 103, 105]         | [0.1700, 0.0100, 0.3500, 0.2900, 0.0500, 0.0800, 0.0400, 0.0100]                 | 2.6500   | 0.8000  | 0.7614 
4     | 8           | [99, 100, 101, 102, 103, 104, 105, 106]       | [0.0700, 0.0100, 0.0800, 0.3000, 0.2500, 0.0600, 0.0100, 0.2200]                 | 3.9091   | 0.7800  | 0.7919 
5     | 9           | [91, 93, 94, 98, 99, 100, 101, 102, 103]      | [0.0100, 0.0500, 0.0200, 0.0500, 0.1400, 0.1000, 0.0500, 0.4900, 0.0900]         | 6.8900   | 0.7200  | 0.7214 
6     | 7           | [97, 98, 99, 100, 101, 102, 103]              | [0.0400, 0.2000, 0.2500, 0.1700, 0.2500, 0.0400, 0.0500]                         | 2.1859   | 0.8000  | 0.8085 
7     | 4           | [98, 99, 100, 101]                            | [0.0900, 0.2700, 0.5700, 0.0700]                                                 | 0.5556   | 0.5400  | 0.5951 
8     | 5           | [98, 99, 100, 101, 102]                       | [0.1400, 0.4600, 0.2400, 0.0700, 0.0900]                                         | 1.2099   | 0.7000  | 0.7053 
9     | 8           | [97, 98, 99, 100, 101, 103, 104, 105]         | [0.0900, 0.3500, 0.1900, 0.0800, 0.1000, 0.1500, 0.0300, 0.0100]                 | 4.3864   | 0.8000  | 0.8014 
10    | 10          | [94, 96, 97, 98, 99, 100, 101, 102, 103, 104] | [0.0200, 0.1300, 0.1000, 0.0700, 0.0400, 0.0900, 0.1900, 0.2700, 0.0600, 0.0300] | 6.3019   | 0.9000  | 0.8531 
11    | 7           | [97, 98, 99, 100, 101, 102, 103]              | [0.1300, 0.4500, 0.0600, 0.0300, 0.1400, 0.0800, 0.1100]                         | 3.9616   | 0.7200  | 0.7454 
12    | 5           | [99, 100, 101, 102, 103]                      | [0.1600, 0.3900, 0.2600, 0.1100, 0.0800]                                         | 1.2664   | 0.7600  | 0.7436 
13    | 7           | [96, 97, 98, 99, 100, 101, 102]               | [0.0200, 0.0100, 0.0300, 0.2600, 0.1400, 0.4400, 0.1000]                         | 1.5859   | 0.7200  | 0.7149 
14    | 7           | [97, 98, 99, 100, 101, 102, 103]              | [0.0800, 0.0800, 0.0800, 0.3800, 0.2100, 0.1600, 0.0100]                         | 2.0536   | 0.7600  | 0.7743 
15    | 5           | [99, 100, 101, 102, 103]                      | [0.2600, 0.3600, 0.3300, 0.0300, 0.0200]                                         | 0.8539   | 0.7400  | 0.6996 
16    | 9           | [99, 100, 101, 102, 103, 104, 105, 106, 107]  | [0.1600, 0.1200, 0.2300, 0.0100, 0.0500, 0.2900, 0.0900, 0.0400, 0.0100]         | 5.0344   | 0.8000  | 0.8188 
17    | 8           | [98, 99, 100, 101, 102, 103, 104, 105]        | [0.0700, 0.1000, 0.0100, 0.1300, 0.4800, 0.1400, 0.0600, 0.0100]                 | 2.4664   | 0.7200  | 0.7216 
18    | 8           | [98, 99, 100, 101, 102, 103, 104, 105]        | [0.0300, 0.1400, 0.0200, 0.1100, 0.3600, 0.1400, 0.1900, 0.0100]                 | 2.9004   | 0.8200  | 0.7895 
19    | 5           | [97, 98, 99, 100, 101]                        | [0.0300, 0.4000, 0.2400, 0.2300, 0.1000]                                         | 1.1491   | 0.7200  | 0.7259 
20    | 6           | [95, 97, 98, 99, 100, 101]                    | [0.0300, 0.1100, 0.1600, 0.2500, 0.4400, 0.0100]                                 | 1.5584   | 0.6600  | 0.7123 
21    | 7           | [97, 99, 100, 101, 102, 103, 104]             | [0.0900, 0.0900, 0.0600, 0.1200, 0.3900, 0.2400, 0.0100]                         | 3.2100   | 0.7200  | 0.7636 

[Per-locus summary - Population 2]
Locus | Num_Alleles | Alleles                                                | Frequencies                                                                                      | Variance | Obs_Het | Exp_Het
------+-------------+--------------------------------------------------------+--------------------------------------------------------------------------------------------------+----------+---------+--------
1     | 6           | [99, 100, 101, 102, 103, 104]                          | [0.1600, 0.1000, 0.0300, 0.2300, 0.4500, 0.0300]                                                 | 2.4000   | 0.6600  | 0.7143 
2     | 8           | [98, 100, 101, 102, 103, 104, 105, 106]                | [0.0700, 0.0100, 0.1800, 0.2200, 0.1500, 0.1700, 0.1900, 0.0100]                                 | 3.6556   | 0.9000  | 0.8349 
3     | 8           | [97, 98, 99, 100, 101, 102, 103, 105]                  | [0.1600, 0.0700, 0.3500, 0.2800, 0.0400, 0.0200, 0.0700, 0.0100]                                 | 2.6731   | 0.7800  | 0.7693 
4     | 8           | [99, 100, 101, 102, 103, 104, 105, 106]                | [0.1200, 0.0400, 0.0700, 0.3700, 0.1800, 0.0600, 0.0300, 0.1300]                                 | 3.9200   | 0.8600  | 0.7964 
5     | 10          | [92, 93, 94, 98, 99, 100, 101, 102, 103, 104]          | [0.0200, 0.0700, 0.0100, 0.0500, 0.1400, 0.0800, 0.1100, 0.4700, 0.0400, 0.0100]                 | 7.8524   | 0.7400  | 0.7388 
6     | 7           | [97, 98, 99, 100, 101, 102, 103]                       | [0.0400, 0.1200, 0.1600, 0.2400, 0.3300, 0.0400, 0.0700]                                         | 2.1100   | 0.7400  | 0.7933 
7     | 5           | [98, 99, 100, 101, 102]                                | [0.0500, 0.3300, 0.4700, 0.1200, 0.0300]                                                         | 0.7075   | 0.6400  | 0.6590 
8     | 5           | [98, 99, 100, 101, 102]                                | [0.2000, 0.3800, 0.2100, 0.0200, 0.1900]                                                         | 1.8156   | 0.8200  | 0.7424 
9     | 8           | [97, 98, 99, 100, 101, 103, 104, 105]                  | [0.1100, 0.3400, 0.1800, 0.0500, 0.1400, 0.1400, 0.0300, 0.0100]                                 | 4.4484   | 0.8000  | 0.8053 
10    | 12          | [94, 95, 96, 97, 98, 99, 100, 101, 102, 103, 104, 105] | [0.0100, 0.0100, 0.1100, 0.0800, 0.0400, 0.0200, 0.0700, 0.1200, 0.4200, 0.0700, 0.0400, 0.0100] | 6.3499   | 0.7800  | 0.7849 
11    | 9           | [95, 96, 97, 98, 99, 100, 101, 102, 103]               | [0.0100, 0.0200, 0.1300, 0.5200, 0.0700, 0.0100, 0.1700, 0.0200, 0.0500]                         | 2.9771   | 0.6600  | 0.6822 
12    | 5           | [99, 100, 101, 102, 103]                               | [0.0700, 0.3700, 0.3100, 0.1200, 0.1300]                                                         | 1.2731   | 0.7600  | 0.7382 
13    | 7           | [96, 97, 98, 99, 100, 101, 102]                        | [0.0300, 0.0200, 0.0100, 0.2100, 0.2700, 0.3500, 0.1100]                                         | 1.6744   | 0.7600  | 0.7546 
14    | 6           | [97, 98, 99, 100, 101, 102]                            | [0.0700, 0.2000, 0.0600, 0.4100, 0.1600, 0.1000]                                                 | 1.9539   | 0.6600  | 0.7553 
15    | 6           | [98, 99, 100, 101, 102, 103]                           | [0.0100, 0.2600, 0.4000, 0.2900, 0.0300, 0.0100]                                                 | 0.7900   | 0.7200  | 0.6941 
16    | 8           | [99, 100, 101, 102, 103, 104, 105, 106]                | [0.1200, 0.1000, 0.1500, 0.0100, 0.0800, 0.4400, 0.0600, 0.0400]                                 | 4.3019   | 0.9000  | 0.7553 
17    | 7           | [98, 99, 101, 102, 103, 104, 105]                      | [0.0400, 0.1200, 0.1900, 0.4300, 0.1200, 0.0800, 0.0200]                                         | 2.3931   | 0.7800  | 0.7493 
18    | 6           | [99, 100, 101, 102, 103, 104]                          | [0.1900, 0.0500, 0.0700, 0.3500, 0.1700, 0.1700]                                                 | 2.7771   | 0.8400  | 0.7840 
19    | 4           | [98, 99, 100, 101]                                     | [0.4500, 0.2200, 0.2400, 0.0900]                                                                 | 1.0491   | 0.6600  | 0.6903 
20    | 5           | [95, 97, 98, 99, 100]                                  | [0.0100, 0.0800, 0.1900, 0.2600, 0.4600]                                                         | 1.1251   | 0.6000  | 0.6851 
21    | 8           | [96, 97, 98, 99, 100, 101, 102, 103]                   | [0.0100, 0.2000, 0.0200, 0.0500, 0.0500, 0.2400, 0.2300, 0.2000]                                 | 4.7251   | 0.7800  | 0.8121 
