
[Simulation Info]
simulation_id = sim_0012790
timestamp     = 20250429_100330
seed          = 222079
output_folder = /home/lejeunet/Bureau/simulations/Ref_table/sim_0012790

[Model Parameters]
pop_size           = 1658
num_loci           = 20
sample1_generation = 30
sample2_generation = 10
low_repeats        = 1
high_repeats       = 200
mutation_rate      = 0.001
recap_Ne           = 1658

[Sampling Design]
sample1_size_Ne  = 50
sample2_size_Ne  = 50
sample1_size_CMR = 50
sample2_size_CMR = 50

[Capture-Marquage-Recapture]
census_N   =  1300
MatchCount =  2

[Ne Estimates - One Sample - Decreasing critical values [0.050, 0.020, 0.010, 0+]]

[Linkage Desequilibrium]
LD_Ne_Pop1 = [631.3, 409.0, 677.1, 677.1]
LD_r2_Pop1 = [0.021802, 0.022087, 0.021767, 0.021767]
LD_Ne_Pop2 = [None, None, 3631.3, 3631.3]
LD_r2_Pop2 = [0.020952, 0.021239, 0.021368, 0.021368]

[Heterozygote excess]
HE_Neb_mean_Pop1        = [47.0, 49.5, 52.8, 52.8]
HE_weighted_D_mean_Pop1 = [0.01074, 0.01021, 0.00956, 0.00956]
HE_Neb_mean_Pop2        = [None, 4977.1, None, None]
HE_weighted_D_mean_Pop2 = [-0.00547, 0.0001, -0.00015, -0.00015]

[Molecular Coancestry]
Coan_Neb_n_Pop1 = None
Coan_f1_Pop1    = -0.03535
Coan_Neb_n_Pop2 = 17.1
Coan_f1_Pop2    = 0.02925

[Ne Estimates - Temporal - Decreasing critical values (0.050, 0.020, 0.010, 0+)]

[Pollak]
P_Ne     = [8539.8, -6063.1, -11349.4, -14717.1]
P_Fk     = [0.02059, 0.01918, 0.01956, 0.01966]
P_Fprime = [0.00059, -0.00082, -0.00044, -0.00034]

[Nei/Tajima]
N_Ne     = [8424.9, -7010.6, -12768.7, -16393.5]
N_Fc     = [0.02059, 0.01929, 0.01961, 0.0197]
N_Fprime = [0.00059, -0.00071, -0.00039, -0.0003]

[Jorde/Ryman]
J_Ne     = [3042.7, 4860.0, 4692.9, 4637.8]
J_Fs     = [0.02174, 0.02113, 0.02117, 0.02118]
J_Fprime = [0.00164, 0.00103, 0.00107, 0.00108]

[Genetic Diversity - Heterozygosity]
mean_exp_het_pop1 = 0.7485
mean_obs_het_pop1 = 0.7438
mean_exp_het_pop2 = 0.738
mean_obs_het_pop2 = 0.7324

[Genetic Diversity - Allele Counts]
mean_alleles_pop1 = 7.19
var_alleles_pop1  = 5.16
sum_alleles_pop1  = 151
mean_alleles_pop2 = 7.45
var_alleles_pop2  = 6.2
sum_alleles_pop2  = 313

[Genetic Diversity - Allelic Size Variance]
var_allele_size_pop1 = 3.4075
var_allele_size_pop2 = 3.2983

[Per-locus summary - Population 1]
Locus | Num_Alleles | Alleles                                                | Frequencies                                                                                      | Variance | Obs_Het | Exp_Het
------+-------------+--------------------------------------------------------+--------------------------------------------------------------------------------------------------+----------+---------+--------
1     | 5           | [97, 98, 99, 100, 101]                                 | [0.0100, 0.0900, 0.2800, 0.5400, 0.0800]                                                         | 0.6419   | 0.5600  | 0.6216 
2     | 5           | [97, 99, 100, 101, 102]                                | [0.1500, 0.0100, 0.1500, 0.3400, 0.3500]                                                         | 2.7636   | 0.6800  | 0.7240 
3     | 5           | [96, 97, 98, 99, 100]                                  | [0.2800, 0.1400, 0.3500, 0.2100, 0.0200]                                                         | 1.3475   | 0.6600  | 0.7424 
4     | 8           | [97, 98, 99, 100, 101, 102, 103, 104]                  | [0.0400, 0.1800, 0.2300, 0.1800, 0.1200, 0.2000, 0.0400, 0.0100]                                 | 2.7491   | 0.8200  | 0.8329 
5     | 5           | [99, 100, 101, 102, 103]                               | [0.1700, 0.3300, 0.4300, 0.0400, 0.0300]                                                         | 0.8451   | 0.7000  | 0.6816 
6     | 10          | [96, 97, 98, 99, 100, 101, 102, 103, 104, 106]         | [0.1000, 0.0200, 0.0300, 0.3000, 0.2800, 0.0600, 0.0900, 0.0400, 0.0300, 0.0500]                 | 5.2584   | 0.7800  | 0.8117 
7     | 6           | [99, 100, 101, 102, 103, 104]                          | [0.0300, 0.2200, 0.1700, 0.3100, 0.2300, 0.0400]                                                 | 1.5579   | 0.8400  | 0.7790 
8     | 10          | [96, 97, 98, 100, 101, 102, 103, 104, 105, 106]        | [0.0700, 0.0900, 0.0100, 0.0500, 0.0100, 0.0300, 0.1400, 0.4200, 0.1500, 0.0300]                 | 8.5091   | 0.8200  | 0.7717 
9     | 12          | [94, 95, 96, 97, 98, 99, 100, 101, 103, 104, 105, 106] | [0.0100, 0.0400, 0.0100, 0.0100, 0.1400, 0.2700, 0.1900, 0.0200, 0.0300, 0.1500, 0.0600, 0.0700] | 8.8475   | 0.8000  | 0.8457 
10    | 6           | [98, 99, 100, 101, 102, 103]                           | [0.0200, 0.0200, 0.1200, 0.3300, 0.4700, 0.0400]                                                 | 0.9011   | 0.6800  | 0.6600 
11    | 11          | [94, 95, 96, 98, 100, 101, 102, 103, 104, 105, 106]    | [0.0100, 0.0700, 0.0600, 0.0400, 0.1100, 0.0600, 0.1100, 0.1000, 0.2600, 0.1200, 0.0600]         | 10.5275  | 0.9200  | 0.8751 
12    | 8           | [96, 97, 98, 99, 100, 101, 102, 103]                   | [0.0800, 0.0600, 0.4400, 0.1000, 0.0200, 0.0900, 0.2000, 0.0100]                                 | 3.7384   | 0.8000  | 0.7452 
13    | 5           | [97, 98, 99, 100, 101]                                 | [0.2900, 0.5500, 0.0700, 0.0500, 0.0400]                                                         | 0.9200   | 0.6400  | 0.6105 
14    | 6           | [98, 99, 100, 101, 102, 103]                           | [0.0600, 0.0500, 0.1400, 0.4400, 0.2500, 0.0600]                                                 | 1.3675   | 0.7000  | 0.7218 
15    | 7           | [99, 101, 102, 103, 104, 105, 106]                     | [0.0700, 0.1000, 0.3200, 0.0700, 0.2700, 0.1500, 0.0200]                                         | 2.8611   | 0.8200  | 0.7899 
16    | 6           | [99, 100, 101, 102, 103, 104]                          | [0.1800, 0.0100, 0.1400, 0.1800, 0.4700, 0.0200]                                                 | 2.3139   | 0.7800  | 0.7012 
17    | 5           | [98, 99, 100, 101, 102]                                | [0.0200, 0.1200, 0.3300, 0.3400, 0.1900]                                                         | 0.9864   | 0.5800  | 0.7319 
18    | 8           | [98, 100, 101, 102, 103, 104, 105, 106]                | [0.0100, 0.1100, 0.0300, 0.4100, 0.2700, 0.1100, 0.0100, 0.0500]                                 | 2.0451   | 0.6600  | 0.7386 
19    | 10          | [96, 97, 98, 99, 101, 102, 103, 104, 108, 109]         | [0.0100, 0.0900, 0.3200, 0.1600, 0.0500, 0.2200, 0.0600, 0.0200, 0.0300, 0.0400]                 | 9.3024   | 0.8400  | 0.8145 
20    | 8           | [98, 99, 100, 101, 102, 103, 104, 105]                 | [0.0700, 0.0400, 0.0700, 0.1200, 0.3700, 0.1900, 0.0800, 0.0600]                                 | 2.9131   | 0.8400  | 0.7992 
21    | 5           | [97, 98, 99, 100, 101]                                 | [0.1700, 0.1200, 0.4200, 0.2600, 0.0300]                                                         | 1.1604   | 0.7000  | 0.7190 

[Per-locus summary - Population 2]
Locus | Num_Alleles | Alleles                                                      | Frequencies                                                                                              | Variance | Obs_Het | Exp_Het
------+-------------+--------------------------------------------------------------+----------------------------------------------------------------------------------------------------------+----------+---------+--------
1     | 4           | [98, 99, 100, 101]                                           | [0.0700, 0.2600, 0.5900, 0.0800]                                                                         | 0.5176   | 0.5600  | 0.5788 
2     | 5           | [97, 98, 100, 101, 102]                                      | [0.0900, 0.0200, 0.2000, 0.2700, 0.4200]                                                                 | 2.2000   | 0.7000  | 0.7093 
3     | 4           | [96, 97, 98, 99]                                             | [0.3700, 0.1800, 0.2600, 0.1900]                                                                         | 1.3171   | 0.6600  | 0.7343 
4     | 7           | [98, 99, 100, 101, 102, 103, 104]                            | [0.1000, 0.3600, 0.1800, 0.1800, 0.1500, 0.0200, 0.0100]                                                 | 1.8796   | 0.7000  | 0.7804 
5     | 5           | [99, 100, 101, 102, 103]                                     | [0.2900, 0.3300, 0.3100, 0.0400, 0.0300]                                                                 | 0.9939   | 0.5600  | 0.7156 
6     | 9           | [96, 98, 99, 100, 101, 102, 103, 104, 106]                   | [0.0800, 0.0200, 0.2800, 0.3400, 0.0600, 0.0700, 0.0400, 0.0400, 0.0700]                                 | 5.4324   | 0.8000  | 0.7905 
7     | 6           | [99, 100, 101, 102, 103, 104]                                | [0.0200, 0.2600, 0.2700, 0.2300, 0.1500, 0.0700]                                                         | 1.6064   | 0.7400  | 0.7867 
8     | 12          | [96, 97, 98, 99, 100, 101, 102, 103, 104, 105, 106, 107]     | [0.0400, 0.0600, 0.0100, 0.0200, 0.0700, 0.0100, 0.0900, 0.1000, 0.4300, 0.1500, 0.0100, 0.0100]         | 6.6459   | 0.7600  | 0.7713 
9     | 11          | [94, 95, 96, 98, 99, 100, 101, 103, 104, 105, 106]           | [0.0200, 0.0800, 0.0400, 0.1300, 0.3200, 0.0900, 0.0200, 0.0400, 0.1000, 0.1100, 0.0500]                 | 10.7131  | 0.8600  | 0.8461 
10    | 6           | [97, 99, 100, 101, 102, 103]                                 | [0.0100, 0.0200, 0.0700, 0.3500, 0.5200, 0.0300]                                                         | 0.7651   | 0.6600  | 0.6069 
11    | 13          | [94, 95, 96, 97, 98, 100, 101, 102, 103, 104, 105, 106, 107] | [0.0100, 0.0600, 0.0600, 0.0500, 0.0300, 0.0600, 0.0900, 0.0400, 0.0900, 0.3200, 0.1300, 0.0400, 0.0200] | 11.4764  | 0.8400  | 0.8551 
12    | 7           | [96, 97, 98, 99, 100, 101, 102]                              | [0.1000, 0.0300, 0.4600, 0.1400, 0.0300, 0.1300, 0.1100]                                                 | 2.9800   | 0.8000  | 0.7353 
13    | 6           | [96, 97, 98, 99, 100, 101]                                   | [0.0100, 0.2100, 0.5100, 0.0500, 0.1100, 0.1100]                                                         | 1.5931   | 0.6800  | 0.6758 
14    | 5           | [98, 99, 100, 101, 102]                                      | [0.0300, 0.0500, 0.1500, 0.6100, 0.1600]                                                                 | 0.7476   | 0.6400  | 0.5822 
15    | 8           | [99, 100, 101, 102, 103, 104, 105, 106]                      | [0.1000, 0.0100, 0.1500, 0.2500, 0.0400, 0.3200, 0.1000, 0.0300]                                         | 3.3931   | 0.8600  | 0.7980 
16    | 7           | [98, 99, 100, 101, 102, 103, 104]                            | [0.0100, 0.2200, 0.0400, 0.1000, 0.1900, 0.3900, 0.0500]                                                 | 2.8379   | 0.7800  | 0.7568 
17    | 5           | [98, 99, 100, 101, 102]                                      | [0.0200, 0.1300, 0.2500, 0.4000, 0.2000]                                                                 | 1.0131   | 0.7400  | 0.7275 
18    | 7           | [99, 100, 101, 102, 103, 104, 106]                           | [0.0100, 0.1300, 0.0700, 0.3200, 0.3300, 0.1000, 0.0400]                                                 | 1.9411   | 0.8000  | 0.7628 
19    | 10          | [96, 97, 98, 99, 101, 102, 103, 104, 108, 109]               | [0.0100, 0.0800, 0.2500, 0.1200, 0.0400, 0.3200, 0.1100, 0.0300, 0.0200, 0.0200]                         | 7.3651   | 0.8400  | 0.8069 
20    | 8           | [98, 99, 100, 101, 102, 103, 104, 105]                       | [0.0800, 0.0600, 0.0500, 0.1200, 0.4100, 0.1900, 0.0800, 0.0100]                                         | 2.6244   | 0.6800  | 0.7701 
21    | 6           | [96, 97, 98, 99, 100, 101]                                   | [0.0100, 0.1800, 0.0900, 0.4300, 0.2700, 0.0200]                                                         | 1.2211   | 0.7200  | 0.7083 
