
[Simulation Info]
simulation_id = sim_0005042
timestamp     = 20250428_092239
seed          = 286192
output_folder = /home/lejeunet/Bureau/simulations/Ref_table/sim_0005042

[Model Parameters]
pop_size           = 3739
num_loci           = 20
sample1_generation = 30
sample2_generation = 10
low_repeats        = 1
high_repeats       = 200
mutation_rate      = 0.001
recap_Ne           = 3739

[Sampling Design]
sample1_size_Ne  = 50
sample2_size_Ne  = 50
sample1_size_CMR = 50
sample2_size_CMR = 50

[Capture-Marquage-Recapture]
census_N   =  1300
MatchCount =  2

[Ne Estimates - One Sample - Decreasing critical values [0.050, 0.020, 0.010, 0+]]

[Linkage Desequilibrium]
LD_Ne_Pop1 = [1000.0, 867.0, 2022.8, 2022.8]
LD_r2_Pop1 = [0.021609, 0.02166, 0.021441, 0.021441]
LD_Ne_Pop2 = [709.7, 1737.6, 792.1, 792.1]
LD_r2_Pop2 = [0.021744, 0.021468, 0.021696, 0.021696]

[Heterozygote excess]
HE_Neb_mean_Pop1        = [39.1, 56.5, 60.4, 60.4]
HE_weighted_D_mean_Pop1 = [0.01295, 0.00892, 0.00834, 0.00834]
HE_Neb_mean_Pop2        = [44.0, 70.4, 79.2, 79.2]
HE_weighted_D_mean_Pop2 = [0.0115, 0.00715, 0.00635, 0.00635]

[Molecular Coancestry]
Coan_Neb_n_Pop1 = 16.3
Coan_f1_Pop1    = 0.0306
Coan_Neb_n_Pop2 = 287.9
Coan_f1_Pop2    = 0.00174

[Ne Estimates - Temporal - Decreasing critical values (0.050, 0.020, 0.010, 0+)]

[Pollak]
P_Ne     = [59457.1, 20440.7, -74887.4, -18005.0]
P_Fk     = [0.02008, 0.02024, 0.01993, 0.01972]
P_Fprime = [8e-05, 0.00024, -7e-05, -0.00028]

[Nei/Tajima]
N_Ne     = [-13289.9, -23316.8, -10482.6, -7542.5]
N_Fc     = [0.01962, 0.01979, 0.01952, 0.01934]
N_Fprime = [-0.00038, -0.00021, -0.00048, -0.00066]

[Jorde/Ryman]
J_Ne     = [-4404.9, -3794.0, -3562.2, -3503.4]
J_Fs     = [0.01897, 0.01878, 0.0187, 0.01867]
J_Fprime = [-0.00114, -0.00132, -0.0014, -0.00143]

[Genetic Diversity - Heterozygosity]
mean_exp_het_pop1 = 0.8126
mean_obs_het_pop1 = 0.821
mean_exp_het_pop2 = 0.8221
mean_obs_het_pop2 = 0.8343

[Genetic Diversity - Allele Counts]
mean_alleles_pop1 = 9.52
var_alleles_pop1  = 4.76
sum_alleles_pop1  = 200
mean_alleles_pop2 = 9.74
var_alleles_pop2  = 4.05
sum_alleles_pop2  = 409

[Genetic Diversity - Allelic Size Variance]
var_allele_size_pop1 = 5.7934
var_allele_size_pop2 = 5.7785

[Per-locus summary - Population 1]
Locus | Num_Alleles | Alleles                                                       | Frequencies                                                                                              | Variance | Obs_Het | Exp_Het
------+-------------+---------------------------------------------------------------+----------------------------------------------------------------------------------------------------------+----------+---------+--------
1     | 12          | [95, 96, 97, 98, 99, 100, 101, 106, 107, 108, 109, 110]       | [0.0200, 0.1000, 0.0300, 0.2400, 0.1800, 0.1800, 0.0100, 0.0200, 0.0500, 0.1300, 0.0300, 0.0100]         | 18.0304  | 0.8000  | 0.8539 
2     | 9           | [96, 97, 98, 99, 100, 101, 102, 103, 104]                     | [0.0100, 0.1100, 0.0600, 0.0500, 0.1100, 0.4400, 0.1300, 0.0100, 0.0800]                                 | 3.5099   | 0.8000  | 0.7602 
3     | 9           | [98, 99, 100, 101, 102, 103, 104, 105, 107]                   | [0.0100, 0.0100, 0.2200, 0.5200, 0.1200, 0.0400, 0.0300, 0.0400, 0.0100]                                 | 1.8424   | 0.7200  | 0.6691 
4     | 5           | [97, 98, 99, 100, 101]                                        | [0.1700, 0.3100, 0.2900, 0.1500, 0.0800]                                                                 | 1.3444   | 0.7400  | 0.7697 
5     | 11          | [95, 96, 97, 99, 100, 101, 102, 103, 104, 105, 106]           | [0.0400, 0.0100, 0.1400, 0.0100, 0.2900, 0.2000, 0.1000, 0.0700, 0.0600, 0.0300, 0.0500]                 | 6.7731   | 0.9600  | 0.8410 
6     | 10          | [90, 91, 92, 93, 94, 96, 97, 98, 99, 100]                     | [0.0400, 0.0900, 0.1500, 0.0700, 0.0200, 0.1900, 0.0400, 0.0200, 0.1100, 0.2700]                         | 12.2275  | 0.8000  | 0.8479 
7     | 11          | [97, 98, 99, 100, 101, 102, 103, 104, 105, 106, 107]          | [0.0500, 0.1400, 0.0600, 0.0700, 0.0400, 0.1100, 0.1300, 0.0800, 0.1300, 0.1700, 0.0200]                 | 9.1059   | 0.9000  | 0.8952 
8     | 11          | [92, 93, 94, 95, 96, 97, 98, 99, 100, 101, 102]               | [0.0500, 0.0500, 0.0600, 0.1500, 0.1000, 0.0200, 0.2000, 0.2000, 0.0300, 0.1300, 0.0100]                 | 6.8371   | 0.9200  | 0.8693 
9     | 7           | [97, 98, 99, 100, 101, 102, 103]                              | [0.0300, 0.1000, 0.1400, 0.5000, 0.1200, 0.0900, 0.0200]                                                 | 1.4651   | 0.6800  | 0.7036 
10    | 9           | [97, 98, 99, 100, 101, 102, 103, 104, 105]                    | [0.0300, 0.0500, 0.4200, 0.0200, 0.0100, 0.1500, 0.2400, 0.0500, 0.0300]                                 | 4.6171   | 0.7000  | 0.7436 
11    | 11          | [96, 98, 99, 100, 101, 102, 103, 104, 106, 107, 108]          | [0.0200, 0.0700, 0.1500, 0.0300, 0.0600, 0.2200, 0.1100, 0.0600, 0.1700, 0.1000, 0.0100]                 | 9.0500   | 0.8600  | 0.8733 
12    | 9           | [97, 98, 99, 100, 101, 102, 103, 104, 105]                    | [0.0400, 0.1500, 0.1000, 0.0500, 0.0900, 0.2900, 0.1300, 0.1200, 0.0300]                                 | 4.7811   | 0.8600  | 0.8475 
13    | 13          | [96, 97, 98, 99, 100, 101, 102, 103, 104, 105, 106, 107, 108] | [0.0200, 0.0700, 0.1300, 0.0500, 0.0200, 0.1400, 0.0200, 0.2200, 0.2600, 0.0100, 0.0100, 0.0300, 0.0200] | 8.1424   | 0.8600  | 0.8459 
14    | 7           | [99, 100, 101, 102, 103, 104, 106]                            | [0.0200, 0.0900, 0.1800, 0.1900, 0.2900, 0.1800, 0.0500]                                                 | 2.3451   | 0.8400  | 0.8121 
15    | 6           | [98, 99, 100, 101, 102, 103]                                  | [0.1200, 0.0400, 0.4600, 0.2600, 0.0900, 0.0300]                                                         | 1.3475   | 0.8000  | 0.7028 
16    | 11          | [94, 95, 96, 97, 98, 99, 100, 101, 102, 103, 104]             | [0.0300, 0.0700, 0.1500, 0.1200, 0.3500, 0.0700, 0.0800, 0.0400, 0.0200, 0.0600, 0.0100]                 | 4.7584   | 0.7800  | 0.8261 
17    | 10          | [96, 97, 98, 99, 100, 101, 102, 103, 104, 105]                | [0.0100, 0.0500, 0.0300, 0.1200, 0.1500, 0.1400, 0.2100, 0.1500, 0.0700, 0.0700]                         | 4.4371   | 0.8200  | 0.8723 
18    | 10          | [96, 97, 98, 99, 100, 101, 102, 103, 104, 105]                | [0.0100, 0.0700, 0.2700, 0.0700, 0.2500, 0.0500, 0.1400, 0.0100, 0.0400, 0.0900]                         | 5.5179   | 0.8000  | 0.8311 
19    | 9           | [97, 98, 99, 100, 101, 102, 103, 104, 105]                    | [0.0100, 0.0900, 0.0200, 0.1800, 0.2200, 0.1100, 0.1900, 0.1300, 0.0500]                                 | 3.7675   | 0.8800  | 0.8515 
20    | 13          | [96, 97, 98, 99, 100, 101, 102, 103, 104, 105, 106, 107, 108] | [0.0300, 0.1000, 0.0800, 0.1900, 0.0500, 0.0300, 0.1200, 0.0700, 0.0900, 0.1500, 0.0400, 0.0400, 0.0100] | 10.2436  | 0.9600  | 0.8990 
21    | 7           | [102, 103, 104, 105, 106, 107, 108]                           | [0.0300, 0.2400, 0.3900, 0.1800, 0.1200, 0.0100, 0.0300]                                                 | 1.5171   | 0.7600  | 0.7491 

[Per-locus summary - Population 2]
Locus | Num_Alleles | Alleles                                                   | Frequencies                                                                                      | Variance | Obs_Het | Exp_Het
------+-------------+-----------------------------------------------------------+--------------------------------------------------------------------------------------------------+----------+---------+--------
1     | 10          | [95, 96, 97, 98, 99, 100, 106, 107, 108, 110]             | [0.0300, 0.0700, 0.0400, 0.2300, 0.2300, 0.1900, 0.0400, 0.0400, 0.1000, 0.0300]                 | 16.0356  | 0.9000  | 0.8450 
2     | 9           | [96, 97, 98, 99, 100, 101, 102, 103, 104]                 | [0.0200, 0.0600, 0.1000, 0.0400, 0.1300, 0.4400, 0.1500, 0.0100, 0.0500]                         | 3.0091   | 0.8000  | 0.7564 
3     | 8           | [99, 100, 101, 102, 103, 104, 105, 106]                   | [0.0200, 0.2100, 0.4900, 0.0700, 0.0700, 0.0300, 0.0700, 0.0400]                                 | 2.7491   | 0.7800  | 0.7053 
4     | 6           | [97, 98, 99, 100, 101, 102]                               | [0.1900, 0.2600, 0.3200, 0.0900, 0.1000, 0.0400]                                                 | 1.8171   | 0.7600  | 0.7820 
5     | 12          | [95, 96, 97, 98, 99, 100, 101, 102, 103, 104, 105, 106]   | [0.0700, 0.0100, 0.1100, 0.0100, 0.0300, 0.2100, 0.1900, 0.1900, 0.0400, 0.1000, 0.0100, 0.0300] | 6.9075   | 0.8800  | 0.8616 
6     | 12          | [90, 91, 92, 93, 94, 95, 96, 97, 98, 99, 100, 101]        | [0.0800, 0.1200, 0.1600, 0.0600, 0.0100, 0.0200, 0.2100, 0.0500, 0.0300, 0.0900, 0.1500, 0.0200] | 12.1804  | 1.0000  | 0.8798 
7     | 11          | [97, 98, 99, 100, 101, 102, 103, 104, 105, 106, 107]      | [0.0700, 0.1100, 0.0300, 0.0300, 0.0900, 0.1000, 0.0900, 0.1200, 0.1500, 0.1600, 0.0500]         | 9.3104   | 0.8800  | 0.8990 
8     | 12          | [91, 92, 93, 94, 95, 96, 97, 98, 99, 100, 101, 102]       | [0.0100, 0.0300, 0.0500, 0.0400, 0.1500, 0.1200, 0.0100, 0.1700, 0.2300, 0.0500, 0.1300, 0.0100] | 6.7000   | 0.8800  | 0.8652 
9     | 7           | [97, 98, 99, 100, 101, 102, 103]                          | [0.0500, 0.0500, 0.0900, 0.5200, 0.1400, 0.1300, 0.0200]                                         | 1.5656   | 0.7200  | 0.6865 
10    | 8           | [98, 99, 100, 101, 102, 103, 104, 105]                    | [0.0200, 0.3200, 0.1000, 0.0100, 0.2000, 0.2300, 0.0500, 0.0700]                                 | 4.1659   | 0.6800  | 0.7947 
11    | 12          | [96, 98, 99, 100, 101, 102, 103, 104, 105, 106, 107, 108] | [0.0400, 0.0700, 0.2500, 0.0400, 0.0500, 0.2900, 0.0300, 0.0100, 0.0100, 0.1200, 0.0600, 0.0300] | 9.5504   | 0.8600  | 0.8311 
12    | 8           | [97, 98, 99, 100, 101, 102, 103, 104]                     | [0.0400, 0.1400, 0.1300, 0.0400, 0.0900, 0.1900, 0.1600, 0.2100]                                 | 5.1124   | 0.9000  | 0.8549 
13    | 11          | [97, 98, 99, 100, 101, 102, 103, 104, 106, 107, 108]      | [0.0100, 0.1400, 0.1200, 0.0200, 0.0700, 0.0200, 0.3600, 0.1900, 0.0100, 0.0400, 0.0200]         | 6.7196   | 0.7400  | 0.8004 
14    | 8           | [99, 100, 101, 102, 103, 104, 105, 106]                   | [0.0300, 0.1200, 0.2000, 0.1400, 0.2600, 0.1700, 0.0500, 0.0300]                                 | 2.7044   | 0.8400  | 0.8335 
15    | 6           | [98, 99, 100, 101, 102, 103]                              | [0.0500, 0.0400, 0.3700, 0.2900, 0.1900, 0.0600]                                                 | 1.3259   | 0.7000  | 0.7426 
16    | 10          | [94, 95, 96, 97, 98, 99, 100, 101, 102, 103]              | [0.0100, 0.0700, 0.1400, 0.1100, 0.3100, 0.1200, 0.0500, 0.0900, 0.0200, 0.0800]                 | 4.8011   | 0.7800  | 0.8438 
17    | 10          | [96, 97, 98, 99, 100, 101, 102, 103, 104, 105]            | [0.0300, 0.0500, 0.0600, 0.0900, 0.1200, 0.2100, 0.1600, 0.1700, 0.0400, 0.0700]                 | 4.8851   | 0.9600  | 0.8741 
18    | 10          | [96, 97, 98, 99, 100, 101, 102, 103, 104, 105]            | [0.0200, 0.0700, 0.1500, 0.0600, 0.1800, 0.1100, 0.1900, 0.1000, 0.0700, 0.0500]                 | 5.3011   | 0.8400  | 0.8794 
19    | 9           | [97, 98, 99, 100, 101, 102, 103, 104, 105]                | [0.0200, 0.0800, 0.0300, 0.1700, 0.2000, 0.0900, 0.1200, 0.1500, 0.1400]                         | 4.8659   | 0.8400  | 0.8675 
20    | 11          | [96, 97, 98, 99, 100, 102, 103, 104, 105, 106, 107]       | [0.0100, 0.1000, 0.1100, 0.2100, 0.0100, 0.1300, 0.1100, 0.1100, 0.1300, 0.0300, 0.0500]         | 9.6864   | 0.9600  | 0.8810 
21    | 9           | [102, 103, 104, 105, 106, 107, 108, 109, 110]             | [0.0500, 0.2100, 0.3400, 0.2200, 0.1300, 0.0200, 0.0100, 0.0100, 0.0100]                         | 1.9556   | 0.8200  | 0.7796 
