
[Simulation Info]
simulation_id = sim_0003433
timestamp     = 20250428_084347
seed          = 267691
output_folder = /home/lejeunet/Bureau/simulations/Ref_table/sim_0003433

[Model Parameters]
pop_size           = 5655
num_loci           = 20
sample1_generation = 30
sample2_generation = 10
low_repeats        = 1
high_repeats       = 200
mutation_rate      = 0.001
recap_Ne           = 5655

[Sampling Design]
sample1_size_Ne  = 50
sample2_size_Ne  = 50
sample1_size_CMR = 50
sample2_size_CMR = 50

[Capture-Marquage-Recapture]
census_N   =  0
MatchCount =  0
# There were no match between sampling of individuals during CMR.

[Ne Estimates - One Sample - Decreasing critical values [0.050, 0.020, 0.010, 0+]]

[Linkage Desequilibrium]
LD_Ne_Pop1 = [1147.6, 837.2, 1362.3, 1362.3]
LD_r2_Pop1 = [0.021566, 0.021673, 0.02152, 0.02152]
LD_Ne_Pop2 = [2202.9, 3088.6, 1128.8, 1128.8]
LD_r2_Pop2 = [0.021427, 0.021384, 0.021571, 0.021571]

[Heterozygote excess]
HE_Neb_mean_Pop1        = [35.3, 59.9, 69.5, 69.5]
HE_weighted_D_mean_Pop1 = [0.01436, 0.00842, 0.00724, 0.00724]
HE_Neb_mean_Pop2        = [98.8, 174.8, 279.0, 279.0]
HE_weighted_D_mean_Pop2 = [0.00509, 0.00287, 0.0018, 0.0018]

[Molecular Coancestry]
Coan_Neb_n_Pop1 = None
Coan_f1_Pop1    = -0.00028
Coan_Neb_n_Pop2 = None
Coan_f1_Pop2    = -0.01317

[Ne Estimates - Temporal - Decreasing critical values (0.050, 0.020, 0.010, 0+)]

[Pollak]
P_Ne     = [1265.4, 1859.8, 2310.4, 2413.6]
P_Fk     = [0.02395, 0.02269, 0.02216, 0.02207]
P_Fprime = [0.00395, 0.00269, 0.00216, 0.00207]

[Nei/Tajima]
N_Ne     = [1400.4, 2036.1, 2522.1, 2626.5]
N_Fc     = [0.02357, 0.02246, 0.02198, 0.0219]
N_Fprime = [0.00357, 0.00246, 0.00198, 0.0019]

[Jorde/Ryman]
J_Ne     = [1073.3, 1098.4, 1103.2, 1103.4]
J_Fs     = [0.02476, 0.02466, 0.02464, 0.02464]
J_Fprime = [0.00466, 0.00455, 0.00453, 0.00453]

[Genetic Diversity - Heterozygosity]
mean_exp_het_pop1 = 0.8526
mean_obs_het_pop1 = 0.861
mean_exp_het_pop2 = 0.858
mean_obs_het_pop2 = 0.861

[Genetic Diversity - Allele Counts]
mean_alleles_pop1 = 11.38
var_alleles_pop1  = 8.35
sum_alleles_pop1  = 239
mean_alleles_pop2 = 11.76
var_alleles_pop2  = 8.77
sum_alleles_pop2  = 494

[Genetic Diversity - Allelic Size Variance]
var_allele_size_pop1 = 14.9921
var_allele_size_pop2 = 14.2701

[Per-locus summary - Population 1]
Locus | Num_Alleles | Alleles                                                                   | Frequencies                                                                                                                      | Variance | Obs_Het | Exp_Het
------+-------------+---------------------------------------------------------------------------+----------------------------------------------------------------------------------------------------------------------------------+----------+---------+--------
1     | 10          | [97, 98, 99, 100, 101, 102, 103, 104, 105, 106]                           | [0.0600, 0.2300, 0.1100, 0.1800, 0.0700, 0.0500, 0.1200, 0.0400, 0.1000, 0.0400]                                                 | 7.0376   | 0.9800  | 0.8727 
2     | 16          | [87, 88, 90, 91, 92, 93, 99, 100, 101, 102, 103, 104, 108, 109, 110, 111] | [0.0100, 0.0200, 0.0200, 0.0600, 0.0500, 0.0300, 0.0400, 0.1900, 0.2400, 0.1300, 0.0500, 0.0400, 0.0100, 0.0700, 0.0200, 0.0200] | 28.6876  | 0.9400  | 0.8788 
3     | 13          | [90, 91, 92, 99, 100, 101, 103, 104, 109, 110, 111, 112, 113]             | [0.0800, 0.0600, 0.0100, 0.0200, 0.0700, 0.0100, 0.0800, 0.0400, 0.0700, 0.1200, 0.2500, 0.1300, 0.0600]                         | 56.9779  | 0.9200  | 0.8830 
4     | 10          | [95, 96, 97, 98, 99, 100, 101, 102, 103, 104]                             | [0.1200, 0.0900, 0.2300, 0.1400, 0.0300, 0.2300, 0.0500, 0.0400, 0.0100, 0.0600]                                                 | 5.9264   | 0.9000  | 0.8519 
5     | 11          | [89, 90, 92, 93, 94, 95, 96, 97, 98, 99, 100]                             | [0.0600, 0.0100, 0.0600, 0.1400, 0.2700, 0.1600, 0.0100, 0.0400, 0.1100, 0.0700, 0.0700]                                         | 7.8019   | 0.8400  | 0.8596 
6     | 8           | [95, 98, 99, 100, 101, 102, 103, 104]                                     | [0.0100, 0.0500, 0.1400, 0.0600, 0.2300, 0.3500, 0.1400, 0.0200]                                                                 | 2.5004   | 0.8000  | 0.7867 
7     | 12          | [93, 94, 96, 97, 98, 99, 100, 101, 102, 103, 104, 106]                    | [0.0500, 0.1200, 0.0300, 0.2200, 0.0300, 0.1100, 0.0900, 0.1100, 0.1500, 0.0300, 0.0400, 0.0200]                                 | 10.2624  | 0.8800  | 0.8840 
8     | 10          | [97, 98, 99, 100, 101, 102, 103, 104, 105, 107]                           | [0.0100, 0.0100, 0.0400, 0.0700, 0.1200, 0.1500, 0.1900, 0.2500, 0.0800, 0.0800]                                                 | 4.3404   | 0.9600  | 0.8535 
9     | 8           | [91, 92, 93, 94, 95, 96, 97, 98]                                          | [0.0100, 0.1100, 0.3900, 0.1600, 0.1000, 0.1200, 0.0300, 0.0800]                                                                 | 3.0379   | 0.7800  | 0.7863 
10    | 9           | [94, 95, 96, 97, 98, 99, 107, 108, 109]                                   | [0.0400, 0.1000, 0.2800, 0.2400, 0.1500, 0.0600, 0.0300, 0.0800, 0.0200]                                                         | 15.8019  | 0.8400  | 0.8269 
11    | 12          | [86, 87, 88, 98, 99, 100, 101, 102, 103, 104, 105, 106]                   | [0.0100, 0.0400, 0.1100, 0.0500, 0.0400, 0.1700, 0.1700, 0.2400, 0.0500, 0.0300, 0.0800, 0.0100]                                 | 28.6724  | 0.8400  | 0.8655 
12    | 16          | [88, 89, 90, 91, 92, 93, 94, 95, 96, 102, 103, 104, 106, 107, 108, 109]   | [0.0100, 0.0100, 0.2000, 0.1100, 0.0500, 0.1200, 0.1200, 0.0400, 0.0100, 0.0200, 0.0500, 0.0400, 0.0400, 0.1000, 0.0500, 0.0300] | 47.2884  | 0.9000  | 0.9042 
13    | 8           | [99, 100, 101, 102, 103, 104, 107, 108]                                   | [0.0300, 0.1000, 0.1100, 0.2300, 0.2500, 0.1400, 0.0900, 0.0500]                                                                 | 4.8656   | 0.7800  | 0.8398 
14    | 8           | [92, 93, 94, 95, 96, 97, 98, 99]                                          | [0.0200, 0.1100, 0.2400, 0.3500, 0.1600, 0.0700, 0.0400, 0.0100]                                                                 | 1.8164   | 0.8000  | 0.7830 
15    | 16          | [85, 86, 87, 88, 89, 90, 91, 94, 95, 96, 98, 100, 101, 102, 103, 104]     | [0.0400, 0.0600, 0.0500, 0.2000, 0.2000, 0.0600, 0.0500, 0.1100, 0.0500, 0.0100, 0.0200, 0.0400, 0.0400, 0.0100, 0.0300, 0.0300] | 26.9684  | 0.8400  | 0.8950 
16    | 10          | [98, 99, 100, 101, 102, 103, 104, 105, 106, 107]                          | [0.0400, 0.2600, 0.1800, 0.2100, 0.0100, 0.1000, 0.0300, 0.0100, 0.1400, 0.0200]                                                 | 6.5244   | 0.7800  | 0.8315 
17    | 8           | [92, 93, 94, 95, 96, 97, 98, 99]                                          | [0.0100, 0.1200, 0.1900, 0.1300, 0.2400, 0.2700, 0.0300, 0.0100]                                                                 | 2.3075   | 0.8600  | 0.8091 
18    | 14          | [87, 88, 89, 90, 91, 92, 93, 94, 95, 96, 98, 102, 103, 104]               | [0.0100, 0.0600, 0.0700, 0.1700, 0.1900, 0.1000, 0.0200, 0.0600, 0.0300, 0.1700, 0.0100, 0.0100, 0.0400, 0.0600]                 | 19.3600  | 0.9000  | 0.8861 
19    | 12          | [100, 101, 103, 104, 105, 106, 107, 108, 109, 110, 111, 112]              | [0.0200, 0.0600, 0.0200, 0.0200, 0.0200, 0.1000, 0.2400, 0.1600, 0.2100, 0.1300, 0.0100, 0.0100]                                 | 6.3216   | 0.7600  | 0.8489 
20    | 12          | [96, 97, 98, 99, 100, 101, 102, 103, 104, 105, 106, 107]                  | [0.0200, 0.0200, 0.0200, 0.0600, 0.0500, 0.0600, 0.1800, 0.1200, 0.0900, 0.2800, 0.0800, 0.0200]                                 | 6.2736   | 0.8800  | 0.8576 
21    | 16          | [89, 90, 92, 93, 94, 95, 96, 97, 98, 99, 103, 104, 105, 106, 107, 108]    | [0.0100, 0.0400, 0.0100, 0.0500, 0.1800, 0.0800, 0.1200, 0.1800, 0.0800, 0.0200, 0.0500, 0.0700, 0.0100, 0.0200, 0.0300, 0.0500] | 22.0619  | 0.9000  | 0.9010 

[Per-locus summary - Population 2]
Locus | Num_Alleles | Alleles                                                                       | Frequencies                                                                                                                              | Variance | Obs_Het | Exp_Het
------+-------------+-------------------------------------------------------------------------------+------------------------------------------------------------------------------------------------------------------------------------------+----------+---------+--------
1     | 10          | [97, 98, 99, 100, 101, 102, 103, 104, 105, 106]                               | [0.0400, 0.3300, 0.0700, 0.1900, 0.0800, 0.0400, 0.0600, 0.0500, 0.1000, 0.0400]                                                         | 7.0851   | 0.8200  | 0.8311 
2     | 16          | [87, 88, 90, 91, 92, 93, 99, 100, 101, 102, 103, 104, 108, 109, 110, 111]     | [0.0100, 0.0100, 0.0300, 0.0700, 0.1700, 0.0400, 0.0700, 0.1400, 0.1600, 0.1200, 0.0600, 0.0300, 0.0100, 0.0400, 0.0100, 0.0300]         | 33.1376  | 0.8200  | 0.9008 
3     | 15          | [90, 91, 92, 99, 100, 101, 102, 103, 104, 108, 109, 110, 111, 112, 113]       | [0.0400, 0.0400, 0.0400, 0.0100, 0.0500, 0.0700, 0.0100, 0.0900, 0.0300, 0.0100, 0.0600, 0.1600, 0.1600, 0.1700, 0.0600]                 | 48.3739  | 0.8800  | 0.9002 
4     | 10          | [95, 96, 97, 98, 99, 100, 101, 102, 103, 104]                                 | [0.1000, 0.1100, 0.1300, 0.2900, 0.0900, 0.0900, 0.0300, 0.0800, 0.0300, 0.0500]                                                         | 5.7896   | 0.9200  | 0.8586 
5     | 13          | [88, 89, 90, 91, 92, 93, 94, 95, 96, 97, 98, 99, 100]                         | [0.0100, 0.0800, 0.0500, 0.0200, 0.0500, 0.1000, 0.2200, 0.1200, 0.0400, 0.0300, 0.0900, 0.1300, 0.0600]                                 | 10.4924  | 0.9000  | 0.8931 
6     | 9           | [95, 96, 98, 99, 100, 101, 102, 103, 104]                                     | [0.0100, 0.0100, 0.0200, 0.1700, 0.1800, 0.2200, 0.2100, 0.1600, 0.0200]                                                                 | 2.6700   | 0.8800  | 0.8279 
7     | 12          | [94, 96, 97, 98, 99, 100, 101, 102, 103, 104, 105, 106]                       | [0.0700, 0.0500, 0.1800, 0.0500, 0.1100, 0.1600, 0.1300, 0.0900, 0.0700, 0.0700, 0.0100, 0.0100]                                         | 7.8884   | 0.9400  | 0.8939 
8     | 10          | [98, 99, 100, 101, 102, 103, 104, 105, 106, 107]                              | [0.0100, 0.0400, 0.0400, 0.2000, 0.1400, 0.1400, 0.2600, 0.0900, 0.0100, 0.0700]                                                         | 4.0056   | 0.8000  | 0.8452 
9     | 8           | [92, 93, 94, 95, 96, 97, 98, 99]                                              | [0.1600, 0.3300, 0.0600, 0.1400, 0.1300, 0.0700, 0.0800, 0.0300]                                                                         | 4.1051   | 0.8000  | 0.8214 
10    | 10          | [93, 94, 95, 96, 97, 98, 99, 107, 108, 109]                                   | [0.0100, 0.0400, 0.1000, 0.2500, 0.2400, 0.2100, 0.0100, 0.0100, 0.1100, 0.0200]                                                         | 17.2411  | 0.8000  | 0.8196 
11    | 11          | [86, 87, 98, 99, 100, 101, 102, 103, 104, 105, 106]                           | [0.0300, 0.0600, 0.0100, 0.1000, 0.1800, 0.1000, 0.3100, 0.0900, 0.0100, 0.1000, 0.0100]                                                 | 21.2571  | 0.8800  | 0.8370 
12    | 17          | [88, 89, 90, 91, 92, 93, 94, 95, 101, 102, 103, 104, 105, 106, 107, 108, 109] | [0.0100, 0.0300, 0.2000, 0.1200, 0.0600, 0.1500, 0.0700, 0.0400, 0.0100, 0.0200, 0.0300, 0.0300, 0.0100, 0.0500, 0.0800, 0.0800, 0.0100] | 47.9516  | 0.9400  | 0.9032 
13    | 9           | [99, 100, 101, 102, 103, 104, 105, 107, 108]                                  | [0.0200, 0.0900, 0.1100, 0.2300, 0.2500, 0.1100, 0.0200, 0.0400, 0.1300]                                                                 | 5.8544   | 0.8000  | 0.8414 
14    | 8           | [92, 93, 94, 95, 96, 97, 98, 99]                                              | [0.0400, 0.1500, 0.2300, 0.3100, 0.1400, 0.0500, 0.0300, 0.0500]                                                                         | 2.5856   | 0.8600  | 0.8095 
15    | 15          | [85, 86, 87, 88, 89, 90, 91, 93, 94, 95, 97, 99, 101, 103, 104]               | [0.0400, 0.0400, 0.0500, 0.1600, 0.2100, 0.1400, 0.0500, 0.0200, 0.0900, 0.0400, 0.0100, 0.0400, 0.0100, 0.0900, 0.0100]                 | 25.5296  | 0.8600  | 0.8913 
16    | 10          | [98, 99, 100, 101, 102, 103, 104, 105, 106, 107]                              | [0.0400, 0.1600, 0.2200, 0.1900, 0.0500, 0.0900, 0.0200, 0.1200, 0.1000, 0.0100]                                                         | 6.1411   | 0.8400  | 0.8614 
17    | 8           | [92, 93, 94, 95, 96, 97, 98, 99]                                              | [0.0200, 0.0400, 0.1500, 0.2800, 0.2900, 0.1800, 0.0300, 0.0100]                                                                         | 1.6899   | 0.7400  | 0.7875 
18    | 11          | [88, 89, 90, 91, 92, 93, 94, 95, 96, 103, 104]                                | [0.0500, 0.1100, 0.1800, 0.1800, 0.1800, 0.0200, 0.0600, 0.0300, 0.1200, 0.0300, 0.0400]                                                 | 14.3275  | 0.9200  | 0.8751 
19    | 11          | [99, 100, 101, 103, 104, 105, 106, 107, 108, 109, 110]                        | [0.0100, 0.0200, 0.0600, 0.0100, 0.0400, 0.0200, 0.2100, 0.2500, 0.1900, 0.0900, 0.1000]                                                 | 5.9376   | 0.8800  | 0.8414 
20    | 12          | [96, 97, 98, 99, 100, 101, 102, 103, 104, 105, 106, 107]                      | [0.0400, 0.0300, 0.0300, 0.0500, 0.0700, 0.0500, 0.2500, 0.1300, 0.0700, 0.2000, 0.0300, 0.0500]                                         | 7.2379   | 0.8800  | 0.8677 
21    | 14          | [90, 92, 93, 94, 95, 96, 97, 98, 99, 103, 104, 105, 106, 108]                 | [0.0700, 0.0100, 0.0900, 0.1100, 0.0700, 0.1400, 0.1600, 0.1100, 0.0400, 0.0300, 0.0500, 0.0700, 0.0100, 0.0400]                         | 20.3700  | 0.9200  | 0.9101 
