
[Simulation Info]
simulation_id = sim_0012912
timestamp     = 20250429_100727
seed          = 617948
output_folder = /home/lejeunet/Bureau/simulations/Ref_table/sim_0012912

[Model Parameters]
pop_size           = 4598
num_loci           = 20
sample1_generation = 30
sample2_generation = 10
low_repeats        = 1
high_repeats       = 200
mutation_rate      = 0.001
recap_Ne           = 4598

[Sampling Design]
sample1_size_Ne  = 50
sample2_size_Ne  = 50
sample1_size_CMR = 50
sample2_size_CMR = 50

[Capture-Marquage-Recapture]
census_N   =  2601
MatchCount =  1

[Ne Estimates - One Sample - Decreasing critical values [0.050, 0.020, 0.010, 0+]]

[Linkage Desequilibrium]
LD_Ne_Pop1 = [1483.0, 1055.5, 9209.9, 9209.9]
LD_r2_Pop1 = [0.0215, 0.021591, 0.021312, 0.021312]
LD_Ne_Pop2 = [44841.3, 14716.0, None, None]
LD_r2_Pop2 = [0.021283, 0.021299, 0.021229, 0.021229]

[Heterozygote excess]
HE_Neb_mean_Pop1        = [None, None, None, None]
HE_weighted_D_mean_Pop1 = [-0.01247, -0.0101, -0.01031, -0.01031]
HE_Neb_mean_Pop2        = [69.4, 48.6, 52.4, 52.4]
HE_weighted_D_mean_Pop2 = [0.00726, 0.01039, 0.00963, 0.00963]

[Molecular Coancestry]
Coan_Neb_n_Pop1 = 21.6
Coan_f1_Pop1    = 0.02316
Coan_Neb_n_Pop2 = 125.5
Coan_f1_Pop2    = 0.00398

[Ne Estimates - Temporal - Decreasing critical values (0.050, 0.020, 0.010, 0+)]

[Pollak]
P_Ne     = [2599.1, 4028.5, 3549.8, 3339.7]
P_Fk     = [0.02192, 0.02124, 0.02141, 0.0215]
P_Fprime = [0.00192, 0.00124, 0.00141, 0.0015]

[Nei/Tajima]
N_Ne     = [3304.9, 5118.1, 4391.0, 4091.5]
N_Fc     = [0.02151, 0.02098, 0.02114, 0.02122]
N_Fprime = [0.00151, 0.00098, 0.00114, 0.00122]

[Jorde/Ryman]
J_Ne     = [3569.5, 2980.0, 2831.0, 2812.6]
J_Fs     = [0.0215, 0.02178, 0.02187, 0.02188]
J_Fprime = [0.0014, 0.00168, 0.00177, 0.00178]

[Genetic Diversity - Heterozygosity]
mean_exp_het_pop1 = 0.8167
mean_obs_het_pop1 = 0.8019
mean_exp_het_pop2 = 0.8135
mean_obs_het_pop2 = 0.8219

[Genetic Diversity - Allele Counts]
mean_alleles_pop1 = 8.95
var_alleles_pop1  = 2.45
sum_alleles_pop1  = 188
mean_alleles_pop2 = 9.26
var_alleles_pop2  = 2.59
sum_alleles_pop2  = 389

[Genetic Diversity - Allelic Size Variance]
var_allele_size_pop1 = 4.2324
var_allele_size_pop2 = 4.2193

[Per-locus summary - Population 1]
Locus | Num_Alleles | Alleles                                                     | Frequencies                                                                                              | Variance | Obs_Het | Exp_Het
------+-------------+-------------------------------------------------------------+----------------------------------------------------------------------------------------------------------+----------+---------+--------
1     | 9           | [96, 97, 98, 99, 100, 101, 102, 103, 105]                   | [0.0200, 0.0600, 0.1000, 0.1200, 0.3700, 0.2700, 0.0400, 0.0100, 0.0100]                                 | 2.1275   | 0.8000  | 0.7677 
2     | 9           | [100, 101, 102, 103, 104, 105, 106, 108, 109]               | [0.0600, 0.1500, 0.1200, 0.1200, 0.3300, 0.1400, 0.0300, 0.0400, 0.0100]                                 | 3.6504   | 0.7200  | 0.8222 
3     | 9           | [99, 100, 101, 102, 103, 104, 105, 106, 107]                | [0.0500, 0.2000, 0.1900, 0.1100, 0.0900, 0.1300, 0.0300, 0.1700, 0.0300]                                 | 5.5091   | 0.8600  | 0.8622 
4     | 8           | [99, 100, 101, 102, 103, 104, 106, 108]                     | [0.1000, 0.1300, 0.1900, 0.2200, 0.3300, 0.0100, 0.0100, 0.0100]                                         | 2.4100   | 0.6400  | 0.7873 
5     | 9           | [93, 94, 95, 96, 97, 98, 99, 100, 101]                      | [0.0900, 0.2300, 0.1900, 0.1600, 0.0700, 0.0300, 0.0800, 0.1000, 0.0500]                                 | 5.6700   | 0.8400  | 0.8612 
6     | 9           | [98, 100, 101, 102, 103, 104, 105, 106, 107]                | [0.0200, 0.0800, 0.1900, 0.1100, 0.0400, 0.1000, 0.2000, 0.2100, 0.0500]                                 | 5.4300   | 0.9400  | 0.8554 
7     | 13          | [94, 95, 96, 97, 98, 99, 100, 101, 102, 103, 104, 105, 106] | [0.0100, 0.0900, 0.1300, 0.0200, 0.1800, 0.0900, 0.0400, 0.1000, 0.0700, 0.1400, 0.0900, 0.0100, 0.0300] | 10.0059  | 0.9000  | 0.8978 
8     | 8           | [93, 94, 95, 96, 97, 98, 99, 100]                           | [0.0700, 0.2200, 0.1900, 0.0900, 0.1900, 0.1000, 0.0700, 0.0700]                                         | 4.0384   | 0.8400  | 0.8551 
9     | 8           | [94, 96, 97, 98, 99, 100, 101, 107]                         | [0.0100, 0.0100, 0.1000, 0.1500, 0.3600, 0.2100, 0.1400, 0.0200]                                         | 2.8916   | 0.7800  | 0.7814 
10    | 9           | [98, 101, 102, 103, 104, 105, 106, 107, 108]                | [0.0100, 0.0700, 0.1100, 0.0900, 0.1500, 0.2400, 0.1800, 0.1100, 0.0400]                                 | 3.8499   | 0.8200  | 0.8572 
11    | 10          | [90, 91, 92, 93, 94, 95, 96, 97, 98, 99]                    | [0.0100, 0.1300, 0.1500, 0.1100, 0.1500, 0.1000, 0.0700, 0.1500, 0.1000, 0.0300]                         | 5.9600   | 0.8600  | 0.8865 
12    | 6           | [98, 99, 100, 101, 102, 103]                                | [0.0100, 0.0400, 0.1400, 0.6300, 0.1500, 0.0300]                                                         | 0.6584   | 0.4800  | 0.5640 
13    | 10          | [98, 99, 100, 101, 102, 103, 105, 106, 107, 108]            | [0.0500, 0.1300, 0.0800, 0.1300, 0.1100, 0.0800, 0.0700, 0.2700, 0.0500, 0.0300]                         | 8.9336   | 0.8000  | 0.8663 
14    | 10          | [95, 96, 97, 99, 100, 101, 102, 103, 104, 105]              | [0.0100, 0.0100, 0.0200, 0.0200, 0.0700, 0.2400, 0.2500, 0.2200, 0.1500, 0.0100]                         | 2.9456   | 0.8000  | 0.8111 
15    | 9           | [95, 96, 97, 98, 99, 100, 101, 102, 104]                    | [0.0100, 0.0700, 0.2200, 0.0400, 0.3200, 0.2200, 0.0500, 0.0300, 0.0400]                                 | 3.3856   | 0.8400  | 0.7972 
16    | 12          | [96, 97, 99, 100, 101, 102, 103, 104, 105, 107, 108, 110]   | [0.0300, 0.0100, 0.0200, 0.0700, 0.0300, 0.4200, 0.1200, 0.1900, 0.0300, 0.0300, 0.0200, 0.0300]         | 5.9504   | 0.8600  | 0.7705 
17    | 9           | [95, 96, 97, 98, 99, 100, 101, 102, 103]                    | [0.0400, 0.0500, 0.2100, 0.2200, 0.0900, 0.1200, 0.1800, 0.0600, 0.0300]                                 | 3.9811   | 0.8800  | 0.8525 
18    | 7           | [94, 97, 98, 99, 100, 101, 102]                             | [0.0200, 0.0900, 0.3200, 0.1900, 0.2000, 0.1100, 0.0700]                                                 | 2.4491   | 0.7200  | 0.8040 
19    | 8           | [96, 97, 98, 99, 100, 101, 102, 105]                        | [0.1000, 0.0600, 0.1600, 0.2300, 0.2400, 0.1600, 0.0300, 0.0200]                                         | 3.1339   | 0.8400  | 0.8317 
20    | 7           | [99, 100, 101, 102, 103, 104, 105]                          | [0.0100, 0.1400, 0.1600, 0.3900, 0.1000, 0.0700, 0.1300]                                                 | 2.3344   | 0.7400  | 0.7786 
21    | 9           | [95, 96, 97, 98, 99, 100, 101, 102, 103]                    | [0.0500, 0.0400, 0.2200, 0.1400, 0.1200, 0.2600, 0.1000, 0.0500, 0.0200]                                 | 3.5659   | 0.8800  | 0.8414 

[Per-locus summary - Population 2]
Locus | Num_Alleles | Alleles                                                    | Frequencies                                                                                      | Variance | Obs_Het | Exp_Het
------+-------------+------------------------------------------------------------+--------------------------------------------------------------------------------------------------+----------+---------+--------
1     | 9           | [96, 97, 98, 99, 100, 101, 102, 103, 105]                  | [0.0200, 0.0600, 0.1600, 0.2200, 0.2900, 0.2100, 0.0100, 0.0200, 0.0100]                         | 2.1884   | 0.9200  | 0.8012 
2     | 9           | [100, 101, 102, 103, 104, 105, 106, 108, 109]              | [0.0300, 0.1500, 0.1600, 0.0900, 0.2700, 0.1800, 0.0300, 0.0700, 0.0200]                         | 4.3504   | 0.8400  | 0.8398 
3     | 9           | [99, 100, 101, 102, 103, 104, 105, 106, 107]               | [0.1100, 0.1900, 0.2300, 0.0800, 0.0300, 0.1300, 0.0400, 0.1500, 0.0400]                         | 6.2171   | 0.8200  | 0.8576 
4     | 6           | [99, 100, 101, 102, 103, 106]                              | [0.0700, 0.1000, 0.3000, 0.2000, 0.3000, 0.0300]                                                 | 2.0259   | 0.8600  | 0.7719 
5     | 9           | [93, 94, 95, 96, 97, 98, 99, 100, 101]                     | [0.0800, 0.1200, 0.2500, 0.2800, 0.0500, 0.0100, 0.1000, 0.0600, 0.0500]                         | 4.6331   | 0.7200  | 0.8279 
6     | 9           | [98, 100, 101, 102, 103, 104, 105, 106, 107]               | [0.0300, 0.0600, 0.1900, 0.0800, 0.1100, 0.1500, 0.2000, 0.1700, 0.0100]                         | 4.6739   | 0.9200  | 0.8580 
7     | 12          | [95, 96, 97, 98, 99, 100, 101, 102, 103, 104, 105, 106]    | [0.0300, 0.0800, 0.0100, 0.1700, 0.2300, 0.0600, 0.0800, 0.0500, 0.1300, 0.1300, 0.0100, 0.0200] | 7.4939   | 0.8600  | 0.8727 
8     | 8           | [93, 94, 95, 96, 97, 98, 99, 100]                          | [0.0500, 0.2700, 0.1000, 0.1000, 0.2300, 0.1000, 0.0500, 0.1000]                                 | 4.2739   | 0.8800  | 0.8376 
9     | 8           | [94, 97, 98, 99, 100, 101, 102, 104]                       | [0.0200, 0.0500, 0.1600, 0.4300, 0.2100, 0.0900, 0.0200, 0.0200]                                 | 2.0739   | 0.7200  | 0.7410 
10    | 11          | [97, 98, 101, 102, 103, 104, 105, 106, 107, 108, 111]      | [0.0400, 0.0100, 0.0700, 0.0500, 0.1200, 0.2000, 0.2100, 0.1600, 0.0600, 0.0700, 0.0100]         | 6.1859   | 0.7800  | 0.8669 
11    | 10          | [90, 91, 92, 93, 94, 95, 96, 97, 98, 99]                   | [0.0200, 0.0900, 0.1000, 0.1400, 0.2500, 0.0200, 0.1100, 0.1700, 0.0600, 0.0400]                 | 5.3700   | 0.8400  | 0.8614 
12    | 6           | [99, 100, 101, 102, 103, 104]                              | [0.0800, 0.0500, 0.5900, 0.2200, 0.0500, 0.0100]                                                 | 0.8604   | 0.7000  | 0.5980 
13    | 11          | [97, 98, 99, 100, 101, 102, 103, 105, 106, 107, 108]       | [0.0200, 0.0100, 0.0900, 0.0700, 0.2000, 0.1500, 0.0200, 0.1000, 0.2000, 0.0800, 0.0600]         | 8.9531   | 0.8000  | 0.8723 
14    | 9           | [96, 97, 99, 100, 101, 102, 103, 104, 105]                 | [0.0100, 0.0300, 0.0100, 0.0500, 0.2000, 0.3400, 0.2300, 0.0900, 0.0400]                         | 2.5499   | 0.7800  | 0.7861 
15    | 9           | [95, 96, 97, 98, 99, 100, 101, 102, 104]                   | [0.0500, 0.1100, 0.1300, 0.0500, 0.2600, 0.2700, 0.0200, 0.0300, 0.0800]                         | 4.9784   | 0.8000  | 0.8261 
16    | 12          | [96, 99, 100, 101, 102, 103, 104, 105, 106, 107, 108, 110] | [0.0100, 0.0200, 0.0600, 0.0300, 0.4100, 0.1200, 0.1900, 0.0100, 0.0100, 0.0100, 0.0900, 0.0400] | 6.5259   | 0.9400  | 0.7741 
17    | 9           | [95, 96, 97, 98, 99, 100, 101, 102, 103]                   | [0.0300, 0.0900, 0.2500, 0.1500, 0.1500, 0.0900, 0.1400, 0.0900, 0.0100]                         | 3.9304   | 0.8800  | 0.8562 
18    | 7           | [94, 97, 98, 99, 100, 101, 102]                            | [0.0100, 0.0400, 0.3000, 0.1800, 0.1800, 0.1900, 0.1000]                                         | 2.3651   | 0.8000  | 0.8054 
19    | 9           | [96, 97, 98, 99, 100, 101, 102, 104, 106]                  | [0.0600, 0.1300, 0.2800, 0.1100, 0.2900, 0.0900, 0.0100, 0.0100, 0.0200]                         | 3.3091   | 0.7600  | 0.8042 
20    | 8           | [99, 100, 101, 102, 103, 104, 105, 106]                    | [0.0200, 0.0900, 0.2000, 0.3400, 0.2000, 0.0800, 0.0600, 0.0100]                                 | 1.9404   | 0.7800  | 0.7937 
21    | 10          | [93, 95, 96, 97, 98, 99, 100, 101, 102, 103]               | [0.0200, 0.0300, 0.0300, 0.2400, 0.1200, 0.1400, 0.2700, 0.0900, 0.0500, 0.0100]                 | 3.7059   | 0.8600  | 0.8309 
