
[Simulation Info]
simulation_id = sim_0012819
timestamp     = 20250429_100418
seed          = 457612
output_folder = /home/lejeunet/Bureau/simulations/Ref_table/sim_0012819

[Model Parameters]
pop_size           = 869
num_loci           = 20
sample1_generation = 30
sample2_generation = 10
low_repeats        = 1
high_repeats       = 200
mutation_rate      = 0.001
recap_Ne           = 869

[Sampling Design]
sample1_size_Ne  = 50
sample2_size_Ne  = 50
sample1_size_CMR = 50
sample2_size_CMR = 50

[Capture-Marquage-Recapture]
census_N   =  1300
MatchCount =  2

[Ne Estimates - One Sample - Decreasing critical values [0.050, 0.020, 0.010, 0+]]

[Linkage Desequilibrium]
LD_Ne_Pop1 = [330.8, 421.2, 997.0, 997.0]
LD_r2_Pop1 = [0.022277, 0.022064, 0.02161, 0.02161]
LD_Ne_Pop2 = [223.6, 403.3, 1653.0, 1653.0]
LD_r2_Pop2 = [0.022753, 0.022098, 0.021477, 0.021477]

[Heterozygote excess]
HE_Neb_mean_Pop1        = [25.0, 33.3, 34.8, 34.8]
HE_weighted_D_mean_Pop1 = [0.02038, 0.01524, 0.01456, 0.01456]
HE_Neb_mean_Pop2        = [57.2, 87.3, 87.3, 87.3]
HE_weighted_D_mean_Pop2 = [0.00882, 0.00576, 0.00576, 0.00576]

[Molecular Coancestry]
Coan_Neb_n_Pop1 = 68.5
Coan_f1_Pop1    = 0.0073
Coan_Neb_n_Pop2 = 2120.5
Coan_f1_Pop2    = 0.00024

[Ne Estimates - Temporal - Decreasing critical values (0.050, 0.020, 0.010, 0+)]

[Pollak]
P_Ne     = [839.7, 893.8, 958.3, 925.9]
P_Fk     = [0.02595, 0.02559, 0.02522, 0.0254]
P_Fprime = [0.00595, 0.00559, 0.00522, 0.0054]

[Nei/Tajima]
N_Ne     = [985.5, 1039.5, 1102.4, 1066.7]
N_Fc     = [0.02507, 0.02481, 0.02454, 0.02469]
N_Fprime = [0.00507, 0.00481, 0.00454, 0.00469]

[Jorde/Ryman]
J_Ne     = [870.9, 900.0, 897.8, 895.3]
J_Fs     = [0.02585, 0.02566, 0.02568, 0.02569]
J_Fprime = [0.00574, 0.00556, 0.00557, 0.00558]

[Genetic Diversity - Heterozygosity]
mean_exp_het_pop1 = 0.6179
mean_obs_het_pop1 = 0.6286
mean_exp_het_pop2 = 0.641
mean_obs_het_pop2 = 0.659

[Genetic Diversity - Allele Counts]
mean_alleles_pop1 = 4.67
var_alleles_pop1  = 1.13
sum_alleles_pop1  = 98
mean_alleles_pop2 = 4.79
var_alleles_pop2  = 0.81
sum_alleles_pop2  = 201

[Genetic Diversity - Allelic Size Variance]
var_allele_size_pop1 = 1.0109
var_allele_size_pop2 = 1.0384

[Per-locus summary - Population 1]
Locus | Num_Alleles | Alleles                           | Frequencies                                              | Variance | Obs_Het | Exp_Het
------+-------------+-----------------------------------+----------------------------------------------------------+----------+---------+--------
1     | 4           | [98, 99, 100, 101]                | [0.0500, 0.0500, 0.6300, 0.2700]                         | 0.5056   | 0.6000  | 0.5305 
2     | 3           | [100, 101, 102]                   | [0.4300, 0.5600, 0.0100]                                 | 0.2636   | 0.4800  | 0.5065 
3     | 5           | [99, 100, 101, 102, 103]          | [0.0200, 0.1400, 0.4200, 0.2900, 0.1300]                 | 0.8931   | 0.7000  | 0.7097 
4     | 7           | [95, 96, 97, 98, 99, 100, 101]    | [0.0300, 0.0100, 0.1100, 0.0100, 0.2300, 0.4900, 0.1200] | 1.8675   | 0.6600  | 0.6863 
5     | 5           | [97, 98, 99, 100, 101]            | [0.0600, 0.0400, 0.3900, 0.5000, 0.0100]                 | 0.6904   | 0.6200  | 0.5986 
6     | 4           | [98, 100, 101, 102]               | [0.1500, 0.0600, 0.7500, 0.0400]                         | 1.2291   | 0.4600  | 0.4139 
7     | 4           | [98, 99, 100, 101]                | [0.3200, 0.2100, 0.3500, 0.1200]                         | 1.0771   | 0.7800  | 0.7238 
8     | 4           | [99, 100, 101, 102]               | [0.3100, 0.4600, 0.2000, 0.0300]                         | 0.6275   | 0.6400  | 0.6580 
9     | 6           | [99, 100, 101, 102, 103, 104]     | [0.0600, 0.2700, 0.4600, 0.0100, 0.0300, 0.1700]         | 2.1339   | 0.7200  | 0.6889 
10    | 5           | [98, 99, 100, 101, 102]           | [0.0600, 0.2700, 0.4900, 0.1300, 0.0500]                 | 0.8144   | 0.6200  | 0.6707 
11    | 7           | [97, 98, 100, 101, 102, 103, 104] | [0.0100, 0.1000, 0.1500, 0.0100, 0.0900, 0.5500, 0.0900] | 3.3691   | 0.6800  | 0.6552 
12    | 6           | [97, 99, 100, 101, 102, 103]      | [0.0400, 0.0200, 0.0700, 0.3900, 0.4700, 0.0100]         | 1.2516   | 0.4400  | 0.6263 
13    | 4           | [100, 101, 102, 103]              | [0.2500, 0.5800, 0.1000, 0.0700]                         | 0.6299   | 0.6400  | 0.5921 
14    | 4           | [98, 99, 100, 101]                | [0.2400, 0.6500, 0.1000, 0.0100]                         | 0.3656   | 0.5600  | 0.5150 
15    | 4           | [99, 100, 101, 102]               | [0.2700, 0.4100, 0.2100, 0.1100]                         | 0.8944   | 0.7400  | 0.7099 
16    | 5           | [99, 100, 101, 102, 103]          | [0.3100, 0.4500, 0.1500, 0.0800, 0.0100]                 | 0.8691   | 0.7400  | 0.6792 
17    | 4           | [99, 100, 101, 102]               | [0.0700, 0.1500, 0.7100, 0.0700]                         | 0.4516   | 0.4600  | 0.4683 
18    | 5           | [98, 99, 100, 101, 102]           | [0.0700, 0.0900, 0.5100, 0.1600, 0.1700]                 | 1.1371   | 0.7400  | 0.6792 
19    | 4           | [97, 99, 100, 101]                | [0.0100, 0.4200, 0.1100, 0.4600]                         | 0.9699   | 0.6400  | 0.6059 
20    | 4           | [98, 99, 100, 101]                | [0.0100, 0.2100, 0.5900, 0.1900]                         | 0.4384   | 0.5800  | 0.5774 
21    | 4           | [98, 99, 100, 101]                | [0.1600, 0.3000, 0.4500, 0.0900]                         | 0.7491   | 0.7000  | 0.6806 

[Per-locus summary - Population 2]
Locus | Num_Alleles | Alleles                        | Frequencies                                              | Variance | Obs_Het | Exp_Het
------+-------------+--------------------------------+----------------------------------------------------------+----------+---------+--------
1     | 4           | [98, 99, 100, 101]             | [0.0500, 0.1200, 0.4700, 0.3600]                         | 0.6604   | 0.6400  | 0.6390 
2     | 4           | [99, 100, 101, 102]            | [0.0100, 0.4200, 0.5500, 0.0200]                         | 0.3036   | 0.6200  | 0.5259 
3     | 5           | [99, 100, 101, 102, 103]       | [0.0100, 0.1000, 0.3900, 0.4400, 0.0600]                 | 0.6264   | 0.6400  | 0.6471 
4     | 7           | [95, 96, 97, 98, 99, 100, 101] | [0.0100, 0.0200, 0.1000, 0.1200, 0.2100, 0.4500, 0.0900] | 1.6259   | 0.7000  | 0.7277 
5     | 5           | [97, 98, 99, 100, 101]         | [0.0800, 0.1000, 0.3600, 0.4500, 0.0100]                 | 0.8659   | 0.7200  | 0.6580 
6     | 4           | [98, 100, 101, 102]            | [0.0700, 0.0900, 0.7700, 0.0700]                         | 0.7371   | 0.3600  | 0.3931 
7     | 4           | [98, 99, 100, 101]             | [0.2300, 0.2100, 0.4100, 0.1500]                         | 1.0096   | 0.7800  | 0.7196 
8     | 4           | [99, 100, 101, 102]            | [0.3900, 0.4300, 0.1400, 0.0400]                         | 0.6611   | 0.7000  | 0.6483 
9     | 5           | [99, 100, 101, 103, 104]       | [0.0500, 0.3800, 0.3800, 0.0400, 0.1500]                 | 2.0875   | 0.7000  | 0.6915 
10    | 5           | [98, 99, 100, 101, 102]        | [0.0400, 0.3000, 0.3800, 0.2400, 0.0400]                 | 0.8564   | 0.7400  | 0.7119 
11    | 6           | [97, 98, 100, 102, 103, 104]   | [0.0200, 0.0800, 0.0800, 0.2200, 0.5400, 0.0600]         | 2.8736   | 0.6800  | 0.6497 
12    | 6           | [97, 99, 100, 101, 102, 103]   | [0.0900, 0.0100, 0.1600, 0.3300, 0.3900, 0.0200]         | 2.0979   | 0.6800  | 0.7119 
13    | 5           | [99, 100, 101, 102, 103]       | [0.0100, 0.2400, 0.5400, 0.1300, 0.0800]                 | 0.7291   | 0.6200  | 0.6337 
14    | 4           | [98, 99, 100, 101]             | [0.3000, 0.5500, 0.1200, 0.0300]                         | 0.5256   | 0.6600  | 0.5982 
15    | 4           | [99, 100, 101, 102]            | [0.1600, 0.3900, 0.2500, 0.2000]                         | 0.9699   | 0.7400  | 0.7271 
16    | 5           | [99, 100, 101, 102, 103]       | [0.3400, 0.3900, 0.1800, 0.0800, 0.0100]                 | 0.9291   | 0.8000  | 0.7004 
17    | 4           | [99, 100, 101, 102]            | [0.1100, 0.1200, 0.7100, 0.0600]                         | 0.5416   | 0.4800  | 0.4705 
18    | 5           | [98, 99, 100, 101, 102]        | [0.1100, 0.0700, 0.6000, 0.1600, 0.0600]                 | 0.9099   | 0.6800  | 0.5998 
19    | 5           | [97, 99, 100, 101, 102]        | [0.0600, 0.3000, 0.1700, 0.4400, 0.0300]                 | 1.3996   | 0.7200  | 0.6899 
20    | 4           | [99, 100, 101, 102]            | [0.2100, 0.5800, 0.2000, 0.0100]                         | 0.4499   | 0.5600  | 0.5853 
21    | 4           | [98, 99, 100, 101]             | [0.1500, 0.3400, 0.3100, 0.2000]                         | 0.9464   | 0.6200  | 0.7331 
