
[Simulation Info]
simulation_id = sim_0012850
timestamp     = 20250429_100511
seed          = 676071
output_folder = /home/lejeunet/Bureau/simulations/Ref_table/sim_0012850

[Model Parameters]
pop_size           = 3976
num_loci           = 20
sample1_generation = 30
sample2_generation = 10
low_repeats        = 1
high_repeats       = 200
mutation_rate      = 0.001
recap_Ne           = 3976

[Sampling Design]
sample1_size_Ne  = 50
sample2_size_Ne  = 50
sample1_size_CMR = 50
sample2_size_CMR = 50

[Capture-Marquage-Recapture]
census_N   =  2601
MatchCount =  1

[Ne Estimates - One Sample - Decreasing critical values [0.050, 0.020, 0.010, 0+]]

[Linkage Desequilibrium]
LD_Ne_Pop1 = [6788.7, 1539.5, 1512.4, 1512.4]
LD_r2_Pop1 = [0.021325, 0.021492, 0.021496, 0.021496]
LD_Ne_Pop2 = [870.2, 904.3, 1403.9, 1403.9]
LD_r2_Pop2 = [0.021658, 0.021644, 0.021513, 0.021513]

[Heterozygote excess]
HE_Neb_mean_Pop1        = [39.6, 65.7, 78.4, 78.4]
HE_weighted_D_mean_Pop1 = [0.01277, 0.00767, 0.00642, 0.00642]
HE_Neb_mean_Pop2        = [78.5, 59.8, 66.1, 66.1]
HE_weighted_D_mean_Pop2 = [0.00641, 0.00843, 0.00762, 0.00762]

[Molecular Coancestry]
Coan_Neb_n_Pop1 = 48.3
Coan_f1_Pop1    = 0.01035
Coan_Neb_n_Pop2 = 40.0
Coan_f1_Pop2    = 0.0125

[Ne Estimates - Temporal - Decreasing critical values (0.050, 0.020, 0.010, 0+)]

[Pollak]
P_Ne     = [51439.0, -5804.7, -7032.9, -18166.3]
P_Fk     = [0.0201, 0.01914, 0.01929, 0.01972]
P_Fprime = [0.0001, -0.00086, -0.00071, -0.00028]

[Nei/Tajima]
N_Ne     = [-16767.8, -4462.3, -5205.3, -8985.5]
N_Fc     = [0.0197, 0.01888, 0.01904, 0.01944]
N_Fprime = [-0.0003, -0.00112, -0.00096, -0.00056]

[Jorde/Ryman]
J_Ne     = [-10519.2, -6525.9, -7753.6, -8492.7]
J_Fs     = [0.01963, 0.01933, 0.01946, 0.01951]
J_Fprime = [-0.00048, -0.00077, -0.00064, -0.00059]

[Genetic Diversity - Heterozygosity]
mean_exp_het_pop1 = 0.8506
mean_obs_het_pop1 = 0.8524
mean_exp_het_pop2 = 0.844
mean_obs_het_pop2 = 0.8571

[Genetic Diversity - Allele Counts]
mean_alleles_pop1 = 11.0
var_alleles_pop1  = 5.3
sum_alleles_pop1  = 231
mean_alleles_pop2 = 11.14
var_alleles_pop2  = 5.88
sum_alleles_pop2  = 468

[Genetic Diversity - Allelic Size Variance]
var_allele_size_pop1 = 14.8528
var_allele_size_pop2 = 13.7876

[Per-locus summary - Population 1]
Locus | Num_Alleles | Alleles                                                                  | Frequencies                                                                                                                      | Variance | Obs_Het | Exp_Het
------+-------------+--------------------------------------------------------------------------+----------------------------------------------------------------------------------------------------------------------------------+----------+---------+--------
1     | 11          | [99, 100, 101, 102, 103, 104, 105, 106, 107, 108, 109]                   | [0.0200, 0.0400, 0.1700, 0.0600, 0.0100, 0.0300, 0.2000, 0.1100, 0.1400, 0.0900, 0.1300]                                         | 8.6075   | 0.8200  | 0.8766 
2     | 9           | [87, 88, 89, 90, 91, 92, 93, 94, 95]                                     | [0.0600, 0.1200, 0.1700, 0.0900, 0.1100, 0.2600, 0.1200, 0.0500, 0.0200]                                                         | 4.2300   | 0.8400  | 0.8566 
3     | 13          | [96, 97, 99, 100, 103, 104, 105, 106, 107, 108, 109, 110, 111]           | [0.0100, 0.0400, 0.2000, 0.0200, 0.0300, 0.0900, 0.1300, 0.0800, 0.1400, 0.1300, 0.0600, 0.0400, 0.0300]                         | 15.8899  | 0.9400  | 0.8919 
4     | 12          | [93, 94, 95, 97, 98, 99, 100, 101, 102, 103, 104, 105]                   | [0.0800, 0.0600, 0.0200, 0.0100, 0.0700, 0.0100, 0.1600, 0.1600, 0.0400, 0.1800, 0.1800, 0.0300]                                 | 12.3275  | 0.8600  | 0.8748 
5     | 12          | [90, 91, 92, 93, 95, 96, 97, 98, 99, 100, 101, 102]                      | [0.0500, 0.0100, 0.0700, 0.0200, 0.0200, 0.0700, 0.0700, 0.1200, 0.1800, 0.2000, 0.1800, 0.0100]                                 | 9.9900   | 0.9200  | 0.8713 
6     | 14          | [92, 93, 94, 95, 96, 97, 98, 99, 105, 106, 107, 109, 111, 112]           | [0.0300, 0.0600, 0.1100, 0.1300, 0.1600, 0.0400, 0.1600, 0.0100, 0.0100, 0.0100, 0.0500, 0.0600, 0.1500, 0.0200]                 | 44.5611  | 0.9200  | 0.8933 
7     | 7           | [95, 96, 97, 98, 99, 100, 101]                                           | [0.0600, 0.2400, 0.1900, 0.1200, 0.0200, 0.3500, 0.0200]                                                                         | 3.2851   | 0.8200  | 0.7727 
8     | 13          | [89, 90, 91, 92, 93, 94, 95, 96, 97, 98, 99, 100, 101]                   | [0.0100, 0.0400, 0.0600, 0.0800, 0.0200, 0.0600, 0.0100, 0.0200, 0.3200, 0.2200, 0.0300, 0.1200, 0.0100]                         | 8.7124   | 0.8800  | 0.8259 
9     | 10          | [82, 83, 84, 95, 96, 97, 98, 99, 100, 102]                               | [0.0200, 0.1200, 0.0500, 0.0600, 0.0600, 0.1100, 0.2200, 0.1300, 0.2200, 0.0100]                                                 | 37.1156  | 0.9200  | 0.8582 
10    | 10          | [91, 92, 93, 94, 95, 96, 97, 98, 99, 100]                                | [0.0200, 0.0200, 0.0300, 0.1500, 0.0200, 0.1800, 0.1400, 0.1800, 0.1800, 0.0800]                                                 | 4.8771   | 0.8600  | 0.8608 
11    | 11          | [100, 101, 102, 103, 104, 105, 106, 107, 108, 109, 110]                  | [0.1100, 0.0500, 0.0200, 0.0800, 0.1800, 0.0900, 0.0900, 0.0600, 0.2200, 0.0700, 0.0300]                                         | 8.3875   | 0.8600  | 0.8810 
12    | 13          | [89, 90, 91, 92, 93, 104, 105, 106, 107, 108, 109, 110, 111]             | [0.0200, 0.1300, 0.0200, 0.0500, 0.0100, 0.0200, 0.0100, 0.0700, 0.3000, 0.1500, 0.1400, 0.0600, 0.0200]                         | 53.7424  | 0.8600  | 0.8467 
13    | 10          | [96, 97, 98, 99, 100, 101, 102, 103, 104, 105]                           | [0.0100, 0.0200, 0.0200, 0.2600, 0.1700, 0.0600, 0.1600, 0.1200, 0.1600, 0.0200]                                                 | 4.3536   | 0.7600  | 0.8414 
14    | 16          | [92, 93, 94, 95, 96, 97, 98, 99, 100, 105, 106, 107, 108, 109, 111, 112] | [0.0200, 0.1900, 0.1000, 0.0100, 0.0100, 0.1700, 0.1300, 0.0700, 0.0800, 0.0100, 0.0300, 0.0400, 0.0200, 0.0600, 0.0500, 0.0100] | 32.3404  | 0.9000  | 0.8960 
15    | 6           | [100, 101, 102, 103, 104, 105]                                           | [0.0700, 0.0900, 0.3700, 0.3200, 0.1200, 0.0300]                                                                                 | 1.2636   | 0.8000  | 0.7398 
16    | 12          | [93, 96, 97, 98, 99, 101, 102, 103, 104, 105, 106, 107]                  | [0.0600, 0.0200, 0.0600, 0.1500, 0.0200, 0.0100, 0.0200, 0.1700, 0.1700, 0.2200, 0.0900, 0.0100]                                 | 14.1875  | 0.8800  | 0.8632 
17    | 11          | [99, 100, 101, 102, 103, 104, 105, 107, 108, 109, 110]                   | [0.0100, 0.0900, 0.1600, 0.0800, 0.0700, 0.1500, 0.1900, 0.0100, 0.0900, 0.1200, 0.0300]                                         | 9.2624   | 0.8200  | 0.8816 
18    | 8           | [102, 103, 104, 105, 106, 107, 108, 109]                                 | [0.0300, 0.1200, 0.0300, 0.2600, 0.1900, 0.2600, 0.0700, 0.0400]                                                                 | 2.7616   | 0.7800  | 0.8141 
19    | 11          | [97, 98, 99, 100, 101, 102, 104, 105, 106, 107, 108]                     | [0.0800, 0.0600, 0.2800, 0.2500, 0.0300, 0.1200, 0.0800, 0.0100, 0.0500, 0.0100, 0.0300]                                         | 7.1179   | 0.8000  | 0.8321 
20    | 11          | [96, 97, 98, 99, 100, 101, 102, 103, 104, 105, 106]                      | [0.0100, 0.0700, 0.1600, 0.0800, 0.0500, 0.3300, 0.1100, 0.0600, 0.0800, 0.0200, 0.0300]                                         | 5.2176   | 0.8600  | 0.8366 
21    | 11          | [92, 93, 94, 97, 98, 99, 103, 104, 105, 108, 109]                        | [0.1900, 0.1300, 0.0100, 0.2200, 0.1800, 0.0300, 0.0100, 0.0400, 0.1500, 0.0300, 0.0100]                                         | 23.6771  | 0.8000  | 0.8485 

[Per-locus summary - Population 2]
Locus | Num_Alleles | Alleles                                                              | Frequencies                                                                                                              | Variance | Obs_Het | Exp_Het
------+-------------+----------------------------------------------------------------------+--------------------------------------------------------------------------------------------------------------------------+----------+---------+--------
1     | 10          | [100, 101, 102, 103, 104, 105, 106, 107, 108, 109]                   | [0.0300, 0.2200, 0.1200, 0.0100, 0.0300, 0.1700, 0.0800, 0.1800, 0.0600, 0.1000]                                         | 8.1836   | 0.9400  | 0.8626 
2     | 9           | [87, 88, 89, 90, 91, 92, 93, 94, 95]                                 | [0.0700, 0.0700, 0.1400, 0.1200, 0.1800, 0.1700, 0.1700, 0.0500, 0.0300]                                                 | 4.1979   | 0.9200  | 0.8713 
3     | 12          | [97, 98, 99, 100, 103, 104, 105, 106, 107, 108, 109, 110]            | [0.0700, 0.0300, 0.1400, 0.0800, 0.0200, 0.0700, 0.1300, 0.0600, 0.1300, 0.1400, 0.0300, 0.1000]                         | 17.3824  | 0.9400  | 0.9040 
4     | 13          | [92, 93, 94, 95, 98, 99, 100, 101, 102, 103, 104, 105, 106]          | [0.0200, 0.1500, 0.0300, 0.0100, 0.0600, 0.0200, 0.1800, 0.1100, 0.0800, 0.1600, 0.1500, 0.0200, 0.0100]                 | 15.3451  | 0.8800  | 0.8814 
5     | 13          | [90, 91, 92, 93, 94, 95, 96, 97, 98, 99, 100, 101, 102]              | [0.0100, 0.1400, 0.0500, 0.0400, 0.0400, 0.0100, 0.0600, 0.0900, 0.0700, 0.1400, 0.1500, 0.1800, 0.0200]                 | 13.2300  | 0.8200  | 0.8919 
6     | 14          | [92, 93, 94, 95, 96, 97, 98, 99, 105, 106, 107, 109, 110, 111]       | [0.0400, 0.0400, 0.1800, 0.1700, 0.2000, 0.0200, 0.1000, 0.0100, 0.0100, 0.0500, 0.0400, 0.0300, 0.0100, 0.1000]         | 36.3300  | 0.8400  | 0.8786 
7     | 7           | [94, 95, 96, 97, 98, 99, 100]                                        | [0.0200, 0.0300, 0.3900, 0.1400, 0.1100, 0.0200, 0.2900]                                                                 | 3.2299   | 0.7000  | 0.7378 
8     | 12          | [89, 90, 91, 92, 93, 94, 95, 96, 97, 98, 99, 100]                    | [0.0200, 0.0600, 0.0500, 0.0600, 0.0300, 0.0300, 0.0200, 0.0100, 0.3300, 0.2300, 0.0400, 0.1200]                         | 9.2371   | 0.7200  | 0.8180 
9     | 9           | [82, 83, 84, 95, 96, 97, 98, 99, 100]                                | [0.0100, 0.1700, 0.0100, 0.0200, 0.0600, 0.1300, 0.2700, 0.0800, 0.2500]                                                 | 37.7436  | 0.8000  | 0.8164 
10    | 8           | [92, 93, 94, 96, 97, 98, 99, 100]                                    | [0.0200, 0.0200, 0.1000, 0.1900, 0.1100, 0.2000, 0.3000, 0.0600]                                                         | 3.7539   | 0.8800  | 0.8156 
11    | 11          | [100, 101, 102, 103, 104, 105, 106, 107, 108, 109, 110]              | [0.1000, 0.0400, 0.0200, 0.1500, 0.1600, 0.1300, 0.0300, 0.0600, 0.2500, 0.0500, 0.0100]                                 | 7.6491   | 0.8400  | 0.8620 
12    | 11          | [90, 91, 92, 104, 105, 106, 107, 108, 109, 110, 111]                 | [0.0900, 0.0200, 0.0400, 0.0300, 0.0200, 0.1500, 0.3400, 0.1700, 0.0900, 0.0400, 0.0100]                                 | 36.7516  | 0.8200  | 0.8200 
13    | 9           | [97, 98, 99, 100, 101, 102, 103, 104, 105]                           | [0.0100, 0.0600, 0.2200, 0.0900, 0.0900, 0.1200, 0.1700, 0.2200, 0.0200]                                                 | 4.5675   | 0.9200  | 0.8481 
14    | 15          | [93, 94, 95, 96, 97, 98, 99, 100, 101, 106, 107, 108, 109, 111, 112] | [0.2000, 0.1600, 0.0100, 0.0200, 0.1100, 0.1100, 0.0900, 0.0800, 0.0100, 0.0400, 0.0700, 0.0300, 0.0400, 0.0100, 0.0200] | 29.7064  | 0.8800  | 0.8945 
15    | 7           | [100, 101, 102, 103, 104, 105, 106]                                  | [0.0700, 0.1300, 0.3300, 0.3000, 0.1300, 0.0300, 0.0100]                                                                 | 1.4836   | 0.7400  | 0.7691 
16    | 10          | [93, 94, 96, 97, 98, 102, 103, 104, 105, 106]                        | [0.0500, 0.0100, 0.0200, 0.0400, 0.0700, 0.0300, 0.1700, 0.1900, 0.2900, 0.1300]                                         | 12.4939  | 0.9000  | 0.8319 
17    | 10          | [100, 101, 102, 103, 104, 105, 106, 107, 108, 109]                   | [0.1100, 0.2400, 0.1100, 0.0800, 0.1300, 0.0900, 0.0100, 0.0200, 0.1100, 0.1000]                                         | 8.8875   | 0.8800  | 0.8729 
18    | 8           | [102, 103, 104, 105, 106, 107, 108, 109]                             | [0.0800, 0.0300, 0.1000, 0.2800, 0.1800, 0.2700, 0.0300, 0.0300]                                                         | 2.6691   | 0.9000  | 0.8053 
19    | 13          | [96, 97, 98, 99, 100, 101, 102, 103, 104, 105, 106, 107, 108]        | [0.0200, 0.0700, 0.0600, 0.2100, 0.2700, 0.0400, 0.0600, 0.0200, 0.0900, 0.0400, 0.0600, 0.0400, 0.0200]                 | 8.7784   | 0.9200  | 0.8618 
20    | 10          | [97, 98, 99, 100, 101, 102, 103, 104, 105, 106]                      | [0.0300, 0.1800, 0.0500, 0.0800, 0.2500, 0.1700, 0.0400, 0.1400, 0.0400, 0.0200]                                         | 5.1019   | 0.9000  | 0.8517 
21    | 12          | [92, 93, 94, 96, 97, 98, 99, 104, 105, 106, 108, 109]                | [0.1800, 0.2600, 0.0300, 0.0200, 0.2400, 0.0800, 0.0100, 0.0200, 0.1100, 0.0100, 0.0300, 0.0100]                         | 22.8179  | 0.8600  | 0.8293 
