
[Simulation Info]
simulation_id = sim_0001380
timestamp     = 20250428_080116
seed          = 797541
output_folder = /home/lejeunet/Bureau/simulations/Ref_table/sim_0001380

[Model Parameters]
pop_size           = 353
num_loci           = 20
sample1_generation = 30
sample2_generation = 10
low_repeats        = 1
high_repeats       = 200
mutation_rate      = 0.001
recap_Ne           = 353

[Sampling Design]
sample1_size_Ne  = 50
sample2_size_Ne  = 50
sample1_size_CMR = 50
sample2_size_CMR = 50

[Capture-Marquage-Recapture]
census_N   =  260
MatchCount =  10

[Ne Estimates - One Sample - Decreasing critical values [0.050, 0.020, 0.010, 0+]]

[Linkage Desequilibrium]
LD_Ne_Pop1 = [3230.8, None, 5319.7, 5319.7]
LD_r2_Pop1 = [0.021379, 0.021275, 0.021339, 0.021339]
LD_Ne_Pop2 = [717.8, 445.5, 468.7, 468.7]
LD_r2_Pop2 = [0.021739, 0.022021, 0.021984, 0.021984]

[Heterozygote excess]
HE_Neb_mean_Pop1        = [None, None, None, None]
HE_weighted_D_mean_Pop1 = [-0.00118, -0.004, -0.00472, -0.00472]
HE_Neb_mean_Pop2        = [None, None, None, None]
HE_weighted_D_mean_Pop2 = [-0.02668, -0.02528, -0.02496, -0.02496]

[Molecular Coancestry]
Coan_Neb_n_Pop1 = 7568.1
Coan_f1_Pop1    = 7e-05
Coan_Neb_n_Pop2 = 221.3
Coan_f1_Pop2    = 0.00226

[Ne Estimates - Temporal - Decreasing critical values (0.050, 0.020, 0.010, 0+)]

[Pollak]
P_Ne     = [292.2, 292.3, 290.1, 290.1]
P_Fk     = [0.03711, 0.03711, 0.03723, 0.03723]
P_Fprime = [0.01711, 0.01711, 0.01723, 0.01723]

[Nei/Tajima]
N_Ne     = [354.2, 340.3, 336.3, 336.3]
N_Fc     = [0.03411, 0.03469, 0.03487, 0.03487]
N_Fprime = [0.01411, 0.01469, 0.01487, 0.01487]

[Jorde/Ryman]
J_Ne     = [543.8, 529.4, 525.0, 525.0]
J_Fs     = [0.02932, 0.02957, 0.02965, 0.02965]
J_Fprime = [0.00919, 0.00945, 0.00952, 0.00952]

[Genetic Diversity - Heterozygosity]
mean_exp_het_pop1 = 0.5948
mean_obs_het_pop1 = 0.5905
mean_exp_het_pop2 = 0.595
mean_obs_het_pop2 = 0.5724

[Genetic Diversity - Allele Counts]
mean_alleles_pop1 = 3.95
var_alleles_pop1  = 0.55
sum_alleles_pop1  = 83
mean_alleles_pop2 = 3.95
var_alleles_pop2  = 0.73
sum_alleles_pop2  = 166

[Genetic Diversity - Allelic Size Variance]
var_allele_size_pop1 = 1.1849
var_allele_size_pop2 = 1.1789

[Per-locus summary - Population 1]
Locus | Num_Alleles | Alleles                 | Frequencies                              | Variance | Obs_Het | Exp_Het
------+-------------+-------------------------+------------------------------------------+----------+---------+--------
1     | 3           | [99, 100, 101]          | [0.0400, 0.4500, 0.5100]                 | 0.3291   | 0.5800  | 0.5412 
2     | 4           | [99, 100, 101, 102]     | [0.1100, 0.4200, 0.3000, 0.1700]         | 0.8091   | 0.6600  | 0.6996 
3     | 3           | [99, 100, 101]          | [0.1700, 0.6800, 0.1500]                 | 0.3196   | 0.4600  | 0.4911 
4     | 3           | [97, 99, 100]           | [0.3200, 0.3200, 0.3600]                 | 1.5616   | 0.7000  | 0.6723 
5     | 4           | [97, 98, 99, 100]       | [0.0200, 0.3400, 0.3800, 0.2600]         | 0.6656   | 0.6800  | 0.6788 
6     | 5           | [98, 99, 100, 101, 102] | [0.4500, 0.0400, 0.0100, 0.4900, 0.0100] | 2.1851   | 0.4600  | 0.5612 
7     | 3           | [98, 99, 101]           | [0.1900, 0.3900, 0.4200]                 | 1.4475   | 0.5600  | 0.6418 
8     | 3           | [100, 101, 102]         | [0.0400, 0.9400, 0.0200]                 | 0.0596   | 0.1200  | 0.1156 
9     | 5           | [97, 98, 99, 100, 101]  | [0.0800, 0.4200, 0.0700, 0.0200, 0.4100] | 2.3324   | 0.6200  | 0.6503 
10    | 5           | [98, 99, 100, 102, 103] | [0.4100, 0.1000, 0.1300, 0.3500, 0.0100] | 3.1939   | 0.7000  | 0.6893 
11    | 4           | [96, 97, 99, 100]       | [0.0100, 0.5200, 0.1500, 0.3200]         | 1.9275   | 0.5600  | 0.6107 
12    | 4           | [99, 100, 101, 102]     | [0.3300, 0.2500, 0.3800, 0.0400]         | 0.8531   | 0.7200  | 0.6895 
13    | 4           | [98, 99, 100, 101]      | [0.0300, 0.1500, 0.7500, 0.0700]         | 0.3204   | 0.3800  | 0.4133 
14    | 4           | [98, 99, 100, 101]      | [0.1700, 0.4900, 0.3000, 0.0400]         | 0.5859   | 0.6400  | 0.6459 
15    | 4           | [99, 100, 101, 102]     | [0.0100, 0.1700, 0.5400, 0.2800]         | 0.4819   | 0.5200  | 0.6071 
16    | 4           | [100, 101, 102, 103]    | [0.2300, 0.4100, 0.2900, 0.0700]         | 0.7600   | 0.6800  | 0.6970 
17    | 5           | [96, 97, 98, 101, 102]  | [0.0300, 0.2600, 0.4500, 0.1300, 0.1300] | 3.2819   | 0.7800  | 0.7022 
18    | 5           | [98, 99, 100, 101, 102] | [0.0700, 0.3400, 0.0500, 0.2100, 0.3300] | 1.9979   | 0.7400  | 0.7313 
19    | 4           | [98, 99, 100, 101]      | [0.1700, 0.1600, 0.6000, 0.0700]         | 0.7251   | 0.6200  | 0.5865 
20    | 3           | [98, 99, 100]           | [0.1000, 0.7400, 0.1600]                 | 0.2564   | 0.4800  | 0.4210 
21    | 4           | [100, 101, 102, 103]    | [0.0900, 0.5300, 0.2000, 0.1800]         | 0.7891   | 0.7400  | 0.6451 

[Per-locus summary - Population 2]
Locus | Num_Alleles | Alleles                 | Frequencies                              | Variance | Obs_Het | Exp_Het
------+-------------+-------------------------+------------------------------------------+----------+---------+--------
1     | 2           | [100, 101]              | [0.6000, 0.4000]                         | 0.2400   | 0.5200  | 0.4849 
2     | 4           | [99, 100, 101, 102]     | [0.0500, 0.4100, 0.3600, 0.1800]         | 0.6811   | 0.7000  | 0.6741 
3     | 4           | [98, 99, 100, 101]      | [0.0400, 0.2000, 0.6900, 0.0700]         | 0.3859   | 0.5000  | 0.4822 
4     | 4           | [97, 99, 100, 101]      | [0.2900, 0.3200, 0.3800, 0.0100]         | 1.5476   | 0.7600  | 0.6758 
5     | 3           | [98, 99, 100]           | [0.2600, 0.5000, 0.2400]                 | 0.4996   | 0.6400  | 0.6311 
6     | 5           | [97, 98, 99, 100, 101]  | [0.0300, 0.5300, 0.0200, 0.0100, 0.4100] | 2.2424   | 0.6200  | 0.5552 
7     | 3           | [98, 99, 101]           | [0.2000, 0.3800, 0.4200]                 | 1.4704   | 0.5600  | 0.6457 
8     | 2           | [100, 101]              | [0.0100, 0.9900]                         | 0.0099   | 0.0200  | 0.0200 
9     | 5           | [97, 98, 99, 100, 101]  | [0.1200, 0.2600, 0.1400, 0.1300, 0.3500] | 2.1611   | 0.7400  | 0.7667 
10    | 4           | [98, 99, 100, 102]      | [0.4700, 0.0700, 0.0900, 0.3700]         | 3.3571   | 0.6800  | 0.6356 
11    | 4           | [97, 98, 99, 100]       | [0.4700, 0.0200, 0.2700, 0.2400]         | 1.6216   | 0.6200  | 0.6548 
12    | 3           | [99, 100, 101]          | [0.2500, 0.2400, 0.5100]                 | 0.6924   | 0.5400  | 0.6261 
13    | 4           | [98, 99, 100, 101]      | [0.0800, 0.0600, 0.7100, 0.1500]         | 0.5251   | 0.5000  | 0.4681 
14    | 5           | [98, 99, 100, 101, 102] | [0.3100, 0.4500, 0.2200, 0.0100, 0.0100] | 0.6584   | 0.5600  | 0.6594 
15    | 3           | [100, 101, 102]         | [0.2800, 0.4700, 0.2500]                 | 0.5291   | 0.6400  | 0.6446 
16    | 4           | [100, 101, 102, 103]    | [0.2900, 0.3600, 0.2900, 0.0600]         | 0.8056   | 0.6600  | 0.7057 
17    | 4           | [97, 98, 101, 102]      | [0.3100, 0.3500, 0.2300, 0.1100]         | 3.4676   | 0.6600  | 0.7236 
18    | 4           | [99, 100, 101, 102]     | [0.3600, 0.1600, 0.1400, 0.3400]         | 1.6484   | 0.5600  | 0.7168 
19    | 4           | [98, 99, 100, 101]      | [0.2400, 0.0700, 0.6600, 0.0300]         | 0.7896   | 0.4200  | 0.5061 
20    | 3           | [98, 99, 100]           | [0.1600, 0.6600, 0.1800]                 | 0.3396   | 0.4400  | 0.5115 
21    | 4           | [100, 101, 102, 103]    | [0.1400, 0.4200, 0.1600, 0.2800]         | 1.0836   | 0.6800  | 0.7071 
