
[Simulation Info]
simulation_id = sim_0012008
timestamp     = 20250429_093859
seed          = 680210
output_folder = /home/lejeunet/Bureau/simulations/Ref_table/sim_0012008

[Model Parameters]
pop_size           = 2963
num_loci           = 20
sample1_generation = 30
sample2_generation = 10
low_repeats        = 1
high_repeats       = 200
mutation_rate      = 0.001
recap_Ne           = 2963

[Sampling Design]
sample1_size_Ne  = 50
sample2_size_Ne  = 50
sample1_size_CMR = 50
sample2_size_CMR = 50

[Capture-Marquage-Recapture]
census_N   =  0
MatchCount =  0
# There were no match between sampling of individuals during CMR.

[Ne Estimates - One Sample - Decreasing critical values [0.050, 0.020, 0.010, 0+]]

[Linkage Desequilibrium]
LD_Ne_Pop1 = [None, None, None, None]
LD_r2_Pop1 = [0.021238, 0.021249, 0.020903, 0.020903]
LD_Ne_Pop2 = [514.3, 550.4, 1693.3, 1693.3]
LD_r2_Pop2 = [0.021922, 0.021879, 0.021473, 0.021473]

[Heterozygote excess]
HE_Neb_mean_Pop1        = [44.1, 171.9, 69.3, 69.3]
HE_weighted_D_mean_Pop1 = [0.01147, 0.00292, 0.00726, 0.00726]
HE_Neb_mean_Pop2        = [595.1, 538.7, 1690.4, 1690.4]
HE_weighted_D_mean_Pop2 = [0.00084, 0.00093, 0.0003, 0.0003]

[Molecular Coancestry]
Coan_Neb_n_Pop1 = 31.4
Coan_f1_Pop1    = 0.01592
Coan_Neb_n_Pop2 = 49.9
Coan_f1_Pop2    = 0.01003

[Ne Estimates - Temporal - Decreasing critical values (0.050, 0.020, 0.010, 0+)]

[Pollak]
P_Ne     = [2067.1, 2467.3, 3176.2, 3849.6]
P_Fk     = [0.02242, 0.02203, 0.02157, 0.0213]
P_Fprime = [0.00242, 0.00203, 0.00157, 0.0013]

[Nei/Tajima]
N_Ne     = [2254.1, 2639.3, 3360.5, 4022.4]
N_Fc     = [0.02222, 0.02189, 0.02149, 0.02124]
N_Fprime = [0.00222, 0.00189, 0.00149, 0.00124]

[Jorde/Ryman]
J_Ne     = [1230.9, 1157.1, 1182.2, 1185.7]
J_Fs     = [0.02417, 0.02443, 0.02433, 0.02432]
J_Fprime = [0.00406, 0.00432, 0.00423, 0.00422]

[Genetic Diversity - Heterozygosity]
mean_exp_het_pop1 = 0.8206
mean_obs_het_pop1 = 0.8305
mean_exp_het_pop2 = 0.8195
mean_obs_het_pop2 = 0.819

[Genetic Diversity - Allele Counts]
mean_alleles_pop1 = 9.43
var_alleles_pop1  = 1.96
sum_alleles_pop1  = 198
mean_alleles_pop2 = 9.79
var_alleles_pop2  = 3.2
sum_alleles_pop2  = 411

[Genetic Diversity - Allelic Size Variance]
var_allele_size_pop1 = 5.9793
var_allele_size_pop2 = 6.3546

[Per-locus summary - Population 1]
Locus | Num_Alleles | Alleles                                                    | Frequencies                                                                                      | Variance | Obs_Het | Exp_Het
------+-------------+------------------------------------------------------------+--------------------------------------------------------------------------------------------------+----------+---------+--------
1     | 10          | [94, 95, 96, 97, 98, 99, 100, 101, 103, 104]               | [0.0100, 0.0500, 0.0700, 0.1800, 0.3100, 0.1700, 0.0400, 0.0200, 0.1200, 0.0300]                 | 5.3236   | 0.8800  | 0.8261 
2     | 9           | [98, 99, 100, 101, 102, 103, 104, 105, 106]                | [0.0500, 0.3200, 0.0700, 0.0500, 0.0300, 0.3100, 0.1000, 0.0600, 0.0100]                         | 5.0356   | 0.8200  | 0.7849 
3     | 7           | [98, 99, 100, 101, 102, 103, 104]                          | [0.1200, 0.0800, 0.1900, 0.1500, 0.1800, 0.2500, 0.0300]                                         | 3.0364   | 0.8200  | 0.8331 
4     | 11          | [95, 96, 97, 98, 99, 100, 101, 102, 103, 104, 106]         | [0.0400, 0.0900, 0.2400, 0.1300, 0.0300, 0.0900, 0.2200, 0.0200, 0.0800, 0.0500, 0.0100]         | 6.6739   | 0.8800  | 0.8576 
5     | 11          | [95, 96, 97, 98, 99, 100, 101, 102, 103, 104, 105]         | [0.0200, 0.0300, 0.0700, 0.1200, 0.1200, 0.2800, 0.0700, 0.0800, 0.0900, 0.1100, 0.0100]         | 5.3800   | 0.9200  | 0.8636 
6     | 8           | [96, 97, 98, 99, 100, 101, 102, 103]                       | [0.1100, 0.0400, 0.1000, 0.2900, 0.1700, 0.1900, 0.0800, 0.0200]                                 | 3.0904   | 0.8200  | 0.8287 
7     | 9           | [95, 96, 97, 98, 99, 100, 101, 102, 103]                   | [0.0100, 0.1300, 0.0400, 0.2000, 0.3900, 0.1100, 0.0600, 0.0500, 0.0100]                         | 2.5659   | 0.8000  | 0.7788 
8     | 11          | [95, 96, 97, 98, 99, 100, 101, 102, 103, 104, 105]         | [0.0200, 0.0600, 0.0300, 0.1000, 0.2700, 0.0600, 0.0900, 0.1800, 0.0500, 0.1300, 0.0100]         | 5.9171   | 0.8400  | 0.8572 
9     | 10          | [96, 97, 98, 99, 100, 101, 102, 103, 104, 105]             | [0.0300, 0.0100, 0.0500, 0.1500, 0.2800, 0.1900, 0.2000, 0.0100, 0.0500, 0.0300]                 | 3.2251   | 0.7600  | 0.8242 
10    | 9           | [95, 96, 97, 100, 101, 102, 103, 104, 105]                 | [0.0600, 0.0700, 0.0800, 0.0500, 0.4700, 0.0300, 0.1700, 0.0200, 0.0500]                         | 6.7275   | 0.7200  | 0.7364 
11    | 12          | [98, 99, 100, 101, 102, 103, 104, 105, 106, 107, 109, 110] | [0.0100, 0.0100, 0.2500, 0.0100, 0.1200, 0.0600, 0.2900, 0.1700, 0.0100, 0.0300, 0.0200, 0.0200] | 6.0564   | 0.7800  | 0.8125 
12    | 7           | [97, 98, 99, 100, 101, 102, 103]                           | [0.0100, 0.1000, 0.1500, 0.1600, 0.1700, 0.3000, 0.1100]                                         | 2.4816   | 0.8800  | 0.8190 
13    | 10          | [90, 91, 92, 93, 94, 96, 97, 98, 103, 104]                 | [0.0200, 0.0600, 0.0500, 0.1200, 0.0500, 0.0100, 0.1700, 0.0100, 0.0600, 0.4500]                 | 26.4531  | 0.7800  | 0.7489 
14    | 11          | [92, 93, 94, 95, 96, 97, 98, 99, 100, 101, 102]            | [0.0100, 0.0400, 0.1400, 0.2100, 0.1700, 0.0100, 0.0300, 0.1800, 0.1300, 0.0700, 0.0100]         | 6.4379   | 0.8400  | 0.8590 
15    | 8           | [97, 98, 99, 100, 101, 102, 103, 104]                      | [0.0100, 0.0400, 0.2600, 0.2500, 0.3200, 0.0200, 0.0900, 0.0100]                                 | 1.7900   | 0.8400  | 0.7649 
16    | 10          | [95, 96, 97, 98, 99, 100, 101, 102, 103, 104]              | [0.0300, 0.0300, 0.1500, 0.2600, 0.0900, 0.1100, 0.2900, 0.0100, 0.0200, 0.0100]                 | 3.5336   | 0.9000  | 0.8113 
17    | 8           | [97, 98, 99, 100, 101, 102, 103, 105]                      | [0.1200, 0.0900, 0.0800, 0.2700, 0.1200, 0.0900, 0.1200, 0.1100]                                 | 5.4819   | 0.9600  | 0.8578 
18    | 9           | [97, 98, 99, 100, 101, 102, 103, 104, 105]                 | [0.0700, 0.1800, 0.2500, 0.0500, 0.0500, 0.0600, 0.0400, 0.1700, 0.1300]                         | 7.5800   | 0.8800  | 0.8527 
19    | 10          | [95, 96, 97, 98, 99, 101, 102, 103, 104, 105]              | [0.0800, 0.0300, 0.0900, 0.1500, 0.0400, 0.1400, 0.1500, 0.1600, 0.1500, 0.0100]                 | 8.5664   | 0.8200  | 0.8790 
20    | 10          | [94, 95, 96, 97, 98, 99, 100, 101, 102, 103]               | [0.0400, 0.1100, 0.0300, 0.0500, 0.2700, 0.0700, 0.0800, 0.0400, 0.1800, 0.1300]                 | 7.4256   | 0.9000  | 0.8564 
21    | 8           | [96, 97, 98, 99, 100, 101, 102, 103]                       | [0.0300, 0.1000, 0.1200, 0.1700, 0.3900, 0.0100, 0.1400, 0.0400]                                 | 2.7836   | 0.6000  | 0.7802 

[Per-locus summary - Population 2]
Locus | Num_Alleles | Alleles                                                    | Frequencies                                                                                      | Variance | Obs_Het | Exp_Het
------+-------------+------------------------------------------------------------+--------------------------------------------------------------------------------------------------+----------+---------+--------
1     | 12          | [94, 95, 96, 97, 98, 99, 100, 101, 102, 103, 104, 105]     | [0.0300, 0.0100, 0.0800, 0.1100, 0.2400, 0.1100, 0.0900, 0.0400, 0.0100, 0.2300, 0.0400, 0.0100] | 7.4499   | 0.8400  | 0.8549 
2     | 9           | [98, 99, 100, 101, 102, 103, 104, 105, 106]                | [0.0300, 0.3700, 0.0900, 0.0400, 0.0600, 0.1900, 0.1100, 0.1000, 0.0100]                         | 5.4100   | 0.8200  | 0.7986 
3     | 8           | [97, 98, 99, 100, 101, 102, 103, 104]                      | [0.0100, 0.0900, 0.1000, 0.2700, 0.1800, 0.1300, 0.2100, 0.0100]                                 | 2.6600   | 0.8200  | 0.8236 
4     | 11          | [95, 96, 97, 98, 99, 100, 101, 102, 103, 104, 105]         | [0.0100, 0.0900, 0.2300, 0.2800, 0.0500, 0.0600, 0.1800, 0.0200, 0.0500, 0.0200, 0.0100]         | 4.7459   | 0.7800  | 0.8269 
5     | 10          | [95, 96, 97, 98, 99, 100, 101, 102, 103, 104]              | [0.0100, 0.0600, 0.0600, 0.1000, 0.0900, 0.2400, 0.1400, 0.1300, 0.1000, 0.0700]                 | 4.8716   | 0.8000  | 0.8743 
6     | 8           | [96, 97, 98, 99, 100, 101, 102, 103]                       | [0.0800, 0.0400, 0.0900, 0.2600, 0.2100, 0.2000, 0.1000, 0.0200]                                 | 2.8636   | 0.9000  | 0.8301 
7     | 8           | [95, 96, 97, 98, 99, 100, 101, 102]                        | [0.0100, 0.1100, 0.0300, 0.2400, 0.3600, 0.1100, 0.0600, 0.0800]                                 | 2.5400   | 0.8200  | 0.7854 
8     | 12          | [94, 95, 96, 97, 98, 99, 100, 101, 102, 103, 104, 105]     | [0.0100, 0.0100, 0.1100, 0.0400, 0.1100, 0.2800, 0.0500, 0.1000, 0.1000, 0.0600, 0.0900, 0.0400] | 6.9131   | 0.8600  | 0.8685 
9     | 10          | [96, 97, 98, 99, 100, 101, 102, 103, 104, 105]             | [0.0300, 0.0800, 0.0600, 0.1600, 0.2400, 0.2000, 0.1000, 0.0300, 0.0900, 0.0100]                 | 4.0924   | 0.9200  | 0.8554 
10    | 9           | [95, 96, 97, 100, 101, 102, 103, 104, 105]                 | [0.0600, 0.1600, 0.0400, 0.0600, 0.4400, 0.0100, 0.0700, 0.0900, 0.0700]                         | 8.6176   | 0.7000  | 0.7616 
11    | 12          | [98, 99, 100, 101, 102, 103, 104, 105, 106, 107, 108, 110] | [0.0200, 0.0100, 0.2000, 0.0200, 0.1000, 0.0800, 0.2700, 0.1600, 0.0300, 0.0700, 0.0300, 0.0100] | 6.0900   | 0.9200  | 0.8459 
12    | 6           | [98, 99, 100, 101, 102, 103]                               | [0.0700, 0.2300, 0.1300, 0.1600, 0.3000, 0.1100]                                                 | 2.3416   | 0.8400  | 0.8057 
13    | 10          | [90, 91, 92, 93, 94, 97, 102, 103, 104, 105]               | [0.0400, 0.0600, 0.0800, 0.0800, 0.1100, 0.1100, 0.0100, 0.0400, 0.4600, 0.0100]                 | 29.6500  | 0.7000  | 0.7519 
14    | 8           | [93, 94, 95, 96, 97, 99, 100, 101]                         | [0.0100, 0.0900, 0.1600, 0.2700, 0.0100, 0.1900, 0.2100, 0.0600]                                 | 5.3675   | 0.8200  | 0.8176 
15    | 7           | [98, 99, 100, 101, 102, 103, 104]                          | [0.0500, 0.2900, 0.2000, 0.3600, 0.0100, 0.0800, 0.0100]                                         | 1.6971   | 0.6800  | 0.7447 
16    | 8           | [95, 96, 97, 98, 99, 100, 101, 103]                        | [0.0600, 0.0700, 0.1200, 0.1900, 0.0300, 0.0200, 0.4700, 0.0400]                                 | 4.7424   | 0.8200  | 0.7244 
17    | 9           | [97, 98, 99, 100, 101, 102, 103, 104, 105]                 | [0.0900, 0.0900, 0.3000, 0.1900, 0.0800, 0.1100, 0.0500, 0.0200, 0.0700]                         | 4.4931   | 0.8800  | 0.8398 
18    | 12          | [95, 96, 97, 98, 99, 100, 101, 102, 103, 104, 105, 106]    | [0.0300, 0.0100, 0.0500, 0.0600, 0.2700, 0.0400, 0.0300, 0.0200, 0.0600, 0.2400, 0.1800, 0.0100] | 9.1464   | 0.8000  | 0.8317 
19    | 11          | [95, 96, 97, 98, 99, 100, 101, 102, 103, 104, 105]         | [0.0600, 0.0500, 0.1000, 0.2000, 0.0300, 0.0100, 0.2000, 0.0800, 0.1400, 0.1000, 0.0300]         | 8.1500   | 0.8800  | 0.8748 
20    | 11          | [94, 95, 96, 97, 98, 99, 100, 101, 102, 103, 104]          | [0.0400, 0.0900, 0.0200, 0.0700, 0.2600, 0.0800, 0.0300, 0.0600, 0.1900, 0.1500, 0.0100]         | 7.6675   | 0.8600  | 0.8564 
21    | 8           | [96, 97, 98, 99, 100, 101, 102, 103]                       | [0.0700, 0.1800, 0.1200, 0.1500, 0.2600, 0.0100, 0.1600, 0.0500]                                 | 3.9371   | 0.7400  | 0.8384 
