
[Simulation Info]
simulation_id = sim_0009042
timestamp     = 20250428_110903
seed          = 873418
output_folder = /home/lejeunet/Bureau/simulations/Ref_table/sim_0009042

[Model Parameters]
pop_size           = 1233
num_loci           = 20
sample1_generation = 30
sample2_generation = 10
low_repeats        = 1
high_repeats       = 200
mutation_rate      = 0.001
recap_Ne           = 1233

[Sampling Design]
sample1_size_Ne  = 50
sample2_size_Ne  = 50
sample1_size_CMR = 50
sample2_size_CMR = 50

[Capture-Marquage-Recapture]
census_N   =  2601
MatchCount =  1

[Ne Estimates - One Sample - Decreasing critical values [0.050, 0.020, 0.010, 0+]]

[Linkage Desequilibrium]
LD_Ne_Pop1 = [454.6, 442.9, 895.9, 895.9]
LD_r2_Pop1 = [0.022006, 0.022025, 0.021647, 0.021647]
LD_Ne_Pop2 = [182.1, 231.0, 432.0, 432.0]
LD_r2_Pop2 = [0.023085, 0.022706, 0.022044, 0.022044]

[Heterozygote excess]
HE_Neb_mean_Pop1        = [1144.9, 97.5, 102.6, 102.6]
HE_weighted_D_mean_Pop1 = [0.00044, 0.00516, 0.0049, 0.0049]
HE_Neb_mean_Pop2        = [None, None, None, None]
HE_weighted_D_mean_Pop2 = [-0.01245, -0.01384, -0.01377, -0.01377]

[Molecular Coancestry]
Coan_Neb_n_Pop1 = 38.7
Coan_f1_Pop1    = 0.01294
Coan_Neb_n_Pop2 = 14.1
Coan_f1_Pop2    = 0.03543

[Ne Estimates - Temporal - Decreasing critical values (0.050, 0.020, 0.010, 0+)]

[Pollak]
P_Ne     = [609.7, 677.9, 645.0, 635.8]
P_Fk     = [0.0282, 0.02738, 0.02775, 0.02786]
P_Fprime = [0.0082, 0.00738, 0.00775, 0.00786]

[Nei/Tajima]
N_Ne     = [727.7, 791.5, 748.4, 737.2]
N_Fc     = [0.02687, 0.02632, 0.02668, 0.02678]
N_Fprime = [0.00687, 0.00632, 0.00668, 0.00678]

[Jorde/Ryman]
J_Ne     = [928.2, 895.8, 877.2, 875.1]
J_Fs     = [0.02549, 0.02569, 0.02581, 0.02582]
J_Fprime = [0.00539, 0.00558, 0.0057, 0.00571]

[Genetic Diversity - Heterozygosity]
mean_exp_het_pop1 = 0.7056
mean_obs_het_pop1 = 0.7057
mean_exp_het_pop2 = 0.7158
mean_obs_het_pop2 = 0.7133

[Genetic Diversity - Allele Counts]
mean_alleles_pop1 = 6.0
var_alleles_pop1  = 2.4
sum_alleles_pop1  = 126
mean_alleles_pop2 = 6.02
var_alleles_pop2  = 2.22
sum_alleles_pop2  = 253

[Genetic Diversity - Allelic Size Variance]
var_allele_size_pop1 = 2.2089
var_allele_size_pop2 = 2.2376

[Per-locus summary - Population 1]
Locus | Num_Alleles | Alleles                                      | Frequencies                                                                      | Variance | Obs_Het | Exp_Het
------+-------------+----------------------------------------------+----------------------------------------------------------------------------------+----------+---------+--------
1     | 5           | [98, 99, 100, 101, 102]                      | [0.0500, 0.3800, 0.2900, 0.0300, 0.2500]                                         | 1.6075   | 0.7800  | 0.7127 
2     | 4           | [99, 100, 101, 102]                          | [0.2200, 0.2500, 0.5200, 0.0100]                                                 | 0.6776   | 0.7000  | 0.6249 
3     | 6           | [99, 100, 101, 102, 103, 105]                | [0.2200, 0.3200, 0.1300, 0.2100, 0.0900, 0.0300]                                 | 2.1875   | 0.8800  | 0.7871 
4     | 4           | [98, 99, 100, 101]                           | [0.1600, 0.3200, 0.4800, 0.0400]                                                 | 0.6400   | 0.6200  | 0.6465 
5     | 6           | [94, 95, 97, 98, 99, 100]                    | [0.0500, 0.3600, 0.1700, 0.3300, 0.0600, 0.0300]                                 | 2.6211   | 0.7000  | 0.7329 
6     | 10          | [94, 95, 96, 97, 98, 99, 100, 102, 103, 104] | [0.0200, 0.0300, 0.0400, 0.0700, 0.0100, 0.2400, 0.0600, 0.2900, 0.2300, 0.0100] | 6.2419   | 0.8600  | 0.8018 
7     | 6           | [97, 98, 99, 100, 101, 102]                  | [0.0100, 0.0500, 0.5600, 0.1800, 0.1400, 0.0600]                                 | 1.0451   | 0.6000  | 0.6345 
8     | 4           | [100, 101, 102, 103]                         | [0.0300, 0.1300, 0.3000, 0.5400]                                                 | 0.6675   | 0.6800  | 0.6067 
9     | 8           | [93, 95, 96, 97, 98, 100, 101, 102]          | [0.1100, 0.0200, 0.1600, 0.1000, 0.0300, 0.0300, 0.2600, 0.2900]                 | 9.8291   | 0.8000  | 0.8065 
10    | 4           | [98, 99, 100, 101]                           | [0.3100, 0.6500, 0.0300, 0.0100]                                                 | 0.3124   | 0.4800  | 0.4853 
11    | 6           | [99, 100, 101, 102, 103, 104]                | [0.1200, 0.0700, 0.2500, 0.3900, 0.1600, 0.0100]                                 | 1.4851   | 0.6800  | 0.7479 
12    | 8           | [99, 100, 101, 102, 103, 104, 105, 106]      | [0.1000, 0.5100, 0.0300, 0.0500, 0.0700, 0.1700, 0.0200, 0.0500]                 | 4.2376   | 0.7200  | 0.6968 
13    | 7           | [96, 97, 98, 99, 100, 101, 102]              | [0.0100, 0.0900, 0.3900, 0.3700, 0.0100, 0.0900, 0.0400]                         | 1.4859   | 0.6600  | 0.7000 
14    | 5           | [98, 99, 100, 101, 102]                      | [0.0600, 0.2300, 0.3500, 0.2400, 0.1200]                                         | 1.1731   | 0.7000  | 0.7566 
15    | 6           | [97, 98, 99, 100, 101, 102]                  | [0.0100, 0.1100, 0.3300, 0.1600, 0.2800, 0.1100]                                 | 1.5736   | 0.7000  | 0.7705 
16    | 6           | [99, 100, 101, 102, 103, 104]                | [0.0300, 0.2500, 0.5000, 0.0700, 0.1100, 0.0400]                                 | 1.2300   | 0.6400  | 0.6747 
17    | 7           | [95, 97, 98, 99, 100, 101, 102]              | [0.0200, 0.0200, 0.0100, 0.3400, 0.0900, 0.3300, 0.1900]                         | 2.1139   | 0.7200  | 0.7378 
18    | 5           | [94, 95, 96, 97, 98]                         | [0.0200, 0.3200, 0.2600, 0.2900, 0.1100]                                         | 1.1075   | 0.7000  | 0.7408 
19    | 7           | [96, 97, 98, 99, 100, 101, 102]              | [0.0200, 0.1200, 0.0400, 0.0100, 0.0900, 0.5800, 0.1400]                         | 2.6011   | 0.6600  | 0.6257 
20    | 5           | [98, 99, 100, 101, 102]                      | [0.0500, 0.2600, 0.4300, 0.1700, 0.0900]                                         | 0.9899   | 0.6800  | 0.7151 
21    | 7           | [97, 98, 99, 100, 101, 102, 103]             | [0.0300, 0.2600, 0.1500, 0.1400, 0.2700, 0.1000, 0.0500]                         | 2.5604   | 0.8600  | 0.8121 

[Per-locus summary - Population 2]
Locus | Num_Alleles | Alleles                                 | Frequencies                                                              | Variance | Obs_Het | Exp_Het
------+-------------+-----------------------------------------+--------------------------------------------------------------------------+----------+---------+--------
1     | 6           | [98, 99, 100, 101, 102, 103]            | [0.0300, 0.2700, 0.3400, 0.0200, 0.3000, 0.0400]                         | 1.8019   | 0.6800  | 0.7259 
2     | 5           | [98, 99, 100, 101, 102]                 | [0.0100, 0.2600, 0.2400, 0.4600, 0.0300]                                 | 0.8224   | 0.6800  | 0.6689 
3     | 5           | [99, 100, 101, 102, 103]                | [0.1000, 0.3000, 0.3500, 0.1800, 0.0700]                                 | 1.1276   | 0.8400  | 0.7477 
4     | 4           | [98, 99, 100, 101]                      | [0.1500, 0.3200, 0.4700, 0.0600]                                         | 0.6664   | 0.5600  | 0.6572 
5     | 6           | [94, 95, 96, 97, 98, 99]                | [0.0100, 0.2300, 0.0200, 0.2400, 0.3500, 0.1500]                         | 1.9604   | 0.7000  | 0.7515 
6     | 9           | [94, 95, 96, 97, 98, 99, 100, 102, 103] | [0.0300, 0.0400, 0.0700, 0.0200, 0.0200, 0.2600, 0.0800, 0.2300, 0.2500] | 6.8539   | 0.7600  | 0.8105 
7     | 6           | [97, 98, 99, 100, 101, 102]             | [0.0100, 0.1100, 0.5700, 0.2100, 0.0400, 0.0600]                         | 0.9444   | 0.6800  | 0.6198 
8     | 4           | [100, 101, 102, 103]                    | [0.0400, 0.2500, 0.1900, 0.5200]                                         | 0.8939   | 0.5600  | 0.6358 
9     | 7           | [93, 96, 97, 98, 100, 101, 102]         | [0.1500, 0.1000, 0.1200, 0.0300, 0.0400, 0.3000, 0.2600]                 | 10.3875  | 0.8800  | 0.8010 
10    | 3           | [98, 99, 100]                           | [0.2900, 0.6000, 0.1100]                                                 | 0.3676   | 0.5400  | 0.5493 
11    | 6           | [99, 100, 101, 102, 103, 104]           | [0.1500, 0.0300, 0.2700, 0.3700, 0.1300, 0.0500]                         | 1.7675   | 0.7400  | 0.7550 
12    | 8           | [99, 100, 101, 102, 103, 104, 105, 106] | [0.1300, 0.3400, 0.0300, 0.0500, 0.1300, 0.1800, 0.0200, 0.1200]         | 5.5051   | 0.8600  | 0.8081 
13    | 5           | [97, 98, 99, 100, 101]                  | [0.0900, 0.4200, 0.3100, 0.0200, 0.1600]                                 | 1.3724   | 0.6000  | 0.7004 
14    | 5           | [98, 99, 100, 101, 102]                 | [0.1100, 0.1700, 0.4400, 0.1700, 0.1100]                                 | 1.2200   | 0.7400  | 0.7317 
15    | 6           | [97, 98, 99, 100, 101, 102]             | [0.0200, 0.0600, 0.2300, 0.1800, 0.3800, 0.1300]                         | 1.4971   | 0.8600  | 0.7570 
16    | 6           | [99, 100, 101, 102, 103, 104]           | [0.0100, 0.3300, 0.4000, 0.1000, 0.1200, 0.0400]                         | 1.2979   | 0.6600  | 0.7121 
17    | 7           | [96, 97, 98, 99, 100, 101, 102]         | [0.0100, 0.0100, 0.0900, 0.3100, 0.1600, 0.3300, 0.0900]                 | 1.6075   | 0.7400  | 0.7606 
18    | 5           | [94, 95, 96, 97, 98]                    | [0.0100, 0.3400, 0.2900, 0.2300, 0.1300]                                 | 1.1131   | 0.7000  | 0.7378 
19    | 7           | [95, 96, 97, 98, 100, 101, 102]         | [0.0100, 0.0100, 0.0700, 0.1300, 0.0900, 0.5400, 0.1500]                 | 2.6216   | 0.6600  | 0.6624 
20    | 5           | [98, 99, 100, 101, 102]                 | [0.1100, 0.2500, 0.4400, 0.1600, 0.0400]                                 | 0.9571   | 0.7800  | 0.7117 
21    | 7           | [97, 98, 99, 100, 101, 102, 103]        | [0.0400, 0.3300, 0.1100, 0.1100, 0.3800, 0.0100, 0.0200]                 | 2.2051   | 0.7600  | 0.7277 
