
[Simulation Info]
simulation_id = sim_0004912
timestamp     = 20250428_091941
seed          = 256806
output_folder = /home/lejeunet/Bureau/simulations/Ref_table/sim_0004912

[Model Parameters]
pop_size           = 119
num_loci           = 20
sample1_generation = 30
sample2_generation = 10
low_repeats        = 1
high_repeats       = 200
mutation_rate      = 0.001
recap_Ne           = 119

[Sampling Design]
sample1_size_Ne  = 50
sample2_size_Ne  = 50
sample1_size_CMR = 50
sample2_size_CMR = 50

[Capture-Marquage-Recapture]
census_N   =  173
MatchCount =  15

[Ne Estimates - One Sample - Decreasing critical values [0.050, 0.020, 0.010, 0+]]

[Linkage Desequilibrium]
LD_Ne_Pop1 = [224.1, 164.2, 162.8, 162.8]
LD_r2_Pop1 = [0.02275, 0.023281, 0.023298, 0.023298]
LD_Ne_Pop2 = [145.7, 78.2, 71.0, 71.0]
LD_r2_Pop2 = [0.023531, 0.025428, 0.025834, 0.025834]

[Heterozygote excess]
HE_Neb_mean_Pop1        = [46.5, 44.1, 44.1, 44.1]
HE_weighted_D_mean_Pop1 = [0.01086, 0.01148, 0.01148, 0.01148]
HE_Neb_mean_Pop2        = [None, None, None, None]
HE_weighted_D_mean_Pop2 = [-0.02294, -0.02294, -0.02294, -0.02294]

[Molecular Coancestry]
Coan_Neb_n_Pop1 = 4.7
Coan_f1_Pop1    = 0.10627
Coan_Neb_n_Pop2 = None
Coan_f1_Pop2    = -0.03503

[Ne Estimates - Temporal - Decreasing critical values (0.050, 0.020, 0.010, 0+)]

[Pollak]
P_Ne     = [139.2, 136.3, 136.3, 136.3]
P_Fk     = [0.05592, 0.05669, 0.05669, 0.05669]
P_Fprime = [0.03592, 0.03669, 0.03669, 0.03669]

[Nei/Tajima]
N_Ne     = [164.9, 158.9, 158.9, 158.9]
N_Fc     = [0.05032, 0.05147, 0.05147, 0.05147]
N_Fprime = [0.03032, 0.03147, 0.03147, 0.03147]

[Jorde/Ryman]
J_Ne     = [142.2, 141.7, 141.7, 141.7]
J_Fs     = [0.05556, 0.0557, 0.0557, 0.0557]
J_Fprime = [0.03515, 0.03529, 0.03529, 0.03529]

[Genetic Diversity - Heterozygosity]
mean_exp_het_pop1 = 0.3933
mean_obs_het_pop1 = 0.3989
mean_exp_het_pop2 = 0.3971
mean_obs_het_pop2 = 0.4011

[Genetic Diversity - Allele Counts]
mean_alleles_pop1 = 2.74
var_alleles_pop1  = 0.2
sum_alleles_pop1  = 52
mean_alleles_pop2 = 2.61
var_alleles_pop2  = 0.3
sum_alleles_pop2  = 99

[Genetic Diversity - Allelic Size Variance]
var_allele_size_pop1 = 0.35
var_allele_size_pop2 = 0.3027

[Per-locus summary - Population 1]
Locus | Num_Alleles | Alleles        | Frequencies              | Variance | Obs_Het | Exp_Het
------+-------------+----------------+--------------------------+----------+---------+--------
1     | 3           | [99, 100, 101] | [0.0200, 0.8300, 0.1500] | 0.1531   | 0.3000  | 0.2911 
2     | 3           | [99, 100, 101] | [0.0200, 0.8900, 0.0900] | 0.1051   | 0.2200  | 0.2014 
3     | 3           | [99, 100, 101] | [0.0100, 0.8300, 0.1600] | 0.1475   | 0.3000  | 0.2883 
4     | 3           | [99, 100, 101] | [0.1200, 0.2600, 0.6200] | 0.4900   | 0.4800  | 0.5390 
5     | 3           | [99, 100, 101] | [0.3200, 0.2200, 0.4600] | 0.7604   | 0.7000  | 0.6440 
6     | 3           | [99, 100, 101] | [0.0100, 0.7700, 0.2200] | 0.1859   | 0.2600  | 0.3622 
7     | 3           | [98, 99, 100]  | [0.0300, 0.5400, 0.4300] | 0.3000   | 0.5400  | 0.5279 
8     | 2           | [99, 100]      | [0.2500, 0.7500]         | 0.1875   | 0.5000  | 0.3788 
9     | 3           | [99, 100, 101] | [0.1300, 0.8100, 0.0600] | 0.1851   | 0.3400  | 0.3267 
10    | 3           | [99, 100, 101] | [0.0800, 0.7600, 0.1600] | 0.2336   | 0.3600  | 0.3943 
11    | 2           | [100, 101]     | [0.9300, 0.0700]         | 0.0651   | 0.1400  | 0.1315 
12    | 3           | [99, 100, 101] | [0.1200, 0.8300, 0.0500] | 0.1651   | 0.3000  | 0.2972 
13    | 2           | [100, 101]     | [0.6200, 0.3800]         | 0.2356   | 0.5200  | 0.4760 
14    | 2           | [99, 100]      | [0.3500, 0.6500]         | 0.2275   | 0.4200  | 0.4596 
15    | 2           | [100, 101]     | [0.9600, 0.0400]         | 0.0384   | 0.0800  | 0.0776 
16    | 3           | [98, 99, 100]  | [0.2000, 0.7700, 0.0300] | 0.2011   | 0.3400  | 0.3699 
17    | 3           | [98, 99, 100]  | [0.1300, 0.4900, 0.3800] | 0.4475   | 0.6600  | 0.6047 
18    | 3           | [97, 98, 100]  | [0.2300, 0.1500, 0.6200] | 1.6899   | 0.5600  | 0.5457 
19    | 3           | [99, 100, 101] | [0.3200, 0.1000, 0.5800] | 0.8324   | 0.5600  | 0.5568 

[Per-locus summary - Population 2]
Locus | Num_Alleles | Alleles        | Frequencies              | Variance | Obs_Het | Exp_Het
------+-------------+----------------+--------------------------+----------+---------+--------
1     | 2           | [100, 101]     | [0.8300, 0.1700]         | 0.1411   | 0.3000  | 0.2851 
2     | 2           | [100, 101]     | [0.8700, 0.1300]         | 0.1131   | 0.2200  | 0.2285 
3     | 2           | [100, 101]     | [0.8200, 0.1800]         | 0.1476   | 0.3200  | 0.2982 
4     | 3           | [99, 100, 101] | [0.3000, 0.1600, 0.5400] | 0.7824   | 0.6400  | 0.5988 
5     | 3           | [99, 100, 101] | [0.3000, 0.0900, 0.6100] | 0.8139   | 0.4800  | 0.5352 
6     | 3           | [99, 100, 101] | [0.0100, 0.7500, 0.2400] | 0.1971   | 0.3800  | 0.3836 
7     | 3           | [98, 99, 100]  | [0.0400, 0.6200, 0.3400] | 0.2900   | 0.5200  | 0.5034 
8     | 2           | [99, 100]      | [0.3600, 0.6400]         | 0.2304   | 0.5200  | 0.4654 
9     | 3           | [99, 100, 101] | [0.0900, 0.8700, 0.0400] | 0.1275   | 0.2200  | 0.2358 
10    | 3           | [99, 100, 101] | [0.0300, 0.7500, 0.2200] | 0.2139   | 0.3800  | 0.3921 
11    | 2           | [100, 101]     | [0.8300, 0.1700]         | 0.1411   | 0.2200  | 0.2851 
12    | 3           | [99, 100, 101] | [0.1400, 0.8400, 0.0200] | 0.1456   | 0.2400  | 0.2772 
13    | 2           | [100, 101]     | [0.6100, 0.3900]         | 0.2379   | 0.5000  | 0.4806 
14    | 2           | [99, 100]      | [0.1600, 0.8400]         | 0.1344   | 0.3200  | 0.2715 
15    | 1           | [100]          | [1.0000]                 | 0.0000   | NA      | NA     
16    | 2           | [98, 99]       | [0.1600, 0.8400]         | 0.1344   | 0.2800  | 0.2715 
17    | 3           | [98, 99, 100]  | [0.1000, 0.4800, 0.4200] | 0.4176   | 0.7200  | 0.5891 
18    | 3           | [97, 98, 100]  | [0.0300, 0.2200, 0.7500] | 0.8691   | 0.3200  | 0.3921 
19    | 3           | [99, 100, 101] | [0.2300, 0.3500, 0.4200] | 0.6139   | 0.6400  | 0.6548 
