
[Simulation Info]
simulation_id = sim_0004187
timestamp     = 20250428_090232
seed          = 757564
output_folder = /home/lejeunet/Bureau/simulations/Ref_table/sim_0004187

[Model Parameters]
pop_size           = 1816
num_loci           = 20
sample1_generation = 30
sample2_generation = 10
low_repeats        = 1
high_repeats       = 200
mutation_rate      = 0.001
recap_Ne           = 1816

[Sampling Design]
sample1_size_Ne  = 50
sample2_size_Ne  = 50
sample1_size_CMR = 50
sample2_size_CMR = 50

[Capture-Marquage-Recapture]
census_N   =  2601
MatchCount =  1

[Ne Estimates - One Sample - Decreasing critical values [0.050, 0.020, 0.010, 0+]]

[Linkage Desequilibrium]
LD_Ne_Pop1 = [122378.9, 1086.7, None, None]
LD_r2_Pop1 = [0.021279, 0.021582, 0.021273, 0.021273]
LD_Ne_Pop2 = [1398.4, 1103.7, 1790.1, 1790.1]
LD_r2_Pop2 = [0.021514, 0.021577, 0.021462, 0.021462]

[Heterozygote excess]
HE_Neb_mean_Pop1        = [None, None, None, None]
HE_weighted_D_mean_Pop1 = [-0.01297, -0.01248, -0.01231, -0.01231]
HE_Neb_mean_Pop2        = [None, None, None, None]
HE_weighted_D_mean_Pop2 = [-0.00709, -0.00764, -0.00738, -0.00738]

[Molecular Coancestry]
Coan_Neb_n_Pop1 = None
Coan_f1_Pop1    = -0.01032
Coan_Neb_n_Pop2 = None
Coan_f1_Pop2    = -0.01665

[Ne Estimates - Temporal - Decreasing critical values (0.050, 0.020, 0.010, 0+)]

[Pollak]
P_Ne     = [4970.5, 6288.7, 14920.5, 13581.0]
P_Fk     = [0.02101, 0.0208, 0.02034, 0.02037]
P_Fprime = [0.00101, 0.0008, 0.00034, 0.00037]

[Nei/Tajima]
N_Ne     = [11801.6, 16785.4, -58101.0, -109067.5]
N_Fc     = [0.02042, 0.0203, 0.01991, 0.01995]
N_Fprime = [0.00042, 0.0003, -9e-05, -5e-05]

[Jorde/Ryman]
J_Ne     = [-8991.8, -12148.4, -10243.7, -10498.1]
J_Fs     = [0.01954, 0.01969, 0.01961, 0.01962]
J_Fprime = [-0.00056, -0.00041, -0.00049, -0.00048]

[Genetic Diversity - Heterozygosity]
mean_exp_het_pop1 = 0.7841
mean_obs_het_pop1 = 0.7619
mean_exp_het_pop2 = 0.7788
mean_obs_het_pop2 = 0.7762

[Genetic Diversity - Allele Counts]
mean_alleles_pop1 = 7.81
var_alleles_pop1  = 3.16
sum_alleles_pop1  = 164
mean_alleles_pop2 = 7.88
var_alleles_pop2  = 3.13
sum_alleles_pop2  = 331

[Genetic Diversity - Allelic Size Variance]
var_allele_size_pop1 = 5.2878
var_allele_size_pop2 = 5.3229

[Per-locus summary - Population 1]
Locus | Num_Alleles | Alleles                                            | Frequencies                                                                              | Variance | Obs_Het | Exp_Het
------+-------------+----------------------------------------------------+------------------------------------------------------------------------------------------+----------+---------+--------
1     | 5           | [98, 99, 100, 101, 102]                            | [0.0300, 0.0400, 0.5500, 0.3300, 0.0500]                                                 | 0.5811   | 0.5800  | 0.5895 
2     | 10          | [98, 99, 100, 101, 102, 104, 105, 106, 108, 109]   | [0.0100, 0.0700, 0.0100, 0.0600, 0.2800, 0.1000, 0.0300, 0.2700, 0.0600, 0.1100]         | 8.7211   | 0.8200  | 0.8216 
3     | 8           | [95, 96, 97, 98, 99, 100, 101, 102]                | [0.0400, 0.0300, 0.1800, 0.0900, 0.1800, 0.3200, 0.0800, 0.0800]                         | 3.0796   | 0.7800  | 0.8176 
4     | 6           | [97, 98, 99, 100, 101, 102]                        | [0.0200, 0.2700, 0.0800, 0.2900, 0.2800, 0.0600]                                         | 1.7816   | 0.7600  | 0.7618 
5     | 8           | [96, 97, 98, 99, 102, 103, 104, 105]               | [0.0400, 0.2000, 0.1800, 0.2300, 0.1000, 0.1800, 0.0600, 0.0100]                         | 6.5176   | 0.7800  | 0.8354 
6     | 8           | [92, 93, 94, 95, 96, 97, 98, 99]                   | [0.1000, 0.0600, 0.1500, 0.0100, 0.1100, 0.2600, 0.1000, 0.2100]                         | 5.2600   | 0.8400  | 0.8384 
7     | 8           | [97, 98, 99, 100, 101, 102, 103, 104]              | [0.0100, 0.1900, 0.1900, 0.0500, 0.2000, 0.2600, 0.0800, 0.0200]                         | 3.1264   | 0.8200  | 0.8190 
8     | 6           | [97, 98, 99, 100, 101, 102]                        | [0.2300, 0.1300, 0.1400, 0.0700, 0.2800, 0.1500]                                         | 3.3499   | 0.8200  | 0.8129 
9     | 7           | [97, 98, 99, 100, 101, 102, 103]                   | [0.1300, 0.0100, 0.0500, 0.1400, 0.3000, 0.3200, 0.0500]                                 | 2.8931   | 0.7200  | 0.7737 
10    | 6           | [95, 96, 97, 98, 99, 100]                          | [0.0100, 0.1100, 0.2200, 0.1200, 0.3700, 0.1700]                                         | 1.7424   | 0.7200  | 0.7669 
11    | 10          | [94, 95, 96, 97, 98, 99, 100, 101, 102, 103]       | [0.0100, 0.2800, 0.2700, 0.0600, 0.0700, 0.0900, 0.0100, 0.1200, 0.0800, 0.0100]         | 6.1504   | 0.8400  | 0.8192 
12    | 9           | [96, 97, 98, 99, 100, 101, 102, 103, 105]          | [0.0500, 0.1900, 0.1800, 0.1100, 0.0600, 0.1300, 0.1300, 0.0100, 0.1400]                 | 7.5656   | 0.8000  | 0.8685 
13    | 7           | [96, 97, 98, 99, 100, 101, 102]                    | [0.0400, 0.1100, 0.0600, 0.3400, 0.3700, 0.0700, 0.0100]                                 | 1.5804   | 0.6600  | 0.7325 
14    | 10          | [92, 93, 94, 96, 97, 98, 99, 100, 101, 102]        | [0.0200, 0.0600, 0.0600, 0.0200, 0.1400, 0.1400, 0.0800, 0.3700, 0.0100, 0.1000]         | 6.4819   | 0.8000  | 0.8075 
15    | 6           | [95, 96, 97, 98, 99, 100]                          | [0.0800, 0.1400, 0.0800, 0.3500, 0.2000, 0.1500]                                         | 2.1500   | 0.7800  | 0.7905 
16    | 11          | [92, 93, 94, 95, 99, 100, 101, 102, 103, 107, 108] | [0.0300, 0.0200, 0.5000, 0.0400, 0.0100, 0.0200, 0.0400, 0.1500, 0.0800, 0.0900, 0.0200] | 24.0316  | 0.7000  | 0.7147 
17    | 8           | [97, 98, 99, 100, 101, 102, 103, 104]              | [0.1200, 0.0300, 0.1300, 0.1100, 0.1500, 0.1900, 0.2500, 0.0200]                         | 4.1539   | 0.8200  | 0.8426 
18    | 5           | [100, 101, 102, 103, 104]                          | [0.0100, 0.1500, 0.4900, 0.3400, 0.0100]                                                 | 0.5339   | 0.6400  | 0.6279 
19    | 9           | [98, 99, 100, 101, 102, 104, 105, 106, 107]        | [0.0200, 0.1300, 0.1700, 0.0400, 0.1000, 0.0200, 0.1600, 0.3300, 0.0300]                 | 8.4604   | 0.7800  | 0.8145 
20    | 10          | [94, 95, 96, 99, 100, 101, 102, 103, 104, 105]     | [0.0400, 0.2500, 0.0900, 0.0200, 0.2700, 0.0400, 0.1200, 0.1400, 0.0200, 0.0100]         | 10.4184  | 0.7800  | 0.8267 
21    | 7           | [96, 97, 98, 99, 100, 101, 102]                    | [0.0800, 0.2000, 0.0200, 0.2600, 0.3100, 0.1100, 0.0200]                                 | 2.4651   | 0.7600  | 0.7849 

[Per-locus summary - Population 2]
Locus | Num_Alleles | Alleles                                                | Frequencies                                                                              | Variance | Obs_Het | Exp_Het
------+-------------+--------------------------------------------------------+------------------------------------------------------------------------------------------+----------+---------+--------
1     | 5           | [98, 99, 100, 101, 102]                                | [0.0900, 0.0300, 0.4900, 0.3400, 0.0500]                                                 | 0.8771   | 0.6400  | 0.6392 
2     | 11          | [99, 100, 101, 102, 103, 104, 105, 106, 107, 108, 109] | [0.0800, 0.0100, 0.0500, 0.2000, 0.0100, 0.1300, 0.0400, 0.3000, 0.0100, 0.0900, 0.0800] | 8.0051   | 0.8800  | 0.8362 
3     | 9           | [93, 95, 96, 97, 98, 99, 100, 101, 102]                | [0.0200, 0.0300, 0.0500, 0.1600, 0.1600, 0.1800, 0.2900, 0.0600, 0.0500]                 | 3.3339   | 0.8800  | 0.8307 
4     | 6           | [97, 98, 99, 100, 101, 102]                            | [0.0100, 0.2900, 0.0100, 0.2800, 0.3400, 0.0700]                                         | 1.8604   | 0.9200  | 0.7240 
5     | 9           | [96, 97, 98, 99, 100, 101, 102, 103, 104]              | [0.0200, 0.2700, 0.1100, 0.1300, 0.0100, 0.0100, 0.1400, 0.2500, 0.0600]                 | 7.0984   | 0.8000  | 0.8200 
6     | 7           | [92, 93, 94, 96, 97, 98, 99]                           | [0.1000, 0.1000, 0.0300, 0.1600, 0.2900, 0.1000, 0.2200]                                 | 5.1379   | 0.8400  | 0.8192 
7     | 8           | [97, 98, 99, 100, 101, 102, 103, 104]                  | [0.0200, 0.2300, 0.1400, 0.0800, 0.1200, 0.3800, 0.0200, 0.0100]                         | 3.1176   | 0.7600  | 0.7691 
8     | 7           | [96, 97, 98, 99, 100, 101, 102]                        | [0.0100, 0.1700, 0.1600, 0.1200, 0.1400, 0.2900, 0.1100]                                 | 2.9496   | 0.8000  | 0.8234 
9     | 8           | [96, 97, 98, 99, 100, 101, 102, 103]                   | [0.0300, 0.1000, 0.0100, 0.0600, 0.1500, 0.2600, 0.3400, 0.0500]                         | 3.2019   | 0.7600  | 0.7851 
10    | 7           | [95, 96, 97, 98, 99, 100, 101]                         | [0.0100, 0.1300, 0.2100, 0.1200, 0.3000, 0.2100, 0.0200]                                 | 2.0616   | 0.7400  | 0.7980 
11    | 8           | [95, 96, 97, 98, 99, 100, 101, 102]                    | [0.2100, 0.2700, 0.0400, 0.1000, 0.1000, 0.0700, 0.1400, 0.0700]                         | 5.6971   | 0.7800  | 0.8404 
12    | 8           | [96, 97, 98, 99, 100, 101, 102, 105]                   | [0.0100, 0.2600, 0.3000, 0.0900, 0.0500, 0.0500, 0.1900, 0.0500]                         | 5.1611   | 0.8000  | 0.7986 
13    | 7           | [96, 97, 98, 99, 100, 101, 102]                        | [0.0900, 0.1300, 0.0800, 0.3400, 0.3000, 0.0400, 0.0200]                                 | 2.0211   | 0.6400  | 0.7687 
14    | 9           | [92, 93, 94, 96, 97, 98, 99, 100, 102]                 | [0.0100, 0.0700, 0.1000, 0.0300, 0.1200, 0.0900, 0.0900, 0.3700, 0.1200]                 | 7.3376   | 0.8600  | 0.8103 
15    | 6           | [95, 96, 97, 98, 99, 100]                              | [0.0700, 0.1200, 0.1100, 0.4100, 0.2700, 0.0200]                                         | 1.5075   | 0.8200  | 0.7346 
16    | 10          | [92, 93, 94, 95, 99, 100, 101, 102, 103, 107]          | [0.0300, 0.1100, 0.3600, 0.0200, 0.0200, 0.0300, 0.0700, 0.1300, 0.1000, 0.1300]         | 25.5875  | 0.8000  | 0.8152 
17    | 6           | [97, 99, 100, 101, 102, 103]                           | [0.1100, 0.1400, 0.1000, 0.1000, 0.2300, 0.3200]                                         | 3.9275   | 0.7200  | 0.8010 
18    | 5           | [100, 101, 102, 103, 104]                              | [0.0100, 0.1400, 0.4700, 0.3700, 0.0100]                                                 | 0.5371   | 0.6400  | 0.6287 
19    | 8           | [98, 99, 100, 101, 102, 104, 105, 106]                 | [0.0400, 0.1300, 0.1900, 0.0300, 0.0600, 0.0200, 0.1400, 0.3900]                         | 9.0564   | 0.7600  | 0.7766 
20    | 9           | [94, 95, 96, 99, 100, 101, 102, 103, 104]              | [0.0300, 0.3200, 0.0700, 0.0200, 0.1800, 0.0700, 0.1500, 0.1100, 0.0500]                 | 11.2876  | 0.7800  | 0.8253 
21    | 6           | [96, 97, 98, 99, 100, 101]                             | [0.0800, 0.1400, 0.0100, 0.2500, 0.4500, 0.0700]                                         | 2.0164   | 0.6800  | 0.7111 
