
[Simulation Info]
simulation_id = sim_0003896
timestamp     = 20250428_085550
seed          = 233844
output_folder = /home/lejeunet/Bureau/simulations/Ref_table/sim_0003896

[Model Parameters]
pop_size           = 2961
num_loci           = 20
sample1_generation = 30
sample2_generation = 10
low_repeats        = 1
high_repeats       = 200
mutation_rate      = 0.001
recap_Ne           = 2961

[Sampling Design]
sample1_size_Ne  = 50
sample2_size_Ne  = 50
sample1_size_CMR = 50
sample2_size_CMR = 50

[Capture-Marquage-Recapture]
census_N   =  2601
MatchCount =  1

[Ne Estimates - One Sample - Decreasing critical values [0.050, 0.020, 0.010, 0+]]

[Linkage Desequilibrium]
LD_Ne_Pop1 = [11168.7, 1925.1, 1180.1, 1180.1]
LD_r2_Pop1 = [0.021306, 0.021449, 0.021558, 0.021558]
LD_Ne_Pop2 = [779.7, None, None, None]
LD_r2_Pop2 = [0.021702, 0.021152, 0.021236, 0.021236]

[Heterozygote excess]
HE_Neb_mean_Pop1        = [36.2, 33.1, 36.5, 36.5]
HE_weighted_D_mean_Pop1 = [0.01398, 0.01535, 0.0139, 0.0139]
HE_Neb_mean_Pop2        = [None, None, None, None]
HE_weighted_D_mean_Pop2 = [-0.00875, -0.00343, -0.00372, -0.00372]

[Molecular Coancestry]
Coan_Neb_n_Pop1 = 44.4
Coan_f1_Pop1    = 0.01126
Coan_Neb_n_Pop2 = 29.3
Coan_f1_Pop2    = 0.01704

[Ne Estimates - Temporal - Decreasing critical values (0.050, 0.020, 0.010, 0+)]

[Pollak]
P_Ne     = [2639.0, 4934.2, 7351.1, 7848.4]
P_Fk     = [0.02189, 0.02101, 0.02068, 0.02064]
P_Fprime = [0.00189, 0.00101, 0.00068, 0.00064]

[Nei/Tajima]
N_Ne     = [2955.4, 5683.2, 8813.8, 9445.3]
N_Fc     = [0.02169, 0.02088, 0.02057, 0.02053]
N_Fprime = [0.00169, 0.00088, 0.00057, 0.00053]

[Jorde/Ryman]
J_Ne     = [2218.6, 2663.7, 2779.7, 2780.1]
J_Fs     = [0.02236, 0.02198, 0.0219, 0.0219]
J_Fprime = [0.00225, 0.00188, 0.0018, 0.0018]

[Genetic Diversity - Heterozygosity]
mean_exp_het_pop1 = 0.8307
mean_obs_het_pop1 = 0.8457
mean_exp_het_pop2 = 0.8329
mean_obs_het_pop2 = 0.8276

[Genetic Diversity - Allele Counts]
mean_alleles_pop1 = 10.05
var_alleles_pop1  = 7.95
sum_alleles_pop1  = 211
mean_alleles_pop2 = 10.36
var_alleles_pop2  = 7.26
sum_alleles_pop2  = 435

[Genetic Diversity - Allelic Size Variance]
var_allele_size_pop1 = 14.8617
var_allele_size_pop2 = 14.9819

[Per-locus summary - Population 1]
Locus | Num_Alleles | Alleles                                                                | Frequencies                                                                                                                      | Variance | Obs_Het | Exp_Het
------+-------------+------------------------------------------------------------------------+----------------------------------------------------------------------------------------------------------------------------------+----------+---------+--------
1     | 13          | [94, 95, 96, 98, 99, 100, 101, 103, 104, 105, 109, 110, 111]           | [0.0100, 0.1100, 0.0100, 0.0500, 0.2200, 0.0900, 0.0900, 0.1100, 0.0200, 0.0100, 0.1200, 0.1400, 0.0200]                         | 26.2816  | 0.9000  | 0.8824 
2     | 9           | [95, 97, 98, 99, 100, 101, 106, 108, 109]                              | [0.0100, 0.1100, 0.1800, 0.0300, 0.0800, 0.2200, 0.0700, 0.1900, 0.1100]                                                         | 20.1356  | 0.9400  | 0.8551 
3     | 7           | [97, 98, 99, 100, 101, 102, 103]                                       | [0.0300, 0.0900, 0.5400, 0.2200, 0.0600, 0.0100, 0.0500]                                                                         | 1.3836   | 0.6000  | 0.6513 
4     | 5           | [100, 101, 102, 103, 104]                                              | [0.1000, 0.4300, 0.1300, 0.0900, 0.2500]                                                                                         | 1.9184   | 0.6800  | 0.7248 
5     | 11          | [90, 91, 94, 95, 96, 97, 98, 99, 100, 101, 102]                        | [0.0500, 0.0800, 0.0500, 0.0600, 0.1900, 0.0800, 0.1600, 0.1000, 0.0300, 0.1400, 0.0600]                                         | 10.7796  | 0.9600  | 0.8917 
6     | 11          | [91, 92, 93, 94, 95, 96, 97, 98, 99, 100, 105]                         | [0.0100, 0.0300, 0.0700, 0.1000, 0.0500, 0.2800, 0.1700, 0.0400, 0.1500, 0.0800, 0.0200]                                         | 6.0651   | 0.8200  | 0.8519 
7     | 7           | [95, 96, 97, 98, 99, 100, 101]                                         | [0.0700, 0.1600, 0.0800, 0.2100, 0.2300, 0.0900, 0.1600]                                                                         | 3.3016   | 0.7800  | 0.8408 
8     | 8           | [99, 100, 101, 102, 103, 104, 105, 106]                                | [0.0200, 0.0900, 0.0400, 0.3700, 0.1300, 0.1700, 0.0900, 0.0900]                                                                 | 2.9676   | 0.8400  | 0.7990 
9     | 10          | [92, 93, 94, 95, 96, 97, 98, 99, 100, 101]                             | [0.0100, 0.0500, 0.1100, 0.0500, 0.1700, 0.2400, 0.1800, 0.0600, 0.1000, 0.0300]                                                 | 4.1931   | 0.9000  | 0.8580 
10    | 11          | [92, 93, 94, 95, 105, 106, 107, 108, 109, 114, 115]                    | [0.0300, 0.0200, 0.1100, 0.0300, 0.1100, 0.3400, 0.1400, 0.1100, 0.0900, 0.0100, 0.0100]                                         | 28.9904  | 0.8000  | 0.8263 
11    | 8           | [96, 97, 98, 99, 103, 104, 105, 106]                                   | [0.1900, 0.1100, 0.2700, 0.1100, 0.0600, 0.1900, 0.0300, 0.0400]                                                                 | 10.8219  | 0.8400  | 0.8329 
12    | 16          | [85, 86, 87, 88, 89, 92, 93, 94, 95, 96, 103, 104, 105, 106, 107, 108] | [0.0200, 0.0200, 0.0900, 0.0600, 0.0400, 0.0600, 0.2100, 0.1100, 0.1400, 0.0100, 0.0300, 0.0200, 0.0300, 0.0200, 0.1200, 0.0200] | 44.8476  | 0.9000  | 0.8980 
13    | 10          | [96, 97, 98, 99, 100, 102, 103, 104, 105, 106]                         | [0.0100, 0.1000, 0.2200, 0.0400, 0.0100, 0.0700, 0.1900, 0.2800, 0.0700, 0.0100]                                                 | 8.5436   | 0.7800  | 0.8236 
14    | 9           | [93, 94, 95, 96, 97, 98, 99, 100, 101]                                 | [0.0100, 0.1900, 0.1600, 0.2000, 0.0800, 0.1800, 0.1100, 0.0500, 0.0200]                                                         | 3.8500   | 0.8400  | 0.8529 
15    | 10          | [94, 95, 96, 97, 98, 99, 100, 101, 102, 103]                           | [0.0800, 0.2000, 0.1400, 0.1500, 0.1500, 0.0400, 0.1000, 0.0500, 0.0100, 0.0800]                                                 | 6.5696   | 0.9200  | 0.8772 
16    | 12          | [85, 89, 90, 93, 94, 95, 96, 97, 98, 104, 105, 106]                    | [0.1600, 0.0100, 0.0900, 0.0400, 0.0400, 0.2100, 0.1800, 0.0800, 0.0500, 0.0500, 0.0400, 0.0500]                                 | 33.7444  | 0.9000  | 0.8798 
17    | 10          | [95, 96, 97, 98, 99, 108, 109, 110, 111, 112]                          | [0.0300, 0.1300, 0.2200, 0.3000, 0.0900, 0.0100, 0.0300, 0.1000, 0.0800, 0.0100]                                                 | 30.1811  | 0.8200  | 0.8265 
18    | 5           | [100, 101, 102, 103, 104]                                              | [0.0300, 0.3200, 0.2000, 0.2200, 0.2300]                                                                                         | 1.4900   | 0.8800  | 0.7630 
19    | 13          | [87, 88, 89, 90, 91, 92, 93, 94, 99, 100, 101, 102, 103]               | [0.0100, 0.0500, 0.2100, 0.1600, 0.0400, 0.1800, 0.1100, 0.0200, 0.0200, 0.0300, 0.1500, 0.0100, 0.0100]                         | 20.3475  | 0.9200  | 0.8659 
20    | 14          | [88, 89, 90, 91, 92, 93, 97, 98, 99, 100, 101, 102, 105, 107]          | [0.0400, 0.0200, 0.0900, 0.0100, 0.0600, 0.0100, 0.1400, 0.1300, 0.0900, 0.1000, 0.1800, 0.0600, 0.0400, 0.0300]                 | 21.7900  | 0.9400  | 0.9020 
21    | 12          | [92, 94, 95, 96, 97, 98, 99, 104, 105, 106, 107, 108]                  | [0.0200, 0.0800, 0.0100, 0.0400, 0.0700, 0.0300, 0.0100, 0.0100, 0.0200, 0.3000, 0.4000, 0.0100]                                 | 23.8939  | 0.8000  | 0.7424 

[Per-locus summary - Population 2]
Locus | Num_Alleles | Alleles                                                            | Frequencies                                                                                                              | Variance | Obs_Het | Exp_Het
------+-------------+--------------------------------------------------------------------+--------------------------------------------------------------------------------------------------------------------------+----------+---------+--------
1     | 14          | [94, 95, 96, 97, 98, 99, 100, 101, 103, 104, 105, 109, 110, 111]   | [0.0200, 0.0900, 0.0700, 0.0100, 0.0400, 0.1800, 0.1600, 0.0200, 0.0400, 0.0200, 0.0100, 0.1800, 0.1200, 0.0400]         | 31.1779  | 0.8400  | 0.8849 
2     | 10          | [95, 97, 98, 99, 100, 101, 102, 106, 108, 109]                     | [0.0100, 0.1800, 0.2100, 0.0400, 0.1400, 0.1800, 0.0100, 0.0600, 0.1000, 0.0700]                                         | 16.3164  | 0.9000  | 0.8598 
3     | 7           | [97, 98, 99, 100, 101, 102, 103]                                   | [0.0300, 0.0400, 0.4600, 0.3400, 0.0700, 0.0500, 0.0100]                                                                 | 1.0651   | 0.6600  | 0.6695 
4     | 7           | [99, 100, 101, 102, 103, 104, 106]                                 | [0.0100, 0.1100, 0.3800, 0.1700, 0.1200, 0.2000, 0.0100]                                                                 | 1.9851   | 0.7400  | 0.7677 
5     | 12          | [90, 91, 93, 94, 95, 96, 97, 98, 99, 100, 101, 102]                | [0.0100, 0.1200, 0.0200, 0.0300, 0.0200, 0.1300, 0.0600, 0.3100, 0.1100, 0.0600, 0.1100, 0.0200]                         | 9.1456   | 0.8400  | 0.8475 
6     | 11          | [91, 92, 93, 94, 95, 96, 97, 98, 99, 100, 105]                     | [0.0200, 0.0400, 0.0800, 0.1400, 0.0400, 0.3500, 0.0900, 0.0200, 0.1400, 0.0700, 0.0100]                                 | 5.8100   | 0.8600  | 0.8230 
7     | 7           | [95, 96, 97, 98, 99, 100, 101]                                     | [0.0900, 0.1600, 0.0900, 0.1800, 0.2100, 0.0800, 0.1900]                                                                 | 3.7124   | 0.8400  | 0.8477 
8     | 8           | [99, 100, 101, 102, 103, 104, 105, 106]                            | [0.0100, 0.1200, 0.0500, 0.2600, 0.2300, 0.1200, 0.1300, 0.0800]                                                         | 3.0404   | 0.8000  | 0.8331 
9     | 9           | [93, 94, 95, 96, 97, 98, 99, 100, 101]                             | [0.0500, 0.0800, 0.0900, 0.1200, 0.3100, 0.1500, 0.0600, 0.1300, 0.0100]                                                 | 3.7184   | 0.9000  | 0.8378 
10    | 11          | [92, 93, 94, 95, 104, 105, 106, 107, 108, 109, 110]                | [0.0200, 0.0900, 0.1000, 0.0500, 0.0100, 0.1100, 0.3000, 0.0800, 0.1200, 0.0900, 0.0300]                                 | 34.7156  | 0.8200  | 0.8556 
11    | 8           | [96, 97, 98, 99, 103, 104, 105, 106]                               | [0.1300, 0.1300, 0.2600, 0.1000, 0.0200, 0.1700, 0.0800, 0.1100]                                                         | 13.1771  | 0.9000  | 0.8493 
12    | 15          | [85, 87, 88, 89, 92, 93, 94, 95, 96, 103, 104, 105, 106, 107, 108] | [0.0200, 0.1100, 0.0700, 0.0500, 0.0600, 0.2100, 0.0700, 0.1400, 0.0600, 0.0300, 0.0100, 0.0200, 0.0200, 0.1200, 0.0100] | 41.8744  | 0.9000  | 0.8970 
13    | 11          | [96, 97, 98, 99, 100, 101, 102, 103, 104, 105, 106]                | [0.0200, 0.1300, 0.2100, 0.0500, 0.0400, 0.0200, 0.0600, 0.1600, 0.2400, 0.0300, 0.0400]                                 | 9.0491   | 0.8600  | 0.8533 
14    | 8           | [94, 95, 96, 97, 98, 99, 100, 101]                                 | [0.1800, 0.1700, 0.1500, 0.1100, 0.1200, 0.1500, 0.0900, 0.0300]                                                         | 4.4116   | 0.8600  | 0.8669 
15    | 9           | [94, 95, 96, 97, 98, 99, 100, 101, 103]                            | [0.0600, 0.1800, 0.1000, 0.1800, 0.1600, 0.0900, 0.1300, 0.0200, 0.0800]                                                 | 5.8275   | 0.8400  | 0.8729 
16    | 14          | [85, 89, 90, 93, 94, 95, 96, 97, 98, 99, 103, 104, 105, 106]       | [0.1000, 0.0100, 0.0700, 0.0300, 0.0200, 0.1100, 0.0900, 0.0700, 0.1600, 0.0200, 0.0200, 0.1300, 0.1400, 0.0300]         | 38.2504  | 0.8600  | 0.9038 
17    | 10          | [96, 97, 98, 99, 100, 108, 109, 110, 111, 112]                     | [0.1200, 0.2400, 0.2700, 0.1100, 0.0300, 0.0100, 0.0700, 0.0400, 0.0700, 0.0400]                                         | 29.5499  | 0.8800  | 0.8374 
18    | 6           | [100, 101, 102, 103, 104, 105]                                     | [0.0200, 0.3900, 0.1300, 0.3100, 0.1300, 0.0200]                                                                         | 1.4400   | 0.7200  | 0.7244 
19    | 11          | [88, 89, 90, 91, 92, 93, 94, 100, 101, 102, 103]                   | [0.0500, 0.1700, 0.1200, 0.0700, 0.2400, 0.1500, 0.0100, 0.0100, 0.1600, 0.0100, 0.0100]                                 | 18.1056  | 0.8400  | 0.8517 
20    | 14          | [88, 89, 90, 91, 92, 93, 97, 98, 99, 100, 101, 102, 105, 107]      | [0.0200, 0.0300, 0.0800, 0.0300, 0.0400, 0.0200, 0.1000, 0.2000, 0.0700, 0.1000, 0.1200, 0.1000, 0.0300, 0.0600]         | 22.5396  | 0.9000  | 0.9046 
21    | 10          | [94, 96, 97, 98, 99, 104, 105, 106, 107, 108]                      | [0.0300, 0.0500, 0.1400, 0.0200, 0.0100, 0.0100, 0.0400, 0.1700, 0.5000, 0.0300]                                         | 19.7075  | 0.6200  | 0.7020 
