
[Simulation Info]
simulation_id = sim_0010782
timestamp     = 20250429_085148
seed          = 632680
output_folder = /home/lejeunet/Bureau/simulations/Ref_table/sim_0010782

[Model Parameters]
pop_size           = 3149
num_loci           = 20
sample1_generation = 30
sample2_generation = 10
low_repeats        = 1
high_repeats       = 200
mutation_rate      = 0.001
recap_Ne           = 3149

[Sampling Design]
sample1_size_Ne  = 50
sample2_size_Ne  = 50
sample1_size_CMR = 50
sample2_size_CMR = 50

[Capture-Marquage-Recapture]
census_N   =  2601
MatchCount =  1

[Ne Estimates - One Sample - Decreasing critical values [0.050, 0.020, 0.010, 0+]]

[Linkage Desequilibrium]
LD_Ne_Pop1 = [513.0, 1003.7, 420.1, 420.1]
LD_r2_Pop1 = [0.021923, 0.021607, 0.022065, 0.022065]
LD_Ne_Pop2 = [None, 8910.6, 6018.4, 6018.4]
LD_r2_Pop2 = [0.021044, 0.021313, 0.021331, 0.021331]

[Heterozygote excess]
HE_Neb_mean_Pop1        = [None, None, None, None]
HE_weighted_D_mean_Pop1 = [-0.01161, -0.01701, -0.01692, -0.01692]
HE_Neb_mean_Pop2        = [None, None, None, None]
HE_weighted_D_mean_Pop2 = [-0.00939, -0.00704, -0.007, -0.007]

[Molecular Coancestry]
Coan_Neb_n_Pop1 = 64.5
Coan_f1_Pop1    = 0.00776
Coan_Neb_n_Pop2 = 2243.9
Coan_f1_Pop2    = 0.00022

[Ne Estimates - Temporal - Decreasing critical values (0.050, 0.020, 0.010, 0+)]

[Pollak]
P_Ne     = [337550.2, -43453.9, -8393.1, -8494.8]
P_Fk     = [0.02001, 0.01988, 0.0194, 0.01941]
P_Fprime = [1e-05, -0.00012, -0.0006, -0.00059]

[Nei/Tajima]
N_Ne     = [-32541.8, -16099.3, -6807.6, -6880.8]
N_Fc     = [0.01985, 0.01969, 0.01927, 0.01927]
N_Fprime = [-0.00015, -0.00031, -0.00073, -0.00073]

[Jorde/Ryman]
J_Ne     = [8992.4, 13655.8, 15798.5, 15804.5]
J_Fs     = [0.02066, 0.02047, 0.02042, 0.02042]
J_Fprime = [0.00056, 0.00037, 0.00032, 0.00032]

[Genetic Diversity - Heterozygosity]
mean_exp_het_pop1 = 0.8064
mean_obs_het_pop1 = 0.8
mean_exp_het_pop2 = 0.8062
mean_obs_het_pop2 = 0.7981

[Genetic Diversity - Allele Counts]
mean_alleles_pop1 = 8.48
var_alleles_pop1  = 3.36
sum_alleles_pop1  = 178
mean_alleles_pop2 = 8.81
var_alleles_pop2  = 3.48
sum_alleles_pop2  = 370

[Genetic Diversity - Allelic Size Variance]
var_allele_size_pop1 = 4.1508
var_allele_size_pop2 = 4.1349

[Per-locus summary - Population 1]
Locus | Num_Alleles | Alleles                                                | Frequencies                                                                              | Variance | Obs_Het | Exp_Het
------+-------------+--------------------------------------------------------+------------------------------------------------------------------------------------------+----------+---------+--------
1     | 8           | [97, 98, 99, 100, 101, 102, 103, 104]                  | [0.0300, 0.0400, 0.1100, 0.2300, 0.2500, 0.2500, 0.0800, 0.0100]                         | 2.1075   | 0.7800  | 0.8091 
2     | 11          | [99, 100, 101, 102, 104, 105, 106, 107, 108, 109, 110] | [0.2100, 0.2300, 0.0900, 0.0800, 0.1000, 0.0500, 0.0600, 0.0900, 0.0300, 0.0300, 0.0300] | 11.1899  | 0.8800  | 0.8703 
3     | 9           | [96, 97, 98, 99, 100, 101, 102, 103, 104]              | [0.0300, 0.0100, 0.1100, 0.1000, 0.2000, 0.4000, 0.0500, 0.0700, 0.0300]                 | 2.6904   | 0.8200  | 0.7764 
4     | 7           | [99, 100, 101, 102, 103, 104, 105]                     | [0.0100, 0.1600, 0.2300, 0.1700, 0.0400, 0.2400, 0.1500]                                 | 3.1579   | 0.7800  | 0.8190 
5     | 10          | [95, 96, 97, 99, 100, 101, 102, 103, 104, 105]         | [0.0100, 0.0100, 0.0500, 0.1900, 0.0900, 0.1200, 0.2700, 0.1400, 0.1000, 0.0200]         | 4.2875   | 0.9400  | 0.8442 
6     | 8           | [95, 96, 97, 98, 99, 100, 101, 102]                    | [0.0100, 0.1300, 0.2000, 0.2700, 0.3000, 0.0400, 0.0400, 0.0100]                         | 1.7875   | 0.7800  | 0.7846 
7     | 8           | [100, 101, 102, 103, 104, 105, 106, 107]               | [0.0100, 0.2400, 0.4200, 0.1000, 0.1000, 0.0800, 0.0400, 0.0100]                         | 2.1499   | 0.5800  | 0.7452 
8     | 11          | [98, 99, 100, 101, 102, 103, 104, 105, 106, 107, 108]  | [0.0600, 0.2000, 0.1900, 0.0700, 0.0600, 0.0200, 0.0100, 0.1400, 0.0100, 0.1500, 0.0900] | 11.8100  | 0.8400  | 0.8697 
9     | 9           | [94, 95, 96, 97, 98, 99, 100, 101, 102]                | [0.0100, 0.1600, 0.0800, 0.0600, 0.0500, 0.0800, 0.2100, 0.2800, 0.0700]                 | 5.7656   | 0.8400  | 0.8364 
10    | 9           | [95, 97, 98, 99, 100, 101, 102, 103, 104]              | [0.0100, 0.0400, 0.1500, 0.2600, 0.1400, 0.0900, 0.2700, 0.0200, 0.0200]                 | 3.1384   | 0.8000  | 0.8149 
11    | 9           | [96, 97, 98, 99, 100, 101, 102, 103, 104]              | [0.0800, 0.1100, 0.1400, 0.1200, 0.1100, 0.3300, 0.0400, 0.0300, 0.0400]                 | 4.1979   | 0.8600  | 0.8307 
12    | 8           | [98, 99, 100, 101, 102, 103, 104, 105]                 | [0.0500, 0.1500, 0.0300, 0.1000, 0.2000, 0.1500, 0.3000, 0.0200]                         | 3.9000   | 0.7800  | 0.8194 
13    | 5           | [100, 101, 102, 103, 104]                              | [0.0300, 0.3000, 0.3800, 0.1800, 0.1100]                                                 | 1.0384   | 0.7800  | 0.7275 
14    | 6           | [101, 102, 103, 104, 105, 106]                         | [0.1000, 0.1300, 0.1100, 0.2800, 0.2300, 0.1500]                                         | 2.3404   | 0.8200  | 0.8154 
15    | 9           | [96, 97, 98, 99, 100, 101, 102, 103, 104]              | [0.0200, 0.0400, 0.0800, 0.1500, 0.3500, 0.1600, 0.0800, 0.1100, 0.0100]                 | 2.7476   | 0.7200  | 0.8105 
16    | 9           | [95, 96, 97, 98, 99, 100, 101, 102, 107]               | [0.0200, 0.0900, 0.2000, 0.2900, 0.0900, 0.0400, 0.2400, 0.0200, 0.0100]                 | 3.8956   | 0.9000  | 0.8077 
17    | 11          | [97, 98, 99, 100, 101, 102, 103, 104, 105, 106, 107]   | [0.0300, 0.0300, 0.0300, 0.2500, 0.0300, 0.0200, 0.1400, 0.3500, 0.0100, 0.0200, 0.0900] | 6.4699   | 0.8200  | 0.7907 
18    | 4           | [97, 98, 99, 100]                                      | [0.0900, 0.3100, 0.3500, 0.2500]                                                         | 0.8624   | 0.6200  | 0.7180 
19    | 10          | [93, 94, 95, 96, 97, 98, 99, 101, 102, 103]            | [0.0100, 0.0600, 0.2700, 0.2400, 0.1100, 0.0500, 0.0600, 0.0300, 0.0900, 0.0800]         | 7.8716   | 0.9400  | 0.8406 
20    | 8           | [96, 97, 98, 99, 100, 101, 102, 103]                   | [0.0400, 0.0500, 0.0800, 0.1900, 0.4400, 0.1200, 0.0600, 0.0200]                         | 2.0104   | 0.7400  | 0.7489 
21    | 9           | [97, 98, 99, 100, 101, 102, 103, 104, 105]             | [0.0600, 0.1200, 0.1400, 0.1100, 0.1500, 0.2300, 0.1700, 0.0100, 0.0100]                 | 3.7475   | 0.7800  | 0.8543 

[Per-locus summary - Population 2]
Locus | Num_Alleles | Alleles                                                         | Frequencies                                                                                              | Variance | Obs_Het | Exp_Het
------+-------------+-----------------------------------------------------------------+----------------------------------------------------------------------------------------------------------+----------+---------+--------
1     | 8           | [96, 97, 98, 99, 100, 101, 102, 103]                            | [0.0100, 0.0400, 0.0200, 0.0900, 0.2500, 0.2800, 0.2000, 0.1100]                                         | 2.2416   | 0.8200  | 0.8048 
2     | 13          | [98, 99, 100, 101, 102, 103, 104, 105, 106, 107, 108, 109, 110] | [0.0400, 0.3100, 0.1900, 0.0800, 0.0800, 0.0200, 0.0500, 0.0300, 0.0700, 0.0600, 0.0200, 0.0400, 0.0100] | 10.6216  | 0.9000  | 0.8475 
3     | 9           | [96, 97, 98, 99, 100, 101, 102, 103, 104]                       | [0.0100, 0.0300, 0.0900, 0.1100, 0.1500, 0.3200, 0.1600, 0.1000, 0.0300]                                 | 2.8304   | 0.8000  | 0.8257 
4     | 9           | [93, 99, 100, 101, 102, 103, 104, 105, 107]                     | [0.0200, 0.0300, 0.1600, 0.2500, 0.1800, 0.0300, 0.2100, 0.1100, 0.0100]                                 | 4.8899   | 0.8200  | 0.8293 
5     | 9           | [96, 97, 99, 100, 101, 102, 103, 104, 105]                      | [0.0700, 0.0700, 0.2100, 0.0100, 0.1300, 0.2900, 0.1500, 0.0600, 0.0100]                                 | 5.2475   | 0.9200  | 0.8271 
6     | 8           | [95, 96, 97, 98, 99, 100, 101, 102]                             | [0.0400, 0.0900, 0.2800, 0.2700, 0.2500, 0.0200, 0.0400, 0.0100]                                         | 1.8331   | 0.8000  | 0.7822 
7     | 8           | [100, 101, 102, 103, 104, 105, 106, 107]                        | [0.0200, 0.1900, 0.4300, 0.1900, 0.0900, 0.0100, 0.0500, 0.0200]                                         | 1.9891   | 0.7400  | 0.7388 
8     | 12          | [97, 98, 99, 100, 101, 102, 103, 104, 105, 106, 107, 108]       | [0.0600, 0.0400, 0.1300, 0.2000, 0.1100, 0.0600, 0.0300, 0.0200, 0.1000, 0.0200, 0.1100, 0.1200]         | 12.4904  | 0.8400  | 0.8929 
9     | 9           | [94, 95, 96, 97, 98, 99, 100, 101, 102]                         | [0.0100, 0.1500, 0.1100, 0.0900, 0.0600, 0.0400, 0.2600, 0.1900, 0.0900]                                 | 5.7939   | 0.9000  | 0.8487 
10    | 9           | [95, 97, 98, 99, 100, 101, 102, 103, 104]                       | [0.0200, 0.0700, 0.1800, 0.1700, 0.1600, 0.1000, 0.2700, 0.0100, 0.0200]                                 | 3.6019   | 0.9000  | 0.8327 
11    | 9           | [96, 97, 98, 99, 100, 101, 102, 103, 104]                       | [0.0600, 0.0800, 0.1300, 0.1400, 0.1800, 0.3400, 0.0300, 0.0300, 0.0100]                                 | 3.1075   | 0.7400  | 0.8117 
12    | 8           | [98, 99, 100, 101, 102, 103, 104, 105]                          | [0.0200, 0.0800, 0.0300, 0.1700, 0.1500, 0.1600, 0.3800, 0.0100]                                         | 2.9400   | 0.7600  | 0.7786 
13    | 6           | [99, 100, 101, 102, 103, 104]                                   | [0.0100, 0.0600, 0.3700, 0.2000, 0.3200, 0.0400]                                                         | 1.1656   | 0.7400  | 0.7226 
14    | 7           | [97, 101, 102, 103, 104, 105, 106]                              | [0.0100, 0.1000, 0.0700, 0.2000, 0.1900, 0.3000, 0.1300]                                                 | 2.6675   | 0.7000  | 0.8101 
15    | 8           | [97, 98, 99, 100, 101, 102, 103, 104]                           | [0.0400, 0.0600, 0.2100, 0.3200, 0.1700, 0.0800, 0.1100, 0.0100]                                         | 2.3875   | 0.7200  | 0.8089 
16    | 8           | [95, 96, 97, 98, 99, 100, 101, 102]                             | [0.0400, 0.1800, 0.2200, 0.2300, 0.0400, 0.0600, 0.2100, 0.0200]                                         | 3.7611   | 0.8600  | 0.8232 
17    | 12          | [97, 98, 99, 100, 101, 102, 103, 104, 105, 106, 107, 108]       | [0.0500, 0.0200, 0.0900, 0.1800, 0.0300, 0.0400, 0.1600, 0.2800, 0.0600, 0.0200, 0.0600, 0.0100]         | 7.0075   | 0.8800  | 0.8509 
18    | 5           | [96, 97, 98, 99, 100]                                           | [0.0100, 0.1400, 0.2200, 0.4300, 0.2000]                                                                 | 0.9611   | 0.5800  | 0.7141 
19    | 10          | [93, 94, 95, 96, 97, 98, 99, 101, 102, 103]                     | [0.0100, 0.0400, 0.2200, 0.2600, 0.1800, 0.0700, 0.0600, 0.0400, 0.0500, 0.0700]                         | 6.3544   | 0.8400  | 0.8408 
20    | 8           | [96, 97, 98, 99, 100, 101, 102, 103]                            | [0.0300, 0.0900, 0.0400, 0.1300, 0.5100, 0.1200, 0.0700, 0.0100]                                         | 1.9739   | 0.6800  | 0.7000 
21    | 7           | [97, 98, 99, 100, 101, 102, 103]                                | [0.0100, 0.1300, 0.2100, 0.1300, 0.1800, 0.1600, 0.1800]                                                 | 2.9684   | 0.8200  | 0.8400 
