
[Simulation Info]
simulation_id = sim_0012910
timestamp     = 20250429_100720
seed          = 673429
output_folder = /home/lejeunet/Bureau/simulations/Ref_table/sim_0012910

[Model Parameters]
pop_size           = 7705
num_loci           = 20
sample1_generation = 30
sample2_generation = 10
low_repeats        = 1
high_repeats       = 200
mutation_rate      = 0.001
recap_Ne           = 7705

[Sampling Design]
sample1_size_Ne  = 50
sample2_size_Ne  = 50
sample1_size_CMR = 50
sample2_size_CMR = 50

[Capture-Marquage-Recapture]
census_N   =  0
MatchCount =  0
# There were no match between sampling of individuals during CMR.

[Ne Estimates - One Sample - Decreasing critical values [0.050, 0.020, 0.010, 0+]]

[Linkage Desequilibrium]
LD_Ne_Pop1 = [9464.4, 14306.4, 2056.8, 2056.8]
LD_r2_Pop1 = [0.021311, 0.021299, 0.021438, 0.021438]
LD_Ne_Pop2 = [2116.8, None, None, None]
LD_r2_Pop2 = [0.021433, 0.021063, 0.02121, 0.02121]

[Heterozygote excess]
HE_Neb_mean_Pop1        = [52.7, 198.9, 312.3, 312.3]
HE_weighted_D_mean_Pop1 = [0.00957, 0.00252, 0.0016, 0.0016]
HE_Neb_mean_Pop2        = [None, None, None, None]
HE_weighted_D_mean_Pop2 = [-0.00699, -0.00608, -0.00627, -0.00627]

[Molecular Coancestry]
Coan_Neb_n_Pop1 = None
Coan_f1_Pop1    = -0.01143
Coan_Neb_n_Pop2 = 31.8
Coan_f1_Pop2    = 0.0157

[Ne Estimates - Temporal - Decreasing critical values (0.050, 0.020, 0.010, 0+)]

[Pollak]
P_Ne     = [1791.5, 2827.2, 2308.2, 2290.0]
P_Fk     = [0.02279, 0.02177, 0.02217, 0.02218]
P_Fprime = [0.00279, 0.00177, 0.00217, 0.00218]

[Nei/Tajima]
N_Ne     = [1927.6, 3177.3, 2567.3, 2542.9]
N_Fc     = [0.02259, 0.02157, 0.02195, 0.02197]
N_Fprime = [0.00259, 0.00157, 0.00195, 0.00197]

[Jorde/Ryman]
J_Ne     = [1191.5, 1477.2, 1384.6, 1380.6]
J_Fs     = [0.0243, 0.02349, 0.02371, 0.02373]
J_Fprime = [0.0042, 0.00338, 0.00361, 0.00362]

[Genetic Diversity - Heterozygosity]
mean_exp_het_pop1 = 0.8805
mean_obs_het_pop1 = 0.8876
mean_exp_het_pop2 = 0.8794
mean_obs_het_pop2 = 0.8743

[Genetic Diversity - Allele Counts]
mean_alleles_pop1 = 13.19
var_alleles_pop1  = 7.26
sum_alleles_pop1  = 277
mean_alleles_pop2 = 13.4
var_alleles_pop2  = 7.37
sum_alleles_pop2  = 563

[Genetic Diversity - Allelic Size Variance]
var_allele_size_pop1 = 15.4348
var_allele_size_pop2 = 14.8252

[Per-locus summary - Population 1]
Locus | Num_Alleles | Alleles                                                                              | Frequencies                                                                                                                                              | Variance | Obs_Het | Exp_Het
------+-------------+--------------------------------------------------------------------------------------+----------------------------------------------------------------------------------------------------------------------------------------------------------+----------+---------+--------
1     | 15          | [91, 92, 93, 94, 95, 96, 97, 98, 99, 100, 101, 102, 103, 104, 106]                   | [0.0100, 0.0300, 0.0500, 0.0300, 0.1700, 0.0900, 0.1300, 0.0500, 0.0600, 0.0900, 0.1200, 0.0400, 0.1000, 0.0200, 0.0100]                                 | 11.3196  | 0.9800  | 0.9101 
2     | 14          | [94, 95, 96, 97, 98, 99, 100, 101, 102, 103, 104, 105, 106, 107]                     | [0.0100, 0.0600, 0.1600, 0.2100, 0.0900, 0.0400, 0.0700, 0.1200, 0.1100, 0.0200, 0.0500, 0.0200, 0.0200, 0.0200]                                         | 9.6579   | 0.9200  | 0.8903 
3     | 15          | [97, 98, 99, 101, 102, 103, 104, 105, 106, 107, 108, 109, 111, 112, 113]             | [0.0200, 0.0200, 0.0400, 0.0800, 0.0300, 0.0500, 0.0300, 0.1200, 0.1300, 0.0800, 0.1400, 0.1400, 0.1000, 0.0100, 0.0100]                                 | 13.2764  | 0.8600  | 0.9089 
4     | 10          | [93, 94, 95, 96, 97, 98, 99, 103, 104, 105]                                          | [0.0300, 0.0900, 0.1800, 0.0700, 0.0400, 0.1200, 0.1700, 0.2000, 0.0800, 0.0200]                                                                         | 12.8464  | 0.9200  | 0.8707 
5     | 15          | [88, 89, 90, 91, 92, 94, 104, 105, 106, 107, 108, 109, 110, 111, 112]                | [0.0100, 0.0500, 0.0300, 0.0400, 0.0100, 0.0200, 0.0500, 0.0700, 0.1500, 0.2400, 0.0700, 0.0800, 0.1200, 0.0500, 0.0100]                                 | 42.6875  | 0.8600  | 0.8875 
6     | 9           | [95, 96, 97, 98, 99, 100, 101, 102, 103]                                             | [0.0400, 0.1300, 0.0900, 0.1500, 0.1500, 0.2000, 0.1500, 0.0700, 0.0200]                                                                                 | 4.0619   | 0.8200  | 0.8693 
7     | 12          | [93, 94, 95, 96, 97, 98, 99, 100, 101, 102, 103, 104]                                | [0.0600, 0.1000, 0.1600, 0.1400, 0.0500, 0.1200, 0.0900, 0.1000, 0.0500, 0.0500, 0.0600, 0.0200]                                                         | 8.9075   | 0.9000  | 0.9063 
8     | 14          | [97, 98, 99, 100, 101, 102, 104, 105, 106, 107, 112, 113, 114, 116]                  | [0.0100, 0.0300, 0.1800, 0.1700, 0.1300, 0.0800, 0.0100, 0.0400, 0.1800, 0.0600, 0.0300, 0.0300, 0.0400, 0.0100]                                         | 20.7771  | 0.8800  | 0.8820 
9     | 17          | [93, 94, 95, 96, 97, 98, 99, 100, 102, 103, 104, 105, 106, 109, 110, 111, 112]       | [0.0100, 0.1100, 0.1200, 0.3000, 0.0500, 0.0100, 0.0300, 0.0100, 0.0100, 0.0100, 0.1500, 0.0500, 0.0100, 0.0400, 0.0200, 0.0600, 0.0100]                 | 30.6651  | 0.8800  | 0.8574 
10    | 14          | [97, 98, 99, 100, 101, 102, 103, 104, 105, 106, 107, 108, 109, 110]                  | [0.0300, 0.0600, 0.0200, 0.0100, 0.0900, 0.0700, 0.0600, 0.2400, 0.2200, 0.0800, 0.0400, 0.0100, 0.0600, 0.0100]                                         | 8.2816   | 0.8800  | 0.8693 
11    | 13          | [97, 98, 99, 101, 102, 103, 104, 105, 106, 107, 108, 109, 110]                       | [0.0100, 0.0600, 0.0600, 0.1400, 0.0700, 0.0400, 0.2200, 0.0200, 0.0400, 0.0600, 0.0600, 0.1300, 0.0900]                                                 | 13.7556  | 0.8800  | 0.8929 
12    | 13          | [91, 93, 94, 95, 96, 97, 98, 99, 100, 101, 102, 103, 104]                            | [0.0200, 0.0300, 0.0200, 0.0700, 0.1400, 0.0600, 0.1400, 0.1400, 0.2300, 0.0500, 0.0400, 0.0300, 0.0300]                                                 | 7.1776   | 0.9200  | 0.8810 
13    | 15          | [93, 94, 95, 96, 97, 98, 100, 101, 103, 104, 105, 106, 107, 108, 109]                | [0.0100, 0.0500, 0.0800, 0.2300, 0.0600, 0.0200, 0.0100, 0.0800, 0.1400, 0.0300, 0.0600, 0.1300, 0.0300, 0.0500, 0.0200]                                 | 22.5436  | 0.8600  | 0.8917 
14    | 16          | [95, 97, 98, 99, 100, 101, 102, 103, 104, 109, 110, 112, 113, 114, 115, 116]         | [0.0400, 0.0800, 0.1000, 0.1400, 0.1100, 0.1400, 0.0300, 0.0800, 0.0200, 0.0100, 0.0400, 0.0900, 0.0500, 0.0100, 0.0500, 0.0100]                         | 36.4899  | 0.8600  | 0.9172 
15    | 10          | [96, 97, 98, 99, 100, 101, 102, 103, 104, 105]                                       | [0.0800, 0.0400, 0.1800, 0.1200, 0.2300, 0.2100, 0.0400, 0.0400, 0.0500, 0.0100]                                                                         | 4.1924   | 0.9200  | 0.8509 
16    | 14          | [92, 93, 94, 95, 96, 97, 98, 99, 100, 101, 102, 103, 104, 105]                       | [0.0400, 0.0100, 0.1100, 0.2500, 0.0400, 0.0400, 0.0500, 0.0400, 0.1600, 0.0700, 0.0900, 0.0500, 0.0300, 0.0200]                                         | 11.9500  | 0.9800  | 0.8828 
17    | 9           | [100, 101, 102, 103, 104, 105, 106, 107, 108]                                        | [0.0800, 0.0700, 0.0800, 0.0800, 0.2500, 0.1400, 0.2300, 0.0300, 0.0400]                                                                                 | 4.2736   | 0.8600  | 0.8469 
18    | 19          | [86, 87, 88, 89, 91, 92, 93, 96, 97, 98, 99, 100, 101, 102, 103, 104, 105, 106, 107] | [0.0200, 0.0400, 0.0600, 0.0600, 0.0400, 0.0100, 0.0300, 0.1000, 0.0500, 0.0100, 0.1100, 0.1400, 0.1300, 0.0600, 0.0400, 0.0200, 0.0300, 0.0400, 0.0100] | 31.1000  | 0.9200  | 0.9281 
19    | 12          | [89, 92, 93, 94, 95, 96, 97, 98, 99, 100, 101, 102]                                  | [0.0100, 0.0200, 0.0200, 0.0600, 0.1400, 0.1600, 0.0300, 0.0500, 0.1400, 0.2900, 0.0600, 0.0200]                                                         | 6.9644   | 0.8000  | 0.8477 
20    | 11          | [91, 92, 93, 94, 95, 96, 97, 103, 105, 106, 107]                                     | [0.0400, 0.0900, 0.1400, 0.2100, 0.2600, 0.1000, 0.0200, 0.0200, 0.0100, 0.0600, 0.0500]                                                                 | 18.5924  | 0.8800  | 0.8505 
21    | 10          | [97, 98, 100, 101, 102, 103, 104, 105, 106, 107]                                     | [0.0100, 0.0200, 0.1400, 0.0900, 0.2900, 0.1000, 0.1200, 0.0800, 0.1300, 0.0200]                                                                         | 4.6100   | 0.8600  | 0.8481 

[Per-locus summary - Population 2]
Locus | Num_Alleles | Alleles                                                                              | Frequencies                                                                                                                                              | Variance | Obs_Het | Exp_Het
------+-------------+--------------------------------------------------------------------------------------+----------------------------------------------------------------------------------------------------------------------------------------------------------+----------+---------+--------
1     | 15          | [91, 92, 93, 94, 95, 96, 97, 98, 99, 100, 101, 102, 103, 104, 105]                   | [0.0300, 0.0300, 0.0700, 0.1100, 0.1000, 0.0600, 0.0800, 0.0600, 0.0500, 0.0700, 0.0800, 0.1400, 0.0900, 0.0100, 0.0200]                                 | 14.1584  | 0.8800  | 0.9248 
2     | 13          | [94, 95, 96, 97, 98, 99, 100, 101, 102, 103, 104, 105, 106]                          | [0.0100, 0.0800, 0.2300, 0.1300, 0.0800, 0.0800, 0.0700, 0.0700, 0.0800, 0.0100, 0.0300, 0.1000, 0.0300]                                                 | 11.2475  | 0.9000  | 0.8917 
3     | 15          | [98, 99, 100, 101, 103, 104, 105, 106, 107, 108, 109, 110, 111, 112, 113]            | [0.0300, 0.0300, 0.0100, 0.1100, 0.0400, 0.0700, 0.1500, 0.0900, 0.0500, 0.1000, 0.1100, 0.0800, 0.0900, 0.0200, 0.0200]                                 | 13.9404  | 0.9000  | 0.9182 
4     | 11          | [93, 94, 95, 96, 97, 98, 99, 102, 103, 104, 105]                                     | [0.0100, 0.0300, 0.1000, 0.1500, 0.0500, 0.2300, 0.1100, 0.0100, 0.1600, 0.1100, 0.0400]                                                                 | 11.3251  | 0.9000  | 0.8683 
5     | 14          | [88, 89, 90, 91, 92, 94, 104, 105, 106, 107, 108, 109, 110, 111]                     | [0.0100, 0.0400, 0.0200, 0.0200, 0.0300, 0.0300, 0.0900, 0.1000, 0.1300, 0.1200, 0.1300, 0.1200, 0.1000, 0.0600]                                         | 38.6900  | 0.8600  | 0.9105 
6     | 10          | [95, 96, 97, 98, 99, 100, 101, 102, 103, 104]                                        | [0.0200, 0.0800, 0.0800, 0.2200, 0.0800, 0.2200, 0.2200, 0.0500, 0.0200, 0.0100]                                                                         | 3.6424   | 0.9400  | 0.8406 
7     | 12          | [93, 94, 95, 96, 97, 98, 99, 100, 101, 102, 103, 104]                                | [0.0700, 0.1300, 0.1500, 0.1000, 0.0400, 0.1000, 0.0900, 0.0700, 0.0500, 0.0200, 0.1400, 0.0400]                                                         | 11.6744  | 0.8800  | 0.9061 
8     | 14          | [98, 99, 100, 101, 102, 104, 105, 106, 107, 108, 113, 114, 115, 117]                 | [0.0100, 0.2000, 0.1400, 0.1400, 0.0500, 0.0500, 0.0500, 0.1000, 0.0800, 0.0300, 0.0700, 0.0200, 0.0100, 0.0500]                                         | 28.0364  | 0.8600  | 0.8970 
9     | 17          | [93, 94, 95, 96, 97, 98, 99, 100, 101, 102, 103, 104, 105, 106, 109, 111, 112]       | [0.0200, 0.0700, 0.1800, 0.2300, 0.0300, 0.0300, 0.0400, 0.0200, 0.0300, 0.0300, 0.0200, 0.1500, 0.0500, 0.0100, 0.0600, 0.0200, 0.0100]                 | 24.7731  | 0.8200  | 0.8830 
10    | 10          | [97, 98, 101, 102, 103, 104, 105, 106, 107, 108]                                     | [0.0200, 0.0600, 0.1500, 0.0600, 0.0400, 0.1300, 0.3800, 0.1100, 0.0400, 0.0100]                                                                         | 5.9875   | 0.7800  | 0.8012 
11    | 14          | [98, 99, 100, 101, 102, 103, 104, 105, 106, 107, 108, 109, 110, 111]                 | [0.0300, 0.0500, 0.0300, 0.1000, 0.0600, 0.0900, 0.1900, 0.0300, 0.0100, 0.1200, 0.0500, 0.1500, 0.0800, 0.0100]                                         | 12.3875  | 0.9600  | 0.9000 
12    | 13          | [92, 93, 94, 95, 96, 97, 98, 99, 100, 101, 102, 103, 104]                            | [0.0100, 0.0500, 0.0100, 0.0700, 0.1000, 0.1000, 0.2100, 0.1100, 0.1800, 0.0400, 0.0400, 0.0500, 0.0300]                                                 | 6.9576   | 0.8600  | 0.8861 
13    | 15          | [93, 94, 95, 96, 97, 98, 99, 100, 101, 103, 104, 105, 106, 107, 108]                 | [0.0300, 0.0900, 0.0800, 0.1400, 0.1000, 0.0600, 0.0300, 0.0200, 0.0500, 0.0600, 0.0300, 0.0700, 0.1300, 0.0700, 0.0400]                                 | 23.5931  | 0.9600  | 0.9240 
14    | 15          | [95, 97, 98, 99, 100, 101, 102, 103, 109, 110, 112, 113, 114, 115, 116]              | [0.0500, 0.0900, 0.0700, 0.1100, 0.1600, 0.1300, 0.0200, 0.1200, 0.0300, 0.0500, 0.0700, 0.0300, 0.0100, 0.0400, 0.0200]                                 | 34.4476  | 0.8600  | 0.9129 
15    | 10          | [96, 97, 98, 99, 100, 101, 102, 103, 104, 105]                                       | [0.1200, 0.0100, 0.1100, 0.1600, 0.2400, 0.2000, 0.0300, 0.0600, 0.0100, 0.0600]                                                                         | 5.1179   | 0.9000  | 0.8505 
16    | 12          | [92, 93, 94, 95, 96, 97, 99, 100, 101, 102, 103, 104]                                | [0.0200, 0.0200, 0.0900, 0.1900, 0.1800, 0.0600, 0.0200, 0.1600, 0.0900, 0.0200, 0.0400, 0.1100]                                                         | 11.8996  | 0.8000  | 0.8796 
17    | 10          | [99, 100, 101, 102, 103, 104, 105, 106, 107, 108]                                    | [0.0100, 0.0900, 0.0400, 0.0900, 0.1200, 0.2700, 0.1200, 0.1500, 0.0500, 0.0600]                                                                         | 4.6596   | 0.8800  | 0.8604 
18    | 19          | [86, 87, 88, 89, 91, 92, 93, 96, 97, 98, 99, 100, 101, 102, 103, 104, 105, 106, 107] | [0.0100, 0.0100, 0.0600, 0.0600, 0.0200, 0.0300, 0.0100, 0.0500, 0.0600, 0.0100, 0.1400, 0.2500, 0.1700, 0.0200, 0.0100, 0.0100, 0.0500, 0.0200, 0.0100] | 24.2184  | 0.8600  | 0.8792 
19    | 12          | [89, 92, 93, 94, 95, 96, 97, 98, 99, 100, 101, 102]                                  | [0.0100, 0.0300, 0.1100, 0.0200, 0.1500, 0.0300, 0.0500, 0.0500, 0.2200, 0.2400, 0.0500, 0.0400]                                                         | 8.5475   | 0.9200  | 0.8566 
20    | 11          | [91, 92, 93, 94, 95, 96, 97, 98, 105, 106, 107]                                      | [0.0500, 0.0700, 0.1000, 0.2800, 0.2600, 0.1100, 0.0500, 0.0100, 0.0100, 0.0500, 0.0100]                                                                 | 10.9856  | 0.8000  | 0.8275 
21    | 9           | [98, 100, 101, 102, 103, 104, 105, 106, 107]                                         | [0.0600, 0.1500, 0.1100, 0.3000, 0.0900, 0.0700, 0.0900, 0.1000, 0.0300]                                                                                 | 5.0400   | 0.8400  | 0.8483 
