
[Simulation Info]
simulation_id = sim_0000976
timestamp     = 20250428_075311
seed          = 945181
output_folder = /home/lejeunet/Bureau/simulations/Ref_table/sim_0000976

[Model Parameters]
pop_size           = 5137
num_loci           = 20
sample1_generation = 30
sample2_generation = 10
low_repeats        = 1
high_repeats       = 200
mutation_rate      = 0.001
recap_Ne           = 5137

[Sampling Design]
sample1_size_Ne  = 50
sample2_size_Ne  = 50
sample1_size_CMR = 50
sample2_size_CMR = 50

[Capture-Marquage-Recapture]
census_N   =  2601
MatchCount =  1

[Ne Estimates - One Sample - Decreasing critical values [0.050, 0.020, 0.010, 0+]]

[Linkage Desequilibrium]
LD_Ne_Pop1 = [3307.9, 2571.1, 7610.3, 7610.3]
LD_r2_Pop1 = [0.021377, 0.021406, 0.02132, 0.02132]
LD_Ne_Pop2 = [None, None, None, None]
LD_r2_Pop2 = [0.020517, 0.020769, 0.0208, 0.0208]

[Heterozygote excess]
HE_Neb_mean_Pop1        = [119318.7, 211.8, 301.2, 301.2]
HE_weighted_D_mean_Pop1 = [0.0, 0.00237, 0.00166, 0.00166]
HE_Neb_mean_Pop2        = [55.2, 60.7, 70.2, 70.2]
HE_weighted_D_mean_Pop2 = [0.00915, 0.0083, 0.00718, 0.00718]

[Molecular Coancestry]
Coan_Neb_n_Pop1 = 4773.1
Coan_f1_Pop1    = 0.0001
Coan_Neb_n_Pop2 = None
Coan_f1_Pop2    = -0.00559

[Ne Estimates - Temporal - Decreasing critical values (0.050, 0.020, 0.010, 0+)]

[Pollak]
P_Ne     = [-1282.5, -2349.2, -6147.4, -5517.2]
P_Fk     = [0.0161, 0.01787, 0.01919, 0.01909]
P_Fprime = [-0.0039, -0.00213, -0.00081, -0.00091]

[Nei/Tajima]
N_Ne     = [-1301.1, -2211.8, -4550.2, -4289.3]
N_Fc     = [0.01616, 0.01774, 0.0189, 0.01883]
N_Fprime = [-0.00384, -0.00226, -0.0011, -0.00117]

[Jorde/Ryman]
J_Ne     = [-2012.5, -3250.8, -3387.8, -3358.3]
J_Fs     = [0.01762, 0.01856, 0.01863, 0.01861]
J_Fprime = [-0.00248, -0.00154, -0.00148, -0.00149]

[Genetic Diversity - Heterozygosity]
mean_exp_het_pop1 = 0.7932
mean_obs_het_pop1 = 0.7943
mean_exp_het_pop2 = 0.8006
mean_obs_het_pop2 = 0.8095

[Genetic Diversity - Allele Counts]
mean_alleles_pop1 = 8.38
var_alleles_pop1  = 1.75
sum_alleles_pop1  = 176
mean_alleles_pop2 = 9.29
var_alleles_pop2  = 2.75
sum_alleles_pop2  = 390

[Genetic Diversity - Allelic Size Variance]
var_allele_size_pop1 = 5.1277
var_allele_size_pop2 = 4.8217

[Per-locus summary - Population 1]
Locus | Num_Alleles | Alleles                                          | Frequencies                                                                                      | Variance | Obs_Het | Exp_Het
------+-------------+--------------------------------------------------+--------------------------------------------------------------------------------------------------+----------+---------+--------
1     | 6           | [99, 100, 101, 102, 103, 104]                    | [0.0200, 0.2800, 0.2500, 0.2500, 0.1500, 0.0500]                                                 | 1.5156   | 0.8400  | 0.7790 
2     | 12          | [80, 81, 82, 83, 84, 85, 86, 87, 88, 92, 93, 97] | [0.0100, 0.0100, 0.1900, 0.1900, 0.1300, 0.1200, 0.1800, 0.0800, 0.0300, 0.0300, 0.0100, 0.0200] | 8.7259   | 0.9200  | 0.8638 
3     | 8           | [98, 99, 100, 101, 102, 103, 104, 105]           | [0.0100, 0.0500, 0.1700, 0.1400, 0.2500, 0.1600, 0.1200, 0.1000]                                 | 2.9691   | 0.7800  | 0.8448 
4     | 7           | [96, 97, 98, 99, 100, 101, 102]                  | [0.0900, 0.1400, 0.1200, 0.1100, 0.4300, 0.0900, 0.0200]                                         | 2.4600   | 0.7000  | 0.7600 
5     | 10          | [94, 95, 96, 97, 98, 99, 101, 102, 104, 108]     | [0.2200, 0.1800, 0.2900, 0.0900, 0.0100, 0.0100, 0.0600, 0.0800, 0.0100, 0.0500]                 | 12.5396  | 0.8600  | 0.8224 
6     | 8           | [94, 96, 97, 98, 99, 100, 101, 102]              | [0.0700, 0.0900, 0.4300, 0.2800, 0.0400, 0.0600, 0.0200, 0.0100]                                 | 2.1331   | 0.7400  | 0.7252 
7     | 8           | [95, 96, 97, 98, 99, 100, 104, 105]              | [0.1000, 0.1500, 0.1200, 0.3400, 0.2300, 0.0200, 0.0100, 0.0300]                                 | 3.7276   | 0.6800  | 0.7911 
8     | 10          | [89, 90, 91, 92, 93, 94, 95, 96, 97, 98]         | [0.0900, 0.1100, 0.1100, 0.0600, 0.3400, 0.1100, 0.0100, 0.0400, 0.1100, 0.0200]                 | 5.6676   | 0.8400  | 0.8305 
9     | 8           | [88, 89, 90, 91, 92, 93, 103, 118]               | [0.0200, 0.2300, 0.4300, 0.1200, 0.1100, 0.0200, 0.0500, 0.0200]                                 | 23.3844  | 0.7600  | 0.7394 
10    | 9           | [93, 94, 95, 96, 97, 98, 100, 101, 102]          | [0.0300, 0.1300, 0.2700, 0.1700, 0.2900, 0.0100, 0.0300, 0.0500, 0.0200]                         | 3.8076   | 0.8200  | 0.8004 
11    | 9           | [94, 95, 96, 97, 98, 99, 100, 101, 102]          | [0.0200, 0.0100, 0.0300, 0.1600, 0.1800, 0.3100, 0.2700, 0.0100, 0.0100]                         | 1.9819   | 0.8400  | 0.7792 
12    | 7           | [87, 88, 89, 90, 91, 92, 97]                     | [0.0500, 0.2900, 0.2200, 0.1100, 0.2300, 0.0800, 0.0200]                                         | 3.1836   | 0.8400  | 0.8012 
13    | 9           | [100, 101, 102, 103, 104, 105, 106, 107, 108]    | [0.0800, 0.0200, 0.0800, 0.1700, 0.2800, 0.2600, 0.0600, 0.0100, 0.0400]                         | 3.1604   | 0.7600  | 0.8147 
14    | 7           | [96, 97, 98, 99, 100, 101, 102]                  | [0.0400, 0.2000, 0.3900, 0.2100, 0.1200, 0.0200, 0.0200]                                         | 1.4539   | 0.7000  | 0.7546 
15    | 9           | [95, 96, 97, 98, 99, 100, 101, 103, 109]         | [0.0200, 0.0800, 0.1200, 0.3700, 0.2100, 0.0800, 0.0900, 0.0100, 0.0200]                         | 4.3051   | 0.8000  | 0.7907 
16    | 8           | [99, 100, 101, 102, 103, 104, 106, 107]          | [0.0100, 0.0600, 0.1800, 0.3500, 0.2900, 0.0900, 0.0100, 0.0100]                                 | 1.5171   | 0.7200  | 0.7566 
17    | 8           | [88, 98, 99, 100, 101, 102, 106, 108]            | [0.0100, 0.0400, 0.2900, 0.2200, 0.2700, 0.0400, 0.0300, 0.1000]                                 | 9.0944   | 0.8800  | 0.7883 
18    | 7           | [91, 92, 93, 94, 95, 96, 98]                     | [0.1300, 0.1600, 0.2200, 0.3200, 0.0700, 0.0900, 0.0100]                                         | 2.2104   | 0.7400  | 0.8016 
19    | 9           | [97, 98, 99, 100, 101, 102, 103, 104, 108]       | [0.0100, 0.1900, 0.1600, 0.2500, 0.1300, 0.1900, 0.0500, 0.0100, 0.0100]                         | 3.1059   | 0.8200  | 0.8283 
20    | 9           | [96, 98, 99, 100, 101, 102, 103, 104, 109]       | [0.0500, 0.0300, 0.0700, 0.2100, 0.3400, 0.0500, 0.1500, 0.0800, 0.0200]                         | 4.6564   | 0.8200  | 0.8083 
21    | 8           | [100, 107, 110, 111, 112, 113, 114, 115]         | [0.0300, 0.0300, 0.0800, 0.1700, 0.3800, 0.2000, 0.1000, 0.0100]                                 | 6.0819   | 0.8200  | 0.7762 

[Per-locus summary - Population 2]
Locus | Num_Alleles | Alleles                                                     | Frequencies                                                                                              | Variance | Obs_Het | Exp_Het
------+-------------+-------------------------------------------------------------+----------------------------------------------------------------------------------------------------------+----------+---------+--------
1     | 6           | [99, 100, 101, 102, 103, 104]                               | [0.0400, 0.3000, 0.2600, 0.2100, 0.1400, 0.0500]                                                         | 1.6124   | 0.6800  | 0.7824 
2     | 10          | [81, 82, 83, 84, 85, 86, 87, 88, 92, 96]                    | [0.0400, 0.1600, 0.2000, 0.1100, 0.1700, 0.1300, 0.1200, 0.0200, 0.0300, 0.0200]                         | 7.5859   | 0.9000  | 0.8675 
3     | 9           | [98, 99, 100, 101, 102, 103, 104, 105, 106]                 | [0.0100, 0.0600, 0.1100, 0.1400, 0.2400, 0.1700, 0.1400, 0.1200, 0.0100]                                 | 3.1771   | 0.8000  | 0.8525 
4     | 6           | [96, 97, 98, 99, 100, 101]                                  | [0.1300, 0.1100, 0.0800, 0.2200, 0.3200, 0.1400]                                                         | 2.5619   | 0.6800  | 0.8022 
5     | 13          | [94, 95, 96, 97, 98, 99, 100, 101, 102, 103, 104, 108, 109] | [0.1300, 0.1900, 0.2800, 0.0800, 0.0200, 0.0100, 0.0200, 0.0400, 0.1500, 0.0200, 0.0300, 0.0200, 0.0100] | 12.4931  | 0.8600  | 0.8438 
6     | 9           | [93, 94, 95, 96, 97, 98, 99, 100, 101]                      | [0.0200, 0.0400, 0.0200, 0.1500, 0.4200, 0.1800, 0.0700, 0.0900, 0.0100]                                 | 2.2824   | 0.7000  | 0.7608 
7     | 7           | [95, 96, 97, 98, 99, 103, 104]                              | [0.0900, 0.1300, 0.1900, 0.4000, 0.1500, 0.0200, 0.0200]                                                 | 2.7675   | 0.7000  | 0.7632 
8     | 10          | [89, 90, 91, 92, 93, 94, 95, 96, 97, 98]                    | [0.1300, 0.2000, 0.0800, 0.0800, 0.2000, 0.1500, 0.0400, 0.0300, 0.0600, 0.0300]                         | 6.1475   | 0.9400  | 0.8695 
9     | 10          | [87, 88, 89, 90, 91, 92, 93, 103, 104, 116]                 | [0.0200, 0.0400, 0.1300, 0.4200, 0.2100, 0.1000, 0.0400, 0.0200, 0.0100, 0.0100]                         | 12.6936  | 0.8400  | 0.7560 
10    | 9           | [93, 94, 95, 96, 97, 98, 100, 101, 102]                     | [0.0200, 0.0500, 0.2600, 0.2500, 0.3100, 0.0300, 0.0300, 0.0300, 0.0200]                                 | 2.9044   | 0.7600  | 0.7756 
11    | 9           | [92, 94, 96, 97, 98, 99, 100, 101, 103]                     | [0.0100, 0.0200, 0.0700, 0.2300, 0.1300, 0.2300, 0.2800, 0.0200, 0.0100]                                 | 2.8179   | 0.7400  | 0.8010 
12    | 9           | [86, 87, 88, 89, 90, 91, 92, 97, 98]                        | [0.0100, 0.0300, 0.2400, 0.2400, 0.1200, 0.2300, 0.1000, 0.0100, 0.0200]                                 | 3.9939   | 0.8600  | 0.8141 
13    | 10          | [99, 100, 101, 102, 103, 104, 105, 106, 107, 108]           | [0.0100, 0.0800, 0.0700, 0.0800, 0.1500, 0.2600, 0.2400, 0.0300, 0.0100, 0.0700]                         | 4.1216   | 0.8400  | 0.8370 
14    | 8           | [96, 97, 98, 99, 100, 101, 102, 104]                        | [0.0100, 0.1700, 0.4100, 0.2500, 0.1000, 0.0400, 0.0100, 0.0100]                                         | 1.5096   | 0.8400  | 0.7360 
15    | 9           | [95, 96, 97, 98, 99, 100, 101, 106, 109]                    | [0.0200, 0.0700, 0.1500, 0.3100, 0.2900, 0.0800, 0.0600, 0.0100, 0.0100]                                 | 3.3891   | 0.8600  | 0.7897 
16    | 7           | [99, 100, 101, 102, 103, 104, 105]                          | [0.0200, 0.0500, 0.3200, 0.2400, 0.2800, 0.0500, 0.0400]                                                 | 1.5396   | 0.7600  | 0.7622 
17    | 11          | [88, 89, 98, 99, 100, 101, 102, 103, 106, 107, 108]         | [0.0200, 0.0100, 0.0500, 0.1900, 0.1200, 0.3500, 0.0800, 0.0100, 0.0200, 0.0100, 0.1400]                 | 13.9459  | 0.8600  | 0.8054 
18    | 8           | [90, 91, 92, 93, 94, 95, 96, 100]                           | [0.0100, 0.1300, 0.1300, 0.1900, 0.3800, 0.0600, 0.0900, 0.0100]                                         | 2.4836   | 0.8200  | 0.7816 
19    | 9           | [98, 99, 100, 101, 102, 103, 104, 105, 108]                 | [0.1900, 0.1600, 0.2200, 0.1900, 0.1700, 0.0200, 0.0300, 0.0100, 0.0100]                                 | 3.2500   | 0.8400  | 0.8317 
20    | 9           | [97, 98, 99, 100, 101, 102, 103, 104, 109]                  | [0.0100, 0.0600, 0.0700, 0.2200, 0.3500, 0.1000, 0.1000, 0.0600, 0.0300]                                 | 4.1404   | 0.8600  | 0.8040 
21    | 9           | [100, 107, 110, 111, 112, 113, 114, 115, 116]               | [0.0300, 0.0100, 0.0700, 0.2300, 0.3400, 0.2300, 0.0500, 0.0300, 0.0100]                                 | 5.8376   | 0.8600  | 0.7770 
