
[Simulation Info]
simulation_id = sim_0005720
timestamp     = 20250428_093916
seed          = 653244
output_folder = /home/lejeunet/Bureau/simulations/Ref_table/sim_0005720

[Model Parameters]
pop_size           = 1753
num_loci           = 20
sample1_generation = 30
sample2_generation = 10
low_repeats        = 1
high_repeats       = 200
mutation_rate      = 0.001
recap_Ne           = 1753

[Sampling Design]
sample1_size_Ne  = 50
sample2_size_Ne  = 50
sample1_size_CMR = 50
sample2_size_CMR = 50

[Capture-Marquage-Recapture]
census_N   =  650
MatchCount =  4

[Ne Estimates - One Sample - Decreasing critical values [0.050, 0.020, 0.010, 0+]]

[Linkage Desequilibrium]
LD_Ne_Pop1 = [None, None, None, None]
LD_r2_Pop1 = [0.021028, 0.021057, 0.020869, 0.020869]
LD_Ne_Pop2 = [411.0, 485.4, 683.6, 683.6]
LD_r2_Pop2 = [0.022083, 0.02196, 0.021762, 0.021762]

[Heterozygote excess]
HE_Neb_mean_Pop1        = [None, 322.4, 374.4, 374.4]
HE_weighted_D_mean_Pop1 = [-0.0013, 0.00155, 0.00134, 0.00134]
HE_Neb_mean_Pop2        = [None, None, None, None]
HE_weighted_D_mean_Pop2 = [-0.01504, -0.00667, -0.00667, -0.00667]

[Molecular Coancestry]
Coan_Neb_n_Pop1 = None
Coan_f1_Pop1    = -0.01882
Coan_Neb_n_Pop2 = 14.6
Coan_f1_Pop2    = 0.03421

[Ne Estimates - Temporal - Decreasing critical values (0.050, 0.020, 0.010, 0+)]

[Pollak]
P_Ne     = [996.6, 981.5, 1059.1, 1097.6]
P_Fk     = [0.02502, 0.02509, 0.02472, 0.02456]
P_Fprime = [0.00502, 0.00509, 0.00472, 0.00456]

[Nei/Tajima]
N_Ne     = [1150.5, 1124.6, 1208.6, 1248.0]
N_Fc     = [0.02435, 0.02445, 0.02414, 0.02401]
N_Fprime = [0.00435, 0.00445, 0.00414, 0.00401]

[Jorde/Ryman]
J_Ne     = [1501.2, 1503.5, 1509.8, 1510.0]
J_Fs     = [0.02343, 0.02343, 0.02341, 0.02341]
J_Fprime = [0.00333, 0.00333, 0.00331, 0.00331]

[Genetic Diversity - Heterozygosity]
mean_exp_het_pop1 = 0.7439
mean_obs_het_pop1 = 0.741
mean_exp_het_pop2 = 0.7445
mean_obs_het_pop2 = 0.7324

[Genetic Diversity - Allele Counts]
mean_alleles_pop1 = 6.57
var_alleles_pop1  = 2.06
sum_alleles_pop1  = 138
mean_alleles_pop2 = 6.86
var_alleles_pop2  = 2.56
sum_alleles_pop2  = 288

[Genetic Diversity - Allelic Size Variance]
var_allele_size_pop1 = 2.4756
var_allele_size_pop2 = 2.5619

[Per-locus summary - Population 1]
Locus | Num_Alleles | Alleles                                      | Frequencies                                                                      | Variance | Obs_Het | Exp_Het
------+-------------+----------------------------------------------+----------------------------------------------------------------------------------+----------+---------+--------
1     | 6           | [96, 97, 98, 99, 100, 102]                   | [0.0200, 0.1100, 0.2500, 0.2600, 0.3300, 0.0300]                                 | 1.4579   | 0.6600  | 0.7551 
2     | 5           | [98, 99, 100, 101, 102]                      | [0.0300, 0.2500, 0.2000, 0.3200, 0.2000]                                         | 1.3219   | 0.7000  | 0.7618 
3     | 9           | [97, 98, 99, 100, 101, 102, 103, 104, 106]   | [0.0300, 0.0600, 0.2000, 0.2500, 0.1800, 0.0200, 0.0700, 0.0400, 0.1500]         | 6.4736   | 0.8400  | 0.8396 
4     | 5           | [97, 99, 100, 101, 102]                      | [0.0900, 0.0700, 0.1900, 0.4500, 0.2000]                                         | 1.8699   | 0.8000  | 0.7156 
5     | 7           | [98, 99, 100, 101, 102, 103, 104]            | [0.0900, 0.1500, 0.1100, 0.2800, 0.2800, 0.0500, 0.0400]                         | 2.3276   | 0.8600  | 0.8044 
6     | 6           | [98, 99, 100, 101, 102, 103]                 | [0.2800, 0.0800, 0.2100, 0.2000, 0.1700, 0.0600]                                 | 2.6136   | 0.8200  | 0.8067 
7     | 5           | [101, 102, 103, 104, 106]                    | [0.0600, 0.0600, 0.2300, 0.6400, 0.0100]                                         | 0.7899   | 0.5800  | 0.5356 
8     | 8           | [98, 99, 100, 101, 102, 103, 104, 105]       | [0.0700, 0.2400, 0.1400, 0.2000, 0.0900, 0.0400, 0.1200, 0.1000]                 | 4.6500   | 0.8800  | 0.8523 
9     | 10          | [94, 95, 96, 97, 98, 99, 100, 101, 102, 103] | [0.0500, 0.0100, 0.0400, 0.1300, 0.0600, 0.0600, 0.3500, 0.2600, 0.0300, 0.0100] | 4.0971   | 0.7800  | 0.7885 
10    | 5           | [96, 97, 98, 99, 100]                        | [0.2100, 0.0800, 0.2700, 0.2800, 0.1600]                                         | 1.8300   | 0.8200  | 0.7804 
11    | 8           | [95, 96, 97, 98, 99, 100, 101, 102]          | [0.0100, 0.1200, 0.2200, 0.1700, 0.1600, 0.0500, 0.2600, 0.0100]                 | 3.3019   | 0.7800  | 0.8206 
12    | 8           | [95, 97, 98, 99, 100, 101, 102, 103]         | [0.0100, 0.1200, 0.1500, 0.1000, 0.3600, 0.1100, 0.1300, 0.0200]                 | 2.6956   | 0.7400  | 0.8020 
13    | 6           | [97, 98, 99, 100, 101, 102]                  | [0.0400, 0.1200, 0.2100, 0.2300, 0.3800, 0.0200]                                 | 1.4875   | 0.7600  | 0.7497 
14    | 5           | [98, 99, 100, 101, 102]                      | [0.0100, 0.2100, 0.3800, 0.2800, 0.1200]                                         | 0.9259   | 0.7800  | 0.7259 
15    | 6           | [100, 101, 102, 103, 104, 105]               | [0.0700, 0.0500, 0.2100, 0.5900, 0.0600, 0.0200]                                 | 1.0036   | 0.5400  | 0.6024 
16    | 8           | [97, 98, 99, 100, 102, 103, 104, 105]        | [0.0700, 0.1000, 0.4300, 0.0700, 0.0100, 0.0700, 0.1300, 0.1200]                 | 6.9499   | 0.6800  | 0.7667 
17    | 6           | [96, 97, 98, 99, 100, 101]                   | [0.0100, 0.0600, 0.0500, 0.5800, 0.2900, 0.0100]                                 | 0.6979   | 0.6200  | 0.5790 
18    | 6           | [98, 99, 100, 101, 102, 104]                 | [0.0900, 0.0400, 0.3500, 0.4500, 0.0200, 0.0500]                                 | 1.5091   | 0.6600  | 0.6691 
19    | 6           | [96, 97, 98, 99, 100, 101]                   | [0.0200, 0.2200, 0.1300, 0.3200, 0.2200, 0.0900]                                 | 1.7171   | 0.7800  | 0.7832 
20    | 7           | [97, 98, 99, 100, 101, 102, 103]             | [0.0100, 0.1100, 0.1500, 0.0300, 0.1300, 0.4500, 0.1200]                         | 2.7099   | 0.6600  | 0.7380 
21    | 6           | [101, 102, 103, 104, 105, 106]               | [0.0600, 0.4100, 0.2100, 0.1900, 0.0900, 0.0400]                                 | 1.5584   | 0.8200  | 0.7459 

[Per-locus summary - Population 2]
Locus | Num_Alleles | Alleles                                         | Frequencies                                                                      | Variance | Obs_Het | Exp_Het
------+-------------+-------------------------------------------------+----------------------------------------------------------------------------------+----------+---------+--------
1     | 7           | [95, 96, 97, 98, 99, 100, 102]                  | [0.0100, 0.0200, 0.1200, 0.2900, 0.2200, 0.3100, 0.0300]                         | 1.6371   | 0.7400  | 0.7632 
2     | 5           | [98, 99, 100, 101, 102]                         | [0.0100, 0.2400, 0.2000, 0.3200, 0.2300]                                         | 1.2496   | 0.7800  | 0.7546 
3     | 10          | [97, 98, 99, 100, 101, 102, 103, 104, 105, 106] | [0.0200, 0.1000, 0.2700, 0.2100, 0.1300, 0.0200, 0.0300, 0.0300, 0.0400, 0.1500] | 7.3075   | 0.7600  | 0.8378 
4     | 5           | [97, 99, 100, 101, 102]                         | [0.1000, 0.1000, 0.2300, 0.4600, 0.1100]                                         | 1.8216   | 0.6600  | 0.7105 
5     | 7           | [98, 99, 100, 101, 102, 103, 104]               | [0.0700, 0.1200, 0.0700, 0.2600, 0.4200, 0.0300, 0.0300]                         | 1.9875   | 0.6800  | 0.7374 
6     | 6           | [98, 99, 100, 101, 102, 103]                    | [0.2200, 0.0200, 0.2100, 0.2600, 0.2600, 0.0300]                                 | 2.3019   | 0.8000  | 0.7788 
7     | 6           | [101, 102, 103, 104, 105, 106]                  | [0.0100, 0.0200, 0.3100, 0.6300, 0.0100, 0.0200]                                 | 0.4611   | 0.5600  | 0.5111 
8     | 8           | [98, 99, 100, 101, 102, 103, 104, 105]          | [0.1100, 0.3600, 0.0500, 0.1000, 0.0700, 0.0300, 0.2300, 0.0500]                 | 5.5336   | 0.8200  | 0.7925 
9     | 10          | [94, 95, 96, 97, 98, 99, 100, 101, 102, 103]    | [0.0100, 0.0100, 0.1300, 0.0300, 0.0200, 0.0900, 0.4100, 0.2000, 0.0800, 0.0200] | 3.6451   | 0.7200  | 0.7663 
10    | 5           | [96, 97, 98, 99, 100]                           | [0.1500, 0.1300, 0.3100, 0.2700, 0.1400]                                         | 1.5456   | 0.7800  | 0.7798 
11    | 7           | [96, 97, 98, 99, 100, 101, 102]                 | [0.1200, 0.1300, 0.1400, 0.1100, 0.1700, 0.3000, 0.0300]                         | 3.3700   | 0.8600  | 0.8255 
12    | 8           | [95, 96, 97, 98, 99, 100, 101, 102]             | [0.0100, 0.0600, 0.0800, 0.1000, 0.1400, 0.3800, 0.1800, 0.0500]                 | 2.5019   | 0.8000  | 0.7889 
13    | 5           | [97, 98, 99, 100, 101]                          | [0.0800, 0.1200, 0.2500, 0.2900, 0.2600]                                         | 1.4891   | 0.6600  | 0.7727 
14    | 6           | [98, 99, 100, 101, 102, 103]                    | [0.0400, 0.2500, 0.3000, 0.2800, 0.1100, 0.0200]                                 | 1.2571   | 0.6400  | 0.7626 
15    | 6           | [100, 101, 102, 103, 104, 105]                  | [0.0400, 0.0800, 0.2300, 0.4400, 0.1200, 0.0900]                                 | 1.3459   | 0.7400  | 0.7303 
16    | 9           | [96, 97, 98, 99, 100, 103, 104, 105, 106]       | [0.0100, 0.0800, 0.1200, 0.3800, 0.0400, 0.1200, 0.1300, 0.1100, 0.0100]         | 7.6619   | 0.8400  | 0.7976 
17    | 4           | [97, 98, 99, 100]                               | [0.1100, 0.0300, 0.5200, 0.3400]                                                 | 0.8019   | 0.6200  | 0.6071 
18    | 7           | [98, 99, 100, 101, 102, 103, 104]               | [0.0800, 0.0300, 0.4200, 0.3300, 0.0200, 0.0100, 0.1100]                         | 2.1875   | 0.7200  | 0.7018 
19    | 6           | [96, 97, 98, 99, 100, 101]                      | [0.0300, 0.1700, 0.2400, 0.3000, 0.1900, 0.0700]                                 | 1.5444   | 0.7600  | 0.7895 
20    | 7           | [97, 98, 99, 100, 101, 102, 103]                | [0.0100, 0.0900, 0.1600, 0.0300, 0.1200, 0.4500, 0.1400]                         | 2.6451   | 0.7800  | 0.7362 
21    | 7           | [100, 101, 102, 103, 104, 105, 106]             | [0.0100, 0.0900, 0.5100, 0.1400, 0.1300, 0.1100, 0.0100]                         | 1.5044   | 0.6600  | 0.6899 
