
[Simulation Info]
simulation_id = sim_0005674
timestamp     = 20250428_093804
seed          = 34855
output_folder = /home/lejeunet/Bureau/simulations/Ref_table/sim_0005674

[Model Parameters]
pop_size           = 5631
num_loci           = 20
sample1_generation = 30
sample2_generation = 10
low_repeats        = 1
high_repeats       = 200
mutation_rate      = 0.001
recap_Ne           = 5631

[Sampling Design]
sample1_size_Ne  = 50
sample2_size_Ne  = 50
sample1_size_CMR = 50
sample2_size_CMR = 50

[Capture-Marquage-Recapture]
census_N   =  2601
MatchCount =  1

[Ne Estimates - One Sample - Decreasing critical values [0.050, 0.020, 0.010, 0+]]

[Linkage Desequilibrium]
LD_Ne_Pop1 = [None, None, None, None]
LD_r2_Pop1 = [0.021099, 0.021042, 0.021096, 0.021096]
LD_Ne_Pop2 = [None, None, None, None]
LD_r2_Pop2 = [0.020168, 0.020488, 0.020649, 0.020649]

[Heterozygote excess]
HE_Neb_mean_Pop1        = [None, None, None, None]
HE_weighted_D_mean_Pop1 = [-0.00695, -0.00449, -0.00469, -0.00469]
HE_Neb_mean_Pop2        = [36.0, 47.1, 52.3, 52.3]
HE_weighted_D_mean_Pop2 = [0.01408, 0.01073, 0.00966, 0.00966]

[Molecular Coancestry]
Coan_Neb_n_Pop1 = 30.2
Coan_f1_Pop1    = 0.01655
Coan_Neb_n_Pop2 = 15533.7
Coan_f1_Pop2    = 3e-05

[Ne Estimates - Temporal - Decreasing critical values (0.050, 0.020, 0.010, 0+)]

[Pollak]
P_Ne     = [-19217.8, 2566.5, 2921.6, 3045.3]
P_Fk     = [0.01974, 0.02195, 0.02171, 0.02164]
P_Fprime = [-0.00026, 0.00195, 0.00171, 0.00164]

[Nei/Tajima]
N_Ne     = [-10152.7, 3336.0, 3854.2, 4025.5]
N_Fc     = [0.01951, 0.0215, 0.0213, 0.02124]
N_Fprime = [-0.00049, 0.0015, 0.0013, 0.00124]

[Jorde/Ryman]
J_Ne     = [-17400.8, 24434.4, 163657.2, 165492.6]
J_Fs     = [0.01981, 0.02031, 0.02013, 0.02013]
J_Fprime = [-0.00029, 0.0002, 3e-05, 3e-05]

[Genetic Diversity - Heterozygosity]
mean_exp_het_pop1 = 0.8525
mean_obs_het_pop1 = 0.8467
mean_exp_het_pop2 = 0.8478
mean_obs_het_pop2 = 0.8457

[Genetic Diversity - Allele Counts]
mean_alleles_pop1 = 10.33
var_alleles_pop1  = 5.03
sum_alleles_pop1  = 217
mean_alleles_pop2 = 11.19
var_alleles_pop2  = 4.89
sum_alleles_pop2  = 470

[Genetic Diversity - Allelic Size Variance]
var_allele_size_pop1 = 11.1266
var_allele_size_pop2 = 11.4781

[Per-locus summary - Population 1]
Locus | Num_Alleles | Alleles                                                            | Frequencies                                                                                                      | Variance | Obs_Het | Exp_Het
------+-------------+--------------------------------------------------------------------+------------------------------------------------------------------------------------------------------------------+----------+---------+--------
1     | 14          | [96, 97, 98, 99, 100, 101, 102, 103, 104, 106, 107, 108, 109, 110] | [0.0100, 0.0600, 0.2500, 0.0800, 0.0600, 0.0800, 0.0600, 0.0200, 0.0800, 0.0500, 0.0900, 0.0700, 0.0400, 0.0500] | 17.9531  | 0.8800  | 0.8964 
2     | 11          | [91, 92, 93, 94, 95, 96, 99, 100, 101, 102, 103]                   | [0.0700, 0.1000, 0.0500, 0.0900, 0.0300, 0.0400, 0.0100, 0.0700, 0.3800, 0.0900, 0.0700]                         | 17.0331  | 0.8000  | 0.8178 
3     | 11          | [93, 94, 95, 96, 97, 98, 99, 100, 101, 102, 103]                   | [0.0100, 0.1200, 0.1300, 0.0700, 0.1300, 0.1000, 0.0600, 0.1400, 0.1700, 0.0100, 0.0600]                         | 7.5600   | 0.9400  | 0.8899 
4     | 9           | [95, 96, 97, 98, 99, 100, 101, 102, 103]                           | [0.0600, 0.1000, 0.0800, 0.0400, 0.1700, 0.2600, 0.1700, 0.0600, 0.0600]                                         | 4.5816   | 0.8400  | 0.8543 
5     | 12          | [89, 90, 91, 92, 93, 96, 97, 98, 99, 100, 101, 102]                | [0.0900, 0.2200, 0.1900, 0.0500, 0.0100, 0.0500, 0.0900, 0.0500, 0.0800, 0.0700, 0.0700, 0.0300]                 | 19.3579  | 0.8800  | 0.8834 
6     | 10          | [96, 97, 98, 99, 100, 101, 102, 103, 104, 105]                     | [0.0700, 0.0300, 0.0400, 0.2100, 0.1100, 0.0100, 0.0700, 0.1500, 0.2100, 0.1000]                                 | 7.6216   | 0.9200  | 0.8634 
7     | 8           | [99, 100, 101, 102, 103, 104, 105, 106]                            | [0.0200, 0.0400, 0.1500, 0.1800, 0.1800, 0.2300, 0.0700, 0.1300]                                                 | 3.1336   | 0.8400  | 0.8444 
8     | 8           | [96, 97, 98, 99, 100, 101, 102, 103]                               | [0.0500, 0.0900, 0.0300, 0.1400, 0.4400, 0.0500, 0.1800, 0.0200]                                                 | 2.7800   | 0.7200  | 0.7475 
9     | 7           | [99, 100, 101, 102, 106, 107, 108]                                 | [0.0600, 0.3200, 0.2400, 0.0100, 0.1400, 0.1200, 0.1100]                                                         | 10.6824  | 0.7800  | 0.7982 
10    | 7           | [94, 103, 104, 105, 106, 107, 108]                                 | [0.0200, 0.1900, 0.1800, 0.2600, 0.2200, 0.1000, 0.0300]                                                         | 4.1771   | 0.7800  | 0.8123 
11    | 12          | [91, 92, 93, 94, 95, 96, 97, 104, 105, 106, 107, 108]              | [0.0300, 0.0300, 0.0500, 0.1000, 0.0800, 0.1100, 0.0500, 0.0500, 0.2600, 0.1900, 0.0400, 0.0100]                 | 31.0475  | 0.8400  | 0.8655 
12    | 11          | [95, 96, 97, 98, 99, 100, 101, 102, 103, 104, 106]                 | [0.1000, 0.0400, 0.1000, 0.0900, 0.0700, 0.0700, 0.1700, 0.2100, 0.1100, 0.0300, 0.0100]                         | 7.2979   | 0.9200  | 0.8832 
13    | 11          | [104, 105, 106, 107, 108, 109, 110, 112, 113, 114, 116]            | [0.0200, 0.1400, 0.0700, 0.2100, 0.0700, 0.1700, 0.1200, 0.1400, 0.0100, 0.0400, 0.0100]                         | 7.0499   | 0.8800  | 0.8701 
14    | 12          | [93, 94, 95, 96, 97, 98, 99, 101, 102, 103, 104, 105]              | [0.1200, 0.2500, 0.1500, 0.0300, 0.0100, 0.0100, 0.0300, 0.2300, 0.1000, 0.0400, 0.0200, 0.0100]                 | 14.0179  | 0.8400  | 0.8420 
15    | 11          | [97, 98, 99, 100, 101, 102, 103, 105, 107, 108, 109]               | [0.0100, 0.0700, 0.1300, 0.0800, 0.0400, 0.0300, 0.1400, 0.0100, 0.1400, 0.2700, 0.0800]                         | 15.7331  | 0.7600  | 0.8592 
16    | 14          | [94, 95, 96, 97, 98, 99, 104, 105, 106, 107, 108, 109, 110, 111]   | [0.0100, 0.0100, 0.0700, 0.1400, 0.0400, 0.0600, 0.0700, 0.0600, 0.0200, 0.0400, 0.0400, 0.1300, 0.2000, 0.1100] | 32.5371  | 0.9000  | 0.8980 
17    | 7           | [91, 92, 93, 94, 95, 96, 97]                                       | [0.0600, 0.1800, 0.0400, 0.1300, 0.2400, 0.2100, 0.1400]                                                         | 3.3900   | 0.8400  | 0.8325 
18    | 8           | [89, 90, 91, 92, 93, 94, 95, 96]                                   | [0.0400, 0.1000, 0.2500, 0.1700, 0.1300, 0.2500, 0.0500, 0.0100]                                                 | 2.6875   | 0.7800  | 0.8232 
19    | 9           | [93, 94, 95, 96, 97, 98, 99, 100, 101]                             | [0.0100, 0.0500, 0.0900, 0.2600, 0.1100, 0.1500, 0.2000, 0.0500, 0.0800]                                         | 3.7579   | 0.8000  | 0.8467 
20    | 12          | [98, 99, 100, 101, 102, 103, 104, 105, 106, 107, 108, 109]         | [0.0500, 0.1200, 0.0300, 0.0100, 0.1700, 0.0800, 0.1200, 0.0100, 0.0500, 0.1900, 0.1500, 0.0200]                 | 10.9419  | 0.9200  | 0.8796 
21    | 13          | [95, 96, 97, 98, 99, 100, 101, 102, 103, 104, 105, 106, 107]       | [0.0500, 0.0200, 0.0900, 0.1200, 0.1400, 0.1300, 0.0400, 0.0100, 0.1900, 0.0400, 0.0700, 0.0900, 0.0100]         | 10.3171  | 0.9200  | 0.8945 

[Per-locus summary - Population 2]
Locus | Num_Alleles | Alleles                                                                    | Frequencies                                                                                                                      | Variance | Obs_Het | Exp_Het
------+-------------+----------------------------------------------------------------------------+----------------------------------------------------------------------------------------------------------------------------------+----------+---------+--------
1     | 15          | [96, 97, 98, 99, 100, 101, 102, 103, 104, 105, 106, 107, 108, 109, 110]    | [0.0400, 0.0900, 0.2800, 0.0300, 0.0500, 0.0600, 0.0400, 0.0300, 0.0700, 0.0200, 0.0400, 0.0900, 0.1000, 0.0100, 0.0500]         | 19.3475  | 0.8600  | 0.8836 
2     | 11          | [91, 92, 93, 94, 95, 96, 99, 100, 101, 102, 103]                           | [0.0300, 0.1300, 0.1000, 0.0600, 0.0500, 0.0500, 0.0100, 0.1500, 0.2700, 0.1000, 0.0500]                                         | 16.1059  | 0.9000  | 0.8642 
3     | 11          | [93, 94, 95, 96, 97, 98, 99, 100, 101, 102, 103]                           | [0.0600, 0.2100, 0.2000, 0.0800, 0.0700, 0.0800, 0.0200, 0.0400, 0.1900, 0.0100, 0.0400]                                         | 8.9764   | 0.8600  | 0.8634 
4     | 10          | [95, 96, 97, 98, 99, 100, 101, 102, 103, 104]                              | [0.0200, 0.1100, 0.0800, 0.0100, 0.1500, 0.2800, 0.1500, 0.1100, 0.0800, 0.0100]                                                 | 4.5500   | 0.8400  | 0.8475 
5     | 11          | [88, 89, 90, 91, 96, 97, 98, 99, 100, 101, 102]                            | [0.0100, 0.1500, 0.3100, 0.1500, 0.0300, 0.0500, 0.0300, 0.1100, 0.1000, 0.0500, 0.0100]                                         | 20.5619  | 0.8400  | 0.8382 
6     | 10          | [96, 97, 98, 99, 100, 101, 102, 103, 104, 105]                             | [0.0500, 0.0200, 0.0800, 0.3200, 0.1000, 0.0200, 0.0900, 0.0600, 0.1400, 0.1200]                                                 | 7.1400   | 0.8400  | 0.8406 
7     | 11          | [98, 99, 100, 101, 102, 103, 104, 105, 106, 107, 108]                      | [0.0400, 0.0400, 0.0300, 0.1100, 0.2600, 0.1500, 0.1900, 0.0200, 0.1400, 0.0100, 0.0100]                                         | 4.5139   | 0.8200  | 0.8459 
8     | 8           | [96, 97, 98, 99, 100, 101, 102, 103]                                       | [0.0200, 0.1700, 0.0200, 0.1800, 0.3900, 0.1100, 0.0800, 0.0300]                                                                 | 2.6075   | 0.7600  | 0.7741 
9     | 11          | [99, 100, 101, 102, 103, 105, 106, 107, 108, 109, 111]                     | [0.0300, 0.4300, 0.2000, 0.0100, 0.0100, 0.0200, 0.0800, 0.0600, 0.1200, 0.0300, 0.0100]                                         | 11.4464  | 0.6600  | 0.7558 
10    | 9           | [94, 95, 102, 103, 104, 105, 106, 107, 108]                                | [0.0400, 0.0100, 0.0300, 0.1800, 0.1500, 0.2800, 0.1700, 0.1100, 0.0300]                                                         | 7.4244   | 0.8400  | 0.8305 
11    | 12          | [91, 92, 93, 94, 95, 96, 97, 98, 104, 105, 106, 107]                       | [0.0600, 0.0300, 0.1000, 0.0800, 0.0600, 0.0600, 0.0700, 0.0500, 0.0400, 0.2200, 0.1800, 0.0500]                                 | 32.9056  | 0.9000  | 0.8885 
12    | 11          | [94, 95, 96, 97, 98, 99, 100, 101, 102, 103, 104]                          | [0.0200, 0.0700, 0.0200, 0.0400, 0.0900, 0.1300, 0.0500, 0.2500, 0.1600, 0.0900, 0.0800]                                         | 6.5876   | 0.9200  | 0.8713 
13    | 13          | [104, 105, 106, 107, 108, 109, 110, 111, 112, 113, 114, 116, 117]          | [0.0600, 0.1000, 0.0600, 0.2600, 0.0900, 0.1800, 0.1200, 0.0200, 0.0700, 0.0100, 0.0100, 0.0100, 0.0100]                         | 6.3656   | 0.9400  | 0.8632 
14    | 12          | [93, 94, 95, 96, 98, 99, 100, 101, 102, 103, 104, 105]                     | [0.0200, 0.2100, 0.1700, 0.0300, 0.0100, 0.0300, 0.0200, 0.2200, 0.1500, 0.0900, 0.0400, 0.0100]                                 | 13.8436  | 0.9200  | 0.8521 
15    | 12          | [98, 99, 100, 101, 102, 103, 104, 106, 107, 108, 109, 110]                 | [0.0300, 0.1500, 0.1200, 0.0400, 0.0100, 0.1300, 0.0200, 0.0400, 0.0600, 0.2800, 0.1100, 0.0100]                                 | 15.4739  | 0.8400  | 0.8560 
16    | 16          | [94, 95, 96, 97, 98, 99, 100, 104, 105, 106, 107, 108, 109, 110, 111, 112] | [0.0300, 0.0300, 0.0700, 0.1400, 0.0200, 0.0600, 0.0100, 0.0600, 0.0600, 0.0100, 0.0700, 0.0500, 0.1300, 0.1800, 0.0600, 0.0200] | 34.5771  | 0.9200  | 0.9107 
17    | 8           | [91, 92, 93, 94, 95, 96, 97, 98]                                           | [0.0200, 0.1700, 0.0500, 0.0700, 0.3000, 0.2000, 0.1700, 0.0200]                                                                 | 3.1544   | 0.7000  | 0.8121 
18    | 7           | [89, 90, 91, 92, 93, 94, 95]                                               | [0.0500, 0.0400, 0.2700, 0.1300, 0.2500, 0.2200, 0.0400]                                                                         | 2.2739   | 0.7600  | 0.8016 
19    | 9           | [93, 94, 95, 96, 97, 98, 99, 100, 101]                                     | [0.0200, 0.1000, 0.1100, 0.1700, 0.0800, 0.1500, 0.2600, 0.0700, 0.0400]                                                         | 4.2171   | 0.8600  | 0.8541 
20    | 11          | [98, 99, 100, 101, 102, 103, 104, 105, 106, 107, 108]                      | [0.0200, 0.1300, 0.0200, 0.0700, 0.1600, 0.1000, 0.1000, 0.0400, 0.0600, 0.1200, 0.1800]                                         | 9.8424   | 0.9400  | 0.8887 
21    | 12          | [95, 96, 97, 98, 99, 100, 101, 102, 103, 104, 105, 106]                    | [0.0500, 0.0100, 0.1500, 0.1400, 0.0600, 0.1500, 0.0200, 0.0400, 0.2600, 0.0400, 0.0100, 0.0700]                                 | 9.1251   | 0.8400  | 0.8616 
