
[Simulation Info]
simulation_id = sim_0012079
timestamp     = 20250429_094118
seed          = 626457
output_folder = /home/lejeunet/Bureau/simulations/Ref_table/sim_0012079

[Model Parameters]
pop_size           = 3051
num_loci           = 20
sample1_generation = 30
sample2_generation = 10
low_repeats        = 1
high_repeats       = 200
mutation_rate      = 0.001
recap_Ne           = 3051

[Sampling Design]
sample1_size_Ne  = 50
sample2_size_Ne  = 50
sample1_size_CMR = 50
sample2_size_CMR = 50

[Capture-Marquage-Recapture]
census_N   =  2601
MatchCount =  1

[Ne Estimates - One Sample - Decreasing critical values [0.050, 0.020, 0.010, 0+]]

[Linkage Desequilibrium]
LD_Ne_Pop1 = [1415.2, 896.3, 2665.4, 2665.4]
LD_r2_Pop1 = [0.021511, 0.021647, 0.021401, 0.021401]
LD_Ne_Pop2 = [None, None, None, None]
LD_r2_Pop2 = [0.02062, 0.020594, 0.020593, 0.020593]

[Heterozygote excess]
HE_Neb_mean_Pop1        = [50.9, 104.6, 118.8, 118.8]
HE_weighted_D_mean_Pop1 = [0.00992, 0.0048, 0.00423, 0.00423]
HE_Neb_mean_Pop2        = [None, None, None, None]
HE_weighted_D_mean_Pop2 = [-0.00425, -0.00589, -0.006, -0.006]

[Molecular Coancestry]
Coan_Neb_n_Pop1 = 741.5
Coan_f1_Pop1    = 0.00067
Coan_Neb_n_Pop2 = None
Coan_f1_Pop2    = -0.00605

[Ne Estimates - Temporal - Decreasing critical values (0.050, 0.020, 0.010, 0+)]

[Pollak]
P_Ne     = [2188.3, 1646.6, 1531.3, 1656.1]
P_Fk     = [0.02228, 0.02304, 0.02327, 0.02302]
P_Fprime = [0.00228, 0.00304, 0.00327, 0.00302]

[Nei/Tajima]
N_Ne     = [1993.4, 1621.7, 1534.2, 1646.1]
N_Fc     = [0.02251, 0.02308, 0.02326, 0.02304]
N_Fprime = [0.00251, 0.00308, 0.00326, 0.00304]

[Jorde/Ryman]
J_Ne     = [950.4, 907.7, 935.1, 939.3]
J_Fs     = [0.02537, 0.02562, 0.02545, 0.02543]
J_Fprime = [0.00526, 0.00551, 0.00535, 0.00532]

[Genetic Diversity - Heterozygosity]
mean_exp_het_pop1 = 0.8124
mean_obs_het_pop1 = 0.8152
mean_exp_het_pop2 = 0.8174
mean_obs_het_pop2 = 0.8105

[Genetic Diversity - Allele Counts]
mean_alleles_pop1 = 9.05
var_alleles_pop1  = 3.55
sum_alleles_pop1  = 190
mean_alleles_pop2 = 9.57
var_alleles_pop2  = 4.06
sum_alleles_pop2  = 402

[Genetic Diversity - Allelic Size Variance]
var_allele_size_pop1 = 4.5686
var_allele_size_pop2 = 4.7601

[Per-locus summary - Population 1]
Locus | Num_Alleles | Alleles                                                          | Frequencies                                                                                                      | Variance | Obs_Het | Exp_Het
------+-------------+------------------------------------------------------------------+------------------------------------------------------------------------------------------------------------------+----------+---------+--------
1     | 8           | [96, 97, 98, 99, 100, 101, 102, 103]                             | [0.0200, 0.2000, 0.0300, 0.1500, 0.2000, 0.2000, 0.1200, 0.0800]                                                 | 3.7459   | 0.7200  | 0.8438 
2     | 9           | [92, 93, 94, 95, 96, 97, 98, 99, 100]                            | [0.0100, 0.0200, 0.3200, 0.1300, 0.1600, 0.1300, 0.1000, 0.0800, 0.0500]                                         | 3.7900   | 0.8200  | 0.8271 
3     | 8           | [93, 94, 95, 97, 98, 99, 100, 101]                               | [0.0300, 0.0100, 0.1500, 0.1500, 0.2000, 0.1100, 0.2700, 0.0800]                                                 | 4.3100   | 0.8600  | 0.8309 
4     | 9           | [96, 97, 98, 99, 100, 101, 102, 103, 104]                        | [0.0500, 0.0600, 0.0300, 0.1200, 0.2900, 0.2500, 0.1400, 0.0300, 0.0300]                                         | 3.1076   | 0.8800  | 0.8188 
5     | 7           | [99, 100, 101, 102, 103, 104, 105]                               | [0.0100, 0.0800, 0.3300, 0.2200, 0.1500, 0.2000, 0.0100]                                                         | 1.7764   | 0.7400  | 0.7814 
6     | 7           | [100, 101, 102, 103, 104, 105, 106]                              | [0.0300, 0.0500, 0.2300, 0.4800, 0.1600, 0.0400, 0.0100]                                                         | 1.0875   | 0.7400  | 0.6929 
7     | 8           | [97, 98, 99, 100, 101, 102, 103, 104]                            | [0.0100, 0.1200, 0.1100, 0.2000, 0.1800, 0.2300, 0.0500, 0.1000]                                                 | 3.1739   | 0.8600  | 0.8440 
8     | 9           | [96, 97, 98, 99, 100, 101, 102, 103, 104]                        | [0.1200, 0.1300, 0.2400, 0.2000, 0.1700, 0.0100, 0.0300, 0.0700, 0.0300]                                         | 4.1675   | 0.8400  | 0.8438 
9     | 14          | [93, 95, 96, 97, 98, 99, 100, 101, 102, 103, 104, 105, 106, 107] | [0.0500, 0.0500, 0.0200, 0.2100, 0.1300, 0.0800, 0.0500, 0.0200, 0.0700, 0.1500, 0.0700, 0.0400, 0.0400, 0.0200] | 12.6676  | 0.8400  | 0.8974 
10    | 10          | [95, 96, 97, 98, 99, 100, 101, 102, 103, 105]                    | [0.0100, 0.0500, 0.0800, 0.4200, 0.2600, 0.0500, 0.1000, 0.0100, 0.0100, 0.0100]                                 | 2.2579   | 0.7200  | 0.7416 
11    | 9           | [99, 100, 101, 102, 103, 104, 105, 106, 107]                     | [0.0100, 0.0600, 0.1400, 0.2000, 0.2000, 0.1000, 0.2400, 0.0300, 0.0200]                                         | 3.1075   | 0.8400  | 0.8362 
12    | 7           | [98, 99, 100, 101, 102, 103, 104]                                | [0.0100, 0.2000, 0.3100, 0.2700, 0.1400, 0.0300, 0.0400]                                                         | 1.6436   | 0.8400  | 0.7766 
13    | 12          | [91, 92, 93, 94, 95, 97, 98, 99, 100, 101, 102, 103]             | [0.0200, 0.1000, 0.1300, 0.0600, 0.0600, 0.0200, 0.1200, 0.1200, 0.0400, 0.2600, 0.0600, 0.0100]                 | 12.8664  | 0.9200  | 0.8721 
14    | 8           | [98, 99, 100, 102, 103, 104, 105, 106]                           | [0.0300, 0.0600, 0.0600, 0.1300, 0.3600, 0.1700, 0.1700, 0.0200]                                                 | 3.3931   | 0.7800  | 0.7952 
15    | 11          | [98, 99, 100, 101, 102, 103, 104, 105, 106, 107, 108]            | [0.0100, 0.0100, 0.0600, 0.3500, 0.1800, 0.1300, 0.0900, 0.0900, 0.0100, 0.0400, 0.0300]                         | 4.1684   | 0.8400  | 0.8137 
16    | 7           | [96, 97, 98, 99, 101, 102, 105]                                  | [0.0700, 0.3200, 0.4400, 0.0100, 0.0600, 0.0300, 0.0700]                                                         | 4.9444   | 0.6800  | 0.6966 
17    | 11          | [96, 97, 98, 99, 100, 101, 103, 104, 106, 107, 109]              | [0.0700, 0.0700, 0.1500, 0.2200, 0.2300, 0.1100, 0.0300, 0.0100, 0.0300, 0.0600, 0.0200]                         | 8.7499   | 0.8800  | 0.8570 
18    | 9           | [97, 98, 99, 100, 101, 102, 103, 104, 105]                       | [0.0500, 0.0500, 0.1700, 0.1900, 0.1400, 0.0900, 0.1600, 0.1300, 0.0200]                                         | 4.3400   | 0.9200  | 0.8681 
19    | 9           | [97, 98, 99, 100, 101, 102, 103, 104, 105]                       | [0.0400, 0.0100, 0.0400, 0.0300, 0.4500, 0.2300, 0.1200, 0.0200, 0.0600]                                         | 2.5491   | 0.7400  | 0.7293 
20    | 11          | [92, 95, 96, 97, 98, 99, 100, 101, 102, 103, 104]                | [0.0200, 0.0500, 0.0100, 0.1500, 0.0800, 0.0300, 0.1400, 0.2600, 0.1100, 0.0700, 0.0800]                         | 6.9936   | 0.8600  | 0.8652 
21    | 7           | [96, 97, 98, 99, 100, 101, 102]                                  | [0.1200, 0.1600, 0.1900, 0.0800, 0.2900, 0.1000, 0.0600]                                                         | 3.1000   | 0.8000  | 0.8281 

[Per-locus summary - Population 2]
Locus | Num_Alleles | Alleles                                                          | Frequencies                                                                                                      | Variance | Obs_Het | Exp_Het
------+-------------+------------------------------------------------------------------+------------------------------------------------------------------------------------------------------------------+----------+---------+--------
1     | 9           | [96, 97, 98, 99, 100, 101, 102, 103, 104]                        | [0.0300, 0.1800, 0.0500, 0.2500, 0.1800, 0.1200, 0.1200, 0.0600, 0.0100]                                         | 3.6651   | 0.8400  | 0.8452 
2     | 8           | [93, 94, 95, 96, 97, 98, 99, 100]                                | [0.0500, 0.3000, 0.1300, 0.1800, 0.0700, 0.0400, 0.1700, 0.0600]                                                 | 4.4996   | 0.8000  | 0.8275 
3     | 9           | [93, 95, 96, 97, 98, 99, 100, 101, 102]                          | [0.0400, 0.0700, 0.0200, 0.1400, 0.2300, 0.1300, 0.2500, 0.1100, 0.0100]                                         | 3.9619   | 0.9000  | 0.8374 
4     | 8           | [96, 97, 99, 100, 101, 102, 104, 105]                            | [0.0400, 0.0300, 0.1200, 0.3400, 0.3400, 0.0700, 0.0500, 0.0100]                                                 | 2.5704   | 0.7000  | 0.7519 
5     | 6           | [100, 101, 102, 103, 104, 105]                                   | [0.0700, 0.2400, 0.3900, 0.1700, 0.1200, 0.0100]                                                                 | 1.2564   | 0.7800  | 0.7495 
6     | 10          | [99, 100, 101, 102, 103, 104, 105, 106, 107, 108]                | [0.0300, 0.0300, 0.1300, 0.2600, 0.3500, 0.1100, 0.0400, 0.0200, 0.0100, 0.0200]                                 | 2.5244   | 0.7800  | 0.7844 
7     | 7           | [98, 99, 100, 101, 102, 103, 104]                                | [0.0900, 0.1700, 0.2800, 0.0900, 0.2800, 0.0600, 0.0300]                                                         | 2.4000   | 0.8000  | 0.8016 
8     | 9           | [96, 97, 98, 99, 100, 101, 102, 103, 104]                        | [0.1500, 0.0900, 0.2200, 0.2300, 0.1200, 0.0100, 0.0900, 0.0600, 0.0300]                                         | 4.6075   | 0.8600  | 0.8495 
9     | 14          | [93, 94, 95, 97, 98, 99, 100, 101, 102, 103, 104, 105, 106, 107] | [0.0500, 0.0400, 0.1000, 0.1700, 0.0900, 0.0800, 0.0500, 0.0700, 0.0600, 0.1400, 0.0500, 0.0800, 0.0100, 0.0100] | 13.3096  | 0.9400  | 0.9119 
10    | 7           | [96, 97, 98, 99, 100, 101, 103]                                  | [0.0800, 0.1100, 0.4500, 0.1800, 0.0600, 0.1100, 0.0100]                                                         | 1.9219   | 0.7200  | 0.7382 
11    | 9           | [99, 100, 101, 102, 103, 104, 105, 106, 107]                     | [0.0200, 0.0800, 0.1800, 0.1600, 0.1800, 0.1400, 0.1500, 0.0600, 0.0300]                                         | 3.6700   | 0.7600  | 0.8649 
12    | 8           | [98, 99, 100, 101, 102, 103, 104, 105]                           | [0.0100, 0.1200, 0.3400, 0.2500, 0.1300, 0.1000, 0.0200, 0.0300]                                                 | 2.0900   | 0.7000  | 0.7871 
13    | 13          | [91, 92, 93, 94, 95, 96, 97, 98, 99, 100, 101, 102, 103]         | [0.0200, 0.1000, 0.1800, 0.0200, 0.0400, 0.0100, 0.0100, 0.2000, 0.1000, 0.0200, 0.2100, 0.0800, 0.0100]         | 12.8771  | 0.9400  | 0.8626 
14    | 7           | [98, 99, 100, 102, 103, 104, 105]                                | [0.0600, 0.0200, 0.0500, 0.2900, 0.2300, 0.1800, 0.1700]                                                         | 3.3300   | 0.8200  | 0.8032 
15    | 10          | [99, 100, 101, 102, 103, 104, 105, 106, 107, 108]                | [0.0200, 0.0400, 0.3800, 0.1100, 0.1200, 0.1000, 0.1100, 0.0400, 0.0300, 0.0500]                                 | 4.8724   | 0.7800  | 0.8081 
16    | 9           | [95, 96, 97, 98, 99, 101, 103, 104, 105]                         | [0.0200, 0.1000, 0.3000, 0.3000, 0.0500, 0.1100, 0.0100, 0.0100, 0.1000]                                         | 7.0331   | 0.8600  | 0.7927 
17    | 12          | [95, 96, 97, 98, 99, 100, 101, 102, 103, 106, 107, 109]          | [0.0100, 0.0400, 0.0500, 0.1800, 0.2500, 0.2200, 0.1600, 0.0100, 0.0100, 0.0100, 0.0400, 0.0200]                 | 6.4824   | 0.8000  | 0.8329 
18    | 9           | [94, 97, 98, 99, 100, 101, 102, 103, 104]                        | [0.0200, 0.0300, 0.0200, 0.1600, 0.2200, 0.0700, 0.1400, 0.2200, 0.1200]                                         | 4.5936   | 0.8200  | 0.8455 
19    | 8           | [97, 98, 99, 101, 102, 103, 104, 105]                            | [0.0800, 0.0400, 0.0200, 0.2600, 0.3000, 0.2100, 0.0500, 0.0400]                                                 | 3.6475   | 0.7400  | 0.7937 
20    | 12          | [92, 94, 95, 96, 97, 98, 99, 100, 101, 102, 103, 104]            | [0.0100, 0.0100, 0.0900, 0.0200, 0.1800, 0.1200, 0.0500, 0.0300, 0.2500, 0.1400, 0.0300, 0.0700]                 | 7.5600   | 0.8400  | 0.8618 
21    | 9           | [94, 95, 96, 97, 98, 99, 100, 101, 102]                          | [0.0300, 0.0200, 0.0600, 0.1400, 0.2900, 0.0900, 0.2600, 0.0800, 0.0300]                                         | 3.0891   | 0.8400  | 0.8166 
