
[Simulation Info]
simulation_id = sim_0004012
timestamp     = 20250428_085841
seed          = 53235
output_folder = /home/lejeunet/Bureau/simulations/Ref_table/sim_0004012

[Model Parameters]
pop_size           = 3470
num_loci           = 20
sample1_generation = 30
sample2_generation = 10
low_repeats        = 1
high_repeats       = 200
mutation_rate      = 0.001
recap_Ne           = 3470

[Sampling Design]
sample1_size_Ne  = 50
sample2_size_Ne  = 50
sample1_size_CMR = 50
sample2_size_CMR = 50

[Capture-Marquage-Recapture]
census_N   =  2601
MatchCount =  1

[Ne Estimates - One Sample - Decreasing critical values [0.050, 0.020, 0.010, 0+]]

[Linkage Desequilibrium]
LD_Ne_Pop1 = [None, 1113.3, 4759.3, 4759.3]
LD_r2_Pop1 = [0.02119, 0.021575, 0.021346, 0.021346]
LD_Ne_Pop2 = [None, None, None, None]
LD_r2_Pop2 = [0.021003, 0.021023, 0.021169, 0.021169]

[Heterozygote excess]
HE_Neb_mean_Pop1        = [26.8, 38.0, 39.7, 39.7]
HE_weighted_D_mean_Pop1 = [0.01902, 0.01332, 0.01276, 0.01276]
HE_Neb_mean_Pop2        = [None, None, None, None]
HE_weighted_D_mean_Pop2 = [-0.02363, -0.01865, -0.01266, -0.01266]

[Molecular Coancestry]
Coan_Neb_n_Pop1 = None
Coan_f1_Pop1    = -0.0144
Coan_Neb_n_Pop2 = 32.3
Coan_f1_Pop2    = 0.01549

[Ne Estimates - Temporal - Decreasing critical values (0.050, 0.020, 0.010, 0+)]

[Pollak]
P_Ne     = [5937.3, 9738.8, 5441.8, 5507.0]
P_Fk     = [0.02084, 0.02051, 0.02092, 0.02091]
P_Fprime = [0.00084, 0.00051, 0.00092, 0.00091]

[Nei/Tajima]
N_Ne     = [5490.3, 9024.7, 5563.1, 5622.3]
N_Fc     = [0.02091, 0.02055, 0.0209, 0.02089]
N_Fprime = [0.00091, 0.00055, 0.0009, 0.00089]

[Jorde/Ryman]
J_Ne     = [1838.1, 2133.4, 2096.1, 2096.2]
J_Fs     = [0.02282, 0.02245, 0.02249, 0.02249]
J_Fprime = [0.00272, 0.00234, 0.00239, 0.00239]

[Genetic Diversity - Heterozygosity]
mean_exp_het_pop1 = 0.7961
mean_obs_het_pop1 = 0.8076
mean_exp_het_pop2 = 0.783
mean_obs_het_pop2 = 0.7676

[Genetic Diversity - Allele Counts]
mean_alleles_pop1 = 8.38
var_alleles_pop1  = 3.95
sum_alleles_pop1  = 176
mean_alleles_pop2 = 8.81
var_alleles_pop2  = 3.82
sum_alleles_pop2  = 370

[Genetic Diversity - Allelic Size Variance]
var_allele_size_pop1 = 5.9934
var_allele_size_pop2 = 5.9979

[Per-locus summary - Population 1]
Locus | Num_Alleles | Alleles                                                     | Frequencies                                                                                      | Variance | Obs_Het | Exp_Het
------+-------------+-------------------------------------------------------------+--------------------------------------------------------------------------------------------------+----------+---------+--------
1     | 7           | [97, 98, 99, 100, 101, 102, 103]                            | [0.0100, 0.2100, 0.0800, 0.1400, 0.0900, 0.3200, 0.1500]                                         | 3.3075   | 0.8600  | 0.8048 
2     | 9           | [94, 95, 96, 97, 98, 99, 101, 102, 103]                     | [0.0900, 0.1100, 0.2600, 0.2900, 0.0700, 0.0600, 0.0800, 0.0200, 0.0200]                         | 4.3196   | 0.8200  | 0.8206 
3     | 10          | [93, 94, 95, 96, 97, 98, 99, 100, 101, 102]                 | [0.0200, 0.1100, 0.0300, 0.0200, 0.0700, 0.1300, 0.3800, 0.1500, 0.0400, 0.0500]                 | 4.7524   | 0.8600  | 0.8014 
4     | 7           | [94, 95, 96, 97, 98, 99, 100]                               | [0.1300, 0.4200, 0.1100, 0.0900, 0.2200, 0.0100, 0.0200]                                         | 2.3184   | 0.7000  | 0.7450 
5     | 10          | [96, 97, 99, 100, 101, 102, 103, 104, 105, 106]             | [0.0500, 0.0200, 0.2300, 0.2500, 0.2500, 0.1000, 0.0100, 0.0100, 0.0700, 0.0100]                 | 4.0264   | 0.9200  | 0.8121 
6     | 9           | [92, 93, 100, 101, 102, 103, 104, 105, 106]                 | [0.1000, 0.0300, 0.0100, 0.1300, 0.1400, 0.3500, 0.1500, 0.0300, 0.0600]                         | 14.5864  | 0.9000  | 0.8111 
7     | 9           | [98, 99, 100, 101, 102, 103, 104, 105, 108]                 | [0.0200, 0.0900, 0.0300, 0.0500, 0.1600, 0.2000, 0.3400, 0.0900, 0.0200]                         | 3.7339   | 0.8600  | 0.8065 
8     | 8           | [96, 97, 98, 99, 100, 101, 102, 103]                        | [0.0300, 0.1600, 0.2500, 0.2900, 0.1700, 0.0600, 0.0200, 0.0200]                                 | 2.0171   | 0.8200  | 0.8016 
9     | 7           | [101, 102, 105, 106, 107, 108, 109]                         | [0.1100, 0.0500, 0.1800, 0.2600, 0.1800, 0.1200, 0.1000]                                         | 5.2459   | 0.8200  | 0.8370 
10    | 7           | [96, 97, 98, 99, 100, 101, 103]                             | [0.0500, 0.1600, 0.1800, 0.3000, 0.1000, 0.2000, 0.0100]                                         | 2.3179   | 0.7400  | 0.8075 
11    | 6           | [103, 104, 105, 106, 107, 108]                              | [0.1700, 0.3700, 0.2400, 0.1800, 0.0300, 0.0100]                                                 | 1.2464   | 0.6800  | 0.7507 
12    | 6           | [98, 99, 100, 101, 102, 103]                                | [0.0100, 0.2000, 0.3100, 0.3400, 0.1000, 0.0400]                                                 | 1.1464   | 0.7800  | 0.7440 
13    | 12          | [92, 95, 99, 100, 101, 102, 103, 104, 105, 106, 107, 108]   | [0.1500, 0.0400, 0.0700, 0.1000, 0.0400, 0.0200, 0.0800, 0.0800, 0.2500, 0.0500, 0.0500, 0.0700] | 25.1131  | 0.8800  | 0.8826 
14    | 6           | [102, 103, 104, 105, 106, 107]                              | [0.0200, 0.1400, 0.0900, 0.3100, 0.3100, 0.1300]                                                 | 1.6404   | 0.8200  | 0.7705 
15    | 7           | [97, 98, 99, 100, 101, 102, 103]                            | [0.1000, 0.1500, 0.0600, 0.1600, 0.4000, 0.0900, 0.0400]                                         | 2.6784   | 0.8200  | 0.7764 
16    | 9           | [97, 98, 99, 100, 101, 102, 103, 104, 105]                  | [0.0600, 0.2000, 0.2600, 0.1600, 0.1900, 0.0100, 0.0200, 0.0800, 0.0200]                         | 3.7675   | 0.7600  | 0.8281 
17    | 12          | [99, 100, 101, 102, 103, 105, 106, 107, 108, 109, 110, 111] | [0.0800, 0.1100, 0.3500, 0.0600, 0.1200, 0.0100, 0.0500, 0.0700, 0.0200, 0.0600, 0.0200, 0.0500] | 12.1784  | 0.8000  | 0.8349 
18    | 9           | [93, 94, 95, 96, 100, 101, 102, 103, 104]                   | [0.0100, 0.0600, 0.0300, 0.0200, 0.0100, 0.1000, 0.3100, 0.3900, 0.0700]                         | 7.4099   | 0.7200  | 0.7392 
19    | 8           | [95, 96, 99, 100, 101, 102, 103, 104]                       | [0.0600, 0.0400, 0.1000, 0.2200, 0.2400, 0.1500, 0.0600, 0.1300]                                 | 5.2376   | 0.8000  | 0.8442 
20    | 12          | [88, 91, 93, 97, 98, 99, 100, 101, 102, 103, 105, 106]      | [0.0100, 0.0600, 0.0900, 0.0100, 0.0300, 0.2400, 0.3300, 0.0200, 0.0200, 0.0100, 0.1000, 0.0800] | 16.4275  | 0.8400  | 0.8115 
21    | 6           | [99, 100, 102, 103, 104, 105]                               | [0.0400, 0.1800, 0.0700, 0.5000, 0.1700, 0.0400]                                                 | 2.3896   | 0.7600  | 0.6875 

[Per-locus summary - Population 2]
Locus | Num_Alleles | Alleles                                                       | Frequencies                                                                                              | Variance | Obs_Het | Exp_Het
------+-------------+---------------------------------------------------------------+----------------------------------------------------------------------------------------------------------+----------+---------+--------
1     | 7           | [97, 98, 99, 100, 101, 102, 103]                              | [0.0200, 0.2300, 0.1100, 0.2100, 0.0500, 0.2100, 0.1700]                                                 | 3.5075   | 0.7800  | 0.8232 
2     | 9           | [94, 95, 96, 97, 98, 99, 101, 102, 104]                       | [0.0400, 0.1000, 0.2300, 0.2900, 0.1500, 0.0400, 0.1000, 0.0200, 0.0300]                                 | 4.7179   | 0.6600  | 0.8242 
3     | 9           | [93, 94, 97, 98, 99, 100, 101, 102, 103]                      | [0.0100, 0.0900, 0.0700, 0.1300, 0.3800, 0.1800, 0.0700, 0.0600, 0.0100]                                 | 4.1224   | 0.6600  | 0.7925 
4     | 8           | [92, 94, 95, 96, 97, 98, 99, 100]                             | [0.0400, 0.0700, 0.2900, 0.2800, 0.1200, 0.0900, 0.0600, 0.0500]                                         | 3.0219   | 0.8600  | 0.8105 
5     | 9           | [96, 97, 99, 100, 101, 102, 103, 104, 105]                    | [0.0300, 0.0100, 0.1000, 0.3100, 0.3000, 0.1000, 0.0200, 0.0100, 0.1200]                                 | 3.8075   | 0.8000  | 0.7859 
6     | 9           | [92, 93, 100, 101, 102, 103, 104, 105, 106]                   | [0.1000, 0.0400, 0.0100, 0.1500, 0.2000, 0.2700, 0.1000, 0.0600, 0.0700]                                 | 15.4000  | 0.9000  | 0.8428 
7     | 10          | [98, 99, 100, 101, 102, 103, 104, 105, 106, 108]              | [0.0300, 0.1200, 0.0100, 0.0300, 0.2000, 0.1600, 0.3400, 0.0600, 0.0200, 0.0300]                         | 4.5275   | 0.8800  | 0.8057 
8     | 8           | [96, 97, 98, 99, 100, 101, 102, 103]                          | [0.0200, 0.1400, 0.2900, 0.2500, 0.1700, 0.0700, 0.0100, 0.0500]                                         | 2.3619   | 0.7800  | 0.8051 
9     | 9           | [101, 102, 103, 104, 105, 106, 107, 108, 109]                 | [0.1500, 0.0200, 0.0100, 0.0100, 0.1900, 0.1500, 0.1500, 0.1500, 0.1700]                                 | 6.6579   | 0.7600  | 0.8529 
10    | 7           | [96, 97, 98, 99, 100, 101, 102]                               | [0.0200, 0.1700, 0.1200, 0.4500, 0.0700, 0.1500, 0.0200]                                                 | 1.8219   | 0.6600  | 0.7333 
11    | 4           | [103, 104, 105, 106]                                          | [0.1100, 0.5600, 0.2200, 0.1100]                                                                         | 0.6611   | 0.7200  | 0.6200 
12    | 7           | [98, 99, 100, 101, 102, 103, 104]                             | [0.0400, 0.2100, 0.2900, 0.3000, 0.0700, 0.0800, 0.0100]                                                 | 1.6451   | 0.7800  | 0.7766 
13    | 13          | [90, 92, 95, 99, 100, 101, 102, 103, 104, 105, 106, 107, 108] | [0.0100, 0.1300, 0.0100, 0.0500, 0.1200, 0.0400, 0.0300, 0.0800, 0.1100, 0.2800, 0.0200, 0.0800, 0.0400] | 22.6964  | 0.8600  | 0.8669 
14    | 7           | [102, 103, 104, 105, 106, 107, 108]                           | [0.0100, 0.1800, 0.0900, 0.2700, 0.3700, 0.0700, 0.0100]                                                 | 1.6364   | 0.8200  | 0.7521 
15    | 7           | [97, 98, 99, 100, 101, 102, 103]                              | [0.0900, 0.1100, 0.0900, 0.1200, 0.4300, 0.1400, 0.0200]                                                 | 2.4739   | 0.7600  | 0.7600 
16    | 10          | [97, 98, 99, 100, 101, 102, 103, 104, 105, 106]               | [0.0400, 0.2200, 0.2200, 0.2300, 0.1200, 0.0200, 0.0500, 0.0700, 0.0200, 0.0100]                         | 4.0891   | 0.7400  | 0.8343 
17    | 12          | [99, 100, 101, 102, 103, 105, 106, 107, 108, 109, 110, 111]   | [0.0500, 0.1200, 0.3700, 0.0600, 0.1400, 0.0100, 0.0100, 0.1100, 0.0300, 0.0500, 0.0400, 0.0100]         | 10.4564  | 0.7200  | 0.8137 
18    | 8           | [93, 94, 96, 101, 102, 103, 104, 105]                         | [0.0200, 0.1300, 0.0200, 0.1300, 0.2100, 0.4200, 0.0600, 0.0100]                                         | 10.7300  | 0.8000  | 0.7487 
19    | 9           | [95, 96, 99, 100, 101, 102, 103, 104, 105]                    | [0.0300, 0.0800, 0.0600, 0.2600, 0.3000, 0.1300, 0.0300, 0.1000, 0.0100]                                 | 4.7051   | 0.7200  | 0.8117 
20    | 11          | [88, 91, 93, 97, 98, 99, 100, 101, 102, 105, 106]             | [0.0500, 0.0400, 0.0600, 0.0100, 0.0200, 0.3200, 0.3300, 0.0500, 0.0200, 0.0900, 0.0100]                 | 15.2411  | 0.8400  | 0.7772 
21    | 7           | [99, 100, 101, 102, 103, 104, 105]                            | [0.0100, 0.1300, 0.0100, 0.0200, 0.5700, 0.2400, 0.0200]                                                 | 1.6739   | 0.6200  | 0.6057 
