
[Simulation Info]
simulation_id = sim_0011603
timestamp     = 20250429_091601
seed          = 798593
output_folder = /home/lejeunet/Bureau/simulations/Ref_table/sim_0011603

[Model Parameters]
pop_size           = 3919
num_loci           = 20
sample1_generation = 30
sample2_generation = 10
low_repeats        = 1
high_repeats       = 200
mutation_rate      = 0.001
recap_Ne           = 3919

[Sampling Design]
sample1_size_Ne  = 50
sample2_size_Ne  = 50
sample1_size_CMR = 50
sample2_size_CMR = 50

[Capture-Marquage-Recapture]
census_N   =  2601
MatchCount =  1

[Ne Estimates - One Sample - Decreasing critical values [0.050, 0.020, 0.010, 0+]]

[Linkage Desequilibrium]
LD_Ne_Pop1 = [None, None, None, None]
LD_r2_Pop1 = [0.021098, 0.021222, 0.021212, 0.021212]
LD_Ne_Pop2 = [5382.8, 10695.7, 2542.7, 2542.7]
LD_r2_Pop2 = [0.021338, 0.021307, 0.021407, 0.021407]

[Heterozygote excess]
HE_Neb_mean_Pop1        = [46.8, 249.5, 362.2, 362.2]
HE_weighted_D_mean_Pop1 = [0.01079, 0.00201, 0.00138, 0.00138]
HE_Neb_mean_Pop2        = [None, None, None, None]
HE_weighted_D_mean_Pop2 = [-0.00466, -0.00686, -0.00697, -0.00697]

[Molecular Coancestry]
Coan_Neb_n_Pop1 = 381.7
Coan_f1_Pop1    = 0.00131
Coan_Neb_n_Pop2 = 45.5
Coan_f1_Pop2    = 0.01098

[Ne Estimates - Temporal - Decreasing critical values (0.050, 0.020, 0.010, 0+)]

[Pollak]
P_Ne     = [7620.8, 3858.9, 4554.1, 4137.5]
P_Fk     = [0.02066, 0.0213, 0.0211, 0.02121]
P_Fprime = [0.00066, 0.0013, 0.0011, 0.00121]

[Nei/Tajima]
N_Ne     = [16397.1, 5772.6, 7005.3, 6057.7]
N_Fc     = [0.0203, 0.02087, 0.02071, 0.02083]
N_Fprime = [0.0003, 0.00087, 0.00071, 0.00083]

[Jorde/Ryman]
J_Ne     = [6358.8, 6233.1, 5600.8, 5465.9]
J_Fs     = [0.02089, 0.0209, 0.02099, 0.02102]
J_Fprime = [0.00079, 0.0008, 0.00089, 0.00091]

[Genetic Diversity - Heterozygosity]
mean_exp_het_pop1 = 0.8532
mean_obs_het_pop1 = 0.8571
mean_exp_het_pop2 = 0.848
mean_obs_het_pop2 = 0.8324

[Genetic Diversity - Allele Counts]
mean_alleles_pop1 = 11.24
var_alleles_pop1  = 5.39
sum_alleles_pop1  = 236
mean_alleles_pop2 = 11.69
var_alleles_pop2  = 6.22
sum_alleles_pop2  = 491

[Genetic Diversity - Allelic Size Variance]
var_allele_size_pop1 = 20.405
var_allele_size_pop2 = 20.3371

[Per-locus summary - Population 1]
Locus | Num_Alleles | Alleles                                                                    | Frequencies                                                                                                                      | Variance | Obs_Het | Exp_Het
------+-------------+----------------------------------------------------------------------------+----------------------------------------------------------------------------------------------------------------------------------+----------+---------+--------
1     | 8           | [100, 101, 102, 103, 104, 105, 106, 107]                                   | [0.0100, 0.1000, 0.0700, 0.2800, 0.1200, 0.2200, 0.1600, 0.0400]                                                                 | 2.8300   | 0.8000  | 0.8248 
2     | 11          | [94, 96, 97, 98, 99, 100, 102, 103, 104, 105, 106]                         | [0.0100, 0.1700, 0.1700, 0.1000, 0.0100, 0.0300, 0.1100, 0.0200, 0.1400, 0.2200, 0.0200]                                         | 13.7400  | 0.9400  | 0.8588 
3     | 16          | [94, 95, 96, 97, 98, 99, 100, 110, 111, 114, 115, 116, 117, 118, 119, 120] | [0.0200, 0.0100, 0.1100, 0.0800, 0.1300, 0.0300, 0.0500, 0.0500, 0.1000, 0.0300, 0.0500, 0.0100, 0.0100, 0.2300, 0.0600, 0.0300] | 90.3944  | 0.9000  | 0.8962 
4     | 7           | [97, 98, 99, 100, 102, 103, 104]                                           | [0.0500, 0.1800, 0.1500, 0.1800, 0.0400, 0.3200, 0.0800]                                                                         | 5.1500   | 0.8000  | 0.8079 
5     | 9           | [93, 94, 95, 96, 97, 98, 99, 100, 102]                                     | [0.0100, 0.1000, 0.3200, 0.1600, 0.1000, 0.0700, 0.1900, 0.0400, 0.0100]                                                         | 3.6696   | 0.8200  | 0.8174 
6     | 11          | [95, 96, 97, 98, 99, 100, 101, 102, 103, 104, 105]                         | [0.0300, 0.0700, 0.0300, 0.0500, 0.0500, 0.0200, 0.1900, 0.3500, 0.1300, 0.0700, 0.0100]                                         | 5.6364   | 0.8200  | 0.8156 
7     | 9           | [98, 99, 100, 101, 102, 103, 104, 105, 106]                                | [0.0400, 0.3300, 0.0300, 0.0300, 0.0100, 0.1200, 0.2500, 0.1300, 0.0600]                                                         | 7.0099   | 0.7600  | 0.7982 
8     | 14          | [97, 98, 99, 100, 101, 102, 103, 104, 105, 106, 107, 108, 109, 110]        | [0.0200, 0.2300, 0.0900, 0.0600, 0.0600, 0.0100, 0.0300, 0.0100, 0.0200, 0.0100, 0.0400, 0.1400, 0.2600, 0.0200]                 | 22.8700  | 0.9000  | 0.8491 
9     | 11          | [96, 97, 98, 99, 100, 101, 102, 103, 104, 105, 106]                        | [0.0300, 0.2400, 0.1800, 0.1500, 0.0100, 0.0700, 0.0700, 0.1600, 0.0300, 0.0100, 0.0500]                                         | 7.7939   | 0.8800  | 0.8562 
10    | 11          | [95, 96, 97, 98, 99, 102, 107, 108, 109, 110, 112]                         | [0.0700, 0.0800, 0.1800, 0.1500, 0.0100, 0.0300, 0.0200, 0.1200, 0.2600, 0.0700, 0.0100]                                         | 35.7000  | 0.8200  | 0.8539 
11    | 11          | [86, 87, 88, 89, 90, 91, 96, 97, 98, 101, 102]                             | [0.0200, 0.1600, 0.1800, 0.0500, 0.0600, 0.0300, 0.0900, 0.2500, 0.0900, 0.0200, 0.0500]                                         | 25.0779  | 0.9200  | 0.8616 
12    | 10          | [95, 96, 97, 98, 104, 105, 106, 107, 108, 109]                             | [0.2400, 0.1800, 0.0700, 0.0900, 0.0200, 0.0200, 0.0300, 0.1200, 0.1800, 0.0500]                                                 | 32.6116  | 0.7800  | 0.8546 
13    | 12          | [92, 93, 94, 95, 96, 101, 102, 103, 104, 105, 106, 107]                    | [0.1300, 0.2600, 0.0100, 0.0200, 0.0400, 0.0200, 0.0900, 0.1700, 0.1400, 0.0500, 0.0500, 0.0200]                                 | 29.2516  | 0.8400  | 0.8596 
14    | 12          | [87, 88, 89, 91, 92, 93, 94, 96, 97, 98, 99, 100]                          | [0.0300, 0.0500, 0.0500, 0.0800, 0.0100, 0.1700, 0.0300, 0.1600, 0.2100, 0.1100, 0.0600, 0.0400]                                 | 12.1324  | 0.8800  | 0.8796 
15    | 10          | [97, 98, 99, 100, 101, 102, 103, 104, 105, 106]                            | [0.0200, 0.1400, 0.2700, 0.1500, 0.1000, 0.0200, 0.1300, 0.1200, 0.0300, 0.0200]                                                 | 5.3011   | 0.8600  | 0.8501 
16    | 13          | [96, 97, 98, 99, 100, 103, 104, 105, 106, 109, 110, 111, 112]              | [0.0100, 0.1100, 0.0700, 0.1100, 0.1000, 0.0200, 0.0800, 0.0600, 0.0100, 0.0600, 0.2900, 0.0400, 0.0400]                         | 29.2496  | 0.7800  | 0.8681 
17    | 15          | [89, 90, 91, 92, 93, 94, 102, 103, 104, 105, 106, 107, 108, 109, 110]      | [0.0100, 0.0700, 0.1300, 0.1600, 0.0300, 0.0100, 0.0400, 0.0600, 0.1000, 0.0700, 0.0300, 0.1100, 0.1100, 0.0600, 0.0100]         | 54.2275  | 0.8800  | 0.9117 
18    | 13          | [89, 90, 91, 92, 93, 95, 96, 97, 99, 100, 101, 102, 103]                   | [0.0300, 0.0600, 0.0200, 0.1000, 0.1400, 0.0900, 0.0100, 0.0300, 0.0400, 0.0300, 0.0700, 0.3400, 0.0400]                         | 22.0504  | 0.9200  | 0.8402 
19    | 9           | [93, 94, 95, 96, 97, 98, 99, 100, 103]                                     | [0.0100, 0.0300, 0.1400, 0.1600, 0.2400, 0.0600, 0.1300, 0.1300, 0.1000]                                                         | 5.9524   | 0.9200  | 0.8574 
20    | 14          | [90, 91, 92, 93, 94, 95, 96, 97, 98, 99, 100, 101, 102, 103]               | [0.0600, 0.0800, 0.0200, 0.1800, 0.0300, 0.1000, 0.0600, 0.0700, 0.0500, 0.1900, 0.0700, 0.0700, 0.0100, 0.0100]                 | 12.0184  | 0.9200  | 0.8982 
21    | 10          | [98, 99, 100, 101, 102, 103, 104, 105, 106, 107]                           | [0.0300, 0.1900, 0.1500, 0.0300, 0.0900, 0.2400, 0.1200, 0.0400, 0.0900, 0.0200]                                                 | 5.8384   | 0.8600  | 0.8580 

[Per-locus summary - Population 2]
Locus | Num_Alleles | Alleles                                                                      | Frequencies                                                                                                                      | Variance | Obs_Het | Exp_Het
------+-------------+------------------------------------------------------------------------------+----------------------------------------------------------------------------------------------------------------------------------+----------+---------+--------
1     | 8           | [100, 101, 102, 103, 104, 105, 106, 107]                                     | [0.0100, 0.1000, 0.0700, 0.3300, 0.1200, 0.1800, 0.1300, 0.0600]                                                                 | 2.8739   | 0.7200  | 0.8170 
2     | 12          | [96, 97, 98, 99, 100, 101, 102, 103, 104, 105, 106, 107]                     | [0.3200, 0.2200, 0.0900, 0.0200, 0.0200, 0.0100, 0.0600, 0.0400, 0.0800, 0.1200, 0.0100, 0.0100]                                 | 12.5144  | 0.7800  | 0.8222 
3     | 16          | [94, 95, 96, 97, 98, 100, 110, 111, 112, 113, 114, 115, 117, 118, 119, 120]  | [0.0200, 0.0400, 0.1600, 0.0800, 0.0500, 0.0400, 0.0600, 0.0900, 0.0700, 0.0100, 0.0400, 0.0400, 0.0400, 0.1700, 0.0500, 0.0400] | 88.8219  | 0.8800  | 0.9166 
4     | 7           | [97, 98, 99, 100, 102, 103, 104]                                             | [0.0300, 0.2900, 0.2300, 0.0500, 0.0200, 0.2800, 0.1000]                                                                         | 5.7156   | 0.7000  | 0.7786 
5     | 9           | [94, 95, 96, 97, 98, 99, 100, 102, 103]                                      | [0.0400, 0.2800, 0.2400, 0.0100, 0.1000, 0.2000, 0.1100, 0.0100, 0.0100]                                                         | 4.2196   | 0.7800  | 0.8081 
6     | 11          | [95, 96, 97, 98, 99, 100, 101, 102, 103, 104, 105]                           | [0.0100, 0.0300, 0.0400, 0.0500, 0.0100, 0.0800, 0.2500, 0.3300, 0.1200, 0.0300, 0.0500]                                         | 4.1424   | 0.7400  | 0.8073 
7     | 9           | [98, 99, 100, 101, 102, 103, 104, 105, 106]                                  | [0.0500, 0.2900, 0.1800, 0.0200, 0.0200, 0.1100, 0.1600, 0.1300, 0.0400]                                                         | 6.4891   | 0.8000  | 0.8323 
8     | 16          | [96, 97, 98, 99, 100, 101, 102, 103, 104, 105, 106, 107, 108, 109, 110, 111] | [0.0100, 0.0500, 0.1300, 0.0900, 0.0800, 0.0800, 0.0100, 0.0200, 0.0200, 0.0100, 0.0400, 0.0500, 0.1800, 0.1900, 0.0300, 0.0100] | 21.8900  | 0.9800  | 0.8939 
9     | 12          | [96, 97, 98, 99, 100, 101, 102, 103, 104, 105, 106, 107]                     | [0.0300, 0.2800, 0.0900, 0.1300, 0.0400, 0.0200, 0.0900, 0.1900, 0.0200, 0.0300, 0.0700, 0.0100]                                 | 9.6116   | 0.8800  | 0.8517 
10    | 12          | [94, 95, 96, 97, 98, 99, 101, 102, 108, 109, 110, 111]                       | [0.0100, 0.0700, 0.1000, 0.1700, 0.2300, 0.0200, 0.0200, 0.0100, 0.0700, 0.2200, 0.0300, 0.0500]                                 | 34.9331  | 0.8200  | 0.8541 
11    | 11          | [86, 87, 88, 89, 90, 91, 96, 97, 98, 101, 102]                               | [0.0300, 0.2400, 0.1400, 0.0400, 0.1100, 0.0200, 0.0300, 0.2200, 0.1400, 0.0100, 0.0200]                                         | 23.9675  | 0.8400  | 0.8469 
12    | 11          | [94, 95, 96, 97, 98, 99, 104, 105, 107, 108, 109]                            | [0.0200, 0.2200, 0.1600, 0.0600, 0.0600, 0.0100, 0.0800, 0.0100, 0.1800, 0.1700, 0.0300]                                         | 32.0419  | 0.9000  | 0.8582 
13    | 12          | [92, 93, 94, 95, 96, 101, 102, 103, 104, 105, 106, 107]                      | [0.1500, 0.2200, 0.0400, 0.0200, 0.0200, 0.0100, 0.1400, 0.1500, 0.1400, 0.0500, 0.0500, 0.0100]                                 | 28.8024  | 0.8400  | 0.8685 
14    | 13          | [87, 88, 89, 90, 91, 92, 93, 94, 96, 97, 98, 99, 100]                        | [0.0300, 0.0800, 0.0300, 0.0300, 0.1000, 0.0400, 0.0600, 0.0300, 0.1900, 0.2700, 0.1200, 0.0100, 0.0100]                         | 12.2756  | 0.8600  | 0.8598 
15    | 9           | [97, 98, 99, 100, 101, 102, 103, 104, 105]                                   | [0.0300, 0.1400, 0.2600, 0.1800, 0.0900, 0.0500, 0.1000, 0.1300, 0.0200]                                                         | 4.6296   | 0.8600  | 0.8501 
16    | 11          | [97, 98, 99, 100, 104, 105, 106, 109, 110, 111, 112]                         | [0.0800, 0.0700, 0.1500, 0.1200, 0.0800, 0.0900, 0.0100, 0.0400, 0.2700, 0.0800, 0.0100]                                         | 27.3904  | 0.8400  | 0.8649 
17    | 14          | [90, 91, 92, 93, 94, 102, 103, 104, 105, 106, 107, 108, 109, 110]            | [0.0800, 0.2300, 0.1100, 0.0400, 0.0100, 0.0100, 0.0700, 0.0800, 0.0600, 0.0300, 0.1000, 0.1000, 0.0600, 0.0200]                 | 58.0076  | 0.8600  | 0.8960 
18    | 13          | [89, 90, 91, 92, 93, 96, 97, 99, 100, 101, 102, 103, 104]                    | [0.0200, 0.0600, 0.0400, 0.1100, 0.1300, 0.0200, 0.0100, 0.0400, 0.0500, 0.0500, 0.4100, 0.0400, 0.0200]                         | 23.6875  | 0.8000  | 0.7962 
19    | 10          | [93, 94, 95, 96, 97, 98, 99, 100, 103, 105]                                  | [0.0100, 0.0100, 0.1200, 0.2100, 0.1600, 0.0200, 0.1500, 0.1800, 0.1300, 0.0100]                                                 | 7.0600   | 0.9200  | 0.8519 
20    | 12          | [90, 91, 92, 93, 94, 95, 96, 97, 98, 99, 100, 101]                           | [0.0700, 0.1300, 0.0100, 0.2200, 0.0200, 0.1100, 0.0400, 0.0200, 0.0400, 0.1900, 0.1100, 0.0400]                                 | 12.3779  | 0.9200  | 0.8725 
21    | 10          | [97, 98, 99, 100, 101, 102, 103, 104, 106, 107]                              | [0.0200, 0.0300, 0.1700, 0.1700, 0.0300, 0.1800, 0.1800, 0.1100, 0.1000, 0.0100]                                                 | 5.6275   | 0.7600  | 0.8616 
