
[Simulation Info]
simulation_id = sim_0012277
timestamp     = 20250429_094741
seed          = 151541
output_folder = /home/lejeunet/Bureau/simulations/Ref_table/sim_0012277

[Model Parameters]
pop_size           = 1832
num_loci           = 20
sample1_generation = 30
sample2_generation = 10
low_repeats        = 1
high_repeats       = 200
mutation_rate      = 0.001
recap_Ne           = 1832

[Sampling Design]
sample1_size_Ne  = 50
sample2_size_Ne  = 50
sample1_size_CMR = 50
sample2_size_CMR = 50

[Capture-Marquage-Recapture]
census_N   =  2601
MatchCount =  1

[Ne Estimates - One Sample - Decreasing critical values [0.050, 0.020, 0.010, 0+]]

[Linkage Desequilibrium]
LD_Ne_Pop1 = [473.4, 673.7, 892.7, 892.7]
LD_r2_Pop1 = [0.021977, 0.021769, 0.021649, 0.021649]
LD_Ne_Pop2 = [None, None, None, None]
LD_r2_Pop2 = [0.020852, 0.021189, 0.020951, 0.020951]

[Heterozygote excess]
HE_Neb_mean_Pop1        = [None, None, 314.6, 314.6]
HE_weighted_D_mean_Pop1 = [-0.00135, -0.00476, 0.00159, 0.00159]
HE_Neb_mean_Pop2        = [158.4, 114.0, 48.2, 48.2]
HE_weighted_D_mean_Pop2 = [0.00317, 0.00441, 0.01048, 0.01048]

[Molecular Coancestry]
Coan_Neb_n_Pop1 = 57.3
Coan_f1_Pop1    = 0.00873
Coan_Neb_n_Pop2 = 9399.0
Coan_f1_Pop2    = 5e-05

[Ne Estimates - Temporal - Decreasing critical values (0.050, 0.020, 0.010, 0+)]

[Pollak]
P_Ne     = [1401.9, 1493.5, 1674.2, 1524.4]
P_Fk     = [0.02357, 0.02335, 0.02299, 0.02328]
P_Fprime = [0.00357, 0.00335, 0.00299, 0.00328]

[Nei/Tajima]
N_Ne     = [1547.1, 1622.6, 1796.8, 1643.3]
N_Fc     = [0.02323, 0.02308, 0.02278, 0.02304]
N_Fprime = [0.00323, 0.00308, 0.00278, 0.00304]

[Jorde/Ryman]
J_Ne     = [1272.9, 1194.9, 1183.8, 1173.2]
J_Fs     = [0.02403, 0.02429, 0.02433, 0.02437]
J_Fprime = [0.00393, 0.00418, 0.00422, 0.00426]

[Genetic Diversity - Heterozygosity]
mean_exp_het_pop1 = 0.7445
mean_obs_het_pop1 = 0.7476
mean_exp_het_pop2 = 0.7426
mean_obs_het_pop2 = 0.7514

[Genetic Diversity - Allele Counts]
mean_alleles_pop1 = 7.19
var_alleles_pop1  = 2.36
sum_alleles_pop1  = 151
mean_alleles_pop2 = 7.4
var_alleles_pop2  = 2.69
sum_alleles_pop2  = 311

[Genetic Diversity - Allelic Size Variance]
var_allele_size_pop1 = 4.0302
var_allele_size_pop2 = 3.8576

[Per-locus summary - Population 1]
Locus | Num_Alleles | Alleles                                         | Frequencies                                                                      | Variance | Obs_Het | Exp_Het
------+-------------+-------------------------------------------------+----------------------------------------------------------------------------------+----------+---------+--------
1     | 7           | [95, 97, 98, 100, 101, 102, 103]                | [0.0300, 0.1200, 0.0100, 0.1000, 0.5100, 0.1500, 0.0800]                         | 3.4296   | 0.6800  | 0.6925 
2     | 6           | [98, 100, 101, 102, 103, 104]                   | [0.0100, 0.0500, 0.2600, 0.3600, 0.3000, 0.0200]                                 | 0.9964   | 0.6800  | 0.7170 
3     | 5           | [98, 99, 100, 101, 102]                         | [0.0200, 0.1100, 0.4300, 0.3700, 0.0700]                                         | 0.7104   | 0.7000  | 0.6675 
4     | 7           | [91, 93, 94, 95, 96, 97, 99]                    | [0.0100, 0.3000, 0.3700, 0.2300, 0.0600, 0.0100, 0.0200]                         | 1.4275   | 0.7800  | 0.7232 
5     | 8           | [98, 99, 100, 101, 102, 103, 104, 105]          | [0.0100, 0.0100, 0.0700, 0.2600, 0.2500, 0.3000, 0.0800, 0.0200]                 | 1.5875   | 0.8400  | 0.7758 
6     | 4           | [96, 97, 98, 99]                                | [0.1000, 0.4200, 0.4700, 0.0100]                                                 | 0.4579   | 0.6400  | 0.5986 
7     | 8           | [95, 96, 97, 98, 99, 100, 101, 102]             | [0.0300, 0.0800, 0.0800, 0.0100, 0.0500, 0.2800, 0.4100, 0.0600]                 | 3.4275   | 0.7000  | 0.7410 
8     | 6           | [97, 98, 99, 100, 101, 102]                     | [0.0400, 0.1800, 0.2600, 0.4400, 0.0700, 0.0100]                                 | 1.0275   | 0.7600  | 0.7069 
9     | 7           | [98, 99, 100, 101, 102, 103, 105]               | [0.1700, 0.1200, 0.0300, 0.1700, 0.1300, 0.3600, 0.0200]                         | 3.9075   | 0.8400  | 0.7879 
10    | 7           | [97, 98, 99, 100, 101, 102, 103]                | [0.0400, 0.0200, 0.2700, 0.2300, 0.1400, 0.2900, 0.0100]                         | 1.9976   | 0.7800  | 0.7762 
11    | 10          | [95, 96, 97, 98, 100, 101, 102, 103, 104, 105]  | [0.0200, 0.2500, 0.3500, 0.0200, 0.0600, 0.0200, 0.0300, 0.1800, 0.0600, 0.0100] | 9.0616   | 0.7400  | 0.7810 
12    | 9           | [95, 96, 97, 98, 99, 100, 101, 102, 103]        | [0.0400, 0.1600, 0.0500, 0.0500, 0.1800, 0.0100, 0.2900, 0.2100, 0.0100]         | 5.3291   | 0.7000  | 0.8152 
13    | 6           | [94, 95, 96, 97, 98, 99]                        | [0.0900, 0.3300, 0.2300, 0.0600, 0.2800, 0.0100]                                 | 1.9404   | 0.7400  | 0.7556 
14    | 6           | [100, 101, 102, 103, 104, 105]                  | [0.1900, 0.1900, 0.1500, 0.1000, 0.2800, 0.0900]                                 | 2.8504   | 0.8200  | 0.8170 
15    | 7           | [94, 95, 96, 97, 98, 99, 100]                   | [0.0100, 0.1800, 0.1300, 0.3600, 0.0600, 0.1500, 0.1100]                         | 2.5611   | 0.7800  | 0.7907 
16    | 8           | [95, 96, 97, 98, 99, 100, 101, 102]             | [0.0200, 0.0900, 0.2200, 0.1200, 0.2400, 0.0700, 0.1400, 0.1000]                 | 3.5924   | 0.8600  | 0.8450 
17    | 6           | [94, 95, 96, 97, 101, 102]                      | [0.0600, 0.5300, 0.0900, 0.0500, 0.0200, 0.2500]                                 | 9.3200   | 0.7800  | 0.6485 
18    | 8           | [95, 96, 97, 100, 101, 102, 103, 104]           | [0.0700, 0.1100, 0.0500, 0.0800, 0.0700, 0.1700, 0.4400, 0.0100]                 | 8.1411   | 0.7200  | 0.7541 
19    | 10          | [94, 96, 97, 100, 101, 102, 103, 104, 105, 106] | [0.0100, 0.0700, 0.1500, 0.0100, 0.1600, 0.0800, 0.2000, 0.1000, 0.0600, 0.1600] | 10.7659  | 0.8600  | 0.8699 
20    | 7           | [97, 98, 99, 100, 101, 102, 103]                | [0.0400, 0.3300, 0.2300, 0.1500, 0.1300, 0.0900, 0.0300]                         | 2.2979   | 0.7600  | 0.7962 
21    | 9           | [98, 99, 100, 103, 105, 106, 107, 108, 109]     | [0.0300, 0.1500, 0.0800, 0.0100, 0.0100, 0.6300, 0.0500, 0.0200, 0.0200]         | 9.8044   | 0.5400  | 0.5756 

[Per-locus summary - Population 2]
Locus | Num_Alleles | Alleles                                    | Frequencies                                                              | Variance | Obs_Het | Exp_Het
------+-------------+--------------------------------------------+--------------------------------------------------------------------------+----------+---------+--------
1     | 8           | [96, 97, 98, 100, 101, 102, 103, 104]      | [0.0300, 0.1900, 0.0200, 0.0600, 0.4500, 0.1300, 0.1100, 0.0100]         | 4.2675   | 0.7800  | 0.7348 
2     | 6           | [99, 100, 101, 102, 103, 104]              | [0.0100, 0.0900, 0.1900, 0.3200, 0.3400, 0.0500]                         | 1.1784   | 0.5600  | 0.7426 
3     | 5           | [98, 99, 100, 101, 102]                    | [0.0100, 0.1200, 0.4500, 0.3400, 0.0800]                                 | 0.6904   | 0.7600  | 0.6677 
4     | 7           | [92, 93, 94, 95, 96, 97, 99]               | [0.0100, 0.2500, 0.3500, 0.2100, 0.1600, 0.0100, 0.0100]                 | 1.3644   | 0.8200  | 0.7525 
5     | 8           | [99, 100, 101, 102, 103, 104, 105, 106]    | [0.0200, 0.1000, 0.2300, 0.2600, 0.2800, 0.0700, 0.0100, 0.0300]         | 1.9336   | 0.7400  | 0.7927 
6     | 4           | [96, 97, 98, 99]                           | [0.0300, 0.3900, 0.5700, 0.0100]                                         | 0.3264   | 0.5800  | 0.5273 
7     | 8           | [95, 96, 97, 98, 99, 100, 101, 102]        | [0.0200, 0.1900, 0.1200, 0.0600, 0.0300, 0.2800, 0.2600, 0.0400]         | 4.2491   | 0.7800  | 0.8051 
8     | 6           | [97, 98, 99, 100, 101, 102]                | [0.0600, 0.1200, 0.2000, 0.5100, 0.1000, 0.0100]                         | 1.1100   | 0.7000  | 0.6786 
9     | 9           | [97, 98, 99, 100, 101, 102, 103, 104, 105] | [0.0100, 0.0500, 0.1000, 0.0200, 0.1600, 0.1300, 0.4800, 0.0300, 0.0200] | 2.9475   | 0.7200  | 0.7200 
10    | 5           | [97, 99, 100, 101, 102]                    | [0.0400, 0.2800, 0.2900, 0.2100, 0.1800]                                 | 1.5411   | 0.8200  | 0.7671 
11    | 9           | [95, 96, 97, 98, 100, 101, 102, 103, 104]  | [0.0200, 0.2100, 0.4400, 0.0100, 0.0500, 0.0100, 0.0600, 0.1500, 0.0500] | 8.0100   | 0.7000  | 0.7380 
12    | 8           | [95, 96, 97, 98, 99, 100, 101, 102]        | [0.0300, 0.1900, 0.0800, 0.0500, 0.1900, 0.0600, 0.2200, 0.1800]         | 5.1004   | 0.8800  | 0.8420 
13    | 6           | [94, 95, 96, 97, 98, 99]                   | [0.0400, 0.3200, 0.3500, 0.0300, 0.2400, 0.0200]                         | 1.6211   | 0.8000  | 0.7218 
14    | 6           | [100, 101, 102, 103, 104, 105]             | [0.1400, 0.2500, 0.1000, 0.1100, 0.3500, 0.0500]                         | 2.5851   | 0.8000  | 0.7786 
15    | 6           | [95, 96, 97, 98, 99, 100]                  | [0.1700, 0.2400, 0.2400, 0.0500, 0.1700, 0.1300]                         | 2.7800   | 0.9200  | 0.8158 
16    | 8           | [95, 96, 97, 98, 99, 100, 101, 102]        | [0.0100, 0.1600, 0.1500, 0.2600, 0.2000, 0.1100, 0.0500, 0.0600]         | 2.8339   | 0.8400  | 0.8343 
17    | 7           | [94, 95, 96, 97, 101, 102, 103]            | [0.0200, 0.5200, 0.1400, 0.0400, 0.0200, 0.2500, 0.0100]                 | 9.3075   | 0.6800  | 0.6515 
18    | 9           | [95, 96, 97, 98, 100, 101, 102, 103, 104]  | [0.0300, 0.1400, 0.0500, 0.0300, 0.0200, 0.1600, 0.2000, 0.3500, 0.0200] | 7.3971   | 0.8000  | 0.7952 
19    | 9           | [95, 96, 97, 101, 102, 103, 104, 105, 106] | [0.0100, 0.0300, 0.2300, 0.2400, 0.1100, 0.1500, 0.1100, 0.0300, 0.0900] | 9.1876   | 0.9000  | 0.8412 
20    | 7           | [97, 98, 99, 100, 101, 102, 103]           | [0.0100, 0.2600, 0.3300, 0.0900, 0.1200, 0.1800, 0.0100]                 | 2.2531   | 0.7200  | 0.7762 
21    | 8           | [98, 99, 100, 101, 103, 105, 106, 107]     | [0.0200, 0.2000, 0.1200, 0.0100, 0.0100, 0.0200, 0.5800, 0.0400]         | 10.3244  | 0.4800  | 0.6127 
