
[Simulation Info]
simulation_id = sim_0006437
timestamp     = 20250428_095639
seed          = 362073
output_folder = /home/lejeunet/Bureau/simulations/Ref_table/sim_0006437

[Model Parameters]
pop_size           = 4684
num_loci           = 20
sample1_generation = 30
sample2_generation = 10
low_repeats        = 1
high_repeats       = 200
mutation_rate      = 0.001
recap_Ne           = 4684

[Sampling Design]
sample1_size_Ne  = 50
sample2_size_Ne  = 50
sample1_size_CMR = 50
sample2_size_CMR = 50

[Capture-Marquage-Recapture]
census_N   =  2601
MatchCount =  1

[Ne Estimates - One Sample - Decreasing critical values [0.050, 0.020, 0.010, 0+]]

[Linkage Desequilibrium]
LD_Ne_Pop1 = [1409.1, 1779.2, None, None]
LD_r2_Pop1 = [0.021512, 0.021463, 0.021206, 0.021206]
LD_Ne_Pop2 = [756.5, 2101.2, 1418.5, 1418.5]
LD_r2_Pop2 = [0.021715, 0.021434, 0.021511, 0.021511]

[Heterozygote excess]
HE_Neb_mean_Pop1        = [None, None, None, None]
HE_weighted_D_mean_Pop1 = [-0.00424, -0.00715, -0.00722, -0.00722]
HE_Neb_mean_Pop2        = [32.8, 42.1, 45.3, 45.3]
HE_weighted_D_mean_Pop2 = [0.01549, 0.01203, 0.01117, 0.01117]

[Molecular Coancestry]
Coan_Neb_n_Pop1 = 251.3
Coan_f1_Pop1    = 0.00199
Coan_Neb_n_Pop2 = 68.9
Coan_f1_Pop2    = 0.00725

[Ne Estimates - Temporal - Decreasing critical values (0.050, 0.020, 0.010, 0+)]

[Pollak]
P_Ne     = [-4771.7, -3111.9, -2655.5, -3383.8]
P_Fk     = [0.01895, 0.01839, 0.01812, 0.01852]
P_Fprime = [-0.00105, -0.00161, -0.00188, -0.00148]

[Nei/Tajima]
N_Ne     = [-3766.9, -2626.5, -2330.5, -2822.2]
N_Fc     = [0.01867, 0.0181, 0.01785, 0.01823]
N_Fprime = [-0.00133, -0.0019, -0.00215, -0.00177]

[Jorde/Ryman]
J_Ne     = [-3652.4, -1869.6, -1768.0, -1796.5]
J_Fs     = [0.01873, 0.01743, 0.01727, 0.01732]
J_Fprime = [-0.00137, -0.00267, -0.00283, -0.00278]

[Genetic Diversity - Heterozygosity]
mean_exp_het_pop1 = 0.8471
mean_obs_het_pop1 = 0.8419
mean_exp_het_pop2 = 0.8519
mean_obs_het_pop2 = 0.8667

[Genetic Diversity - Allele Counts]
mean_alleles_pop1 = 10.33
var_alleles_pop1  = 3.63
sum_alleles_pop1  = 217
mean_alleles_pop2 = 11.02
var_alleles_pop2  = 3.63
sum_alleles_pop2  = 463

[Genetic Diversity - Allelic Size Variance]
var_allele_size_pop1 = 7.0639
var_allele_size_pop2 = 7.4718

[Per-locus summary - Population 1]
Locus | Num_Alleles | Alleles                                                               | Frequencies                                                                                                      | Variance | Obs_Het | Exp_Het
------+-------------+-----------------------------------------------------------------------+------------------------------------------------------------------------------------------------------------------+----------+---------+--------
1     | 11          | [94, 95, 96, 97, 98, 99, 100, 101, 102, 103, 106]                     | [0.0100, 0.0300, 0.1000, 0.0600, 0.1100, 0.1000, 0.1000, 0.2200, 0.2000, 0.0100, 0.0600]                         | 7.0500   | 0.9000  | 0.8699 
2     | 10          | [92, 93, 94, 95, 96, 97, 98, 99, 100, 101]                            | [0.0200, 0.1600, 0.0400, 0.0400, 0.2100, 0.2300, 0.1800, 0.0300, 0.0700, 0.0200]                                 | 4.6556   | 0.8600  | 0.8436 
3     | 13          | [98, 99, 100, 101, 102, 103, 104, 105, 106, 107, 108, 110, 111]       | [0.0200, 0.2300, 0.2000, 0.1000, 0.0400, 0.0900, 0.1100, 0.0400, 0.0600, 0.0100, 0.0400, 0.0300, 0.0300]         | 11.1400  | 0.9200  | 0.8750 
4     | 12          | [93, 94, 95, 96, 97, 98, 99, 100, 101, 102, 103, 104]                 | [0.0200, 0.1100, 0.3900, 0.1100, 0.1000, 0.0400, 0.0700, 0.0300, 0.0200, 0.0200, 0.0800, 0.0100]                 | 7.6700   | 0.7600  | 0.8067 
5     | 9           | [94, 95, 96, 97, 98, 99, 100, 101, 102]                               | [0.0700, 0.2400, 0.1000, 0.1300, 0.0600, 0.2700, 0.0500, 0.0700, 0.0100]                                         | 4.5659   | 0.8400  | 0.8349 
6     | 14          | [98, 100, 101, 102, 103, 104, 105, 106, 107, 108, 109, 110, 111, 112] | [0.0100, 0.0500, 0.1600, 0.0800, 0.0600, 0.1600, 0.0600, 0.1000, 0.0300, 0.1300, 0.0400, 0.0500, 0.0600, 0.0100] | 11.3419  | 0.8800  | 0.9061 
7     | 8           | [97, 98, 99, 100, 101, 102, 103, 105]                                 | [0.1300, 0.0800, 0.0800, 0.1100, 0.1600, 0.2600, 0.1500, 0.0300]                                                 | 4.4475   | 0.9200  | 0.8501 
8     | 13          | [98, 99, 102, 103, 104, 105, 106, 107, 108, 109, 110, 111, 112]       | [0.0300, 0.0100, 0.0600, 0.0500, 0.0200, 0.0100, 0.0300, 0.2100, 0.2100, 0.2500, 0.0900, 0.0200, 0.0100]         | 8.1875   | 0.7600  | 0.8406 
9     | 9           | [94, 95, 96, 97, 98, 99, 100, 101, 102]                               | [0.0600, 0.0400, 0.0400, 0.1700, 0.4000, 0.0900, 0.0600, 0.1100, 0.0300]                                         | 3.4475   | 0.7800  | 0.7875 
10    | 10          | [101, 102, 103, 104, 105, 106, 107, 108, 109, 110]                    | [0.1700, 0.1000, 0.0700, 0.1200, 0.0300, 0.0700, 0.1300, 0.1100, 0.0600, 0.1400]                                 | 9.9304   | 0.9400  | 0.8927 
11    | 14          | [89, 90, 91, 92, 93, 94, 95, 96, 98, 100, 101, 102, 103, 104]         | [0.0100, 0.1000, 0.2100, 0.0900, 0.2000, 0.0400, 0.0500, 0.1300, 0.0300, 0.0100, 0.0100, 0.0200, 0.0600, 0.0400] | 16.3000  | 0.9600  | 0.8788 
12    | 9           | [96, 97, 98, 99, 100, 101, 102, 103, 104]                             | [0.0300, 0.1400, 0.2300, 0.2000, 0.1100, 0.1200, 0.0700, 0.0700, 0.0300]                                         | 3.9979   | 0.8600  | 0.8580 
13    | 10          | [98, 99, 102, 103, 104, 105, 106, 107, 108, 110]                      | [0.1500, 0.0100, 0.0700, 0.2600, 0.2500, 0.0400, 0.1500, 0.0100, 0.0100, 0.0500]                                 | 8.4704   | 0.8200  | 0.8238 
14    | 11          | [96, 97, 98, 99, 100, 101, 102, 103, 104, 106, 108]                   | [0.0100, 0.0900, 0.2000, 0.0900, 0.0700, 0.2200, 0.0800, 0.0900, 0.0300, 0.0400, 0.0800]                         | 9.5275   | 0.8000  | 0.8758 
15    | 8           | [98, 99, 100, 101, 102, 103, 104, 105]                                | [0.1000, 0.1100, 0.2400, 0.2300, 0.0700, 0.0800, 0.1100, 0.0600]                                                 | 3.9184   | 0.7000  | 0.8489 
16    | 9           | [89, 93, 94, 95, 96, 97, 98, 99, 100]                                 | [0.0400, 0.0600, 0.1600, 0.4000, 0.2200, 0.0500, 0.0200, 0.0200, 0.0300]                                         | 3.5019   | 0.7200  | 0.7642 
17    | 9           | [98, 99, 100, 101, 102, 103, 104, 105, 106]                           | [0.0100, 0.0300, 0.1300, 0.2300, 0.1600, 0.1700, 0.1500, 0.0100, 0.1100]                                         | 3.6976   | 0.9000  | 0.8485 
18    | 10          | [97, 98, 99, 100, 101, 102, 103, 104, 105, 106]                       | [0.0500, 0.0600, 0.0600, 0.0600, 0.1000, 0.0400, 0.0700, 0.2700, 0.2100, 0.0800]                                 | 6.9611   | 0.8200  | 0.8554 
19    | 9           | [95, 96, 100, 101, 102, 103, 104, 105, 106]                           | [0.0100, 0.0700, 0.1300, 0.0900, 0.1200, 0.2100, 0.3000, 0.0300, 0.0400]                                         | 5.8916   | 0.9000  | 0.8273 
20    | 8           | [97, 98, 99, 100, 101, 102, 103, 104]                                 | [0.0100, 0.1300, 0.1400, 0.0400, 0.2200, 0.2600, 0.1000, 0.1000]                                                 | 3.4899   | 0.7400  | 0.8341 
21    | 11          | [97, 100, 101, 102, 103, 104, 105, 106, 107, 108, 109]                | [0.1100, 0.0400, 0.0400, 0.0600, 0.0800, 0.0900, 0.2500, 0.1700, 0.0200, 0.1300, 0.0100]                         | 10.1491  | 0.9000  | 0.8665 

[Per-locus summary - Population 2]
Locus | Num_Alleles | Alleles                                                           | Frequencies                                                                                                      | Variance | Obs_Het | Exp_Het
------+-------------+-------------------------------------------------------------------+------------------------------------------------------------------------------------------------------------------+----------+---------+--------
1     | 10          | [94, 95, 96, 97, 98, 99, 100, 101, 102, 106]                      | [0.0300, 0.1000, 0.0500, 0.1100, 0.0500, 0.0900, 0.1300, 0.1600, 0.2300, 0.0500]                                 | 8.3096   | 0.9200  | 0.8748 
2     | 12          | [89, 91, 92, 93, 94, 95, 96, 97, 98, 99, 100, 101]                | [0.0400, 0.0400, 0.0200, 0.0900, 0.0600, 0.0900, 0.1800, 0.1700, 0.1900, 0.0300, 0.0600, 0.0300]                 | 7.3299   | 0.9000  | 0.8826 
3     | 13          | [98, 99, 100, 101, 102, 103, 104, 105, 106, 108, 110, 111, 112]   | [0.0400, 0.2100, 0.2200, 0.1300, 0.0200, 0.0800, 0.1100, 0.0500, 0.0100, 0.0400, 0.0200, 0.0600, 0.0100]         | 13.2211  | 0.9000  | 0.8705 
4     | 11          | [94, 95, 96, 97, 98, 99, 100, 101, 102, 103, 104]                 | [0.0400, 0.3300, 0.1600, 0.1000, 0.0400, 0.1400, 0.0700, 0.0600, 0.0100, 0.0400, 0.0100]                         | 6.1739   | 0.7800  | 0.8307 
5     | 9           | [94, 95, 96, 97, 98, 99, 100, 101, 102]                           | [0.0900, 0.2800, 0.1200, 0.1900, 0.0500, 0.1300, 0.0400, 0.0900, 0.0100]                                         | 4.6579   | 0.9400  | 0.8422 
6     | 13          | [100, 101, 102, 103, 104, 105, 106, 107, 108, 109, 110, 111, 112] | [0.0100, 0.1700, 0.0400, 0.0300, 0.1700, 0.0700, 0.1500, 0.0200, 0.1200, 0.0900, 0.0800, 0.0300, 0.0200]         | 10.1275  | 0.9400  | 0.8905 
7     | 8           | [97, 98, 99, 100, 101, 102, 103, 105]                             | [0.1200, 0.0900, 0.0700, 0.1000, 0.2600, 0.2200, 0.1300, 0.0100]                                                 | 3.7891   | 0.8200  | 0.8380 
8     | 13          | [98, 99, 102, 103, 104, 105, 106, 107, 108, 109, 110, 112, 113]   | [0.0200, 0.0100, 0.0300, 0.0400, 0.0100, 0.0300, 0.0500, 0.2900, 0.1400, 0.2100, 0.1300, 0.0300, 0.0100]         | 6.9675   | 0.8200  | 0.8362 
9     | 9           | [94, 95, 96, 97, 98, 99, 100, 101, 102]                           | [0.0500, 0.0300, 0.0200, 0.2000, 0.4100, 0.0500, 0.0300, 0.1500, 0.0600]                                         | 3.7571   | 0.8000  | 0.7663 
10    | 11          | [100, 101, 102, 103, 104, 105, 106, 107, 108, 109, 110]           | [0.0100, 0.1800, 0.0700, 0.1100, 0.1400, 0.0200, 0.0300, 0.1900, 0.0700, 0.0700, 0.1100]                         | 9.6179   | 0.8600  | 0.8804 
11    | 14          | [89, 90, 91, 92, 93, 94, 95, 96, 97, 98, 99, 101, 103, 104]       | [0.0100, 0.0700, 0.1400, 0.1400, 0.1800, 0.0200, 0.0600, 0.1700, 0.0100, 0.0500, 0.0200, 0.0100, 0.0800, 0.0400] | 15.9659  | 0.8600  | 0.8883 
12    | 10          | [96, 97, 98, 99, 100, 101, 102, 103, 104, 105]                    | [0.0300, 0.0900, 0.2300, 0.2400, 0.1300, 0.1700, 0.0500, 0.0300, 0.0200, 0.0100]                                 | 3.3000   | 0.8800  | 0.8392 
13    | 10          | [98, 99, 102, 103, 104, 105, 106, 107, 108, 110]                  | [0.1300, 0.0100, 0.0400, 0.3700, 0.1700, 0.0700, 0.1300, 0.0100, 0.0200, 0.0500]                                 | 7.9684   | 0.8000  | 0.7988 
14    | 10          | [97, 98, 99, 100, 101, 102, 103, 104, 106, 108]                   | [0.0400, 0.2200, 0.1300, 0.0100, 0.2200, 0.0300, 0.1700, 0.0200, 0.0900, 0.0700]                                 | 9.6416   | 0.9200  | 0.8499 
15    | 9           | [97, 98, 99, 100, 101, 102, 103, 104, 105]                        | [0.0200, 0.1000, 0.1300, 0.1800, 0.2800, 0.1200, 0.0600, 0.0500, 0.0600]                                         | 3.6539   | 0.8000  | 0.8463 
16    | 12          | [89, 90, 91, 92, 93, 94, 95, 96, 97, 98, 99, 100]                 | [0.0500, 0.0400, 0.0200, 0.0100, 0.0700, 0.2000, 0.3300, 0.1300, 0.0700, 0.0500, 0.0100, 0.0200]                 | 5.0579   | 0.8600  | 0.8250 
17    | 12          | [93, 94, 95, 98, 99, 100, 101, 102, 103, 104, 106, 107]           | [0.0200, 0.0300, 0.0200, 0.0400, 0.0600, 0.1500, 0.1900, 0.1800, 0.1200, 0.0900, 0.0900, 0.0100]                 | 8.1976   | 0.9200  | 0.8802 
18    | 12          | [97, 98, 99, 100, 101, 102, 103, 104, 105, 106, 107, 108]         | [0.0300, 0.0700, 0.1000, 0.1000, 0.0800, 0.0600, 0.0700, 0.2100, 0.1900, 0.0600, 0.0100, 0.0200]                 | 7.5884   | 0.8800  | 0.8838 
19    | 10          | [95, 96, 97, 100, 101, 102, 103, 104, 105, 106]                   | [0.0300, 0.1000, 0.0300, 0.1100, 0.0700, 0.0800, 0.2100, 0.2200, 0.0900, 0.0600]                                 | 9.1819   | 0.8600  | 0.8693 
20    | 8           | [96, 98, 99, 100, 101, 102, 103, 104]                             | [0.0100, 0.2100, 0.0900, 0.1100, 0.2300, 0.2000, 0.0800, 0.0700]                                                 | 3.6000   | 0.8400  | 0.8398 
21    | 10          | [97, 100, 101, 102, 103, 104, 105, 106, 107, 108]                 | [0.0900, 0.0400, 0.0600, 0.0400, 0.0600, 0.1500, 0.2800, 0.1300, 0.0300, 0.1200]                                 | 8.8000   | 0.9000  | 0.8570 
