
[Simulation Info]
simulation_id = sim_0007958
timestamp     = 20250428_103748
seed          = 887387
output_folder = /home/lejeunet/Bureau/simulations/Ref_table/sim_0007958

[Model Parameters]
pop_size           = 1805
num_loci           = 20
sample1_generation = 30
sample2_generation = 10
low_repeats        = 1
high_repeats       = 200
mutation_rate      = 0.001
recap_Ne           = 1805

[Sampling Design]
sample1_size_Ne  = 50
sample2_size_Ne  = 50
sample1_size_CMR = 50
sample2_size_CMR = 50

[Capture-Marquage-Recapture]
census_N   =  2601
MatchCount =  1

[Ne Estimates - One Sample - Decreasing critical values [0.050, 0.020, 0.010, 0+]]

[Linkage Desequilibrium]
LD_Ne_Pop1 = [None, 3954.6, None, None]
LD_r2_Pop1 = [0.020981, 0.02136, 0.021133, 0.021133]
LD_Ne_Pop2 = [None, None, None, None]
LD_r2_Pop2 = [0.020476, 0.020659, 0.020783, 0.020783]

[Heterozygote excess]
HE_Neb_mean_Pop1        = [None, None, None, None]
HE_weighted_D_mean_Pop1 = [-0.00588, -0.0027, -0.00277, -0.00277]
HE_Neb_mean_Pop2        = [None, None, None, None]
HE_weighted_D_mean_Pop2 = [-0.01211, -0.00888, -0.00911, -0.00911]

[Molecular Coancestry]
Coan_Neb_n_Pop1 = None
Coan_f1_Pop1    = -0.03086
Coan_Neb_n_Pop2 = None
Coan_f1_Pop2    = -0.00527

[Ne Estimates - Temporal - Decreasing critical values (0.050, 0.020, 0.010, 0+)]

[Pollak]
P_Ne     = [-1193.7, -2607.2, -2803.6, -2803.6]
P_Fk     = [0.01581, 0.01808, 0.01822, 0.01822]
P_Fprime = [-0.00419, -0.00192, -0.00178, -0.00178]

[Nei/Tajima]
N_Ne     = [-1240.9, -2382.3, -2535.0, -2535.0]
N_Fc     = [0.01597, 0.0179, 0.01803, 0.01803]
N_Fprime = [-0.00403, -0.0021, -0.00197, -0.00197]

[Jorde/Ryman]
J_Ne     = [-1789.3, -2169.9, -2201.6, -2201.6]
J_Fs     = [0.01731, 0.0178, 0.01783, 0.01783]
J_Fprime = [-0.00279, -0.0023, -0.00227, -0.00227]

[Genetic Diversity - Heterozygosity]
mean_exp_het_pop1 = 0.7535
mean_obs_het_pop1 = 0.7457
mean_exp_het_pop2 = 0.7612
mean_obs_het_pop2 = 0.7505

[Genetic Diversity - Allele Counts]
mean_alleles_pop1 = 6.95
var_alleles_pop1  = 2.05
sum_alleles_pop1  = 146
mean_alleles_pop2 = 7.29
var_alleles_pop2  = 1.87
sum_alleles_pop2  = 306

[Genetic Diversity - Allelic Size Variance]
var_allele_size_pop1 = 3.084
var_allele_size_pop2 = 3.1451

[Per-locus summary - Population 1]
Locus | Num_Alleles | Alleles                                   | Frequencies                                                              | Variance | Obs_Het | Exp_Het
------+-------------+-------------------------------------------+--------------------------------------------------------------------------+----------+---------+--------
1     | 4           | [96, 97, 98, 99]                          | [0.1800, 0.2700, 0.4400, 0.1100]                                         | 0.8296   | 0.6600  | 0.6960 
2     | 8           | [96, 97, 98, 100, 101, 102, 103, 104]     | [0.0200, 0.0600, 0.1600, 0.0900, 0.4700, 0.0300, 0.0100, 0.1600]         | 4.3556   | 0.7800  | 0.7220 
3     | 9           | [96, 97, 98, 99, 100, 101, 102, 105, 106] | [0.0100, 0.0900, 0.1200, 0.1200, 0.1600, 0.3000, 0.0600, 0.0600, 0.0800] | 6.2091   | 0.7800  | 0.8422 
4     | 9           | [94, 95, 97, 98, 99, 100, 102, 103, 104]  | [0.0200, 0.1400, 0.0200, 0.2700, 0.3800, 0.0900, 0.0400, 0.0100, 0.0300] | 4.1251   | 0.7000  | 0.7592 
5     | 8           | [94, 95, 96, 97, 98, 99, 101, 102]        | [0.1600, 0.2100, 0.1500, 0.1300, 0.1100, 0.2200, 0.0100, 0.0100]         | 3.6619   | 0.8000  | 0.8386 
6     | 6           | [95, 96, 98, 99, 100, 101]                | [0.0300, 0.0100, 0.2500, 0.1600, 0.1600, 0.3900]                         | 2.2484   | 0.7400  | 0.7406 
7     | 7           | [99, 100, 101, 102, 103, 104, 105]        | [0.0700, 0.0500, 0.0700, 0.3400, 0.0600, 0.3100, 0.1000]                 | 2.7400   | 0.7200  | 0.7701 
8     | 6           | [95, 96, 97, 98, 99, 100]                 | [0.0300, 0.0500, 0.1000, 0.6200, 0.1500, 0.0500]                         | 0.9184   | 0.5200  | 0.5830 
9     | 7           | [98, 99, 100, 101, 102, 103, 105]         | [0.0100, 0.1900, 0.2200, 0.2400, 0.1400, 0.1800, 0.0200]                 | 2.2475   | 0.8000  | 0.8135 
10    | 6           | [97, 99, 100, 101, 102, 103]              | [0.0100, 0.0200, 0.3900, 0.4300, 0.0400, 0.1100]                         | 1.0659   | 0.6200  | 0.6553 
11    | 7           | [94, 95, 97, 98, 99, 100, 101]            | [0.0100, 0.0100, 0.0900, 0.2700, 0.0700, 0.3500, 0.2000]                 | 2.1459   | 0.8000  | 0.7590 
12    | 8           | [93, 95, 102, 103, 104, 105, 106, 107]    | [0.0100, 0.0800, 0.0800, 0.1100, 0.1100, 0.3300, 0.1600, 0.1200]         | 10.1619  | 0.8000  | 0.8222 
13    | 8           | [97, 98, 99, 100, 101, 102, 103, 104]     | [0.1200, 0.2500, 0.0900, 0.0500, 0.2500, 0.2000, 0.0300, 0.0100]         | 3.6211   | 0.9000  | 0.8172 
14    | 7           | [96, 97, 98, 99, 100, 101, 102]           | [0.1800, 0.2500, 0.0700, 0.0400, 0.1800, 0.2700, 0.0100]                 | 3.9104   | 0.8800  | 0.8012 
15    | 7           | [97, 98, 99, 100, 101, 103, 105]          | [0.0300, 0.1000, 0.4400, 0.2200, 0.1500, 0.0500, 0.0100]                 | 1.8156   | 0.8000  | 0.7293 
16    | 7           | [92, 93, 94, 95, 96, 97, 98]              | [0.0600, 0.2500, 0.1500, 0.0600, 0.3400, 0.0800, 0.0600]                 | 2.8675   | 0.7600  | 0.7901 
17    | 7           | [95, 96, 97, 98, 99, 100, 101]            | [0.0100, 0.0500, 0.1400, 0.1800, 0.4800, 0.0600, 0.0800]                 | 1.5451   | 0.7200  | 0.7121 
18    | 5           | [97, 99, 100, 101, 102]                   | [0.0900, 0.1900, 0.4300, 0.0800, 0.2100]                                 | 1.9184   | 0.8200  | 0.7277 
19    | 4           | [97, 98, 99, 100]                         | [0.0300, 0.4000, 0.4300, 0.1400]                                         | 0.5576   | 0.5200  | 0.6410 
20    | 7           | [98, 99, 100, 101, 102, 103, 104]         | [0.0600, 0.3200, 0.1500, 0.0800, 0.1300, 0.1900, 0.0700]                 | 3.4275   | 0.8000  | 0.8154 
21    | 9           | [94, 95, 96, 97, 98, 99, 100, 101, 102]   | [0.0100, 0.1300, 0.1000, 0.0200, 0.0200, 0.1900, 0.3700, 0.1400, 0.0200] | 4.3916   | 0.7400  | 0.7871 

[Per-locus summary - Population 2]
Locus | Num_Alleles | Alleles                                      | Frequencies                                                                      | Variance | Obs_Het | Exp_Het
------+-------------+----------------------------------------------+----------------------------------------------------------------------------------+----------+---------+--------
1     | 5           | [95, 96, 97, 98, 99]                         | [0.0200, 0.2000, 0.2400, 0.4800, 0.0600]                                         | 0.8704   | 0.6400  | 0.6747 
2     | 6           | [97, 98, 100, 101, 102, 104]                 | [0.0600, 0.2000, 0.1500, 0.3300, 0.0500, 0.2100]                                 | 4.7539   | 0.8400  | 0.7863 
3     | 9           | [96, 97, 98, 99, 100, 101, 102, 105, 106]    | [0.0300, 0.0900, 0.1400, 0.1300, 0.0800, 0.3400, 0.0800, 0.0100, 0.1000]         | 6.3675   | 0.8200  | 0.8242 
4     | 10          | [94, 95, 96, 97, 98, 99, 100, 101, 102, 103] | [0.0100, 0.1600, 0.0300, 0.0300, 0.2300, 0.3700, 0.1400, 0.0100, 0.0100, 0.0100] | 3.1544   | 0.6800  | 0.7705 
5     | 9           | [94, 95, 96, 97, 98, 99, 100, 101, 102]      | [0.1000, 0.2400, 0.1900, 0.1300, 0.0900, 0.2200, 0.0100, 0.0100, 0.0100]         | 3.4176   | 0.8600  | 0.8309 
6     | 5           | [95, 98, 99, 100, 101]                       | [0.0200, 0.2600, 0.1800, 0.2000, 0.3400]                                         | 1.8484   | 0.7200  | 0.7515 
7     | 7           | [99, 100, 101, 102, 103, 104, 105]           | [0.0500, 0.1000, 0.0600, 0.3500, 0.0700, 0.2700, 0.1000]                         | 2.7100   | 0.8400  | 0.7814 
8     | 6           | [95, 96, 97, 98, 99, 100]                    | [0.0400, 0.0400, 0.1400, 0.6500, 0.1100, 0.0200]                                 | 0.8139   | 0.6200  | 0.5477 
9     | 8           | [98, 99, 100, 101, 102, 103, 104, 105]       | [0.0100, 0.2100, 0.3200, 0.1700, 0.1500, 0.1000, 0.0100, 0.0300]                 | 2.2971   | 0.8400  | 0.7990 
10    | 7           | [97, 98, 99, 100, 101, 102, 103]             | [0.0100, 0.0300, 0.0200, 0.4800, 0.3100, 0.0400, 0.1100]                         | 1.3179   | 0.6000  | 0.6651 
11    | 7           | [94, 95, 97, 98, 99, 100, 101]               | [0.0100, 0.0100, 0.0400, 0.3400, 0.0600, 0.2800, 0.2600]                         | 2.1459   | 0.6400  | 0.7404 
12    | 8           | [94, 95, 102, 103, 104, 105, 106, 107]       | [0.0200, 0.0600, 0.0400, 0.1300, 0.1400, 0.3700, 0.1700, 0.0700]                 | 8.8291   | 0.8000  | 0.7952 
13    | 7           | [97, 98, 99, 100, 101, 102, 103]             | [0.0900, 0.3200, 0.1000, 0.0700, 0.1600, 0.2200, 0.0400]                         | 3.5059   | 0.7000  | 0.8071 
14    | 7           | [96, 97, 98, 99, 100, 101, 102]              | [0.1700, 0.2600, 0.1200, 0.0100, 0.1400, 0.2600, 0.0400]                         | 4.0931   | 0.8200  | 0.8083 
15    | 7           | [97, 98, 99, 100, 101, 103, 105]             | [0.0500, 0.1200, 0.3600, 0.2000, 0.1500, 0.0200, 0.1000]                         | 4.1184   | 0.8200  | 0.7885 
16    | 7           | [92, 93, 94, 95, 96, 97, 98]                 | [0.0300, 0.4000, 0.1500, 0.0300, 0.2700, 0.0800, 0.0400]                         | 2.7299   | 0.6400  | 0.7422 
17    | 7           | [95, 96, 97, 98, 99, 100, 101]               | [0.0100, 0.0600, 0.1900, 0.2000, 0.3700, 0.0800, 0.0900]                         | 1.8084   | 0.7600  | 0.7766 
18    | 7           | [97, 98, 99, 100, 101, 102, 103]             | [0.1100, 0.0100, 0.1700, 0.3100, 0.1200, 0.2500, 0.0300]                         | 2.5539   | 0.7000  | 0.7929 
19    | 5           | [97, 98, 99, 100, 101]                       | [0.0200, 0.4100, 0.3700, 0.1900, 0.0100]                                         | 0.6624   | 0.7600  | 0.6651 
20    | 8           | [98, 99, 100, 101, 102, 103, 104, 105]       | [0.0700, 0.2300, 0.1900, 0.1000, 0.1000, 0.2200, 0.0800, 0.0100]                 | 3.5984   | 0.8400  | 0.8396 
21    | 7           | [94, 95, 96, 97, 99, 100, 101]               | [0.0500, 0.0500, 0.1700, 0.0600, 0.2000, 0.3400, 0.1300]                         | 4.4496   | 0.8200  | 0.7980 
