
[Simulation Info]
simulation_id = sim_0011730
timestamp     = 20250429_092016
seed          = 928222
output_folder = /home/lejeunet/Bureau/simulations/Ref_table/sim_0011730

[Model Parameters]
pop_size           = 1232
num_loci           = 20
sample1_generation = 30
sample2_generation = 10
low_repeats        = 1
high_repeats       = 200
mutation_rate      = 0.001
recap_Ne           = 1232

[Sampling Design]
sample1_size_Ne  = 50
sample2_size_Ne  = 50
sample1_size_CMR = 50
sample2_size_CMR = 50

[Capture-Marquage-Recapture]
census_N   =  650
MatchCount =  4

[Ne Estimates - One Sample - Decreasing critical values [0.050, 0.020, 0.010, 0+]]

[Linkage Desequilibrium]
LD_Ne_Pop1 = [None, None, None, None]
LD_r2_Pop1 = [0.020955, 0.020981, 0.020897, 0.020897]
LD_Ne_Pop2 = [None, None, 3791.0, 3791.0]
LD_r2_Pop2 = [0.020983, 0.021249, 0.021364, 0.021364]

[Heterozygote excess]
HE_Neb_mean_Pop1        = [None, None, None, None]
HE_weighted_D_mean_Pop1 = [-0.01152, -0.01136, -0.01137, -0.01137]
HE_Neb_mean_Pop2        = [None, None, None, None]
HE_weighted_D_mean_Pop2 = [-0.02725, -0.02398, -0.02373, -0.02373]

[Molecular Coancestry]
Coan_Neb_n_Pop1 = None
Coan_f1_Pop1    = -0.00423
Coan_Neb_n_Pop2 = None
Coan_f1_Pop2    = -0.01239

[Ne Estimates - Temporal - Decreasing critical values (0.050, 0.020, 0.010, 0+)]

[Pollak]
P_Ne     = [644.9, 697.9, 749.8, 749.8]
P_Fk     = [0.02775, 0.02716, 0.02667, 0.02667]
P_Fprime = [0.00775, 0.00716, 0.00667, 0.00667]

[Nei/Tajima]
N_Ne     = [699.1, 748.8, 798.0, 798.0]
N_Fc     = [0.02715, 0.02668, 0.02627, 0.02627]
N_Fprime = [0.00715, 0.00668, 0.00627, 0.00627]

[Jorde/Ryman]
J_Ne     = [687.8, 689.3, 689.5, 689.5]
J_Fs     = [0.02738, 0.02737, 0.02736, 0.02736]
J_Fprime = [0.00727, 0.00725, 0.00725, 0.00725]

[Genetic Diversity - Heterozygosity]
mean_exp_het_pop1 = 0.7561
mean_obs_het_pop1 = 0.741
mean_exp_het_pop2 = 0.7591
mean_obs_het_pop2 = 0.7333

[Genetic Diversity - Allele Counts]
mean_alleles_pop1 = 6.52
var_alleles_pop1  = 3.16
sum_alleles_pop1  = 137
mean_alleles_pop2 = 6.48
var_alleles_pop2  = 2.65
sum_alleles_pop2  = 272

[Genetic Diversity - Allelic Size Variance]
var_allele_size_pop1 = 2.8558
var_allele_size_pop2 = 2.791

[Per-locus summary - Population 1]
Locus | Num_Alleles | Alleles                                        | Frequencies                                                                      | Variance | Obs_Het | Exp_Het
------+-------------+------------------------------------------------+----------------------------------------------------------------------------------+----------+---------+--------
1     | 6           | [97, 98, 99, 100, 101, 102]                    | [0.0100, 0.0800, 0.1700, 0.1800, 0.2500, 0.3100]                                 | 1.8099   | 0.6400  | 0.7814 
2     | 7           | [98, 99, 100, 101, 102, 103, 104]              | [0.0500, 0.1400, 0.1700, 0.1200, 0.0200, 0.3900, 0.1100]                         | 3.4691   | 0.8000  | 0.7778 
3     | 6           | [97, 98, 99, 100, 101, 102]                    | [0.0100, 0.3100, 0.2500, 0.2000, 0.1400, 0.0900]                                 | 1.7436   | 0.7800  | 0.7814 
4     | 7           | [96, 97, 98, 99, 100, 101, 102]                | [0.1100, 0.1800, 0.2500, 0.1100, 0.1700, 0.0800, 0.1000]                         | 3.2539   | 0.8400  | 0.8440 
5     | 10          | [96, 97, 98, 99, 100, 101, 102, 104, 105, 106] | [0.1000, 0.0800, 0.1700, 0.0500, 0.1200, 0.0500, 0.0400, 0.3700, 0.0100, 0.0100] | 9.3139   | 0.7600  | 0.8046 
6     | 4           | [98, 99, 100, 101]                             | [0.1800, 0.5200, 0.2500, 0.0500]                                                 | 0.6011   | 0.6800  | 0.6386 
7     | 9           | [98, 99, 100, 101, 102, 103, 104, 105, 106]    | [0.0100, 0.1600, 0.2000, 0.0100, 0.0200, 0.0900, 0.3300, 0.1600, 0.0200]         | 5.4356   | 0.7800  | 0.7988 
8     | 8           | [97, 98, 99, 100, 101, 102, 103, 104]          | [0.0500, 0.1200, 0.0700, 0.1800, 0.2000, 0.0800, 0.2300, 0.0700]                 | 3.9531   | 0.8000  | 0.8501 
9     | 4           | [97, 98, 99, 100]                              | [0.0500, 0.2000, 0.2100, 0.5400]                                                 | 0.8824   | 0.5800  | 0.6281 
10    | 7           | [95, 96, 97, 98, 102, 103, 104]                | [0.1600, 0.1700, 0.1900, 0.2200, 0.1200, 0.0900, 0.0500]                         | 8.2316   | 0.8600  | 0.8444 
11    | 5           | [95, 97, 98, 99, 100]                          | [0.0100, 0.1400, 0.2800, 0.2300, 0.3400]                                         | 1.2724   | 0.8000  | 0.7408 
12    | 6           | [98, 99, 100, 101, 102, 103]                   | [0.0600, 0.1600, 0.2800, 0.2200, 0.2300, 0.0500]                                 | 1.6875   | 0.8200  | 0.7966 
13    | 5           | [99, 100, 101, 102, 103]                       | [0.0900, 0.4300, 0.3800, 0.0700, 0.0300]                                         | 0.7496   | 0.6200  | 0.6634 
14    | 5           | [98, 99, 100, 101, 102]                        | [0.0600, 0.1400, 0.2400, 0.3900, 0.1700]                                         | 1.2291   | 0.5400  | 0.7457 
15    | 5           | [99, 100, 101, 102, 103]                       | [0.0200, 0.3600, 0.2100, 0.3000, 0.1100]                                         | 1.1656   | 0.7400  | 0.7311 
16    | 9           | [92, 93, 94, 95, 96, 97, 98, 99, 100]          | [0.0100, 0.1000, 0.1000, 0.2900, 0.2600, 0.0200, 0.0200, 0.1200, 0.0800]         | 4.2019   | 0.8200  | 0.8147 
17    | 9           | [96, 97, 98, 99, 100, 101, 103, 104, 105]      | [0.0200, 0.0400, 0.2600, 0.1000, 0.3800, 0.0600, 0.0100, 0.1000, 0.0300]         | 4.2876   | 0.7600  | 0.7691 
18    | 8           | [95, 96, 97, 98, 99, 100, 101, 102]            | [0.0300, 0.1600, 0.0700, 0.1500, 0.2800, 0.2200, 0.0800, 0.0100]                 | 2.7496   | 0.8600  | 0.8210 
19    | 5           | [99, 100, 101, 102, 103]                       | [0.0900, 0.4800, 0.3300, 0.0700, 0.0300]                                         | 0.7491   | 0.6400  | 0.6533 
20    | 5           | [97, 98, 99, 100, 101]                         | [0.0800, 0.0900, 0.5800, 0.2000, 0.0500]                                         | 0.8075   | 0.6400  | 0.6127 
21    | 7           | [97, 98, 99, 100, 101, 102, 103]               | [0.0100, 0.3300, 0.1000, 0.1600, 0.2600, 0.1200, 0.0200]                         | 2.3771   | 0.8000  | 0.7808 

[Per-locus summary - Population 2]
Locus | Num_Alleles | Alleles                                        | Frequencies                                                                      | Variance | Obs_Het | Exp_Het
------+-------------+------------------------------------------------+----------------------------------------------------------------------------------+----------+---------+--------
1     | 5           | [98, 99, 100, 101, 102]                        | [0.0200, 0.1600, 0.2200, 0.2000, 0.4000]                                         | 1.4000   | 0.6600  | 0.7329 
2     | 7           | [98, 99, 100, 101, 102, 103, 104]              | [0.0500, 0.1600, 0.2400, 0.1100, 0.0300, 0.3500, 0.0600]                         | 3.2600   | 0.8200  | 0.7830 
3     | 6           | [97, 98, 99, 100, 101, 102]                    | [0.0800, 0.2700, 0.2200, 0.1300, 0.2300, 0.0700]                                 | 2.1331   | 0.7600  | 0.8057 
4     | 7           | [96, 97, 98, 99, 100, 101, 102]                | [0.0900, 0.3100, 0.2200, 0.1600, 0.1500, 0.0300, 0.0400]                         | 2.2916   | 0.7800  | 0.8048 
5     | 10          | [96, 97, 98, 99, 100, 101, 102, 104, 105, 106] | [0.1000, 0.1400, 0.1300, 0.0800, 0.1500, 0.0400, 0.0400, 0.3000, 0.0100, 0.0100] | 8.9971   | 0.8400  | 0.8396 
6     | 4           | [98, 99, 100, 101]                             | [0.1700, 0.5200, 0.2600, 0.0500]                                                 | 0.5939   | 0.5000  | 0.6370 
7     | 8           | [99, 100, 101, 102, 103, 104, 105, 106]        | [0.1100, 0.2100, 0.0300, 0.0900, 0.1300, 0.2400, 0.1800, 0.0100]                 | 4.5619   | 0.7600  | 0.8362 
8     | 8           | [97, 98, 99, 100, 101, 102, 103, 104]          | [0.0400, 0.0800, 0.1400, 0.1100, 0.3600, 0.0400, 0.1300, 0.1000]                 | 3.4539   | 0.7000  | 0.8103 
9     | 5           | [97, 98, 99, 100, 101]                         | [0.0800, 0.2200, 0.2100, 0.4800, 0.0100]                                         | 1.0456   | 0.7200  | 0.6774 
10    | 7           | [95, 96, 97, 98, 102, 103, 104]                | [0.1100, 0.1800, 0.2100, 0.2500, 0.1100, 0.0900, 0.0500]                         | 7.6459   | 0.9000  | 0.8346 
11    | 5           | [96, 97, 98, 99, 100]                          | [0.0300, 0.2000, 0.2900, 0.2700, 0.2100]                                         | 1.2451   | 0.8600  | 0.7657 
12    | 7           | [98, 99, 100, 101, 102, 103, 104]              | [0.0900, 0.1500, 0.2600, 0.1900, 0.1800, 0.0900, 0.0400]                         | 2.4475   | 0.8000  | 0.8319 
13    | 5           | [99, 100, 101, 102, 103]                       | [0.1200, 0.3300, 0.3700, 0.1000, 0.0800]                                         | 1.1339   | 0.6800  | 0.7307 
14    | 5           | [98, 99, 100, 101, 102]                        | [0.0800, 0.2200, 0.1100, 0.4600, 0.1300]                                         | 1.4044   | 0.6400  | 0.7117 
15    | 5           | [99, 100, 101, 102, 103]                       | [0.0300, 0.3400, 0.2600, 0.3200, 0.0500]                                         | 0.9796   | 0.7000  | 0.7182 
16    | 8           | [93, 94, 95, 96, 97, 98, 99, 100]              | [0.2100, 0.0700, 0.2300, 0.2200, 0.1100, 0.0100, 0.1100, 0.0400]                 | 4.0356   | 0.7800  | 0.8321 
17    | 8           | [96, 97, 98, 99, 100, 101, 104, 105]           | [0.0100, 0.0100, 0.2300, 0.0500, 0.4100, 0.0400, 0.1600, 0.0900]                 | 5.7675   | 0.6800  | 0.7485 
18    | 7           | [96, 97, 98, 99, 100, 101, 102]                | [0.1800, 0.1700, 0.1600, 0.2000, 0.1800, 0.1000, 0.0100]                         | 2.7331   | 0.7200  | 0.8390 
19    | 4           | [99, 100, 101, 102]                            | [0.0800, 0.3200, 0.4900, 0.1100]                                                 | 0.6131   | 0.6200  | 0.6454 
20    | 5           | [97, 98, 99, 100, 101]                         | [0.0200, 0.0900, 0.5900, 0.2700, 0.0300]                                         | 0.5200   | 0.6200  | 0.5754 
21    | 6           | [98, 99, 100, 101, 102, 103]                   | [0.2600, 0.1000, 0.3200, 0.0900, 0.1900, 0.0400]                                 | 2.3491   | 0.8600  | 0.7820 
