
[Simulation Info]
simulation_id = sim_0008999
timestamp     = 20250428_110752
seed          = 918554
output_folder = /home/lejeunet/Bureau/simulations/Ref_table/sim_0008999

[Model Parameters]
pop_size           = 2035
num_loci           = 20
sample1_generation = 30
sample2_generation = 10
low_repeats        = 1
high_repeats       = 200
mutation_rate      = 0.001
recap_Ne           = 2035

[Sampling Design]
sample1_size_Ne  = 50
sample2_size_Ne  = 50
sample1_size_CMR = 50
sample2_size_CMR = 50

[Capture-Marquage-Recapture]
census_N   =  2601
MatchCount =  1

[Ne Estimates - One Sample - Decreasing critical values [0.050, 0.020, 0.010, 0+]]

[Linkage Desequilibrium]
LD_Ne_Pop1 = [None, 535.6, 623.5, 623.5]
LD_r2_Pop1 = [0.021117, 0.021896, 0.021809, 0.021809]
LD_Ne_Pop2 = [None, None, 4627.8, 4627.8]
LD_r2_Pop2 = [0.021204, 0.021082, 0.021348, 0.021348]

[Heterozygote excess]
HE_Neb_mean_Pop1        = [270.8, 231.3, 269.6, 269.6]
HE_weighted_D_mean_Pop1 = [0.00185, 0.00217, 0.00186, 0.00186]
HE_Neb_mean_Pop2        = [80.0, 38.4, 39.7, 39.7]
HE_weighted_D_mean_Pop2 = [0.00629, 0.01319, 0.01275, 0.01275]

[Molecular Coancestry]
Coan_Neb_n_Pop1 = 23.2
Coan_f1_Pop1    = 0.02157
Coan_Neb_n_Pop2 = None
Coan_f1_Pop2    = -0.00345

[Ne Estimates - Temporal - Decreasing critical values (0.050, 0.020, 0.010, 0+)]

[Pollak]
P_Ne     = [1385.7, 1961.7, 2019.0, 1923.2]
P_Fk     = [0.02361, 0.02255, 0.02248, 0.0226]
P_Fprime = [0.00361, 0.00255, 0.00248, 0.0026]

[Nei/Tajima]
N_Ne     = [1721.9, 2437.4, 2502.6, 2371.5]
N_Fc     = [0.0229, 0.02205, 0.022, 0.02211]
N_Fprime = [0.0029, 0.00205, 0.002, 0.00211]

[Jorde/Ryman]
J_Ne     = [2006.5, 2137.9, 2138.9, 2127.6]
J_Fs     = [0.02259, 0.02244, 0.02244, 0.02245]
J_Fprime = [0.00249, 0.00234, 0.00234, 0.00235]

[Genetic Diversity - Heterozygosity]
mean_exp_het_pop1 = 0.7672
mean_obs_het_pop1 = 0.7771
mean_exp_het_pop2 = 0.7692
mean_obs_het_pop2 = 0.781

[Genetic Diversity - Allele Counts]
mean_alleles_pop1 = 7.48
var_alleles_pop1  = 2.76
sum_alleles_pop1  = 157
mean_alleles_pop2 = 7.55
var_alleles_pop2  = 3.33
sum_alleles_pop2  = 317

[Genetic Diversity - Allelic Size Variance]
var_allele_size_pop1 = 3.5366
var_allele_size_pop2 = 3.6989

[Per-locus summary - Population 1]
Locus | Num_Alleles | Alleles                                               | Frequencies                                                                              | Variance | Obs_Het | Exp_Het
------+-------------+-------------------------------------------------------+------------------------------------------------------------------------------------------+----------+---------+--------
1     | 10          | [94, 95, 96, 97, 98, 100, 101, 102, 103, 105]         | [0.0200, 0.1600, 0.1100, 0.1300, 0.0100, 0.0300, 0.1000, 0.2300, 0.1500, 0.0600]         | 11.3484  | 0.9200  | 0.8636 
2     | 11          | [97, 98, 100, 101, 102, 103, 104, 105, 106, 107, 108] | [0.0100, 0.1800, 0.2000, 0.0600, 0.1300, 0.0100, 0.0600, 0.0100, 0.2800, 0.0200, 0.0400] | 10.5979  | 0.8400  | 0.8311 
3     | 7           | [97, 98, 99, 100, 101, 102, 103]                      | [0.0300, 0.0300, 0.0800, 0.5100, 0.2300, 0.1100, 0.0100]                                 | 1.1675   | 0.6600  | 0.6733 
4     | 8           | [96, 97, 98, 99, 100, 101, 102, 103]                  | [0.0900, 0.0500, 0.1500, 0.0800, 0.1100, 0.1800, 0.2400, 0.1000]                         | 4.6051   | 0.8600  | 0.8570 
5     | 9           | [96, 97, 98, 99, 100, 101, 102, 104, 106]             | [0.0500, 0.1000, 0.3300, 0.1600, 0.1900, 0.0300, 0.0200, 0.0500, 0.0700]                 | 6.2131   | 0.9200  | 0.8164 
6     | 5           | [98, 99, 100, 101, 102]                               | [0.0100, 0.0400, 0.4200, 0.3500, 0.1800]                                                 | 0.7275   | 0.6600  | 0.6737 
7     | 8           | [99, 100, 101, 102, 103, 104, 106, 107]               | [0.0300, 0.1000, 0.4000, 0.1400, 0.2100, 0.0600, 0.0300, 0.0300]                         | 2.7419   | 0.7800  | 0.7677 
8     | 4           | [98, 99, 100, 101]                                    | [0.1200, 0.4200, 0.4400, 0.0200]                                                         | 0.5104   | 0.6400  | 0.6214 
9     | 7           | [99, 100, 101, 102, 103, 104, 105]                    | [0.0600, 0.2800, 0.3100, 0.1600, 0.1100, 0.0700, 0.0100]                                 | 1.8571   | 0.8200  | 0.7871 
10    | 6           | [98, 99, 100, 101, 102, 103]                          | [0.0400, 0.0600, 0.5400, 0.2600, 0.0700, 0.0300]                                         | 0.9075   | 0.7200  | 0.6362 
11    | 9           | [96, 97, 98, 99, 100, 101, 102, 103, 104]             | [0.0200, 0.0500, 0.2100, 0.0800, 0.0700, 0.0700, 0.1800, 0.2700, 0.0500]                 | 5.2059   | 0.9000  | 0.8374 
12    | 8           | [93, 94, 95, 96, 97, 98, 99, 100]                     | [0.0200, 0.0600, 0.3200, 0.0800, 0.1700, 0.1100, 0.1900, 0.0500]                         | 3.4244   | 0.8000  | 0.8158 
13    | 8           | [96, 97, 98, 99, 100, 101, 102, 103]                  | [0.1700, 0.0400, 0.0300, 0.1000, 0.2200, 0.1400, 0.2200, 0.0800]                         | 5.0204   | 0.7800  | 0.8442 
14    | 9           | [96, 97, 98, 99, 100, 101, 102, 103, 104]             | [0.0200, 0.1100, 0.3500, 0.2100, 0.0900, 0.0100, 0.1600, 0.0400, 0.0100]                 | 3.4011   | 0.7800  | 0.7933 
15    | 6           | [99, 100, 101, 102, 103, 104]                         | [0.0100, 0.0300, 0.1700, 0.5200, 0.2000, 0.0700]                                         | 0.8536   | 0.7000  | 0.6614 
16    | 8           | [96, 97, 99, 100, 101, 102, 103, 104]                 | [0.0400, 0.0300, 0.2100, 0.2900, 0.3100, 0.0700, 0.0400, 0.0100]                         | 2.2075   | 0.6600  | 0.7743 
17    | 6           | [97, 98, 99, 100, 101, 102]                           | [0.0600, 0.1800, 0.4200, 0.0900, 0.2100, 0.0400]                                         | 1.6011   | 0.7600  | 0.7412 
18    | 6           | [98, 99, 101, 102, 103, 104]                          | [0.0700, 0.1300, 0.3600, 0.2400, 0.1100, 0.0900]                                         | 2.5724   | 0.7800  | 0.7786 
19    | 8           | [94, 95, 96, 97, 98, 99, 100, 101]                    | [0.0300, 0.0900, 0.1000, 0.1400, 0.0400, 0.2900, 0.2800, 0.0300]                         | 3.4659   | 0.7600  | 0.8044 
20    | 7           | [94, 95, 96, 97, 98, 99, 100]                         | [0.0500, 0.2500, 0.1100, 0.1000, 0.1100, 0.3600, 0.0200]                                 | 3.2731   | 0.7800  | 0.7786 
21    | 7           | [95, 96, 97, 98, 99, 100, 101]                        | [0.1000, 0.0100, 0.0100, 0.1300, 0.3100, 0.3500, 0.0900]                                 | 2.5675   | 0.8000  | 0.7537 

[Per-locus summary - Population 2]
Locus | Num_Alleles | Alleles                                                   | Frequencies                                                                                      | Variance | Obs_Het | Exp_Het
------+-------------+-----------------------------------------------------------+--------------------------------------------------------------------------------------------------+----------+---------+--------
1     | 8           | [95, 96, 97, 100, 101, 102, 103, 105]                     | [0.1300, 0.0500, 0.1700, 0.0100, 0.1600, 0.2500, 0.1300, 0.1000]                                 | 10.3739  | 0.8400  | 0.8450 
2     | 12          | [97, 98, 99, 100, 101, 102, 104, 105, 106, 107, 108, 109] | [0.0300, 0.1700, 0.0200, 0.1900, 0.0800, 0.1500, 0.0500, 0.0100, 0.2300, 0.0300, 0.0300, 0.0100] | 10.7700  | 0.7600  | 0.8560 
3     | 7           | [97, 98, 99, 100, 101, 102, 103]                          | [0.0200, 0.0700, 0.0500, 0.4600, 0.2200, 0.1700, 0.0100]                                         | 1.3844   | 0.7600  | 0.7103 
4     | 8           | [96, 97, 98, 99, 100, 101, 102, 103]                      | [0.1100, 0.1400, 0.1900, 0.1000, 0.1400, 0.1000, 0.0800, 0.1400]                                 | 5.1244   | 0.8800  | 0.8753 
5     | 9           | [96, 97, 98, 99, 100, 101, 104, 105, 106]                 | [0.0300, 0.1200, 0.3100, 0.2500, 0.0900, 0.0100, 0.0400, 0.0100, 0.1400]                         | 8.9059   | 0.8400  | 0.8046 
6     | 5           | [98, 99, 100, 101, 102]                                   | [0.0300, 0.0300, 0.4800, 0.3900, 0.0700]                                                         | 0.6264   | 0.5000  | 0.6170 
7     | 9           | [97, 99, 100, 101, 102, 103, 104, 106, 107]               | [0.0100, 0.0500, 0.1400, 0.3800, 0.0500, 0.2300, 0.0700, 0.0500, 0.0200]                         | 3.4139   | 0.8400  | 0.7780 
8     | 5           | [97, 98, 99, 100, 101]                                    | [0.0200, 0.1600, 0.3900, 0.4100, 0.0200]                                                         | 0.6675   | 0.7200  | 0.6600 
9     | 6           | [99, 100, 101, 102, 103, 104]                             | [0.0300, 0.2700, 0.3300, 0.1800, 0.1200, 0.0700]                                                 | 1.5900   | 0.7400  | 0.7733 
10    | 6           | [98, 99, 100, 101, 102, 103]                              | [0.0400, 0.0400, 0.4500, 0.3000, 0.1300, 0.0400]                                                 | 1.0664   | 0.8200  | 0.6927 
11    | 9           | [96, 97, 98, 99, 100, 101, 102, 103, 104]                 | [0.0400, 0.0500, 0.2800, 0.0300, 0.0500, 0.1900, 0.1100, 0.2100, 0.0400]                         | 5.3100   | 0.8600  | 0.8285 
12    | 7           | [94, 95, 96, 97, 98, 99, 100]                             | [0.1300, 0.2900, 0.1100, 0.0900, 0.1200, 0.1900, 0.0700]                                         | 3.8131   | 0.8400  | 0.8317 
13    | 8           | [96, 97, 98, 99, 100, 101, 102, 103]                      | [0.1300, 0.0100, 0.0400, 0.2900, 0.1700, 0.1500, 0.1700, 0.0400]                                 | 3.7139   | 0.8000  | 0.8236 
14    | 8           | [97, 98, 99, 100, 101, 102, 103, 104]                     | [0.1700, 0.3000, 0.2300, 0.0500, 0.0500, 0.1000, 0.0500, 0.0500]                                 | 4.1124   | 0.8600  | 0.8164 
15    | 5           | [100, 101, 102, 103, 104]                                 | [0.0400, 0.2300, 0.5100, 0.1800, 0.0400]                                                         | 0.7275   | 0.6600  | 0.6580 
16    | 9           | [96, 97, 98, 99, 100, 101, 102, 103, 104]                 | [0.0500, 0.0100, 0.0600, 0.1600, 0.2800, 0.2800, 0.1300, 0.0100, 0.0200]                         | 2.4804   | 0.8800  | 0.8020 
17    | 6           | [97, 98, 99, 100, 101, 102]                               | [0.0900, 0.1000, 0.5300, 0.0700, 0.1400, 0.0700]                                                 | 1.6416   | 0.6600  | 0.6784 
18    | 6           | [98, 99, 101, 102, 103, 104]                              | [0.0600, 0.1100, 0.2300, 0.3800, 0.1600, 0.0600]                                                 | 2.3096   | 0.8000  | 0.7654 
19    | 8           | [94, 95, 96, 97, 98, 99, 100, 101]                        | [0.0300, 0.1500, 0.1100, 0.1400, 0.0500, 0.2000, 0.2500, 0.0700]                                 | 4.2396   | 0.8400  | 0.8434 
20    | 6           | [94, 95, 96, 97, 98, 99]                                  | [0.0700, 0.2400, 0.1600, 0.1000, 0.0600, 0.3700]                                                 | 3.2875   | 0.7400  | 0.7691 
21    | 7           | [95, 96, 97, 98, 99, 100, 101]                            | [0.0700, 0.0300, 0.0100, 0.1200, 0.3500, 0.3700, 0.0500]                                         | 2.1184   | 0.7600  | 0.7250 
