
[Simulation Info]
simulation_id = sim_0001285
timestamp     = 20250428_075909
seed          = 73228
output_folder = /home/lejeunet/Bureau/simulations/Ref_table/sim_0001285

[Model Parameters]
pop_size           = 5690
num_loci           = 20
sample1_generation = 30
sample2_generation = 10
low_repeats        = 1
high_repeats       = 200
mutation_rate      = 0.001
recap_Ne           = 5690

[Sampling Design]
sample1_size_Ne  = 50
sample2_size_Ne  = 50
sample1_size_CMR = 50
sample2_size_CMR = 50

[Capture-Marquage-Recapture]
census_N   =  2601
MatchCount =  1

[Ne Estimates - One Sample - Decreasing critical values [0.050, 0.020, 0.010, 0+]]

[Linkage Desequilibrium]
LD_Ne_Pop1 = [942.6, 4317.8, 2421.2, 2421.2]
LD_r2_Pop1 = [0.021629, 0.021353, 0.021414, 0.021414]
LD_Ne_Pop2 = [6927.6, 1582.6, 740.9, 740.9]
LD_r2_Pop2 = [0.021324, 0.021486, 0.021725, 0.021725]

[Heterozygote excess]
HE_Neb_mean_Pop1        = [68.5, 105.7, 117.3, 117.3]
HE_weighted_D_mean_Pop1 = [0.00735, 0.00475, 0.00428, 0.00428]
HE_Neb_mean_Pop2        = [None, None, None, None]
HE_weighted_D_mean_Pop2 = [-0.01689, -0.0098, -0.00982, -0.00982]

[Molecular Coancestry]
Coan_Neb_n_Pop1 = 43.3
Coan_f1_Pop1    = 0.01154
Coan_Neb_n_Pop2 = None
Coan_f1_Pop2    = -0.00844

[Ne Estimates - Temporal - Decreasing critical values (0.050, 0.020, 0.010, 0+)]

[Pollak]
P_Ne     = [9688.7, 10149.7, 162029.3, -65897.9]
P_Fk     = [0.02052, 0.02049, 0.02003, 0.01992]
P_Fprime = [0.00052, 0.00049, 3e-05, -8e-05]

[Nei/Tajima]
N_Ne     = [8721.4, 9361.8, 51357.0, -2045360.0]
N_Fc     = [0.02057, 0.02053, 0.0201, 0.02]
N_Fprime = [0.00057, 0.00053, 0.0001, -0.0]

[Jorde/Ryman]
J_Ne     = [1594.3, 1267.5, 1294.5, 1298.3]
J_Fs     = [0.02324, 0.02405, 0.02397, 0.02396]
J_Fprime = [0.00314, 0.00394, 0.00386, 0.00385]

[Genetic Diversity - Heterozygosity]
mean_exp_het_pop1 = 0.8752
mean_obs_het_pop1 = 0.8819
mean_exp_het_pop2 = 0.8692
mean_obs_het_pop2 = 0.8514

[Genetic Diversity - Allele Counts]
mean_alleles_pop1 = 12.14
var_alleles_pop1  = 8.33
sum_alleles_pop1  = 255
mean_alleles_pop2 = 12.76
var_alleles_pop2  = 7.41
sum_alleles_pop2  = 536

[Genetic Diversity - Allelic Size Variance]
var_allele_size_pop1 = 11.4838
var_allele_size_pop2 = 11.9128

[Per-locus summary - Population 1]
Locus | Num_Alleles | Alleles                                                                     | Frequencies                                                                                                                              | Variance | Obs_Het | Exp_Het
------+-------------+-----------------------------------------------------------------------------+------------------------------------------------------------------------------------------------------------------------------------------+----------+---------+--------
1     | 14          | [95, 96, 97, 98, 99, 100, 101, 102, 103, 104, 105, 106, 107, 108]           | [0.0100, 0.0600, 0.2000, 0.0600, 0.0800, 0.1400, 0.0400, 0.1600, 0.0300, 0.0100, 0.0900, 0.0100, 0.0300, 0.0800]                         | 13.0624  | 0.9200  | 0.8919 
2     | 11          | [88, 89, 90, 91, 92, 93, 94, 95, 96, 97, 98]                                | [0.0300, 0.0800, 0.0200, 0.1500, 0.1400, 0.0300, 0.0300, 0.2200, 0.1300, 0.1500, 0.0200]                                                 | 7.5819   | 0.8600  | 0.8689 
3     | 17          | [90, 91, 92, 93, 94, 95, 96, 97, 98, 99, 101, 102, 103, 105, 106, 110, 111] | [0.0500, 0.0200, 0.1000, 0.0200, 0.1700, 0.1200, 0.1900, 0.0700, 0.0200, 0.0200, 0.0200, 0.0300, 0.0100, 0.0400, 0.0400, 0.0500, 0.0300] | 29.8379  | 0.9600  | 0.9026 
4     | 15          | [94, 95, 96, 97, 98, 99, 100, 101, 102, 103, 104, 105, 106, 107, 108]       | [0.0100, 0.1100, 0.0500, 0.0100, 0.0200, 0.0600, 0.1100, 0.1500, 0.0400, 0.1000, 0.1400, 0.1000, 0.0400, 0.0500, 0.0100]                 | 12.8776  | 0.9400  | 0.9103 
5     | 10          | [91, 93, 94, 95, 96, 97, 98, 99, 102, 105]                                  | [0.0300, 0.2300, 0.1700, 0.1700, 0.1000, 0.1100, 0.0200, 0.1400, 0.0100, 0.0200]                                                         | 6.8084   | 0.8200  | 0.8543 
6     | 8           | [99, 100, 101, 102, 103, 104, 105, 106]                                     | [0.0200, 0.0700, 0.3100, 0.2100, 0.0900, 0.0900, 0.1500, 0.0600]                                                                         | 3.3275   | 0.8200  | 0.8204 
7     | 16          | [88, 89, 90, 91, 92, 93, 96, 97, 98, 99, 100, 101, 102, 103, 104, 105]      | [0.0200, 0.0700, 0.0800, 0.0300, 0.0100, 0.0300, 0.0100, 0.0300, 0.0800, 0.0500, 0.1800, 0.1900, 0.0600, 0.0800, 0.0500, 0.0300]         | 24.1139  | 0.9200  | 0.9036 
8     | 14          | [87, 88, 89, 90, 91, 92, 93, 94, 95, 96, 97, 98, 99, 100]                   | [0.0200, 0.0600, 0.1000, 0.0400, 0.0600, 0.0800, 0.0300, 0.1400, 0.0600, 0.0600, 0.1300, 0.0700, 0.1100, 0.0400]                         | 13.9379  | 0.9000  | 0.9204 
9     | 13          | [91, 92, 93, 94, 95, 96, 97, 99, 100, 101, 102, 103, 104]                   | [0.0500, 0.0400, 0.0200, 0.1500, 0.1700, 0.1200, 0.1000, 0.0300, 0.0800, 0.1400, 0.0200, 0.0700, 0.0100]                                 | 11.8584  | 0.8400  | 0.8964 
10    | 14          | [91, 92, 93, 94, 95, 96, 97, 98, 100, 101, 102, 103, 104, 105]              | [0.0300, 0.0400, 0.1700, 0.1500, 0.1500, 0.0700, 0.0800, 0.0500, 0.0100, 0.0600, 0.0200, 0.1000, 0.0500, 0.0200]                         | 15.6275  | 1.0000  | 0.9018 
11    | 10          | [94, 95, 96, 97, 98, 99, 100, 103, 104, 105]                                | [0.1000, 0.0900, 0.1700, 0.1700, 0.0700, 0.0800, 0.1200, 0.1000, 0.0900, 0.0100]                                                         | 9.9875   | 0.9400  | 0.8891 
12    | 11          | [97, 98, 99, 100, 101, 102, 103, 107, 108, 109, 110]                        | [0.0100, 0.0700, 0.1400, 0.1100, 0.2200, 0.1000, 0.0100, 0.0300, 0.1900, 0.0700, 0.0500]                                                 | 16.5200  | 0.8000  | 0.8691 
13    | 11          | [95, 96, 97, 98, 99, 100, 101, 102, 103, 104, 106]                          | [0.0200, 0.0200, 0.1100, 0.0700, 0.1200, 0.0600, 0.1700, 0.2000, 0.1400, 0.0400, 0.0500]                                                 | 6.4176   | 0.8400  | 0.8804 
14    | 7           | [99, 100, 101, 102, 103, 104, 105]                                          | [0.1800, 0.1900, 0.1200, 0.1000, 0.1100, 0.2800, 0.0200]                                                                                 | 3.8139   | 0.8800  | 0.8244 
15    | 8           | [96, 97, 98, 99, 100, 101, 102, 105]                                        | [0.0500, 0.0300, 0.1800, 0.3700, 0.2700, 0.0500, 0.0100, 0.0400]                                                                         | 2.6875   | 0.8600  | 0.7578 
16    | 15          | [88, 91, 93, 94, 95, 96, 97, 98, 99, 100, 101, 102, 103, 104, 105]          | [0.0200, 0.0300, 0.0100, 0.1500, 0.0200, 0.0700, 0.0800, 0.1200, 0.2100, 0.0800, 0.0800, 0.0400, 0.0400, 0.0400, 0.0100]                 | 11.4764  | 0.8800  | 0.8972 
17    | 14          | [98, 99, 100, 101, 102, 103, 104, 105, 106, 107, 108, 109, 110, 111]        | [0.0600, 0.0700, 0.0700, 0.0300, 0.0700, 0.0800, 0.0200, 0.0100, 0.0400, 0.1200, 0.1900, 0.0500, 0.0700, 0.1200]                         | 17.5836  | 0.8800  | 0.9091 
18    | 15          | [94, 95, 96, 97, 98, 99, 100, 101, 102, 103, 104, 105, 106, 108, 109]       | [0.0500, 0.0600, 0.0500, 0.0600, 0.0100, 0.0700, 0.0600, 0.2200, 0.1900, 0.0700, 0.0500, 0.0400, 0.0300, 0.0300, 0.0100]                 | 11.5475  | 0.8800  | 0.8927 
19    | 13          | [91, 94, 100, 101, 102, 103, 104, 105, 106, 107, 108, 109, 110]             | [0.0100, 0.0200, 0.0600, 0.0400, 0.0400, 0.0500, 0.1100, 0.1700, 0.1200, 0.1100, 0.0900, 0.1600, 0.0200]                                 | 11.5800  | 0.9000  | 0.8976 
20    | 9           | [100, 101, 102, 103, 104, 105, 106, 107, 108]                               | [0.0600, 0.3300, 0.2200, 0.0800, 0.1300, 0.0500, 0.0500, 0.0700, 0.0100]                                                                 | 4.1075   | 0.8400  | 0.8139 
21    | 10          | [98, 99, 100, 101, 102, 103, 104, 105, 106, 107]                            | [0.0500, 0.1400, 0.0900, 0.0500, 0.1300, 0.2300, 0.0600, 0.1400, 0.0400, 0.0700]                                                         | 6.4051   | 0.8400  | 0.8766 

[Per-locus summary - Population 2]
Locus | Num_Alleles | Alleles                                                                     | Frequencies                                                                                                                              | Variance | Obs_Het | Exp_Het
------+-------------+-----------------------------------------------------------------------------+------------------------------------------------------------------------------------------------------------------------------------------+----------+---------+--------
1     | 13          | [96, 97, 98, 99, 100, 101, 102, 103, 104, 105, 106, 107, 108]               | [0.1100, 0.1500, 0.0600, 0.1600, 0.1400, 0.0400, 0.1100, 0.0200, 0.0100, 0.1100, 0.0400, 0.0300, 0.0200]                                 | 11.1475  | 0.9200  | 0.8964 
2     | 11          | [88, 89, 90, 91, 92, 93, 94, 95, 96, 97, 98]                                | [0.0500, 0.0600, 0.0400, 0.1100, 0.2300, 0.0800, 0.0300, 0.1900, 0.1400, 0.0600, 0.0100]                                                 | 6.4964   | 0.8000  | 0.8693 
3     | 16          | [89, 91, 92, 93, 94, 95, 96, 97, 98, 99, 101, 102, 103, 105, 110, 111]      | [0.0200, 0.0300, 0.1100, 0.0700, 0.1000, 0.1300, 0.1700, 0.0400, 0.0700, 0.0200, 0.0200, 0.0400, 0.0200, 0.0200, 0.1100, 0.0300]         | 35.3756  | 0.9400  | 0.9123 
4     | 15          | [93, 94, 95, 96, 97, 98, 99, 100, 101, 103, 104, 105, 106, 107, 108]        | [0.0100, 0.0100, 0.0900, 0.0500, 0.0200, 0.0300, 0.0700, 0.0800, 0.2000, 0.0700, 0.1300, 0.0800, 0.0500, 0.0900, 0.0200]                 | 14.5675  | 0.9000  | 0.9065 
5     | 12          | [90, 91, 92, 93, 94, 95, 96, 97, 98, 99, 102, 105]                          | [0.0300, 0.0300, 0.0100, 0.1000, 0.2600, 0.2400, 0.1300, 0.0400, 0.0200, 0.1100, 0.0100, 0.0200]                                         | 6.6516   | 0.8000  | 0.8398 
6     | 8           | [99, 100, 101, 102, 103, 104, 105, 106]                                     | [0.0200, 0.0900, 0.2700, 0.2600, 0.0500, 0.1700, 0.1000, 0.0400]                                                                         | 2.9644   | 0.7800  | 0.8162 
7     | 16          | [88, 89, 90, 91, 92, 93, 96, 97, 98, 99, 100, 101, 102, 103, 104, 105]      | [0.0100, 0.0500, 0.0700, 0.0600, 0.0200, 0.0400, 0.0100, 0.0300, 0.1000, 0.0700, 0.1400, 0.1900, 0.0600, 0.0800, 0.0600, 0.0100]         | 22.2019  | 0.9200  | 0.9107 
8     | 14          | [87, 88, 89, 90, 91, 92, 93, 94, 95, 96, 97, 98, 99, 100]                   | [0.0100, 0.0300, 0.1300, 0.0400, 0.0400, 0.0400, 0.0400, 0.1800, 0.0700, 0.0800, 0.1200, 0.0700, 0.1200, 0.0300]                         | 12.5675  | 0.8800  | 0.9065 
9     | 13          | [91, 92, 93, 94, 95, 96, 97, 98, 99, 100, 101, 102, 103]                    | [0.0700, 0.0300, 0.0300, 0.0600, 0.2300, 0.1500, 0.1200, 0.0200, 0.0500, 0.1000, 0.1000, 0.0200, 0.0200]                                 | 9.1064   | 0.9200  | 0.8851 
10    | 12          | [91, 93, 94, 95, 96, 97, 98, 100, 101, 102, 103, 104]                       | [0.0400, 0.1400, 0.1900, 0.1200, 0.1200, 0.0800, 0.0300, 0.0600, 0.0900, 0.0500, 0.0300, 0.0500]                                         | 12.6356  | 0.8600  | 0.8980 
11    | 11          | [93, 94, 95, 96, 97, 98, 99, 100, 102, 103, 104]                            | [0.0100, 0.1500, 0.1600, 0.1300, 0.1400, 0.0700, 0.1300, 0.1100, 0.0100, 0.0600, 0.0300]                                                 | 7.6244   | 0.8800  | 0.8857 
12    | 11          | [97, 98, 99, 100, 101, 102, 103, 107, 108, 109, 110]                        | [0.0500, 0.0600, 0.1800, 0.0600, 0.1900, 0.1000, 0.0100, 0.0200, 0.2100, 0.0700, 0.0500]                                                 | 18.1136  | 0.8800  | 0.8685 
13    | 12          | [95, 96, 97, 98, 99, 100, 101, 102, 103, 104, 105, 106]                     | [0.0200, 0.0500, 0.1100, 0.0900, 0.1300, 0.0400, 0.1600, 0.1100, 0.1400, 0.0500, 0.0100, 0.0900]                                         | 8.5075   | 0.9200  | 0.8994 
14    | 8           | [98, 99, 100, 101, 102, 103, 104, 105]                                      | [0.0300, 0.2400, 0.3100, 0.0800, 0.0800, 0.0700, 0.1600, 0.0300]                                                                         | 3.8164   | 0.8000  | 0.8093 
15    | 8           | [96, 97, 98, 99, 100, 101, 102, 105]                                        | [0.0300, 0.0100, 0.2800, 0.3900, 0.2200, 0.0200, 0.0200, 0.0300]                                                                         | 2.1379   | 0.6600  | 0.7257 
16    | 17          | [88, 91, 92, 93, 94, 95, 96, 97, 98, 99, 100, 101, 102, 103, 104, 105, 106] | [0.0300, 0.0300, 0.0100, 0.0300, 0.0900, 0.0200, 0.1000, 0.0300, 0.1100, 0.1900, 0.0800, 0.0700, 0.0300, 0.1000, 0.0600, 0.0100, 0.0100] | 14.9376  | 0.8800  | 0.9127 
17    | 14          | [98, 99, 100, 101, 102, 103, 104, 105, 106, 107, 108, 109, 110, 111]        | [0.0600, 0.0500, 0.0200, 0.0400, 0.0900, 0.0400, 0.0400, 0.0200, 0.0900, 0.1500, 0.1700, 0.0300, 0.1100, 0.0900]                         | 15.0324  | 0.8800  | 0.9087 
18    | 15          | [94, 95, 96, 97, 98, 99, 100, 101, 102, 103, 104, 105, 106, 108, 109]       | [0.0100, 0.1000, 0.1700, 0.0600, 0.0100, 0.0700, 0.0200, 0.1400, 0.1000, 0.0900, 0.0400, 0.1000, 0.0600, 0.0200, 0.0100]                 | 14.8331  | 0.9000  | 0.9077 
19    | 15          | [91, 93, 94, 99, 100, 101, 102, 103, 104, 105, 106, 107, 108, 109, 110]     | [0.0500, 0.0100, 0.0400, 0.0100, 0.0300, 0.0400, 0.0500, 0.0900, 0.2100, 0.0800, 0.0700, 0.1000, 0.0900, 0.1200, 0.0100]                 | 21.0900  | 0.9200  | 0.9036 
20    | 11          | [99, 100, 101, 102, 103, 104, 105, 106, 107, 108, 109]                      | [0.0100, 0.0200, 0.4500, 0.1800, 0.0600, 0.0700, 0.0700, 0.0400, 0.0500, 0.0300, 0.0200]                                                 | 5.1556   | 0.6600  | 0.7533 
21    | 12          | [96, 97, 98, 99, 100, 101, 102, 103, 104, 105, 106, 107]                    | [0.0100, 0.0200, 0.0300, 0.0800, 0.1000, 0.0600, 0.3400, 0.1400, 0.0700, 0.0700, 0.0400, 0.0400]                                         | 5.2051   | 0.7800  | 0.8388 
