
[Simulation Info]
simulation_id = sim_0009632
timestamp     = 20250428_112618
seed          = 449330
output_folder = /home/lejeunet/Bureau/simulations/Ref_table/sim_0009632

[Model Parameters]
pop_size           = 3413
num_loci           = 20
sample1_generation = 30
sample2_generation = 10
low_repeats        = 1
high_repeats       = 200
mutation_rate      = 0.001
recap_Ne           = 3413

[Sampling Design]
sample1_size_Ne  = 50
sample2_size_Ne  = 50
sample1_size_CMR = 50
sample2_size_CMR = 50

[Capture-Marquage-Recapture]
census_N   =  867
MatchCount =  3

[Ne Estimates - One Sample - Decreasing critical values [0.050, 0.020, 0.010, 0+]]

[Linkage Desequilibrium]
LD_Ne_Pop1 = [883.8, None, None, None]
LD_r2_Pop1 = [0.021652, 0.021251, 0.021202, 0.021202]
LD_Ne_Pop2 = [487.1, 372.1, 470.8, 470.8]
LD_r2_Pop2 = [0.021957, 0.022167, 0.021981, 0.021981]

[Heterozygote excess]
HE_Neb_mean_Pop1        = [None, None, None, None]
HE_weighted_D_mean_Pop1 = [-0.01348, -0.00381, -0.00386, -0.00386]
HE_Neb_mean_Pop2        = [None, None, None, None]
HE_weighted_D_mean_Pop2 = [-0.00944, -0.0116, -0.01152, -0.01152]

[Molecular Coancestry]
Coan_Neb_n_Pop1 = None
Coan_f1_Pop1    = -0.01418
Coan_Neb_n_Pop2 = None
Coan_f1_Pop2    = -0.01117

[Ne Estimates - Temporal - Decreasing critical values (0.050, 0.020, 0.010, 0+)]

[Pollak]
P_Ne     = [1730.4, 2706.4, 2570.5, 2570.5]
P_Fk     = [0.02289, 0.02185, 0.02195, 0.02195]
P_Fprime = [0.00289, 0.00185, 0.00195, 0.00195]

[Nei/Tajima]
N_Ne     = [2146.4, 3771.6, 3468.7, 3468.7]
N_Fc     = [0.02233, 0.02133, 0.02144, 0.02144]
N_Fprime = [0.00233, 0.00133, 0.00144, 0.00144]

[Jorde/Ryman]
J_Ne     = [3740.2, -9768.5, -10405.1, -10405.0]
J_Fs     = [0.02144, 0.01959, 0.01962, 0.01962]
J_Fprime = [0.00134, -0.00051, -0.00048, -0.00048]

[Genetic Diversity - Heterozygosity]
mean_exp_het_pop1 = 0.8045
mean_obs_het_pop1 = 0.7924
mean_exp_het_pop2 = 0.8115
mean_obs_het_pop2 = 0.8038

[Genetic Diversity - Allele Counts]
mean_alleles_pop1 = 9.1
var_alleles_pop1  = 4.19
sum_alleles_pop1  = 191
mean_alleles_pop2 = 9.36
var_alleles_pop2  = 5.5
sum_alleles_pop2  = 393

[Genetic Diversity - Allelic Size Variance]
var_allele_size_pop1 = 6.6687
var_allele_size_pop2 = 6.4685

[Per-locus summary - Population 1]
Locus | Num_Alleles | Alleles                                                | Frequencies                                                                                      | Variance | Obs_Het | Exp_Het
------+-------------+--------------------------------------------------------+--------------------------------------------------------------------------------------------------+----------+---------+--------
1     | 12          | [94, 95, 96, 97, 98, 99, 104, 105, 106, 107, 108, 109] | [0.0700, 0.1500, 0.0700, 0.0200, 0.0100, 0.0900, 0.0100, 0.0200, 0.1500, 0.2900, 0.0700, 0.0500] | 30.4484  | 0.8400  | 0.8531 
2     | 11          | [94, 95, 96, 97, 98, 99, 100, 101, 102, 104, 105]      | [0.0300, 0.0200, 0.0500, 0.0800, 0.0400, 0.1000, 0.3500, 0.1400, 0.0600, 0.1100, 0.0200]         | 5.9900   | 0.8400  | 0.8283 
3     | 9           | [98, 99, 100, 101, 102, 103, 104, 105, 106]            | [0.0300, 0.0400, 0.1000, 0.1700, 0.0900, 0.3600, 0.1100, 0.0100, 0.0900]                         | 3.6104   | 0.8400  | 0.8087 
4     | 8           | [97, 98, 99, 100, 101, 102, 103, 104]                  | [0.0300, 0.1000, 0.0800, 0.3700, 0.2400, 0.0700, 0.0100, 0.1000]                                 | 2.7664   | 0.7800  | 0.7810 
5     | 9           | [96, 98, 99, 100, 101, 102, 103, 104, 105]             | [0.0100, 0.0600, 0.0300, 0.1900, 0.1200, 0.2700, 0.1000, 0.2000, 0.0200]                         | 3.4411   | 0.8000  | 0.8299 
6     | 12          | [92, 93, 94, 95, 96, 97, 99, 100, 101, 102, 103, 104]  | [0.0200, 0.0400, 0.0300, 0.1200, 0.1700, 0.0600, 0.0300, 0.2100, 0.1700, 0.0400, 0.0500, 0.0600] | 10.1891  | 0.9000  | 0.8774 
7     | 9           | [97, 98, 99, 100, 101, 102, 103, 104, 105]             | [0.0100, 0.0800, 0.0700, 0.0500, 0.1100, 0.1500, 0.4900, 0.0200, 0.0200]                         | 3.1800   | 0.7600  | 0.7178 
8     | 9           | [98, 99, 101, 102, 103, 104, 105, 107, 108]            | [0.0200, 0.3300, 0.1200, 0.1900, 0.2200, 0.0200, 0.0500, 0.0400, 0.0100]                         | 5.2496   | 0.7000  | 0.7952 
9     | 7           | [98, 99, 100, 101, 102, 103, 104]                      | [0.0200, 0.1600, 0.4000, 0.1500, 0.0900, 0.1500, 0.0300]                                         | 2.0900   | 0.7400  | 0.7677 
10    | 10          | [96, 97, 98, 99, 100, 101, 102, 103, 104, 105]         | [0.0100, 0.0400, 0.1700, 0.1000, 0.1300, 0.0600, 0.1700, 0.2600, 0.0400, 0.0200]                 | 4.8144   | 0.8600  | 0.8489 
11    | 11          | [94, 95, 96, 97, 98, 99, 103, 104, 105, 106, 108]      | [0.0300, 0.0700, 0.0900, 0.3400, 0.1300, 0.0100, 0.0400, 0.1400, 0.1000, 0.0300, 0.0200]         | 14.8844  | 0.8200  | 0.8293 
12    | 7           | [94, 95, 96, 97, 98, 99, 100]                          | [0.0300, 0.0800, 0.1400, 0.2900, 0.2900, 0.1300, 0.0400]                                         | 1.8216   | 0.8400  | 0.7943 
13    | 9           | [95, 96, 97, 98, 99, 100, 101, 102, 103]               | [0.0600, 0.1300, 0.1600, 0.0200, 0.2600, 0.1400, 0.2000, 0.0200, 0.0100]                         | 3.9611   | 0.8400  | 0.8341 
14    | 10          | [96, 97, 98, 99, 101, 102, 103, 104, 105, 106]         | [0.0100, 0.1800, 0.1400, 0.0500, 0.0600, 0.1100, 0.1800, 0.0900, 0.1200, 0.0600]                 | 9.5971   | 0.8800  | 0.8800 
15    | 11          | [95, 96, 97, 98, 99, 100, 101, 102, 103, 104, 105]     | [0.0600, 0.1600, 0.1400, 0.0800, 0.1100, 0.0300, 0.0100, 0.1100, 0.1100, 0.1800, 0.0100]         | 10.2300  | 0.9200  | 0.8838 
16    | 5           | [99, 100, 101, 102, 103]                               | [0.0300, 0.2700, 0.5600, 0.1300, 0.0100]                                                         | 0.5276   | 0.5800  | 0.6016 
17    | 11          | [91, 93, 94, 95, 96, 99, 100, 101, 102, 103, 104]      | [0.0100, 0.0900, 0.0200, 0.0400, 0.0100, 0.0300, 0.0800, 0.2400, 0.3200, 0.1100, 0.0500]         | 10.3500  | 0.8600  | 0.8160 
18    | 6           | [99, 100, 101, 102, 103, 104]                          | [0.0700, 0.0200, 0.1300, 0.5400, 0.1200, 0.1200]                                                 | 1.4396   | 0.5800  | 0.6640 
19    | 11          | [96, 98, 99, 100, 101, 102, 103, 104, 105, 106, 107]   | [0.0200, 0.0700, 0.2400, 0.1100, 0.0400, 0.0300, 0.1500, 0.0700, 0.1800, 0.0600, 0.0300]         | 8.2144   | 0.8400  | 0.8669 
20    | 6           | [98, 99, 100, 101, 102, 103]                           | [0.0100, 0.1700, 0.1700, 0.3300, 0.2100, 0.1100]                                                 | 1.5779   | 0.7000  | 0.7849 
21    | 8           | [97, 98, 99, 100, 101, 102, 103, 104]                  | [0.0100, 0.2400, 0.1100, 0.1000, 0.0600, 0.1400, 0.0800, 0.2600]                                 | 5.6600   | 0.7200  | 0.8313 

[Per-locus summary - Population 2]
Locus | Num_Alleles | Alleles                                                         | Frequencies                                                                                                      | Variance | Obs_Het | Exp_Het
------+-------------+-----------------------------------------------------------------+------------------------------------------------------------------------------------------------------------------+----------+---------+--------
1     | 14          | [93, 94, 95, 96, 97, 98, 99, 100, 104, 105, 106, 107, 108, 109] | [0.0200, 0.0300, 0.0900, 0.0300, 0.0400, 0.0400, 0.0600, 0.0100, 0.0500, 0.0400, 0.2100, 0.1800, 0.1000, 0.1000] | 26.0091  | 0.9600  | 0.8911 
2     | 13          | [94, 95, 96, 97, 98, 99, 100, 101, 102, 103, 104, 105, 106]     | [0.0100, 0.0100, 0.0400, 0.1000, 0.0500, 0.0400, 0.2600, 0.1500, 0.1100, 0.0200, 0.1300, 0.0700, 0.0100]         | 6.9275   | 0.9200  | 0.8683 
3     | 9           | [98, 99, 100, 101, 102, 103, 104, 105, 106]                     | [0.0900, 0.0500, 0.1000, 0.2100, 0.0500, 0.3200, 0.1000, 0.0300, 0.0500]                                         | 4.2779   | 0.8600  | 0.8253 
4     | 7           | [97, 98, 99, 100, 101, 102, 104]                                | [0.0500, 0.1100, 0.1400, 0.3800, 0.2000, 0.0700, 0.0500]                                                         | 2.3091   | 0.6400  | 0.7818 
5     | 8           | [96, 98, 99, 100, 101, 102, 103, 104]                           | [0.0100, 0.0200, 0.0800, 0.1700, 0.1500, 0.3000, 0.0900, 0.1800]                                                 | 2.8636   | 0.8200  | 0.8194 
6     | 11          | [92, 95, 96, 97, 99, 100, 101, 102, 103, 104, 107]              | [0.0100, 0.0600, 0.1300, 0.0300, 0.0300, 0.2900, 0.2400, 0.0700, 0.0600, 0.0600, 0.0200]                         | 7.5136   | 0.9000  | 0.8317 
7     | 7           | [98, 99, 100, 101, 102, 103, 104]                               | [0.0800, 0.1000, 0.0400, 0.1100, 0.1400, 0.4200, 0.1100]                                                         | 3.2811   | 0.7200  | 0.7695 
8     | 10          | [99, 100, 101, 102, 103, 104, 105, 106, 107, 108]               | [0.3100, 0.0600, 0.0700, 0.1300, 0.1800, 0.0400, 0.0800, 0.0100, 0.0800, 0.0400]                                 | 7.7564   | 0.8200  | 0.8384 
9     | 7           | [98, 99, 100, 101, 102, 103, 104]                               | [0.0100, 0.1500, 0.3900, 0.1800, 0.0400, 0.1400, 0.0900]                                                         | 2.4731   | 0.7400  | 0.7713 
10    | 8           | [97, 98, 99, 100, 101, 102, 103, 104]                           | [0.1300, 0.2300, 0.1400, 0.1200, 0.0200, 0.1300, 0.1900, 0.0400]                                                 | 5.1196   | 0.8800  | 0.8497 
11    | 11          | [93, 95, 96, 97, 98, 99, 103, 104, 105, 106, 108]               | [0.0100, 0.0500, 0.0700, 0.3700, 0.1000, 0.0100, 0.0600, 0.1900, 0.0800, 0.0400, 0.0200]                         | 14.8676  | 0.8400  | 0.8054 
12    | 7           | [94, 95, 96, 97, 98, 99, 100]                                   | [0.0700, 0.1300, 0.1000, 0.2300, 0.3300, 0.0800, 0.0600]                                                         | 2.4300   | 0.8200  | 0.8044 
13    | 9           | [95, 96, 97, 98, 99, 100, 101, 102, 103]                        | [0.0300, 0.1600, 0.2100, 0.0300, 0.1800, 0.0800, 0.2500, 0.0400, 0.0200]                                         | 4.4771   | 0.8400  | 0.8335 
14    | 11          | [96, 97, 98, 99, 100, 101, 102, 103, 104, 105, 106]             | [0.0100, 0.1900, 0.1100, 0.0300, 0.0300, 0.0400, 0.0800, 0.2700, 0.1100, 0.0700, 0.0600]                         | 9.1100   | 0.8400  | 0.8570 
15    | 10          | [95, 96, 97, 98, 99, 100, 102, 103, 104, 105]                   | [0.0600, 0.1900, 0.1000, 0.1200, 0.0700, 0.1000, 0.1200, 0.1400, 0.0900, 0.0100]                                 | 9.0600   | 0.8200  | 0.8877 
16    | 5           | [99, 100, 101, 102, 103]                                        | [0.0300, 0.2200, 0.5100, 0.1900, 0.0500]                                                                         | 0.7299   | 0.5000  | 0.6586 
17    | 10          | [91, 93, 95, 96, 99, 100, 101, 102, 103, 104]                   | [0.0300, 0.0500, 0.0500, 0.0100, 0.0500, 0.0600, 0.1900, 0.4600, 0.0300, 0.0700]                                 | 9.4896   | 0.6800  | 0.7418 
18    | 6           | [99, 100, 101, 102, 103, 104]                                   | [0.0700, 0.0400, 0.1600, 0.4400, 0.1500, 0.1400]                                                                 | 1.6596   | 0.7400  | 0.7396 
19    | 10          | [98, 99, 100, 101, 102, 103, 104, 105, 106, 107]                | [0.0200, 0.3000, 0.1200, 0.0200, 0.0400, 0.1100, 0.1100, 0.1800, 0.0500, 0.0500]                                 | 7.7336   | 0.9200  | 0.8400 
20    | 7           | [98, 99, 100, 101, 102, 103, 104]                               | [0.0100, 0.0700, 0.2900, 0.3400, 0.1900, 0.0800, 0.0200]                                                         | 1.3475   | 0.7000  | 0.7600 
21    | 10          | [97, 98, 99, 100, 101, 102, 103, 104, 105, 106]                 | [0.0600, 0.2100, 0.1200, 0.0700, 0.0800, 0.1100, 0.1100, 0.2100, 0.0200, 0.0100]                                 | 6.4019   | 0.9200  | 0.8665 
