
[Simulation Info]
simulation_id = sim_0012483
timestamp     = 20250429_095345
seed          = 715912
output_folder = /home/lejeunet/Bureau/simulations/Ref_table/sim_0012483

[Model Parameters]
pop_size           = 1225
num_loci           = 20
sample1_generation = 30
sample2_generation = 10
low_repeats        = 1
high_repeats       = 200
mutation_rate      = 0.001
recap_Ne           = 1225

[Sampling Design]
sample1_size_Ne  = 50
sample2_size_Ne  = 50
sample1_size_CMR = 50
sample2_size_CMR = 50

[Capture-Marquage-Recapture]
census_N   =  2601
MatchCount =  1

[Ne Estimates - One Sample - Decreasing critical values [0.050, 0.020, 0.010, 0+]]

[Linkage Desequilibrium]
LD_Ne_Pop1 = [425.3, 774.9, 488.6, 488.6]
LD_r2_Pop1 = [0.022056, 0.021705, 0.021955, 0.021955]
LD_Ne_Pop2 = [445.7, 318.2, 635.8, 635.8]
LD_r2_Pop2 = [0.02202, 0.022317, 0.021799, 0.021799]

[Heterozygote excess]
HE_Neb_mean_Pop1        = [17.8, 29.2, 29.6, 29.6]
HE_weighted_D_mean_Pop1 = [0.02895, 0.01741, 0.01716, 0.01716]
HE_Neb_mean_Pop2        = [None, None, None, None]
HE_weighted_D_mean_Pop2 = [-0.03567, -0.03272, -0.03242, -0.03242]

[Molecular Coancestry]
Coan_Neb_n_Pop1 = 56.3
Coan_f1_Pop1    = 0.00888
Coan_Neb_n_Pop2 = 85.3
Coan_f1_Pop2    = 0.00586

[Ne Estimates - Temporal - Decreasing critical values (0.050, 0.020, 0.010, 0+)]

[Pollak]
P_Ne     = [781.3, 808.3, 860.1, 878.4]
P_Fk     = [0.0264, 0.02619, 0.02581, 0.02569]
P_Fprime = [0.0064, 0.00619, 0.00581, 0.00569]

[Nei/Tajima]
N_Ne     = [862.3, 880.5, 929.9, 946.1]
N_Fc     = [0.0258, 0.02568, 0.02538, 0.02528]
N_Fprime = [0.0058, 0.00568, 0.00538, 0.00528]

[Jorde/Ryman]
J_Ne     = [810.9, 794.8, 800.3, 800.3]
J_Fs     = [0.02628, 0.0264, 0.02636, 0.02636]
J_Fprime = [0.00617, 0.00629, 0.00625, 0.00625]

[Genetic Diversity - Heterozygosity]
mean_exp_het_pop1 = 0.6832
mean_obs_het_pop1 = 0.7095
mean_exp_het_pop2 = 0.6721
mean_obs_het_pop2 = 0.6476

[Genetic Diversity - Allele Counts]
mean_alleles_pop1 = 5.33
var_alleles_pop1  = 0.93
sum_alleles_pop1  = 112
mean_alleles_pop2 = 5.4
var_alleles_pop2  = 0.78
sum_alleles_pop2  = 227

[Genetic Diversity - Allelic Size Variance]
var_allele_size_pop1 = 1.151
var_allele_size_pop2 = 1.0912

[Per-locus summary - Population 1]
Locus | Num_Alleles | Alleles                          | Frequencies                                              | Variance | Obs_Het | Exp_Het
------+-------------+----------------------------------+----------------------------------------------------------+----------+---------+--------
1     | 5           | [98, 99, 100, 101, 102]          | [0.0300, 0.0100, 0.5700, 0.3700, 0.0200]                 | 0.4644   | 0.5800  | 0.5422 
2     | 6           | [98, 99, 100, 101, 102, 103]     | [0.1700, 0.3200, 0.2800, 0.1200, 0.0400, 0.0700]         | 1.8475   | 0.7800  | 0.7772 
3     | 6           | [97, 98, 99, 100, 101, 102]      | [0.0500, 0.3000, 0.3000, 0.0600, 0.2100, 0.0800]         | 2.0176   | 0.8000  | 0.7711 
4     | 6           | [96, 97, 98, 99, 100, 101]       | [0.0200, 0.3500, 0.2700, 0.2800, 0.0400, 0.0400]         | 1.2219   | 0.8200  | 0.7299 
5     | 6           | [96, 97, 98, 99, 100, 101]       | [0.0100, 0.2900, 0.1300, 0.0200, 0.1800, 0.3700]         | 3.0076   | 0.7000  | 0.7366 
6     | 7           | [97, 98, 99, 100, 101, 102, 103] | [0.0100, 0.0500, 0.0600, 0.4400, 0.3100, 0.1200, 0.0100] | 1.0779   | 0.7200  | 0.6966 
7     | 4           | [97, 98, 99, 100]                | [0.2500, 0.3700, 0.3300, 0.0500]                         | 0.7476   | 0.7400  | 0.6962 
8     | 5           | [98, 99, 100, 101, 102]          | [0.1000, 0.1800, 0.4700, 0.2400, 0.0100]                 | 0.8456   | 0.6400  | 0.6859 
9     | 5           | [97, 98, 99, 100, 101]           | [0.0500, 0.3300, 0.5800, 0.0300, 0.0100]                 | 0.4556   | 0.5400  | 0.5568 
10    | 5           | [98, 99, 100, 101, 102]          | [0.0200, 0.2400, 0.4300, 0.2800, 0.0300]                 | 0.7164   | 0.6400  | 0.6846 
11    | 5           | [98, 99, 100, 101, 102]          | [0.0300, 0.0300, 0.4100, 0.4200, 0.1100]                 | 0.7075   | 0.7000  | 0.6481 
12    | 5           | [98, 99, 100, 101, 102]          | [0.0300, 0.0500, 0.6000, 0.2700, 0.0500]                 | 0.5724   | 0.6000  | 0.5669 
13    | 7           | [97, 98, 99, 100, 101, 102, 103] | [0.0100, 0.3800, 0.2800, 0.1100, 0.0700, 0.1100, 0.0400] | 2.3244   | 0.8400  | 0.7539 
14    | 6           | [97, 98, 99, 100, 101, 102]      | [0.0400, 0.1000, 0.2000, 0.5400, 0.1000, 0.0200]         | 0.9956   | 0.6800  | 0.6529 
15    | 3           | [100, 101, 102]                  | [0.5100, 0.4300, 0.0600]                                 | 0.3675   | 0.7400  | 0.5570 
16    | 5           | [97, 98, 99, 100, 101]           | [0.1600, 0.2500, 0.3300, 0.2000, 0.0600]                 | 1.2675   | 0.8600  | 0.7671 
17    | 5           | [99, 100, 101, 102, 103]         | [0.2400, 0.2200, 0.1700, 0.3200, 0.0500]                 | 1.6216   | 0.7200  | 0.7679 
18    | 4           | [97, 98, 99, 100]                | [0.2300, 0.4800, 0.2600, 0.0300]                         | 0.6019   | 0.6000  | 0.6548 
19    | 6           | [99, 100, 101, 102, 103, 104]    | [0.0300, 0.4600, 0.2800, 0.1400, 0.0800, 0.0100]         | 1.0939   | 0.6600  | 0.6899 
20    | 5           | [99, 100, 101, 102, 103]         | [0.0300, 0.1900, 0.5000, 0.2600, 0.0200]                 | 0.6475   | 0.6600  | 0.6515 
21    | 6           | [97, 98, 99, 100, 102, 103]      | [0.2300, 0.3300, 0.2500, 0.1500, 0.0300, 0.0100]         | 1.5699   | 0.8800  | 0.7598 

[Per-locus summary - Population 2]
Locus | Num_Alleles | Alleles                          | Frequencies                                              | Variance | Obs_Het | Exp_Het
------+-------------+----------------------------------+----------------------------------------------------------+----------+---------+--------
1     | 4           | [98, 99, 100, 101]               | [0.0100, 0.1000, 0.4800, 0.4100]                         | 0.4659   | 0.7000  | 0.5974 
2     | 6           | [98, 99, 100, 101, 102, 103]     | [0.2000, 0.2700, 0.3500, 0.1000, 0.0100, 0.0700]         | 1.7244   | 0.6200  | 0.7572 
3     | 6           | [97, 98, 99, 100, 101, 102]      | [0.0300, 0.3000, 0.3100, 0.0500, 0.2300, 0.0800]         | 1.9579   | 0.7800  | 0.7588 
4     | 6           | [96, 97, 98, 99, 100, 101]       | [0.0300, 0.2100, 0.2500, 0.4100, 0.0900, 0.0100]         | 1.0675   | 0.8000  | 0.7234 
5     | 5           | [97, 98, 99, 100, 101]           | [0.3100, 0.1300, 0.0100, 0.1500, 0.4000]                 | 3.0800   | 0.7200  | 0.7115 
6     | 5           | [98, 99, 100, 101, 102]          | [0.0800, 0.0700, 0.4500, 0.3600, 0.0400]                 | 0.8659   | 0.6200  | 0.6616 
7     | 5           | [96, 97, 98, 99, 100]            | [0.0100, 0.2500, 0.3800, 0.3000, 0.0600]                 | 0.8075   | 0.7000  | 0.7065 
8     | 6           | [98, 99, 100, 101, 102, 104]     | [0.1000, 0.1800, 0.3300, 0.3500, 0.0200, 0.0200]         | 1.3219   | 0.6000  | 0.7327 
9     | 4           | [97, 98, 99, 101]                | [0.1800, 0.3400, 0.4500, 0.0300]                         | 0.7704   | 0.6000  | 0.6552 
10    | 4           | [99, 100, 101, 102]              | [0.1500, 0.4100, 0.4200, 0.0200]                         | 0.5539   | 0.5800  | 0.6390 
11    | 5           | [98, 99, 100, 101, 102]          | [0.0300, 0.0600, 0.5300, 0.2700, 0.1100]                 | 0.7531   | 0.6400  | 0.6360 
12    | 5           | [98, 99, 100, 101, 102]          | [0.0100, 0.0300, 0.6500, 0.2700, 0.0400]                 | 0.4100   | 0.4600  | 0.5071 
13    | 7           | [97, 98, 99, 100, 101, 102, 103] | [0.0100, 0.4100, 0.3400, 0.0700, 0.0900, 0.0600, 0.0200] | 1.7336   | 0.7000  | 0.7063 
14    | 6           | [97, 98, 99, 100, 101, 102]      | [0.0600, 0.0800, 0.2500, 0.5600, 0.0400, 0.0100]         | 0.9091   | 0.5600  | 0.6184 
15    | 4           | [99, 100, 101, 102]              | [0.0500, 0.5100, 0.3200, 0.1200]                         | 0.5899   | 0.6000  | 0.6269 
16    | 5           | [97, 98, 99, 100, 101]           | [0.0600, 0.2700, 0.2700, 0.3500, 0.0500]                 | 1.0564   | 0.7400  | 0.7329 
17    | 6           | [98, 99, 100, 101, 102, 103]     | [0.0200, 0.1900, 0.0800, 0.2200, 0.4800, 0.0100]         | 1.5396   | 0.6600  | 0.6851 
18    | 4           | [97, 98, 99, 100]                | [0.2700, 0.4700, 0.2300, 0.0300]                         | 0.6196   | 0.5400  | 0.6590 
19    | 6           | [99, 100, 101, 102, 103, 104]    | [0.0300, 0.5100, 0.2700, 0.1000, 0.0800, 0.0100]         | 1.0616   | 0.6800  | 0.6562 
20    | 5           | [99, 100, 101, 102, 103]         | [0.0100, 0.1300, 0.5300, 0.2700, 0.0600]                 | 0.6224   | 0.5600  | 0.6319 
21    | 6           | [97, 98, 99, 100, 101, 102]      | [0.1600, 0.4300, 0.2600, 0.1300, 0.0100, 0.0100]         | 1.0051   | 0.7400  | 0.7119 
