
[Simulation Info]
simulation_id = sim_0007686
timestamp     = 20250428_102946
seed          = 633738
output_folder = /home/lejeunet/Bureau/simulations/Ref_table/sim_0007686

[Model Parameters]
pop_size           = 2648
num_loci           = 20
sample1_generation = 30
sample2_generation = 10
low_repeats        = 1
high_repeats       = 200
mutation_rate      = 0.001
recap_Ne           = 2648

[Sampling Design]
sample1_size_Ne  = 50
sample2_size_Ne  = 50
sample1_size_CMR = 50
sample2_size_CMR = 50

[Capture-Marquage-Recapture]
census_N   =  0
MatchCount =  0
# There were no match between sampling of individuals during CMR.

[Ne Estimates - One Sample - Decreasing critical values [0.050, 0.020, 0.010, 0+]]

[Linkage Desequilibrium]
LD_Ne_Pop1 = [1625.0, 1198.9, 900.3, 900.3]
LD_r2_Pop1 = [0.021481, 0.021554, 0.021645, 0.021645]
LD_Ne_Pop2 = [818.5, 830.6, 717.3, 717.3]
LD_r2_Pop2 = [0.021682, 0.021676, 0.021739, 0.021739]

[Heterozygote excess]
HE_Neb_mean_Pop1        = [295.9, 109.0, 115.6, 115.6]
HE_weighted_D_mean_Pop1 = [0.00169, 0.00461, 0.00435, 0.00435]
HE_Neb_mean_Pop2        = [None, None, None, None]
HE_weighted_D_mean_Pop2 = [-0.00798, -0.00659, -0.00662, -0.00662]

[Molecular Coancestry]
Coan_Neb_n_Pop1 = 22.4
Coan_f1_Pop1    = 0.02231
Coan_Neb_n_Pop2 = None
Coan_f1_Pop2    = -0.02648

[Ne Estimates - Temporal - Decreasing critical values (0.050, 0.020, 0.010, 0+)]

[Pollak]
P_Ne     = [1073.4, 1182.0, 1254.7, 1306.4]
P_Fk     = [0.02466, 0.02423, 0.02399, 0.02383]
P_Fprime = [0.00466, 0.00423, 0.00399, 0.00383]

[Nei/Tajima]
N_Ne     = [1199.7, 1297.9, 1371.3, 1424.7]
N_Fc     = [0.02417, 0.02385, 0.02365, 0.02351]
N_Fprime = [0.00417, 0.00385, 0.00365, 0.00351]

[Jorde/Ryman]
J_Ne     = [1219.6, 1181.2, 1214.8, 1218.5]
J_Fs     = [0.0242, 0.02434, 0.02422, 0.02421]
J_Fprime = [0.0041, 0.00423, 0.00412, 0.0041]

[Genetic Diversity - Heterozygosity]
mean_exp_het_pop1 = 0.7691
mean_obs_het_pop1 = 0.7695
mean_exp_het_pop2 = 0.7761
mean_obs_het_pop2 = 0.7705

[Genetic Diversity - Allele Counts]
mean_alleles_pop1 = 7.81
var_alleles_pop1  = 3.26
sum_alleles_pop1  = 164
mean_alleles_pop2 = 8.02
var_alleles_pop2  = 3.1
sum_alleles_pop2  = 337

[Genetic Diversity - Allelic Size Variance]
var_allele_size_pop1 = 3.3157
var_allele_size_pop2 = 3.2309

[Per-locus summary - Population 1]
Locus | Num_Alleles | Alleles                                             | Frequencies                                                                              | Variance | Obs_Het | Exp_Het
------+-------------+-----------------------------------------------------+------------------------------------------------------------------------------------------+----------+---------+--------
1     | 9           | [90, 91, 92, 93, 94, 95, 96, 97, 101]               | [0.0200, 0.0300, 0.0500, 0.0800, 0.4800, 0.2600, 0.0600, 0.0100, 0.0100]                 | 1.9331   | 0.6200  | 0.6949 
2     | 5           | [99, 100, 101, 102, 103]                            | [0.0400, 0.1100, 0.4100, 0.4300, 0.0100]                                                 | 0.6724   | 0.6600  | 0.6396 
3     | 6           | [97, 98, 99, 100, 101, 102]                         | [0.0500, 0.2800, 0.2200, 0.3300, 0.1000, 0.0200]                                         | 1.3459   | 0.7000  | 0.7590 
4     | 11          | [96, 97, 98, 99, 100, 101, 102, 103, 104, 105, 106] | [0.1100, 0.0400, 0.1800, 0.1000, 0.0400, 0.1400, 0.1100, 0.0800, 0.1400, 0.0300, 0.0300] | 8.0891   | 0.8400  | 0.8917 
5     | 9           | [95, 96, 97, 98, 99, 100, 101, 102, 103]            | [0.0900, 0.0200, 0.0300, 0.0600, 0.2100, 0.3200, 0.1300, 0.1200, 0.0200]                 | 3.8096   | 0.8600  | 0.8170 
6     | 9           | [94, 98, 99, 100, 101, 102, 103, 104, 105]          | [0.0300, 0.0900, 0.2100, 0.1600, 0.1800, 0.0800, 0.1900, 0.0400, 0.0200]                 | 4.6400   | 0.8800  | 0.8529 
7     | 6           | [96, 97, 98, 99, 100, 101]                          | [0.0500, 0.0500, 0.5300, 0.0900, 0.2500, 0.0300]                                         | 1.3291   | 0.6800  | 0.6491 
8     | 9           | [97, 98, 99, 100, 101, 102, 103, 104, 105]          | [0.0300, 0.1100, 0.2800, 0.0100, 0.0800, 0.1400, 0.2100, 0.1300, 0.0100]                 | 4.9091   | 0.8800  | 0.8297 
9     | 10          | [97, 98, 99, 100, 101, 102, 103, 104, 105, 106]     | [0.0500, 0.1300, 0.0400, 0.1100, 0.0500, 0.0600, 0.1300, 0.1600, 0.2400, 0.0300]         | 7.5731   | 0.9600  | 0.8685 
10    | 6           | [97, 98, 99, 100, 101, 102]                         | [0.0400, 0.0600, 0.2300, 0.4100, 0.2200, 0.0400]                                         | 1.1811   | 0.7800  | 0.7311 
11    | 7           | [97, 98, 99, 100, 101, 102, 103]                    | [0.0900, 0.1700, 0.1900, 0.0900, 0.1600, 0.0700, 0.2300]                                 | 4.1539   | 0.7800  | 0.8438 
12    | 10          | [97, 98, 99, 100, 101, 102, 103, 104, 105, 106]     | [0.0400, 0.1300, 0.0800, 0.1700, 0.0300, 0.0300, 0.2500, 0.1400, 0.1100, 0.0200]         | 6.4779   | 0.9000  | 0.8584 
13    | 6           | [97, 98, 99, 100, 101, 102]                         | [0.0300, 0.2800, 0.1900, 0.3800, 0.0800, 0.0400]                                         | 1.3576   | 0.6800  | 0.7396 
14    | 10          | [97, 100, 101, 102, 103, 104, 105, 106, 107, 108]   | [0.0200, 0.0200, 0.1500, 0.1000, 0.3000, 0.1800, 0.1200, 0.0200, 0.0700, 0.0200]         | 3.9816   | 0.8600  | 0.8325 
15    | 7           | [97, 98, 99, 100, 101, 102, 103]                    | [0.0200, 0.1600, 0.5000, 0.1900, 0.0800, 0.0200, 0.0300]                                 | 1.3011   | 0.6400  | 0.6871 
16    | 6           | [97, 98, 99, 100, 101, 103]                         | [0.1500, 0.4500, 0.1800, 0.0800, 0.1300, 0.0100]                                         | 1.6731   | 0.7000  | 0.7265 
17    | 6           | [95, 96, 97, 98, 99, 100]                           | [0.0100, 0.0400, 0.6000, 0.1300, 0.1700, 0.0500]                                         | 1.0264   | 0.6400  | 0.5960 
18    | 9           | [95, 96, 97, 98, 99, 100, 101, 102, 105]            | [0.0200, 0.2900, 0.2100, 0.2400, 0.1000, 0.0800, 0.0200, 0.0200, 0.0200]                 | 3.3539   | 0.8600  | 0.8042 
19    | 8           | [94, 95, 96, 97, 98, 99, 100, 101]                  | [0.0200, 0.0900, 0.2600, 0.1000, 0.1400, 0.3000, 0.0800, 0.0100]                         | 2.7496   | 0.8600  | 0.8059 
20    | 6           | [98, 99, 100, 101, 102, 104]                        | [0.0600, 0.1800, 0.0900, 0.4800, 0.1400, 0.0500]                                         | 1.8244   | 0.5800  | 0.7105 
21    | 9           | [97, 98, 99, 100, 101, 103, 104, 105, 106]          | [0.0400, 0.1600, 0.2900, 0.2400, 0.1100, 0.0200, 0.0100, 0.0100, 0.1200]                 | 6.2475   | 0.8000  | 0.8121 

[Per-locus summary - Population 2]
Locus | Num_Alleles | Alleles                                                | Frequencies                                                                              | Variance | Obs_Het | Exp_Het
------+-------------+--------------------------------------------------------+------------------------------------------------------------------------------------------+----------+---------+--------
1     | 9           | [90, 92, 93, 94, 95, 96, 97, 101, 102]                 | [0.0500, 0.1200, 0.1500, 0.3400, 0.2300, 0.0400, 0.0400, 0.0100, 0.0200]                 | 3.9451   | 0.7800  | 0.7964 
2     | 6           | [98, 99, 100, 101, 102, 103]                           | [0.0100, 0.0700, 0.2400, 0.2200, 0.4200, 0.0400]                                         | 1.1819   | 0.7000  | 0.7182 
3     | 6           | [97, 98, 99, 100, 101, 102]                            | [0.0400, 0.2600, 0.2700, 0.2800, 0.0900, 0.0600]                                         | 1.5100   | 0.7600  | 0.7756 
4     | 11          | [95, 96, 97, 98, 99, 100, 101, 102, 103, 104, 105]     | [0.0100, 0.0500, 0.0400, 0.1500, 0.1100, 0.1600, 0.2000, 0.0700, 0.0800, 0.0700, 0.0600] | 5.7956   | 0.7400  | 0.8847 
5     | 7           | [95, 96, 98, 99, 100, 101, 102]                        | [0.0600, 0.1100, 0.0500, 0.1100, 0.3100, 0.1900, 0.1700]                                 | 4.2636   | 0.8200  | 0.8168 
6     | 9           | [94, 98, 99, 100, 101, 102, 103, 104, 105]             | [0.0200, 0.1100, 0.1700, 0.2500, 0.1300, 0.1000, 0.1700, 0.0400, 0.0100]                 | 3.9884   | 0.8000  | 0.8471 
7     | 7           | [95, 96, 97, 98, 99, 100, 101]                         | [0.0300, 0.0500, 0.1000, 0.5900, 0.0700, 0.1500, 0.0100]                                 | 1.3179   | 0.6800  | 0.6172 
8     | 10          | [96, 97, 98, 99, 100, 101, 102, 103, 104, 105]         | [0.0100, 0.0300, 0.0800, 0.1900, 0.0600, 0.1600, 0.1000, 0.1600, 0.2000, 0.0100]         | 4.9259   | 0.8600  | 0.8602 
9     | 10          | [97, 98, 99, 100, 101, 102, 103, 104, 105, 106]        | [0.0400, 0.1600, 0.0200, 0.1100, 0.0100, 0.1200, 0.0700, 0.2200, 0.2100, 0.0400]         | 7.6411   | 0.8800  | 0.8554 
10    | 6           | [97, 98, 99, 100, 101, 102]                            | [0.0300, 0.0200, 0.2000, 0.4800, 0.2300, 0.0400]                                         | 0.9396   | 0.6800  | 0.6806 
11    | 7           | [97, 98, 99, 100, 101, 102, 103]                       | [0.0500, 0.2100, 0.2100, 0.1100, 0.1400, 0.0700, 0.2100]                                 | 3.7931   | 0.8400  | 0.8370 
12    | 9           | [97, 98, 99, 100, 101, 102, 103, 104, 105]             | [0.0800, 0.1500, 0.0200, 0.1800, 0.0500, 0.0200, 0.1600, 0.1400, 0.2000]                 | 7.6851   | 0.8800  | 0.8588 
13    | 6           | [97, 98, 99, 100, 101, 102]                            | [0.0500, 0.3300, 0.1600, 0.4100, 0.0400, 0.0100]                                         | 1.1819   | 0.5800  | 0.7002 
14    | 11          | [97, 100, 101, 102, 103, 104, 105, 106, 107, 108, 109] | [0.0100, 0.0200, 0.1300, 0.1400, 0.3200, 0.1200, 0.1400, 0.0100, 0.0800, 0.0200, 0.0100] | 3.9579   | 0.8400  | 0.8279 
15    | 6           | [98, 99, 100, 101, 102, 103]                           | [0.1700, 0.4100, 0.2600, 0.1200, 0.0300, 0.0100]                                         | 1.1284   | 0.7000  | 0.7273 
16    | 8           | [96, 97, 98, 99, 100, 101, 102, 103]                   | [0.0200, 0.1400, 0.3700, 0.2500, 0.1300, 0.0500, 0.0200, 0.0200]                         | 1.8244   | 0.7400  | 0.7681 
17    | 6           | [95, 96, 97, 98, 99, 100]                              | [0.0400, 0.0500, 0.5600, 0.1300, 0.1700, 0.0500]                                         | 1.2299   | 0.6800  | 0.6404 
18    | 8           | [95, 96, 97, 98, 99, 100, 101, 105]                    | [0.0100, 0.1900, 0.2200, 0.3100, 0.1100, 0.1100, 0.0400, 0.0100]                         | 2.4579   | 0.8600  | 0.8014 
19    | 8           | [94, 95, 96, 97, 98, 99, 100, 101]                     | [0.0300, 0.1200, 0.3300, 0.1000, 0.1100, 0.2300, 0.0700, 0.0100]                         | 2.8744   | 0.8200  | 0.8038 
20    | 7           | [98, 99, 100, 101, 102, 103, 104]                      | [0.0100, 0.1000, 0.1200, 0.4300, 0.2500, 0.0300, 0.0600]                                 | 1.5004   | 0.7400  | 0.7309 
21    | 7           | [97, 98, 99, 100, 101, 103, 106]                       | [0.0200, 0.2000, 0.2900, 0.3500, 0.0300, 0.0200, 0.0900]                                 | 4.7056   | 0.8000  | 0.7511 
