
[Simulation Info]
simulation_id = sim_0007766
timestamp     = 20250428_103154
seed          = 352594
output_folder = /home/lejeunet/Bureau/simulations/Ref_table/sim_0007766

[Model Parameters]
pop_size           = 2601
num_loci           = 20
sample1_generation = 30
sample2_generation = 10
low_repeats        = 1
high_repeats       = 200
mutation_rate      = 0.001
recap_Ne           = 2601

[Sampling Design]
sample1_size_Ne  = 50
sample2_size_Ne  = 50
sample1_size_CMR = 50
sample2_size_CMR = 50

[Capture-Marquage-Recapture]
census_N   =  1300
MatchCount =  2

[Ne Estimates - One Sample - Decreasing critical values [0.050, 0.020, 0.010, 0+]]

[Linkage Desequilibrium]
LD_Ne_Pop1 = [None, None, None, None]
LD_r2_Pop1 = [0.020994, 0.020821, 0.020817, 0.020817]
LD_Ne_Pop2 = [10657.9, None, None, None]
LD_r2_Pop2 = [0.021307, 0.021143, 0.020874, 0.020874]

[Heterozygote excess]
HE_Neb_mean_Pop1        = [None, 831.2, 2422.1, 2422.1]
HE_weighted_D_mean_Pop1 = [-0.00106, 0.0006, 0.00021, 0.00021]
HE_Neb_mean_Pop2        = [66.4, 31.0, 32.9, 32.9]
HE_weighted_D_mean_Pop2 = [0.00758, 0.01639, 0.01543, 0.01543]

[Molecular Coancestry]
Coan_Neb_n_Pop1 = None
Coan_f1_Pop1    = -0.02566
Coan_Neb_n_Pop2 = 41.0
Coan_f1_Pop2    = 0.01219

[Ne Estimates - Temporal - Decreasing critical values (0.050, 0.020, 0.010, 0+)]

[Pollak]
P_Ne     = [-3178.5, -5221.2, -3470.7, -3871.7]
P_Fk     = [0.01843, 0.01904, 0.01856, 0.01871]
P_Fprime = [-0.00157, -0.00096, -0.00144, -0.00129]

[Nei/Tajima]
N_Ne     = [-2654.2, -3909.5, -2952.6, -3211.1]
N_Fc     = [0.01812, 0.01872, 0.01831, 0.01844]
N_Fprime = [-0.00188, -0.00128, -0.00169, -0.00156]

[Jorde/Ryman]
J_Ne     = [-2784.8, -3751.0, -3742.0, -3776.0]
J_Fs     = [0.01831, 0.01877, 0.01876, 0.01878]
J_Fprime = [-0.0018, -0.00133, -0.00134, -0.00132]

[Genetic Diversity - Heterozygosity]
mean_exp_het_pop1 = 0.7877
mean_obs_het_pop1 = 0.7876
mean_exp_het_pop2 = 0.7829
mean_obs_het_pop2 = 0.801

[Genetic Diversity - Allele Counts]
mean_alleles_pop1 = 8.43
var_alleles_pop1  = 3.46
sum_alleles_pop1  = 177
mean_alleles_pop2 = 8.52
var_alleles_pop2  = 2.99
sum_alleles_pop2  = 358

[Genetic Diversity - Allelic Size Variance]
var_allele_size_pop1 = 5.3245
var_allele_size_pop2 = 4.8289

[Per-locus summary - Population 1]
Locus | Num_Alleles | Alleles                                                        | Frequencies                                                                                              | Variance | Obs_Het | Exp_Het
------+-------------+----------------------------------------------------------------+----------------------------------------------------------------------------------------------------------+----------+---------+--------
1     | 8           | [94, 95, 96, 97, 98, 99, 100, 101]                             | [0.0600, 0.1900, 0.0900, 0.2500, 0.1900, 0.0700, 0.1200, 0.0300]                                         | 3.3944   | 0.7200  | 0.8418 
2     | 13          | [97, 98, 99, 104, 105, 106, 107, 108, 109, 110, 111, 112, 113] | [0.0300, 0.0800, 0.0200, 0.0700, 0.0600, 0.0600, 0.2400, 0.2000, 0.0600, 0.0700, 0.0600, 0.0100, 0.0400] | 15.1499  | 0.8600  | 0.8776 
3     | 9           | [97, 98, 99, 100, 101, 102, 103, 104, 105]                     | [0.0900, 0.0400, 0.0900, 0.2000, 0.0400, 0.1600, 0.2800, 0.0700, 0.0300]                                 | 4.7139   | 0.8600  | 0.8392 
4     | 8           | [92, 94, 95, 96, 97, 98, 99, 100]                              | [0.0100, 0.2000, 0.3900, 0.1700, 0.0800, 0.0500, 0.0900, 0.0100]                                         | 2.4844   | 0.8400  | 0.7695 
5     | 7           | [98, 99, 100, 101, 102, 104, 106]                              | [0.0100, 0.3200, 0.2200, 0.2000, 0.1300, 0.0600, 0.0600]                                                 | 3.6816   | 0.8000  | 0.7929 
6     | 8           | [92, 93, 94, 95, 96, 97, 102, 103]                             | [0.0300, 0.1100, 0.2000, 0.3100, 0.2400, 0.0100, 0.0500, 0.0500]                                         | 6.5900   | 0.8000  | 0.7962 
7     | 9           | [89, 91, 92, 93, 94, 95, 96, 103, 104]                         | [0.0100, 0.0200, 0.1000, 0.2600, 0.2400, 0.1900, 0.0100, 0.0700, 0.1000]                                 | 15.3771  | 0.8200  | 0.8214 
8     | 7           | [98, 99, 100, 101, 102, 103, 104]                              | [0.0100, 0.1100, 0.1900, 0.4200, 0.1100, 0.0200, 0.1400]                                                 | 2.1531   | 0.7200  | 0.7507 
9     | 9           | [90, 92, 93, 94, 95, 96, 99, 100, 101]                         | [0.0200, 0.0500, 0.4000, 0.1400, 0.2000, 0.0700, 0.0600, 0.0500, 0.0100]                                 | 5.0051   | 0.8400  | 0.7741 
10    | 12          | [95, 96, 97, 98, 99, 100, 101, 102, 103, 104, 105, 106]        | [0.0400, 0.0500, 0.0300, 0.0200, 0.0700, 0.1300, 0.2300, 0.0700, 0.0700, 0.1000, 0.0100, 0.1800]         | 9.4099   | 0.9200  | 0.8764 
11    | 6           | [96, 97, 98, 99, 100, 101]                                     | [0.1900, 0.2900, 0.2400, 0.1500, 0.0900, 0.0400]                                                         | 1.8716   | 0.7600  | 0.7980 
12    | 11          | [92, 93, 94, 95, 96, 97, 98, 99, 102, 103, 105]                | [0.0400, 0.0600, 0.3300, 0.3300, 0.0600, 0.0100, 0.0600, 0.0200, 0.0100, 0.0700, 0.0100]                 | 7.6100   | 0.7400  | 0.7719 
13    | 9           | [94, 95, 96, 97, 102, 103, 104, 105, 106]                      | [0.1000, 0.0200, 0.0100, 0.0100, 0.0100, 0.1400, 0.4600, 0.1900, 0.0600]                                 | 11.9676  | 0.6800  | 0.7257 
14    | 7           | [98, 99, 101, 102, 103, 104, 105]                              | [0.0500, 0.0700, 0.2200, 0.3800, 0.1800, 0.0300, 0.0700]                                                 | 2.5476   | 0.7800  | 0.7693 
15    | 7           | [99, 100, 101, 102, 103, 104, 105]                             | [0.0100, 0.0500, 0.0200, 0.5600, 0.1800, 0.1500, 0.0300]                                                 | 1.1836   | 0.6600  | 0.6339 
16    | 7           | [90, 91, 92, 93, 94, 95, 96]                                   | [0.0200, 0.2500, 0.4200, 0.1400, 0.0900, 0.0700, 0.0100]                                                 | 1.5416   | 0.6400  | 0.7353 
17    | 6           | [99, 100, 101, 102, 103, 104]                                  | [0.0900, 0.1200, 0.1400, 0.1500, 0.2700, 0.2300]                                                         | 2.6136   | 0.8000  | 0.8178 
18    | 9           | [100, 101, 102, 103, 104, 105, 106, 107, 108]                  | [0.0100, 0.1700, 0.0800, 0.2800, 0.3500, 0.0300, 0.0500, 0.0200, 0.0100]                                 | 2.2824   | 0.7800  | 0.7675 
19    | 10          | [95, 96, 97, 98, 99, 100, 103, 104, 105, 106]                  | [0.0900, 0.2800, 0.1000, 0.2800, 0.0600, 0.0800, 0.0200, 0.0300, 0.0500, 0.0100]                         | 7.0800   | 0.8600  | 0.8194 
20    | 7           | [92, 93, 94, 95, 96, 97, 98]                                   | [0.0100, 0.0300, 0.0600, 0.4300, 0.2000, 0.1900, 0.0800]                                                 | 1.5011   | 0.7800  | 0.7353 
21    | 8           | [95, 96, 97, 98, 99, 100, 101, 102]                            | [0.0300, 0.2200, 0.2400, 0.1800, 0.0200, 0.1500, 0.1300, 0.0300]                                         | 3.6564   | 0.8800  | 0.8283 

[Per-locus summary - Population 2]
Locus | Num_Alleles | Alleles                                                    | Frequencies                                                                                      | Variance | Obs_Het | Exp_Het
------+-------------+------------------------------------------------------------+--------------------------------------------------------------------------------------------------+----------+---------+--------
1     | 9           | [94, 95, 96, 97, 98, 99, 100, 101, 102]                    | [0.1200, 0.1900, 0.2100, 0.1900, 0.1300, 0.0600, 0.0500, 0.0300, 0.0200]                         | 3.7411   | 0.8000  | 0.8535 
2     | 12          | [97, 98, 104, 105, 106, 107, 108, 109, 110, 111, 112, 113] | [0.0400, 0.0400, 0.1100, 0.1200, 0.0900, 0.2000, 0.2100, 0.0700, 0.0700, 0.0200, 0.0100, 0.0200] | 10.8379  | 0.9400  | 0.8762 
3     | 9           | [97, 98, 99, 100, 101, 102, 103, 104, 105]                 | [0.1000, 0.0500, 0.0700, 0.1300, 0.0400, 0.1400, 0.2800, 0.1100, 0.0800]                         | 5.7091   | 0.8000  | 0.8562 
4     | 7           | [92, 94, 95, 96, 97, 98, 99]                               | [0.0200, 0.1500, 0.3600, 0.2100, 0.1200, 0.0500, 0.0900]                                         | 2.3475   | 0.8200  | 0.7863 
5     | 8           | [98, 99, 100, 101, 102, 104, 105, 106]                     | [0.0100, 0.2900, 0.2900, 0.1800, 0.1000, 0.0900, 0.0200, 0.0200]                                 | 3.1475   | 0.8400  | 0.7883 
6     | 8           | [92, 93, 94, 95, 96, 97, 102, 103]                         | [0.0200, 0.1200, 0.1300, 0.4100, 0.1700, 0.0100, 0.1000, 0.0400]                                 | 7.8516   | 0.7200  | 0.7673 
7     | 10          | [89, 90, 91, 92, 93, 94, 95, 96, 103, 104]                 | [0.0100, 0.0100, 0.0100, 0.0800, 0.3400, 0.2400, 0.1600, 0.0300, 0.0400, 0.0800]                 | 12.1024  | 0.7600  | 0.7935 
8     | 7           | [98, 99, 100, 101, 102, 103, 104]                          | [0.0100, 0.0500, 0.2000, 0.3700, 0.1500, 0.0100, 0.2100]                                         | 2.3491   | 0.7600  | 0.7614 
9     | 9           | [90, 92, 93, 94, 95, 96, 98, 99, 100]                      | [0.0400, 0.0700, 0.2800, 0.1600, 0.2900, 0.0500, 0.0100, 0.0900, 0.0100]                         | 4.3304   | 0.8400  | 0.8026 
10    | 10          | [96, 97, 99, 100, 101, 102, 103, 104, 105, 106]            | [0.0600, 0.0600, 0.0500, 0.1700, 0.2400, 0.0600, 0.1200, 0.1100, 0.0300, 0.1000]                 | 7.1464   | 0.8800  | 0.8715 
11    | 6           | [96, 97, 98, 99, 100, 101]                                 | [0.1200, 0.3100, 0.3500, 0.0700, 0.0400, 0.1100]                                                 | 2.0051   | 0.9200  | 0.7560 
12    | 11          | [92, 93, 94, 95, 96, 97, 98, 99, 102, 103, 105]            | [0.0300, 0.0600, 0.3900, 0.2400, 0.0700, 0.0100, 0.0600, 0.0300, 0.0100, 0.0800, 0.0200]         | 9.1500   | 0.8000  | 0.7772 
13    | 7           | [94, 95, 102, 103, 104, 105, 106]                          | [0.0700, 0.0100, 0.0300, 0.0300, 0.5000, 0.2400, 0.1200]                                         | 8.5200   | 0.7200  | 0.6780 
14    | 8           | [97, 98, 99, 101, 102, 103, 104, 105]                      | [0.0100, 0.0300, 0.0300, 0.2300, 0.4300, 0.1900, 0.0500, 0.0300]                                 | 1.8779   | 0.8000  | 0.7281 
15    | 6           | [100, 101, 102, 103, 104, 105]                             | [0.0500, 0.0300, 0.5800, 0.1800, 0.1200, 0.0400]                                                 | 1.0819   | 0.6200  | 0.6180 
16    | 7           | [90, 91, 92, 93, 94, 95, 96]                               | [0.0500, 0.2100, 0.4800, 0.1000, 0.0700, 0.0700, 0.0200]                                         | 1.6916   | 0.7200  | 0.7099 
17    | 7           | [98, 99, 100, 101, 102, 103, 104]                          | [0.0100, 0.1400, 0.0800, 0.1000, 0.2200, 0.2600, 0.1900]                                         | 2.8536   | 0.7600  | 0.8200 
18    | 8           | [100, 101, 102, 103, 104, 105, 106, 107]                   | [0.0400, 0.1700, 0.1400, 0.1700, 0.3800, 0.0400, 0.0200, 0.0400]                                 | 2.5336   | 0.7400  | 0.7808 
19    | 10          | [94, 95, 96, 97, 98, 99, 100, 103, 104, 105]               | [0.0100, 0.0500, 0.2900, 0.1700, 0.2700, 0.0600, 0.0400, 0.0100, 0.0400, 0.0600]                 | 6.7819   | 0.8600  | 0.8091 
20    | 7           | [92, 93, 94, 95, 96, 97, 98]                               | [0.0100, 0.1200, 0.0500, 0.3700, 0.1200, 0.2100, 0.1200]                                         | 2.3236   | 0.8800  | 0.7810 
21    | 8           | [95, 96, 97, 98, 99, 100, 101, 102]                        | [0.0300, 0.1900, 0.2600, 0.2300, 0.0700, 0.0900, 0.1100, 0.0200]                                 | 3.0251   | 0.8400  | 0.8253 
