
[Simulation Info]
simulation_id = sim_0000234
timestamp     = 20250428_073917
seed          = 99549
output_folder = /home/lejeunet/Bureau/simulations/Ref_table/sim_0000234

[Model Parameters]
pop_size           = 3113
num_loci           = 20
sample1_generation = 30
sample2_generation = 10
low_repeats        = 1
high_repeats       = 200
mutation_rate      = 0.001
recap_Ne           = 3113

[Sampling Design]
sample1_size_Ne  = 50
sample2_size_Ne  = 50
sample1_size_CMR = 50
sample2_size_CMR = 50

[Capture-Marquage-Recapture]
census_N   =  2601
MatchCount =  1

[Ne Estimates - One Sample - Decreasing critical values [0.050, 0.020, 0.010, 0+]]

[Linkage Desequilibrium]
LD_Ne_Pop1 = [2593.0, 5715.8, None, None]
LD_r2_Pop1 = [0.021404, 0.021334, 0.021248, 0.021248]
LD_Ne_Pop2 = [801.5, None, None, None]
LD_r2_Pop2 = [0.021691, 0.021182, 0.021038, 0.021038]

[Heterozygote excess]
HE_Neb_mean_Pop1        = [None, None, None, None]
HE_weighted_D_mean_Pop1 = [-0.00258, -0.00164, -0.00225, -0.00225]
HE_Neb_mean_Pop2        = [93.1, 34.6, 39.0, 39.0]
HE_weighted_D_mean_Pop2 = [0.0054, 0.01468, 0.01298, 0.01298]

[Molecular Coancestry]
Coan_Neb_n_Pop1 = 2476.6
Coan_f1_Pop1    = 0.0002
Coan_Neb_n_Pop2 = None
Coan_f1_Pop2    = -0.02499

[Ne Estimates - Temporal - Decreasing critical values (0.050, 0.020, 0.010, 0+)]

[Pollak]
P_Ne     = [-3422.5, -5671.7, -5145.0, -5148.5]
P_Fk     = [0.01854, 0.01912, 0.01903, 0.01903]
P_Fprime = [-0.00146, -0.00088, -0.00097, -0.00097]

[Nei/Tajima]
N_Ne     = [-3321.9, -4755.0, -4444.2, -4463.8]
N_Fc     = [0.01849, 0.01895, 0.01887, 0.01888]
N_Fprime = [-0.00151, -0.00105, -0.00113, -0.00112]

[Jorde/Ryman]
J_Ne     = [-17785.8, -10925.7, -12331.2, -12317.5]
J_Fs     = [0.01982, 0.01964, 0.0197, 0.01969]
J_Fprime = [-0.00028, -0.00046, -0.00041, -0.00041]

[Genetic Diversity - Heterozygosity]
mean_exp_het_pop1 = 0.8281
mean_obs_het_pop1 = 0.8248
mean_exp_het_pop2 = 0.8254
mean_obs_het_pop2 = 0.8448

[Genetic Diversity - Allele Counts]
mean_alleles_pop1 = 10.1
var_alleles_pop1  = 4.29
sum_alleles_pop1  = 212
mean_alleles_pop2 = 10.43
var_alleles_pop2  = 5.47
sum_alleles_pop2  = 438

[Genetic Diversity - Allelic Size Variance]
var_allele_size_pop1 = 8.035
var_allele_size_pop2 = 8.2374

[Per-locus summary - Population 1]
Locus | Num_Alleles | Alleles                                                               | Frequencies                                                                                                              | Variance | Obs_Het | Exp_Het
------+-------------+-----------------------------------------------------------------------+--------------------------------------------------------------------------------------------------------------------------+----------+---------+--------
1     | 10          | [95, 96, 97, 98, 99, 100, 101, 103, 104, 105]                         | [0.0600, 0.0800, 0.0800, 0.1300, 0.0900, 0.1800, 0.0100, 0.1600, 0.1600, 0.0500]                                         | 9.3411   | 0.8800  | 0.8812 
2     | 12          | [95, 96, 97, 98, 99, 100, 101, 102, 103, 105, 106, 107]               | [0.0100, 0.0200, 0.0700, 0.0200, 0.1800, 0.2500, 0.0900, 0.0400, 0.0700, 0.0300, 0.2000, 0.0200]                         | 9.5539   | 0.8800  | 0.8519 
3     | 10          | [96, 97, 98, 99, 100, 102, 103, 104, 105, 106]                        | [0.0400, 0.1500, 0.2000, 0.1800, 0.1000, 0.0300, 0.0500, 0.0900, 0.0700, 0.0900]                                         | 9.8971   | 0.8400  | 0.8778 
4     | 10          | [97, 98, 99, 100, 101, 102, 103, 104, 105, 106]                       | [0.0300, 0.0800, 0.1400, 0.1300, 0.1500, 0.1200, 0.0500, 0.0200, 0.1700, 0.1100]                                         | 7.3124   | 0.9000  | 0.8842 
5     | 10          | [97, 98, 99, 100, 101, 102, 103, 104, 105, 109]                       | [0.0400, 0.2600, 0.0100, 0.2300, 0.0500, 0.2000, 0.0700, 0.0800, 0.0400, 0.0200]                                         | 6.2859   | 0.9000  | 0.8303 
6     | 10          | [93, 94, 95, 96, 97, 98, 99, 100, 101, 102]                           | [0.0400, 0.0400, 0.2000, 0.2600, 0.2400, 0.0600, 0.0100, 0.0300, 0.0700, 0.0500]                                         | 4.7424   | 0.9000  | 0.8279 
7     | 4           | [98, 99, 100, 101]                                                    | [0.1500, 0.2400, 0.2400, 0.3700]                                                                                         | 1.1811   | 0.7200  | 0.7327 
8     | 10          | [96, 97, 98, 99, 100, 101, 102, 103, 104, 105]                        | [0.0500, 0.0300, 0.0100, 0.1300, 0.2300, 0.1500, 0.1900, 0.1000, 0.0500, 0.0600]                                         | 4.5579   | 0.8800  | 0.8606 
9     | 8           | [98, 101, 102, 103, 104, 108, 110, 111]                               | [0.0300, 0.0300, 0.1700, 0.4100, 0.1500, 0.0900, 0.0800, 0.0400]                                                         | 8.7100   | 0.7600  | 0.7703 
10    | 9           | [97, 98, 99, 100, 101, 102, 103, 104, 105]                            | [0.0100, 0.0700, 0.0100, 0.4300, 0.1500, 0.0200, 0.0400, 0.1300, 0.1400]                                                 | 4.7275   | 0.7400  | 0.7566 
11    | 15          | [93, 94, 95, 96, 97, 99, 100, 101, 102, 103, 104, 105, 106, 107, 108] | [0.0100, 0.2500, 0.0700, 0.0400, 0.0300, 0.0900, 0.2000, 0.0400, 0.0400, 0.0200, 0.0100, 0.0200, 0.1200, 0.0400, 0.0200] | 20.2316  | 0.9000  | 0.8701 
12    | 9           | [95, 97, 98, 100, 101, 102, 103, 104, 105]                            | [0.0300, 0.0200, 0.0200, 0.3300, 0.1900, 0.1600, 0.1200, 0.0300, 0.1000]                                                 | 4.3624   | 0.8600  | 0.8105 
13    | 10          | [95, 96, 97, 98, 99, 101, 102, 103, 104, 105]                         | [0.0800, 0.1100, 0.2700, 0.0100, 0.0100, 0.0400, 0.1100, 0.3100, 0.0500, 0.0100]                                         | 10.5024  | 0.7400  | 0.8040 
14    | 11          | [95, 96, 97, 98, 100, 101, 102, 104, 105, 106, 107]                   | [0.0700, 0.0500, 0.1700, 0.2000, 0.0700, 0.0900, 0.0300, 0.0100, 0.2000, 0.0900, 0.0200]                                 | 14.3019  | 0.8000  | 0.8699 
15    | 12          | [97, 98, 99, 100, 101, 102, 103, 104, 107, 109, 110, 111]             | [0.0100, 0.1400, 0.3700, 0.0100, 0.0400, 0.0200, 0.0100, 0.0600, 0.1000, 0.0300, 0.1400, 0.0700]                         | 24.0939  | 0.8000  | 0.8103 
16    | 8           | [96, 97, 98, 99, 100, 101, 102, 104]                                  | [0.0400, 0.0300, 0.0200, 0.3200, 0.2800, 0.2600, 0.0400, 0.0100]                                                         | 1.8371   | 0.8000  | 0.7546 
17    | 11          | [96, 97, 98, 99, 100, 101, 102, 103, 104, 105, 106]                   | [0.0900, 0.2900, 0.0400, 0.2500, 0.0600, 0.0500, 0.0900, 0.0100, 0.0200, 0.0600, 0.0400]                                 | 7.7576   | 0.8200  | 0.8321 
18    | 10          | [92, 93, 94, 95, 96, 97, 98, 99, 100, 101]                            | [0.0100, 0.0200, 0.0300, 0.1600, 0.1900, 0.1800, 0.3300, 0.0500, 0.0200, 0.0100]                                         | 2.5000   | 0.7400  | 0.8006 
19    | 11          | [98, 99, 100, 101, 102, 103, 104, 105, 106, 107, 108]                 | [0.0200, 0.0300, 0.0900, 0.1700, 0.1700, 0.0700, 0.1500, 0.1100, 0.1000, 0.0700, 0.0200]                                 | 5.7475   | 0.8200  | 0.8869 
20    | 10          | [98, 99, 100, 101, 102, 103, 104, 105, 106, 107]                      | [0.0600, 0.0100, 0.0200, 0.2300, 0.1400, 0.2200, 0.0300, 0.0500, 0.2300, 0.0100]                                         | 5.3404   | 0.8600  | 0.8269 
21    | 12          | [95, 96, 97, 98, 99, 100, 101, 102, 103, 104, 105, 106]               | [0.0100, 0.0100, 0.0500, 0.1200, 0.0100, 0.0700, 0.1800, 0.0900, 0.2800, 0.1100, 0.0600, 0.0100]                         | 5.7499   | 0.7800  | 0.8517 

[Per-locus summary - Population 2]
Locus | Num_Alleles | Alleles                                                                  | Frequencies                                                                                                                      | Variance | Obs_Het | Exp_Het
------+-------------+--------------------------------------------------------------------------+----------------------------------------------------------------------------------------------------------------------------------+----------+---------+--------
1     | 10          | [95, 96, 97, 98, 99, 100, 101, 103, 104, 105]                            | [0.0500, 0.0800, 0.0100, 0.0800, 0.0800, 0.1700, 0.0300, 0.2600, 0.1900, 0.0500]                                                 | 8.7196   | 0.9000  | 0.8507 
2     | 12          | [96, 97, 98, 99, 100, 101, 102, 103, 105, 106, 107, 108]                 | [0.0100, 0.1000, 0.0100, 0.2100, 0.2900, 0.0400, 0.0800, 0.0400, 0.0800, 0.1000, 0.0300, 0.0100]                                 | 8.6584   | 0.9000  | 0.8430 
3     | 11          | [96, 97, 98, 99, 100, 101, 102, 103, 104, 105, 106]                      | [0.0200, 0.0800, 0.3200, 0.1900, 0.1600, 0.0100, 0.0100, 0.0500, 0.0600, 0.0300, 0.0700]                                         | 7.2144   | 0.8600  | 0.8253 
4     | 11          | [97, 98, 99, 100, 101, 102, 103, 104, 105, 106, 107]                     | [0.0600, 0.0500, 0.1400, 0.0800, 0.2500, 0.1400, 0.0600, 0.0100, 0.0900, 0.1100, 0.0100]                                         | 6.8099   | 0.9200  | 0.8705 
5     | 11          | [97, 98, 99, 100, 101, 102, 103, 104, 105, 106, 109]                     | [0.0300, 0.1400, 0.0400, 0.2200, 0.0700, 0.1600, 0.1100, 0.1100, 0.0500, 0.0200, 0.0500]                                         | 7.8851   | 0.8600  | 0.8782 
6     | 10          | [93, 94, 95, 96, 97, 98, 99, 100, 101, 102]                              | [0.0300, 0.0400, 0.2300, 0.3600, 0.1300, 0.0500, 0.0100, 0.0300, 0.0400, 0.0800]                                                 | 5.0044   | 0.8200  | 0.7945 
7     | 4           | [98, 99, 100, 101]                                                       | [0.1500, 0.3100, 0.2000, 0.3400]                                                                                                 | 1.1771   | 0.7800  | 0.7331 
8     | 9           | [96, 98, 99, 100, 101, 102, 103, 104, 105]                               | [0.0100, 0.0200, 0.1500, 0.2900, 0.1700, 0.1600, 0.0900, 0.0200, 0.0900]                                                         | 3.4564   | 0.7600  | 0.8301 
9     | 10          | [98, 100, 101, 102, 103, 104, 108, 110, 111, 112]                        | [0.0100, 0.0200, 0.0700, 0.2700, 0.2800, 0.1100, 0.0600, 0.1300, 0.0300, 0.0200]                                                 | 11.0116  | 0.8600  | 0.8176 
10    | 9           | [97, 98, 100, 101, 102, 103, 104, 105, 106]                              | [0.0100, 0.0500, 0.4600, 0.1000, 0.0100, 0.0500, 0.2100, 0.1000, 0.0100]                                                         | 4.7284   | 0.7600  | 0.7263 
11    | 16          | [92, 93, 94, 95, 96, 97, 98, 99, 100, 101, 102, 103, 104, 106, 107, 108] | [0.0100, 0.0600, 0.1900, 0.0800, 0.0500, 0.0400, 0.0100, 0.0700, 0.1400, 0.0300, 0.0100, 0.0300, 0.0100, 0.1600, 0.0800, 0.0300] | 25.5299  | 0.9200  | 0.8992 
12    | 11          | [94, 95, 97, 98, 99, 100, 101, 102, 103, 104, 105]                       | [0.0100, 0.0200, 0.0200, 0.0100, 0.0400, 0.3500, 0.2100, 0.1300, 0.0800, 0.0600, 0.0700]                                         | 4.2396   | 0.8200  | 0.8071 
13    | 7           | [95, 96, 97, 98, 102, 103, 104]                                          | [0.1300, 0.1400, 0.2300, 0.0400, 0.1500, 0.2600, 0.0500]                                                                         | 10.9700  | 0.9000  | 0.8246 
14    | 11          | [95, 96, 97, 98, 99, 100, 101, 102, 104, 105, 106]                       | [0.0900, 0.0700, 0.0900, 0.2000, 0.0200, 0.0500, 0.1000, 0.0500, 0.0100, 0.2500, 0.0700]                                         | 13.9899  | 0.8600  | 0.8647 
15    | 10          | [98, 99, 101, 102, 103, 104, 107, 109, 110, 111]                         | [0.1300, 0.3600, 0.1000, 0.0100, 0.0400, 0.0400, 0.0700, 0.0100, 0.1900, 0.0500]                                                 | 23.4139  | 0.8000  | 0.8046 
16    | 7           | [96, 97, 98, 99, 100, 101, 102]                                          | [0.0200, 0.0200, 0.0600, 0.3900, 0.2700, 0.1700, 0.0700]                                                                         | 1.4644   | 0.8200  | 0.7442 
17    | 12          | [96, 97, 98, 99, 100, 101, 102, 103, 104, 105, 106, 107]                 | [0.1000, 0.2200, 0.0700, 0.2600, 0.0700, 0.0500, 0.1000, 0.0100, 0.0200, 0.0500, 0.0400, 0.0100]                                 | 7.8684   | 0.8800  | 0.8556 
18    | 9           | [92, 93, 94, 95, 96, 97, 98, 99, 100]                                    | [0.0300, 0.0100, 0.0600, 0.1300, 0.1400, 0.1300, 0.3700, 0.0700, 0.0600]                                                         | 3.2936   | 0.8400  | 0.8046 
19    | 11          | [98, 99, 100, 101, 102, 103, 104, 105, 106, 107, 108]                    | [0.0500, 0.0200, 0.1200, 0.1800, 0.0600, 0.0700, 0.1600, 0.0700, 0.1600, 0.1000, 0.0100]                                         | 7.1456   | 0.8000  | 0.8844 
20    | 10          | [98, 99, 100, 101, 102, 103, 104, 105, 106, 107]                         | [0.0300, 0.0100, 0.0900, 0.2600, 0.1400, 0.2100, 0.0100, 0.0600, 0.1800, 0.0100]                                                 | 4.7619   | 0.8600  | 0.8317 
21    | 11          | [94, 97, 98, 99, 100, 101, 102, 103, 104, 105, 106]                      | [0.0100, 0.0200, 0.1900, 0.0100, 0.0700, 0.1100, 0.1800, 0.2600, 0.1000, 0.0200, 0.0300]                                         | 5.6436   | 0.8200  | 0.8434 
