
[Simulation Info]
simulation_id = sim_0008932
timestamp     = 20250428_110542
seed          = 149432
output_folder = /home/lejeunet/Bureau/simulations/Ref_table/sim_0008932

[Model Parameters]
pop_size           = 5152
num_loci           = 20
sample1_generation = 30
sample2_generation = 10
low_repeats        = 1
high_repeats       = 200
mutation_rate      = 0.001
recap_Ne           = 5152

[Sampling Design]
sample1_size_Ne  = 50
sample2_size_Ne  = 50
sample1_size_CMR = 50
sample2_size_CMR = 50

[Capture-Marquage-Recapture]
census_N   =  2601
MatchCount =  1

[Ne Estimates - One Sample - Decreasing critical values [0.050, 0.020, 0.010, 0+]]

[Linkage Desequilibrium]
LD_Ne_Pop1 = [None, None, 10959.1, 10959.1]
LD_r2_Pop1 = [0.020901, 0.021075, 0.021306, 0.021306]
LD_Ne_Pop2 = [None, None, None, None]
LD_r2_Pop2 = [0.021077, 0.021174, 0.021064, 0.021064]

[Heterozygote excess]
HE_Neb_mean_Pop1        = [38.9, 102.1, 108.1, 108.1]
HE_weighted_D_mean_Pop1 = [0.01303, 0.00492, 0.00464, 0.00464]
HE_Neb_mean_Pop2        = [None, 368.8, 609.2, 609.2]
HE_weighted_D_mean_Pop2 = [-0.0081, 0.00136, 0.00082, 0.00082]

[Molecular Coancestry]
Coan_Neb_n_Pop1 = None
Coan_f1_Pop1    = -0.00604
Coan_Neb_n_Pop2 = None
Coan_f1_Pop2    = -0.00383

[Ne Estimates - Temporal - Decreasing critical values (0.050, 0.020, 0.010, 0+)]

[Pollak]
P_Ne     = [2811.7, 41679.2, 6499.8, 6563.3]
P_Fk     = [0.02178, 0.02012, 0.02077, 0.02076]
P_Fprime = [0.00178, 0.00012, 0.00077, 0.00076]

[Nei/Tajima]
N_Ne     = [3476.5, -86760.0, 9354.9, 9437.6]
N_Fc     = [0.02144, 0.01994, 0.02053, 0.02053]
N_Fprime = [0.00144, -6e-05, 0.00053, 0.00053]

[Jorde/Ryman]
J_Ne     = [3317.0, 4627.8, 3948.0, 3948.4]
J_Fs     = [0.02161, 0.02118, 0.02137, 0.02137]
J_Fprime = [0.00151, 0.00108, 0.00127, 0.00127]

[Genetic Diversity - Heterozygosity]
mean_exp_het_pop1 = 0.8438
mean_obs_het_pop1 = 0.8571
mean_exp_het_pop2 = 0.8445
mean_obs_het_pop2 = 0.8457

[Genetic Diversity - Allele Counts]
mean_alleles_pop1 = 10.33
var_alleles_pop1  = 4.73
sum_alleles_pop1  = 217
mean_alleles_pop2 = 10.52
var_alleles_pop2  = 5.82
sum_alleles_pop2  = 442

[Genetic Diversity - Allelic Size Variance]
var_allele_size_pop1 = 8.1901
var_allele_size_pop2 = 8.3903

[Per-locus summary - Population 1]
Locus | Num_Alleles | Alleles                                                            | Frequencies                                                                                                              | Variance | Obs_Het | Exp_Het
------+-------------+--------------------------------------------------------------------+--------------------------------------------------------------------------------------------------------------------------+----------+---------+--------
1     | 11          | [91, 92, 93, 94, 95, 96, 97, 98, 99, 103, 104]                     | [0.0800, 0.1800, 0.2700, 0.1300, 0.0900, 0.0200, 0.0900, 0.0600, 0.0200, 0.0300, 0.0300]                                 | 9.3864   | 0.8000  | 0.8576 
2     | 6           | [96, 97, 98, 99, 100, 101]                                         | [0.0500, 0.4300, 0.1800, 0.1700, 0.1200, 0.0500]                                                                         | 1.7291   | 0.6800  | 0.7418 
3     | 13          | [94, 96, 97, 98, 99, 100, 101, 102, 103, 104, 105, 106, 107]       | [0.0100, 0.0100, 0.0200, 0.1600, 0.1500, 0.0800, 0.0900, 0.0700, 0.0700, 0.0500, 0.0700, 0.1600, 0.0600]                 | 10.7124  | 0.9000  | 0.8994 
4     | 14          | [89, 90, 91, 92, 93, 94, 95, 96, 97, 98, 99, 100, 101, 102]        | [0.0200, 0.0600, 0.1200, 0.1000, 0.1500, 0.0200, 0.0200, 0.0300, 0.0100, 0.0200, 0.1400, 0.2300, 0.0700, 0.0100]         | 16.2859  | 0.9000  | 0.8782 
5     | 10          | [95, 96, 97, 98, 99, 100, 101, 102, 103, 104]                      | [0.0300, 0.0600, 0.0300, 0.2200, 0.0500, 0.0200, 0.0700, 0.3100, 0.1700, 0.0400]                                         | 6.2379   | 0.8400  | 0.8200 
6     | 12          | [97, 98, 99, 100, 101, 102, 105, 108, 109, 110, 111, 112]          | [0.1300, 0.1100, 0.2100, 0.0800, 0.1200, 0.0500, 0.0100, 0.0100, 0.0400, 0.1500, 0.0700, 0.0200]                         | 26.8600  | 0.9200  | 0.8828 
7     | 12          | [97, 98, 99, 100, 101, 102, 103, 104, 105, 106, 107, 108]          | [0.0100, 0.1000, 0.1900, 0.2300, 0.1200, 0.0900, 0.0600, 0.0400, 0.0200, 0.0500, 0.0400, 0.0500]                         | 8.1100   | 0.9000  | 0.8750 
8     | 12          | [96, 97, 98, 99, 100, 101, 102, 103, 104, 105, 106, 107]           | [0.1100, 0.1000, 0.0800, 0.1400, 0.0500, 0.0700, 0.0200, 0.0100, 0.0200, 0.1200, 0.1600, 0.1200]                         | 15.8236  | 0.8600  | 0.8982 
9     | 7           | [98, 99, 100, 101, 102, 103, 104]                                  | [0.0400, 0.1400, 0.1300, 0.2500, 0.1500, 0.1700, 0.1200]                                                                 | 2.8576   | 0.8800  | 0.8420 
10    | 9           | [91, 93, 94, 95, 96, 97, 98, 99, 100]                              | [0.0100, 0.0400, 0.1100, 0.0500, 0.0400, 0.3300, 0.3200, 0.0800, 0.0200]                                                 | 3.0275   | 0.8200  | 0.7717 
11    | 10          | [97, 98, 99, 100, 101, 102, 103, 104, 105, 107]                    | [0.0200, 0.0800, 0.0300, 0.1100, 0.1300, 0.4000, 0.1700, 0.0200, 0.0200, 0.0200]                                         | 3.3099   | 0.7600  | 0.7810 
12    | 15          | [91, 92, 93, 94, 95, 96, 97, 98, 99, 100, 102, 103, 104, 105, 106] | [0.0100, 0.0700, 0.1500, 0.1100, 0.0400, 0.0300, 0.0800, 0.0200, 0.0400, 0.0500, 0.1000, 0.1200, 0.0300, 0.1200, 0.0300] | 22.5884  | 0.9000  | 0.9156 
13    | 9           | [98, 99, 100, 101, 102, 103, 104, 105, 106]                        | [0.0300, 0.0400, 0.0400, 0.1600, 0.0800, 0.2500, 0.2900, 0.0900, 0.0200]                                                 | 3.2100   | 0.7600  | 0.8170 
14    | 10          | [95, 96, 98, 99, 100, 101, 102, 103, 104, 105]                     | [0.0100, 0.0500, 0.0200, 0.0800, 0.0700, 0.3300, 0.1100, 0.1900, 0.1100, 0.0300]                                         | 4.4044   | 0.7600  | 0.8238 
15    | 9           | [91, 92, 93, 95, 96, 97, 98, 99, 100]                              | [0.0300, 0.0200, 0.0500, 0.1900, 0.2400, 0.1000, 0.2000, 0.1200, 0.0500]                                                 | 4.2499   | 0.9400  | 0.8440 
16    | 10          | [92, 93, 94, 95, 96, 99, 100, 101, 102, 103]                       | [0.0100, 0.0700, 0.1800, 0.2000, 0.1400, 0.0400, 0.2000, 0.0900, 0.0600, 0.0100]                                         | 9.1899   | 0.8400  | 0.8582 
17    | 10          | [95, 96, 97, 98, 99, 100, 101, 102, 103, 105]                      | [0.1500, 0.1000, 0.1200, 0.0300, 0.1500, 0.1200, 0.1400, 0.0600, 0.1200, 0.0100]                                         | 7.3075   | 0.9800  | 0.8865 
18    | 8           | [101, 102, 103, 104, 105, 106, 107, 108]                           | [0.0100, 0.0700, 0.1200, 0.2400, 0.2700, 0.0900, 0.0800, 0.1200]                                                         | 2.9856   | 0.9400  | 0.8295 
19    | 9           | [98, 104, 105, 106, 107, 108, 109, 110, 111]                       | [0.0100, 0.0500, 0.3200, 0.1300, 0.1300, 0.1100, 0.1300, 0.0900, 0.0300]                                                 | 4.5275   | 0.8400  | 0.8315 
20    | 10          | [93, 94, 95, 96, 97, 98, 99, 100, 101, 102]                        | [0.0300, 0.0800, 0.2500, 0.2500, 0.2900, 0.0100, 0.0200, 0.0200, 0.0300, 0.0200]                                         | 3.0916   | 0.8400  | 0.7893 
21    | 11          | [92, 95, 96, 97, 98, 99, 100, 101, 102, 103, 104]                  | [0.0200, 0.0100, 0.1100, 0.1600, 0.2000, 0.0800, 0.1800, 0.0900, 0.0500, 0.0400, 0.0600]                                 | 6.0964   | 0.9400  | 0.8760 

[Per-locus summary - Population 2]
Locus | Num_Alleles | Alleles                                                            | Frequencies                                                                                                              | Variance | Obs_Het | Exp_Het
------+-------------+--------------------------------------------------------------------+--------------------------------------------------------------------------------------------------------------------------+----------+---------+--------
1     | 13          | [90, 91, 92, 93, 94, 95, 96, 97, 98, 99, 100, 102, 103]            | [0.0100, 0.1500, 0.2200, 0.2300, 0.1200, 0.0500, 0.0200, 0.0800, 0.0500, 0.0100, 0.0200, 0.0100, 0.0300]                 | 8.2979   | 0.9000  | 0.8570 
2     | 7           | [96, 97, 98, 99, 100, 101, 102]                                    | [0.0900, 0.4300, 0.2000, 0.0900, 0.0700, 0.1100, 0.0100]                                                                 | 2.3099   | 0.8200  | 0.7493 
3     | 12          | [94, 95, 98, 99, 100, 101, 102, 103, 104, 105, 106, 107]           | [0.0100, 0.0200, 0.0800, 0.1800, 0.0800, 0.1200, 0.0600, 0.0400, 0.0600, 0.0800, 0.2200, 0.0500]                         | 10.7011  | 0.8200  | 0.8826 
4     | 15          | [88, 89, 90, 91, 92, 93, 94, 95, 96, 97, 98, 99, 100, 101, 102]    | [0.0100, 0.0500, 0.0600, 0.1900, 0.0800, 0.0500, 0.0200, 0.0400, 0.0200, 0.0300, 0.0300, 0.2400, 0.1300, 0.0400, 0.0100] | 17.1100  | 0.8000  | 0.8772 
5     | 10          | [95, 96, 97, 98, 99, 100, 101, 102, 103, 104]                      | [0.0100, 0.0800, 0.0300, 0.3000, 0.0300, 0.0100, 0.0600, 0.3000, 0.1500, 0.0300]                                         | 6.1004   | 0.8400  | 0.7925 
6     | 14          | [96, 97, 98, 99, 100, 101, 102, 103, 105, 108, 109, 110, 111, 112] | [0.0100, 0.1700, 0.0400, 0.2400, 0.1100, 0.0500, 0.0300, 0.0200, 0.0100, 0.0300, 0.0700, 0.1600, 0.0500, 0.0100]         | 27.5699  | 0.8800  | 0.8705 
7     | 11          | [97, 98, 99, 100, 101, 102, 103, 104, 106, 107, 108]               | [0.0300, 0.1700, 0.1800, 0.1100, 0.0500, 0.0600, 0.0600, 0.1400, 0.0800, 0.0600, 0.0600]                                 | 11.0376  | 0.9200  | 0.8917 
8     | 12          | [94, 96, 97, 98, 99, 100, 101, 102, 104, 105, 106, 107]            | [0.0300, 0.0800, 0.1100, 0.0900, 0.1800, 0.0900, 0.0700, 0.0400, 0.0200, 0.0600, 0.0800, 0.1500]                         | 15.4131  | 0.8600  | 0.9016 
9     | 7           | [98, 99, 100, 101, 102, 103, 104]                                  | [0.0500, 0.2400, 0.1400, 0.1500, 0.1600, 0.1300, 0.1300]                                                                 | 3.3984   | 0.9000  | 0.8469 
10    | 10          | [91, 93, 94, 95, 96, 97, 98, 99, 100, 102]                         | [0.0300, 0.0300, 0.1000, 0.0600, 0.1000, 0.2300, 0.3600, 0.0700, 0.0100, 0.0100]                                         | 3.7224   | 0.8000  | 0.7950 
11    | 9           | [97, 98, 99, 100, 101, 102, 103, 104, 107]                         | [0.0400, 0.0100, 0.0300, 0.1400, 0.1500, 0.3200, 0.2000, 0.0800, 0.0300]                                                 | 3.3475   | 0.7200  | 0.8137 
12    | 14          | [92, 93, 94, 95, 96, 97, 98, 99, 100, 102, 103, 104, 105, 106]     | [0.0800, 0.1600, 0.1500, 0.1100, 0.0200, 0.0700, 0.0300, 0.0300, 0.0200, 0.0600, 0.1600, 0.0200, 0.0400, 0.0500]         | 21.2019  | 0.8800  | 0.9012 
13    | 9           | [98, 99, 100, 101, 102, 103, 104, 105, 106]                        | [0.0200, 0.0700, 0.0300, 0.2700, 0.1300, 0.1700, 0.2100, 0.0800, 0.0200]                                                 | 3.3059   | 0.8600  | 0.8325 
14    | 10          | [95, 96, 98, 99, 100, 101, 102, 103, 104, 105]                     | [0.0400, 0.1000, 0.0100, 0.0200, 0.0700, 0.2500, 0.1400, 0.2100, 0.1200, 0.0400]                                         | 6.8400   | 0.9600  | 0.8493 
15    | 8           | [91, 92, 93, 95, 96, 97, 98, 99]                                   | [0.0200, 0.0300, 0.1100, 0.2100, 0.1400, 0.0900, 0.2200, 0.1800]                                                         | 4.6739   | 0.8800  | 0.8424 
16    | 10          | [92, 93, 94, 95, 96, 99, 100, 101, 102, 103]                       | [0.0100, 0.0500, 0.1700, 0.2000, 0.1100, 0.1300, 0.2000, 0.0400, 0.0800, 0.0100]                                         | 8.7659   | 0.8600  | 0.8600 
17    | 9           | [95, 96, 97, 99, 100, 101, 102, 103, 105]                          | [0.1800, 0.1200, 0.1100, 0.1500, 0.1000, 0.1400, 0.0800, 0.1100, 0.0100]                                                 | 7.8676   | 0.9600  | 0.8792 
18    | 8           | [101, 102, 103, 104, 105, 106, 107, 108]                           | [0.0100, 0.1200, 0.1200, 0.2100, 0.2900, 0.1100, 0.1100, 0.0300]                                                         | 2.5651   | 0.7600  | 0.8261 
19    | 8           | [98, 104, 105, 106, 107, 108, 109, 110]                            | [0.0100, 0.0900, 0.2300, 0.1000, 0.1400, 0.1800, 0.1500, 0.1000]                                                         | 4.3004   | 0.8400  | 0.8529 
20    | 9           | [93, 94, 95, 96, 97, 99, 100, 101, 102]                            | [0.0100, 0.0800, 0.3200, 0.2700, 0.2400, 0.0200, 0.0100, 0.0100, 0.0400]                                                 | 2.9856   | 0.7000  | 0.7661 
21    | 9           | [91, 96, 97, 98, 99, 100, 101, 102, 104]                           | [0.0100, 0.0400, 0.2500, 0.1200, 0.1300, 0.2100, 0.1200, 0.0700, 0.0500]                                                 | 4.6819   | 0.8000  | 0.8471 
