
[Simulation Info]
simulation_id = sim_0012320
timestamp     = 20250429_094901
seed          = 928029
output_folder = /home/lejeunet/Bureau/simulations/Ref_table/sim_0012320

[Model Parameters]
pop_size           = 128
num_loci           = 20
sample1_generation = 30
sample2_generation = 10
low_repeats        = 1
high_repeats       = 200
mutation_rate      = 0.001
recap_Ne           = 128

[Sampling Design]
sample1_size_Ne  = 50
sample2_size_Ne  = 50
sample1_size_CMR = 50
sample2_size_CMR = 50

[Capture-Marquage-Recapture]
census_N   =  144
MatchCount =  18

[Ne Estimates - One Sample - Decreasing critical values [0.050, 0.020, 0.010, 0+]]

[Linkage Desequilibrium]
LD_Ne_Pop1 = [73.8, 83.8, 154.3, 154.3]
LD_r2_Pop1 = [0.025668, 0.025155, 0.023407, 0.023407]
LD_Ne_Pop2 = [136.8, 106.4, 150.5, 150.5]
LD_r2_Pop2 = [0.023676, 0.024347, 0.02346, 0.02346]

[Heterozygote excess]
HE_Neb_mean_Pop1        = [60.1, 60.1, 60.1, 60.1]
HE_weighted_D_mean_Pop1 = [0.00838, 0.00838, 0.00838, 0.00838]
HE_Neb_mean_Pop2        = [54.9, 52.2, 53.7, 53.7]
HE_weighted_D_mean_Pop2 = [0.00918, 0.00967, 0.0094, 0.0094]

[Molecular Coancestry]
Coan_Neb_n_Pop1 = None
Coan_f1_Pop1    = -0.01044
Coan_Neb_n_Pop2 = 61.6
Coan_f1_Pop2    = 0.00812

[Ne Estimates - Temporal - Decreasing critical values (0.050, 0.020, 0.010, 0+)]

[Pollak]
P_Ne     = [206.4, 214.4, 214.4, 219.8]
P_Fk     = [0.04422, 0.04332, 0.04332, 0.04275]
P_Fprime = [0.02422, 0.02332, 0.02332, 0.02275]

[Nei/Tajima]
N_Ne     = [208.7, 214.3, 214.3, 221.4]
N_Fc     = [0.04395, 0.04333, 0.04333, 0.04258]
N_Fprime = [0.02395, 0.02333, 0.02333, 0.02258]

[Jorde/Ryman]
J_Ne     = [193.8, 194.8, 194.8, 195.0]
J_Fs     = [0.04606, 0.04594, 0.04594, 0.04591]
J_Fprime = [0.0258, 0.02567, 0.02567, 0.02564]

[Genetic Diversity - Heterozygosity]
mean_exp_het_pop1 = 0.4399
mean_obs_het_pop1 = 0.441
mean_exp_het_pop2 = 0.42
mean_obs_het_pop2 = 0.4248

[Genetic Diversity - Allele Counts]
mean_alleles_pop1 = 2.81
var_alleles_pop1  = 0.36
sum_alleles_pop1  = 59
mean_alleles_pop2 = 2.83
var_alleles_pop2  = 0.19
sum_alleles_pop2  = 119

[Genetic Diversity - Allelic Size Variance]
var_allele_size_pop1 = 0.2774
var_allele_size_pop2 = 0.2655

[Per-locus summary - Population 1]
Locus | Num_Alleles | Alleles             | Frequencies                      | Variance | Obs_Het | Exp_Het
------+-------------+---------------------+----------------------------------+----------+---------+--------
1     | 3           | [100, 101, 102]     | [0.1600, 0.7800, 0.0600]         | 0.2100   | 0.3600  | 0.3661 
2     | 3           | [99, 100, 101]      | [0.3800, 0.6100, 0.0100]         | 0.2531   | 0.3800  | 0.4883 
3     | 3           | [99, 100, 101]      | [0.1800, 0.7400, 0.0800]         | 0.2500   | 0.3800  | 0.4178 
4     | 2           | [100, 101]          | [0.3400, 0.6600]                 | 0.2244   | 0.4400  | 0.4533 
5     | 3           | [99, 100, 101]      | [0.5600, 0.4300, 0.0100]         | 0.2675   | 0.4000  | 0.5065 
6     | 3           | [98, 99, 100]       | [0.2500, 0.1100, 0.6400]         | 0.7379   | 0.4200  | 0.5210 
7     | 3           | [99, 100, 101]      | [0.1400, 0.7500, 0.1100]         | 0.2491   | 0.4600  | 0.4099 
8     | 3           | [99, 100, 101]      | [0.1900, 0.7400, 0.0700]         | 0.2456   | 0.4600  | 0.4156 
9     | 1           | [100]               | [1.0000]                         | 0.0000   | NA      | NA     
10    | 3           | [98, 99, 100]       | [0.1300, 0.3400, 0.5300]         | 0.5000   | 0.5800  | 0.5925 
11    | 3           | [99, 100, 101]      | [0.0800, 0.9100, 0.0100]         | 0.0851   | 0.1800  | 0.1671 
12    | 3           | [99, 100, 101]      | [0.1200, 0.7000, 0.1800]         | 0.2964   | 0.4600  | 0.4679 
13    | 4           | [99, 100, 101, 102] | [0.0400, 0.7400, 0.1300, 0.0900] | 0.4571   | 0.4800  | 0.4301 
14    | 3           | [98, 99, 100]       | [0.3200, 0.6200, 0.0600]         | 0.3124   | 0.6600  | 0.5148 
15    | 3           | [100, 101, 102]     | [0.3100, 0.5300, 0.1600]         | 0.4475   | 0.6000  | 0.6034 
16    | 2           | [99, 100]           | [0.3700, 0.6300]                 | 0.2331   | 0.5800  | 0.4709 
17    | 3           | [99, 100, 101]      | [0.0100, 0.7500, 0.2400]         | 0.1971   | 0.3800  | 0.3836 
18    | 3           | [98, 99, 100]       | [0.0300, 0.4700, 0.5000]         | 0.3091   | 0.6000  | 0.5335 
19    | 2           | [99, 100]           | [0.6800, 0.3200]                 | 0.2176   | 0.4800  | 0.4396 
20    | 3           | [99, 100, 101]      | [0.0700, 0.9000, 0.0300]         | 0.0984   | 0.1800  | 0.1861 
21    | 3           | [99, 100, 101]      | [0.0100, 0.2900, 0.7000]         | 0.2339   | 0.3400  | 0.4301 

[Per-locus summary - Population 2]
Locus | Num_Alleles | Alleles         | Frequencies              | Variance | Obs_Het | Exp_Het
------+-------------+-----------------+--------------------------+----------+---------+--------
1     | 3           | [100, 101, 102] | [0.2500, 0.6500, 0.1000] | 0.3275   | 0.5600  | 0.5101 
2     | 3           | [99, 100, 101]  | [0.4500, 0.5200, 0.0300] | 0.3036   | 0.5200  | 0.5315 
3     | 2           | [99, 100]       | [0.2100, 0.7900]         | 0.1659   | 0.2600  | 0.3352 
4     | 2           | [100, 101]      | [0.4300, 0.5700]         | 0.2451   | 0.3800  | 0.4951 
5     | 2           | [99, 100]       | [0.6600, 0.3400]         | 0.2244   | 0.4000  | 0.4533 
6     | 3           | [98, 99, 100]   | [0.3000, 0.1800, 0.5200] | 0.7716   | 0.5000  | 0.6133 
7     | 3           | [99, 100, 101]  | [0.1500, 0.8000, 0.0500] | 0.1900   | 0.3600  | 0.3384 
8     | 3           | [99, 100, 101]  | [0.3500, 0.6300, 0.0200] | 0.2611   | 0.4600  | 0.4850 
9     | 2           | [99, 100]       | [0.0100, 0.9900]         | 0.0099   | 0.0200  | 0.0200 
10    | 3           | [98, 99, 100]   | [0.1700, 0.3500, 0.4800] | 0.5539   | 0.7000  | 0.6244 
11    | 2           | [99, 100]       | [0.0200, 0.9800]         | 0.0196   | 0.0400  | 0.0396 
12    | 3           | [99, 100, 101]  | [0.1300, 0.7300, 0.1400] | 0.2699   | 0.4600  | 0.4350 
13    | 3           | [100, 101, 102] | [0.6500, 0.3200, 0.0300] | 0.2956   | 0.4800  | 0.4790 
14    | 3           | [98, 99, 100]   | [0.5500, 0.4400, 0.0100] | 0.2684   | 0.5200  | 0.5089 
15    | 3           | [100, 101, 102] | [0.2600, 0.6300, 0.1100] | 0.3475   | 0.5600  | 0.5287 
16    | 3           | [99, 100, 101]  | [0.5100, 0.4800, 0.0100] | 0.2700   | 0.6600  | 0.5145 
17    | 3           | [99, 100, 101]  | [0.0200, 0.7000, 0.2800] | 0.2324   | 0.4800  | 0.4356 
18    | 3           | [98, 99, 100]   | [0.0600, 0.4800, 0.4600] | 0.3600   | 0.5200  | 0.5600 
19    | 3           | [98, 99, 100]   | [0.0100, 0.7700, 0.2200] | 0.1859   | 0.3800  | 0.3622 
20    | 3           | [99, 100, 101]  | [0.0200, 0.9600, 0.0200] | 0.0400   | 0.0800  | 0.0784 
21    | 2           | [100, 101]      | [0.3700, 0.6300]         | 0.2331   | 0.5800  | 0.4709 
