
[Simulation Info]
simulation_id = sim_0006069
timestamp     = 20250428_094724
seed          = 585748
output_folder = /home/lejeunet/Bureau/simulations/Ref_table/sim_0006069

[Model Parameters]
pop_size           = 1336
num_loci           = 20
sample1_generation = 30
sample2_generation = 10
low_repeats        = 1
high_repeats       = 200
mutation_rate      = 0.001
recap_Ne           = 1336

[Sampling Design]
sample1_size_Ne  = 50
sample2_size_Ne  = 50
sample1_size_CMR = 50
sample2_size_CMR = 50

[Capture-Marquage-Recapture]
census_N   =  867
MatchCount =  3

[Ne Estimates - One Sample - Decreasing critical values [0.050, 0.020, 0.010, 0+]]

[Linkage Desequilibrium]
LD_Ne_Pop1 = [None, None, None, None]
LD_r2_Pop1 = [0.020993, 0.021245, 0.021097, 0.021097]
LD_Ne_Pop2 = [None, None, 3714.4, 3714.4]
LD_r2_Pop2 = [0.021021, 0.021118, 0.021366, 0.021366]

[Heterozygote excess]
HE_Neb_mean_Pop1        = [32.8, 33.1, 34.0, 34.0]
HE_weighted_D_mean_Pop1 = [0.01547, 0.01531, 0.01491, 0.01491]
HE_Neb_mean_Pop2        = [30.4, 33.3, 33.6, 33.6]
HE_weighted_D_mean_Pop2 = [0.0167, 0.01524, 0.0151, 0.0151]

[Molecular Coancestry]
Coan_Neb_n_Pop1 = None
Coan_f1_Pop1    = -0.01357
Coan_Neb_n_Pop2 = 20.9
Coan_f1_Pop2    = 0.02394

[Ne Estimates - Temporal - Decreasing critical values (0.050, 0.020, 0.010, 0+)]

[Pollak]
P_Ne     = [1067.6, 1241.7, 1264.5, 1336.8]
P_Fk     = [0.02468, 0.02403, 0.02395, 0.02374]
P_Fprime = [0.00468, 0.00403, 0.00395, 0.00374]

[Nei/Tajima]
N_Ne     = [1556.9, 1800.3, 1828.0, 1949.8]
N_Fc     = [0.02321, 0.02278, 0.02274, 0.02256]
N_Fprime = [0.00321, 0.00278, 0.00274, 0.00256]

[Jorde/Ryman]
J_Ne     = [-291641.7, 135971.6, 99434.1, 137532.9]
J_Fs     = [0.02008, 0.02014, 0.02015, 0.02014]
J_Fprime = [-2e-05, 4e-05, 5e-05, 4e-05]

[Genetic Diversity - Heterozygosity]
mean_exp_het_pop1 = 0.6895
mean_obs_het_pop1 = 0.701
mean_exp_het_pop2 = 0.6918
mean_obs_het_pop2 = 0.7057

[Genetic Diversity - Allele Counts]
mean_alleles_pop1 = 6.19
var_alleles_pop1  = 1.26
sum_alleles_pop1  = 130
mean_alleles_pop2 = 6.12
var_alleles_pop2  = 1.18
sum_alleles_pop2  = 257

[Genetic Diversity - Allelic Size Variance]
var_allele_size_pop1 = 2.1254
var_allele_size_pop2 = 2.1749

[Per-locus summary - Population 1]
Locus | Num_Alleles | Alleles                                  | Frequencies                                                              | Variance | Obs_Het | Exp_Het
------+-------------+------------------------------------------+--------------------------------------------------------------------------+----------+---------+--------
1     | 6           | [97, 98, 99, 100, 101, 102]              | [0.0300, 0.1400, 0.0700, 0.6600, 0.0800, 0.0200]                         | 0.9576   | 0.5000  | 0.5376 
2     | 6           | [100, 101, 102, 103, 104, 105]           | [0.0800, 0.1700, 0.0700, 0.3900, 0.1900, 0.1000]                         | 1.9924   | 0.7400  | 0.7693 
3     | 5           | [98, 99, 100, 101, 102]                  | [0.0400, 0.4000, 0.4800, 0.0400, 0.0400]                                 | 0.6304   | 0.6000  | 0.6109 
4     | 6           | [95, 96, 97, 98, 99, 100]                | [0.0200, 0.0600, 0.5900, 0.2200, 0.0900, 0.0200]                         | 0.7704   | 0.5600  | 0.5970 
5     | 6           | [97, 98, 99, 101, 102, 103]              | [0.0500, 0.0100, 0.0600, 0.3100, 0.5000, 0.0700]                         | 1.8259   | 0.7600  | 0.6493 
6     | 6           | [99, 100, 101, 102, 103, 104]            | [0.0100, 0.4100, 0.2100, 0.1600, 0.1600, 0.0500]                         | 1.6600   | 0.6600  | 0.7414 
7     | 6           | [97, 98, 99, 100, 101, 102]              | [0.1500, 0.0200, 0.0500, 0.5300, 0.2300, 0.0200]                         | 1.7171   | 0.6600  | 0.6469 
8     | 6           | [96, 97, 98, 99, 100, 101]               | [0.0100, 0.1300, 0.4000, 0.2000, 0.2400, 0.0200]                         | 1.1619   | 0.7600  | 0.7323 
9     | 8           | [96, 97, 98, 100, 101, 102, 103, 104]    | [0.0900, 0.0800, 0.1700, 0.0100, 0.2600, 0.2700, 0.0300, 0.0900]         | 5.7939   | 0.8600  | 0.8152 
10    | 9           | [95, 96, 97, 98, 99, 100, 104, 105, 106] | [0.0700, 0.1800, 0.0400, 0.3400, 0.2100, 0.0500, 0.0100, 0.0600, 0.0400] | 7.4100   | 0.7800  | 0.8016 
11    | 5           | [98, 99, 100, 101, 102]                  | [0.0200, 0.4600, 0.2200, 0.1700, 0.1300]                                 | 1.2251   | 0.7400  | 0.7008 
12    | 6           | [97, 98, 99, 100, 101, 102]              | [0.0500, 0.2200, 0.5600, 0.0500, 0.0800, 0.0400]                         | 1.1499   | 0.7400  | 0.6313 
13    | 6           | [97, 98, 99, 100, 101, 102]              | [0.2000, 0.0300, 0.4100, 0.1700, 0.0100, 0.1800]                         | 2.5700   | 0.8400  | 0.7370 
14    | 7           | [98, 99, 100, 101, 102, 103, 104]        | [0.1200, 0.1900, 0.4300, 0.0500, 0.1300, 0.0700, 0.0100]                 | 2.0131   | 0.7200  | 0.7477 
15    | 6           | [97, 98, 99, 100, 101, 102]              | [0.0400, 0.1400, 0.0600, 0.1900, 0.3500, 0.2200]                         | 2.1011   | 0.7800  | 0.7760 
16    | 4           | [98, 99, 100, 101]                       | [0.0400, 0.3600, 0.5300, 0.0700]                                         | 0.4531   | 0.5400  | 0.5889 
17    | 5           | [98, 99, 100, 101, 102]                  | [0.0100, 0.6600, 0.2300, 0.0300, 0.0700]                                 | 0.7499   | 0.5000  | 0.5107 
18    | 6           | [98, 100, 101, 102, 103, 104]            | [0.0400, 0.0100, 0.0800, 0.6900, 0.1700, 0.0100]                         | 0.9651   | 0.4800  | 0.4917 
19    | 7           | [99, 100, 101, 102, 103, 104, 105]       | [0.0300, 0.3400, 0.1800, 0.1300, 0.1800, 0.0200, 0.1200]                 | 3.0131   | 0.8800  | 0.7950 
20    | 8           | [98, 99, 100, 101, 102, 103, 104, 105]   | [0.0600, 0.0100, 0.1700, 0.1900, 0.0100, 0.2100, 0.1700, 0.1800]         | 4.3459   | 0.8600  | 0.8341 
21    | 6           | [98, 99, 100, 101, 102, 103]             | [0.1000, 0.3400, 0.2900, 0.0300, 0.1600, 0.0800]                         | 2.1275   | 0.7600  | 0.7651 

[Per-locus summary - Population 2]
Locus | Num_Alleles | Alleles                                 | Frequencies                                                      | Variance | Obs_Het | Exp_Het
------+-------------+-----------------------------------------+------------------------------------------------------------------+----------+---------+--------
1     | 6           | [97, 98, 99, 100, 101, 102]             | [0.0100, 0.1700, 0.0500, 0.6100, 0.1300, 0.0300]                 | 1.0171   | 0.6400  | 0.5844 
2     | 6           | [100, 101, 102, 103, 104, 105]          | [0.0200, 0.1600, 0.1700, 0.4800, 0.1500, 0.0200]                 | 1.0904   | 0.7600  | 0.6988 
3     | 5           | [98, 99, 100, 101, 102]                 | [0.0200, 0.3300, 0.5300, 0.0200, 0.1000]                         | 0.8075   | 0.6400  | 0.6055 
4     | 5           | [96, 97, 98, 99, 100]                   | [0.1100, 0.5700, 0.2200, 0.0700, 0.0300]                         | 0.7644   | 0.6800  | 0.6149 
5     | 5           | [97, 99, 101, 102, 103]                 | [0.0100, 0.0700, 0.2500, 0.5500, 0.1200]                         | 1.0979   | 0.6000  | 0.6218 
6     | 6           | [99, 100, 101, 102, 103, 104]           | [0.0900, 0.3300, 0.2600, 0.1600, 0.1500, 0.0100]                 | 1.5396   | 0.7200  | 0.7750 
7     | 6           | [97, 98, 99, 100, 101, 102]             | [0.1200, 0.0200, 0.1100, 0.5100, 0.2300, 0.0100]                 | 1.4724   | 0.6200  | 0.6667 
8     | 6           | [96, 97, 98, 99, 100, 101]              | [0.0100, 0.1100, 0.3100, 0.1700, 0.3700, 0.0300]                 | 1.3131   | 0.7000  | 0.7323 
9     | 7           | [96, 97, 98, 101, 102, 103, 104]        | [0.1300, 0.1100, 0.1400, 0.2400, 0.2500, 0.0600, 0.0700]         | 6.5251   | 0.7800  | 0.8311 
10    | 8           | [95, 96, 97, 98, 99, 100, 105, 106]     | [0.0600, 0.1600, 0.1200, 0.2500, 0.2400, 0.0300, 0.1100, 0.0300] | 8.4939   | 0.8800  | 0.8307 
11    | 5           | [98, 99, 100, 101, 102]                 | [0.1000, 0.3900, 0.1600, 0.2700, 0.0800]                         | 1.3544   | 0.7600  | 0.7404 
12    | 6           | [97, 98, 99, 100, 101, 102]             | [0.0900, 0.2000, 0.5300, 0.0100, 0.0900, 0.0800]                 | 1.6475   | 0.7600  | 0.6630 
13    | 5           | [97, 98, 99, 100, 102]                  | [0.1300, 0.0700, 0.4100, 0.2400, 0.1500]                         | 2.0504   | 0.8000  | 0.7374 
14    | 7           | [98, 99, 100, 101, 102, 103, 104]       | [0.1300, 0.1400, 0.3000, 0.1000, 0.1100, 0.2100, 0.0100]         | 2.9019   | 0.8000  | 0.8154 
15    | 6           | [97, 98, 99, 100, 101, 102]             | [0.0200, 0.1400, 0.0600, 0.2500, 0.3600, 0.1700]                 | 1.7500   | 0.7400  | 0.7630 
16    | 4           | [98, 99, 100, 102]                      | [0.0700, 0.3900, 0.5300, 0.0100]                                 | 0.4499   | 0.6800  | 0.5677 
17    | 5           | [98, 99, 100, 101, 102]                 | [0.0300, 0.6300, 0.2700, 0.0100, 0.0600]                         | 0.6864   | 0.5600  | 0.5309 
18    | 5           | [98, 100, 101, 102, 103]                | [0.0900, 0.0100, 0.0800, 0.7500, 0.0700]                         | 1.4779   | 0.3800  | 0.4222 
19    | 8           | [99, 100, 101, 102, 103, 104, 105, 106] | [0.0300, 0.4400, 0.1400, 0.0800, 0.1700, 0.0100, 0.1200, 0.0100] | 3.3496   | 0.8200  | 0.7434 
20    | 6           | [98, 100, 101, 103, 104, 105]           | [0.0500, 0.2000, 0.1900, 0.2700, 0.1700, 0.1200]                 | 3.7876   | 0.7800  | 0.8133 
21    | 7           | [97, 98, 99, 100, 101, 102, 103]        | [0.0100, 0.1000, 0.3500, 0.2900, 0.0800, 0.0700, 0.1000]         | 2.0964   | 0.7200  | 0.7697 
