
[Simulation Info]
simulation_id = sim_0008917
timestamp     = 20250428_110513
seed          = 12695
output_folder = /home/lejeunet/Bureau/simulations/Ref_table/sim_0008917

[Model Parameters]
pop_size           = 344
num_loci           = 20
sample1_generation = 30
sample2_generation = 10
low_repeats        = 1
high_repeats       = 200
mutation_rate      = 0.001
recap_Ne           = 344

[Sampling Design]
sample1_size_Ne  = 50
sample2_size_Ne  = 50
sample1_size_CMR = 50
sample2_size_CMR = 50

[Capture-Marquage-Recapture]
census_N   =  260
MatchCount =  10

[Ne Estimates - One Sample - Decreasing critical values [0.050, 0.020, 0.010, 0+]]

[Linkage Desequilibrium]
LD_Ne_Pop1 = [230.9, 1323.1, 599.8, 599.8]
LD_r2_Pop1 = [0.022707, 0.021528, 0.02183, 0.02183]
LD_Ne_Pop2 = [None, 398.3, 270.4, 270.4]
LD_r2_Pop2 = [0.021089, 0.022109, 0.022499, 0.022499]

[Heterozygote excess]
HE_Neb_mean_Pop1        = [None, None, None, None]
HE_weighted_D_mean_Pop1 = [-0.00444, -0.00504, -0.0049, -0.0049]
HE_Neb_mean_Pop2        = [None, None, None, None]
HE_weighted_D_mean_Pop2 = [-0.01749, -0.01786, -0.01786, -0.01786]

[Molecular Coancestry]
Coan_Neb_n_Pop1 = 17.0
Coan_f1_Pop1    = 0.0294
Coan_Neb_n_Pop2 = 9.6
Coan_f1_Pop2    = 0.05192

[Ne Estimates - Temporal - Decreasing critical values (0.050, 0.020, 0.010, 0+)]

[Pollak]
P_Ne     = [268.7, 287.0, 298.6, 298.6]
P_Fk     = [0.03861, 0.03742, 0.03674, 0.03674]
P_Fprime = [0.01861, 0.01742, 0.01674, 0.01674]

[Nei/Tajima]
N_Ne     = [257.3, 269.8, 277.4, 277.4]
N_Fc     = [0.03944, 0.03853, 0.03803, 0.03803]
N_Fprime = [0.01944, 0.01853, 0.01803, 0.01803]

[Jorde/Ryman]
J_Ne     = [194.0, 194.7, 195.0, 195.0]
J_Fs     = [0.04604, 0.04595, 0.04591, 0.04591]
J_Fprime = [0.02577, 0.02568, 0.02565, 0.02565]

[Genetic Diversity - Heterozygosity]
mean_exp_het_pop1 = 0.5114
mean_obs_het_pop1 = 0.501
mean_exp_het_pop2 = 0.502
mean_obs_het_pop2 = 0.4933

[Genetic Diversity - Allele Counts]
mean_alleles_pop1 = 3.48
var_alleles_pop1  = 0.36
sum_alleles_pop1  = 73
mean_alleles_pop2 = 3.52
var_alleles_pop2  = 0.45
sum_alleles_pop2  = 148

[Genetic Diversity - Allelic Size Variance]
var_allele_size_pop1 = 0.4275
var_allele_size_pop2 = 0.4083

[Per-locus summary - Population 1]
Locus | Num_Alleles | Alleles             | Frequencies                      | Variance | Obs_Het | Exp_Het
------+-------------+---------------------+----------------------------------+----------+---------+--------
1     | 3           | [99, 100, 101]      | [0.0600, 0.6200, 0.3200]         | 0.3124   | 0.4400  | 0.5148 
2     | 4           | [98, 99, 100, 101]  | [0.0100, 0.6100, 0.3600, 0.0200] | 0.2979   | 0.4200  | 0.5028 
3     | 3           | [99, 100, 101]      | [0.1000, 0.8900, 0.0100]         | 0.1019   | 0.2000  | 0.1998 
4     | 4           | [98, 99, 100, 101]  | [0.0200, 0.4100, 0.4500, 0.1200] | 0.5011   | 0.5600  | 0.6208 
5     | 3           | [100, 101, 102]     | [0.5000, 0.3100, 0.1900]         | 0.5939   | 0.6800  | 0.6240 
6     | 4           | [99, 100, 101, 102] | [0.0200, 0.2000, 0.6000, 0.1800] | 0.4564   | 0.5600  | 0.5729 
7     | 4           | [99, 100, 101, 102] | [0.2300, 0.3900, 0.3500, 0.0300] | 0.6676   | 0.5600  | 0.6784 
8     | 3           | [99, 100, 101]      | [0.4500, 0.5200, 0.0300]         | 0.3036   | 0.5200  | 0.5315 
9     | 4           | [99, 100, 101, 102] | [0.2600, 0.7200, 0.0100, 0.0100] | 0.2571   | 0.4400  | 0.4180 
10    | 3           | [99, 100, 101]      | [0.1400, 0.8300, 0.0300]         | 0.1579   | 0.3200  | 0.2935 
11    | 3           | [99, 100, 101]      | [0.2500, 0.4700, 0.2800]         | 0.5291   | 0.6400  | 0.6446 
12    | 3           | [99, 100, 101]      | [0.2200, 0.6100, 0.1700]         | 0.3875   | 0.5800  | 0.5562 
13    | 3           | [99, 100, 101]      | [0.2200, 0.6900, 0.0900]         | 0.2931   | 0.4400  | 0.4721 
14    | 3           | [99, 100, 101]      | [0.0400, 0.8500, 0.1100]         | 0.1451   | 0.2400  | 0.2665 
15    | 4           | [99, 100, 101, 102] | [0.1800, 0.3000, 0.1200, 0.4000] | 1.3524   | 0.8400  | 0.7103 
16    | 4           | [99, 100, 101, 102] | [0.0100, 0.3600, 0.5300, 0.1000] | 0.4216   | 0.6400  | 0.5853 
17    | 4           | [98, 99, 100, 101]  | [0.1100, 0.1700, 0.6900, 0.0300] | 0.5104   | 0.5000  | 0.4869 
18    | 4           | [99, 100, 101, 102] | [0.2100, 0.4100, 0.3300, 0.0500] | 0.6916   | 0.7000  | 0.6832 
19    | 4           | [99, 100, 101, 102] | [0.0400, 0.1900, 0.7200, 0.0500] | 0.3516   | 0.4400  | 0.4459 
20    | 2           | [100, 101]          | [0.7700, 0.2300]                 | 0.1771   | 0.3400  | 0.3578 
21    | 4           | [99, 100, 101, 102] | [0.1000, 0.5900, 0.2700, 0.0400] | 0.4675   | 0.4600  | 0.5731 

[Per-locus summary - Population 2]
Locus | Num_Alleles | Alleles                | Frequencies                              | Variance | Obs_Het | Exp_Het
------+-------------+------------------------+------------------------------------------+----------+---------+--------
1     | 3           | [99, 100, 101]         | [0.1500, 0.5300, 0.3200]                 | 0.4411   | 0.6600  | 0.6002 
2     | 2           | [99, 100]              | [0.5200, 0.4800]                         | 0.2496   | 0.4800  | 0.5042 
3     | 2           | [99, 100]              | [0.0800, 0.9200]                         | 0.0736   | 0.1600  | 0.1487 
4     | 4           | [98, 99, 100, 101]     | [0.0200, 0.3900, 0.4800, 0.1100]         | 0.4776   | 0.5800  | 0.6111 
5     | 4           | [99, 100, 101, 102]    | [0.0200, 0.6100, 0.2800, 0.0900]         | 0.4664   | 0.5000  | 0.5465 
6     | 4           | [99, 100, 101, 102]    | [0.0500, 0.3400, 0.5500, 0.0600]         | 0.4556   | 0.5200  | 0.5816 
7     | 4           | [99, 100, 101, 102]    | [0.1500, 0.5100, 0.3300, 0.0100]         | 0.4800   | 0.7000  | 0.6146 
8     | 3           | [99, 100, 101]         | [0.3100, 0.6600, 0.0300]                 | 0.2616   | 0.4600  | 0.4721 
9     | 4           | [99, 100, 101, 102]    | [0.3900, 0.5400, 0.0200, 0.0500]         | 0.5371   | 0.4800  | 0.5590 
10    | 3           | [99, 100, 101]         | [0.1700, 0.8000, 0.0300]                 | 0.1804   | 0.3000  | 0.3335 
11    | 3           | [99, 100, 101]         | [0.3800, 0.4300, 0.1900]                 | 0.5339   | 0.6000  | 0.6410 
12    | 3           | [99, 100, 101]         | [0.2500, 0.5500, 0.2000]                 | 0.4475   | 0.5800  | 0.6010 
13    | 3           | [99, 100, 101]         | [0.2100, 0.7500, 0.0400]                 | 0.2211   | 0.3800  | 0.3958 
14    | 3           | [99, 100, 101]         | [0.0600, 0.7800, 0.1600]                 | 0.2100   | 0.4400  | 0.3661 
15    | 4           | [99, 100, 101, 102]    | [0.1100, 0.4500, 0.1200, 0.3200]         | 1.0875   | 0.6200  | 0.6754 
16    | 3           | [100, 101, 102]        | [0.4700, 0.4600, 0.0700]                 | 0.3800   | 0.6400  | 0.5683 
17    | 5           | [97, 98, 99, 100, 101] | [0.0100, 0.1600, 0.0700, 0.7300, 0.0300] | 0.6779   | 0.4000  | 0.4400 
18    | 4           | [99, 100, 101, 102]    | [0.3100, 0.5100, 0.1600, 0.0200]         | 0.5379   | 0.5800  | 0.6240 
19    | 4           | [99, 100, 101, 102]    | [0.0400, 0.4000, 0.5500, 0.0100]         | 0.3491   | 0.5000  | 0.5412 
20    | 3           | [99, 100, 101]         | [0.0100, 0.8800, 0.1100]                 | 0.1100   | 0.2000  | 0.2156 
21    | 4           | [99, 100, 101, 102]    | [0.0700, 0.6700, 0.2200, 0.0400]         | 0.3971   | 0.5800  | 0.5012 
