
[Simulation Info]
simulation_id = sim_0007360
timestamp     = 20250428_102057
seed          = 659991
output_folder = /home/lejeunet/Bureau/simulations/Ref_table/sim_0007360

[Model Parameters]
pop_size           = 2118
num_loci           = 20
sample1_generation = 30
sample2_generation = 10
low_repeats        = 1
high_repeats       = 200
mutation_rate      = 0.001
recap_Ne           = 2118

[Sampling Design]
sample1_size_Ne  = 50
sample2_size_Ne  = 50
sample1_size_CMR = 50
sample2_size_CMR = 50

[Capture-Marquage-Recapture]
census_N   =  1300
MatchCount =  2

[Ne Estimates - One Sample - Decreasing critical values [0.050, 0.020, 0.010, 0+]]

[Linkage Desequilibrium]
LD_Ne_Pop1 = [None, 1624.2, 2795.6, 2795.6]
LD_r2_Pop1 = [0.021161, 0.021481, 0.021395, 0.021395]
LD_Ne_Pop2 = [793.9, 799.2, 3670.9, 3670.9]
LD_r2_Pop2 = [0.021695, 0.021692, 0.021367, 0.021367]

[Heterozygote excess]
HE_Neb_mean_Pop1        = [241.5, 2182.5, 2182.5, 2182.5]
HE_weighted_D_mean_Pop1 = [0.00207, 0.00023, 0.00023, 0.00023]
HE_Neb_mean_Pop2        = [1001.9, None, None, None]
HE_weighted_D_mean_Pop2 = [0.0005, -0.00188, -0.00202, -0.00202]

[Molecular Coancestry]
Coan_Neb_n_Pop1 = None
Coan_f1_Pop1    = -0.00803
Coan_Neb_n_Pop2 = None
Coan_f1_Pop2    = -0.00202

[Ne Estimates - Temporal - Decreasing critical values (0.050, 0.020, 0.010, 0+)]

[Pollak]
P_Ne     = [-2464.5, -2869.2, -2914.1, -3190.7]
P_Fk     = [0.01797, 0.01826, 0.01828, 0.01843]
P_Fprime = [-0.00203, -0.00174, -0.00172, -0.00157]

[Nei/Tajima]
N_Ne     = [-2564.2, -2856.7, -2894.7, -3130.5]
N_Fc     = [0.01805, 0.01825, 0.01827, 0.0184]
N_Fprime = [-0.00195, -0.00175, -0.00173, -0.0016]

[Jorde/Ryman]
J_Ne     = [-11044.3, -10038.5, -10533.5, -10808.0]
J_Fs     = [0.01965, 0.0196, 0.01963, 0.01964]
J_Fprime = [-0.00045, -0.0005, -0.00047, -0.00046]

[Genetic Diversity - Heterozygosity]
mean_exp_het_pop1 = 0.785
mean_obs_het_pop1 = 0.7933
mean_exp_het_pop2 = 0.7954
mean_obs_het_pop2 = 0.8

[Genetic Diversity - Allele Counts]
mean_alleles_pop1 = 7.67
var_alleles_pop1  = 1.53
sum_alleles_pop1  = 161
mean_alleles_pop2 = 7.81
var_alleles_pop2  = 1.82
sum_alleles_pop2  = 328

[Genetic Diversity - Allelic Size Variance]
var_allele_size_pop1 = 4.118
var_allele_size_pop2 = 4.2132

[Per-locus summary - Population 1]
Locus | Num_Alleles | Alleles                                         | Frequencies                                                                      | Variance | Obs_Het | Exp_Het
------+-------------+-------------------------------------------------+----------------------------------------------------------------------------------+----------+---------+--------
1     | 7           | [97, 98, 99, 100, 101, 102, 103]                | [0.0800, 0.2900, 0.0700, 0.1500, 0.3400, 0.0600, 0.0100]                         | 2.4600   | 0.8800  | 0.7705 
2     | 6           | [96, 97, 98, 99, 100, 101]                      | [0.2500, 0.2500, 0.2500, 0.1900, 0.0100, 0.0500]                                 | 1.7779   | 0.8000  | 0.7816 
3     | 6           | [100, 101, 102, 103, 104, 105]                  | [0.0100, 0.1400, 0.1300, 0.3700, 0.3300, 0.0200]                                 | 1.1851   | 0.6800  | 0.7244 
4     | 7           | [98, 99, 100, 101, 102, 103, 104]               | [0.1000, 0.1000, 0.1000, 0.2100, 0.3700, 0.1000, 0.0200]                         | 2.3491   | 0.7800  | 0.7865 
5     | 6           | [100, 101, 102, 103, 104, 105]                  | [0.0300, 0.0900, 0.1800, 0.0900, 0.5300, 0.0800]                                 | 1.6024   | 0.6400  | 0.6699 
6     | 9           | [93, 94, 95, 96, 97, 98, 99, 100, 101]          | [0.0300, 0.1700, 0.0900, 0.1500, 0.1000, 0.0400, 0.3400, 0.0500, 0.0300]         | 4.8491   | 0.8800  | 0.8172 
7     | 10          | [92, 93, 94, 100, 101, 102, 103, 104, 105, 106] | [0.0200, 0.1300, 0.0300, 0.1000, 0.1800, 0.3000, 0.0200, 0.1100, 0.0800, 0.0300] | 14.7579  | 0.8400  | 0.8380 
8     | 7           | [97, 98, 99, 100, 101, 102, 103]                | [0.2300, 0.1300, 0.2500, 0.0200, 0.2400, 0.1100, 0.0200]                         | 3.2376   | 0.8200  | 0.8053 
9     | 9           | [94, 95, 96, 97, 98, 99, 100, 101, 102]         | [0.0200, 0.0500, 0.0300, 0.1500, 0.0300, 0.1400, 0.3500, 0.0700, 0.1600]         | 4.2075   | 0.7800  | 0.8083 
10    | 6           | [98, 99, 100, 101, 102, 103]                    | [0.0100, 0.1100, 0.3700, 0.2300, 0.2400, 0.0400]                                 | 1.2100   | 0.7000  | 0.7463 
11    | 8           | [96, 97, 98, 99, 100, 101, 102, 103]            | [0.0100, 0.0800, 0.1300, 0.0600, 0.1100, 0.1500, 0.3900, 0.0700]                 | 3.5084   | 0.8200  | 0.7893 
12    | 9           | [100, 101, 102, 103, 104, 105, 106, 107, 108]   | [0.1100, 0.0800, 0.1800, 0.3500, 0.0200, 0.0400, 0.0100, 0.1600, 0.0500]         | 5.4475   | 0.8400  | 0.8044 
13    | 6           | [94, 95, 96, 97, 98, 99]                        | [0.1500, 0.1300, 0.3400, 0.1900, 0.1800, 0.0100]                                 | 1.7075   | 0.8600  | 0.7842 
14    | 7           | [95, 96, 97, 98, 99, 100, 101]                  | [0.0400, 0.0400, 0.3700, 0.1100, 0.2200, 0.1700, 0.0500]                         | 2.2204   | 0.8200  | 0.7758 
15    | 9           | [96, 97, 98, 99, 100, 101, 102, 103, 104]       | [0.0200, 0.1500, 0.0600, 0.1600, 0.2600, 0.1500, 0.1200, 0.0700, 0.0100]         | 3.4611   | 0.9000  | 0.8469 
16    | 8           | [98, 99, 100, 101, 102, 103, 104, 105]          | [0.0800, 0.1800, 0.2100, 0.1300, 0.0300, 0.2200, 0.1400, 0.0100]                 | 3.9656   | 0.8000  | 0.8396 
17    | 8           | [97, 98, 99, 100, 101, 104, 105, 106]           | [0.0800, 0.4700, 0.1100, 0.0100, 0.0700, 0.2000, 0.0400, 0.0200]                 | 7.6900   | 0.6400  | 0.7208 
18    | 8           | [98, 99, 100, 101, 102, 103, 104, 105]          | [0.0200, 0.1100, 0.2400, 0.0500, 0.1200, 0.0800, 0.2000, 0.1800]                 | 4.8136   | 0.8600  | 0.8426 
19    | 8           | [95, 96, 97, 98, 99, 100, 103, 104]             | [0.0200, 0.2700, 0.1300, 0.0600, 0.3700, 0.0600, 0.0700, 0.0200]                 | 4.4171   | 0.7800  | 0.7681 
20    | 9           | [91, 92, 93, 94, 96, 97, 98, 99, 100]           | [0.0600, 0.1800, 0.0700, 0.0900, 0.0300, 0.2600, 0.0800, 0.1100, 0.1200]         | 8.8276   | 0.8400  | 0.8582 
21    | 8           | [95, 96, 97, 98, 99, 100, 101, 102]             | [0.0400, 0.0800, 0.1300, 0.5100, 0.0400, 0.0600, 0.0700, 0.0700]                 | 2.7824   | 0.7000  | 0.7071 

[Per-locus summary - Population 2]
Locus | Num_Alleles | Alleles                                         | Frequencies                                                                      | Variance | Obs_Het | Exp_Het
------+-------------+-------------------------------------------------+----------------------------------------------------------------------------------+----------+---------+--------
1     | 6           | [97, 98, 99, 100, 101, 102]                     | [0.0800, 0.3200, 0.0800, 0.2300, 0.2500, 0.0400]                                 | 2.0931   | 0.7600  | 0.7756 
2     | 5           | [96, 97, 98, 99, 100]                           | [0.3000, 0.2800, 0.2000, 0.1900, 0.0300]                                         | 1.3931   | 0.8400  | 0.7622 
3     | 6           | [100, 101, 102, 103, 104, 105]                  | [0.0500, 0.1400, 0.1400, 0.3100, 0.3500, 0.0100]                                 | 1.5000   | 0.8000  | 0.7471 
4     | 8           | [97, 98, 99, 100, 101, 102, 103, 104]           | [0.0200, 0.0500, 0.1500, 0.0900, 0.2600, 0.3400, 0.0600, 0.0300]                 | 2.3051   | 0.7400  | 0.7867 
5     | 7           | [99, 100, 101, 102, 103, 104, 105]              | [0.0100, 0.0500, 0.1400, 0.1200, 0.1400, 0.4900, 0.0500]                         | 1.9800   | 0.7600  | 0.7083 
6     | 8           | [94, 95, 96, 97, 98, 99, 100, 101]              | [0.1300, 0.0400, 0.2500, 0.1700, 0.0200, 0.2600, 0.1000, 0.0300]                 | 3.9624   | 0.8200  | 0.8194 
7     | 10          | [92, 93, 94, 100, 101, 102, 103, 104, 105, 106] | [0.0100, 0.1200, 0.0500, 0.0600, 0.2000, 0.2700, 0.0600, 0.1400, 0.0600, 0.0300] | 14.4124  | 0.9000  | 0.8473 
8     | 7           | [97, 98, 99, 100, 101, 102, 103]                | [0.1700, 0.2100, 0.2400, 0.0100, 0.1400, 0.2000, 0.0300]                         | 3.5284   | 0.7800  | 0.8170 
9     | 9           | [94, 95, 96, 97, 98, 99, 100, 101, 102]         | [0.0100, 0.0700, 0.0100, 0.1200, 0.0300, 0.1500, 0.3300, 0.1700, 0.1100]         | 3.8331   | 0.7800  | 0.8154 
10    | 5           | [99, 100, 101, 102, 103]                        | [0.1400, 0.3000, 0.3200, 0.1700, 0.0700]                                         | 1.2371   | 0.7800  | 0.7618 
11    | 9           | [96, 97, 98, 99, 100, 101, 102, 103, 104]       | [0.0100, 0.1100, 0.1200, 0.0700, 0.0900, 0.1900, 0.3400, 0.0600, 0.0100]         | 3.7819   | 0.8200  | 0.8131 
12    | 9           | [100, 101, 102, 103, 104, 105, 106, 107, 108]   | [0.0600, 0.1300, 0.1300, 0.3000, 0.0600, 0.0400, 0.0300, 0.1800, 0.0700]         | 5.7771   | 0.8000  | 0.8376 
13    | 6           | [94, 95, 96, 97, 98, 99]                        | [0.1400, 0.1000, 0.4000, 0.2400, 0.1100, 0.0100]                                 | 1.4179   | 0.7600  | 0.7481 
14    | 7           | [95, 96, 97, 98, 99, 100, 101]                  | [0.0100, 0.0300, 0.3700, 0.1100, 0.1800, 0.2500, 0.0500]                         | 2.0731   | 0.7200  | 0.7602 
15    | 8           | [97, 98, 99, 100, 101, 102, 103, 104]           | [0.2200, 0.0700, 0.1100, 0.2500, 0.1400, 0.1300, 0.0600, 0.0200]                 | 3.8275   | 0.8400  | 0.8400 
16    | 8           | [98, 99, 100, 101, 102, 103, 104, 105]          | [0.0800, 0.1700, 0.1500, 0.1200, 0.0500, 0.2100, 0.2000, 0.0200]                 | 4.3836   | 0.8200  | 0.8493 
17    | 8           | [96, 97, 98, 99, 101, 104, 105, 106]            | [0.0100, 0.0500, 0.5000, 0.1600, 0.0700, 0.1800, 0.0200, 0.0100]                 | 6.4200   | 0.7000  | 0.6909 
18    | 9           | [98, 99, 100, 101, 102, 103, 104, 105, 106]     | [0.0300, 0.1000, 0.3100, 0.0400, 0.1100, 0.1200, 0.1800, 0.1000, 0.0100]         | 4.4924   | 0.8200  | 0.8307 
19    | 8           | [95, 96, 97, 98, 99, 100, 103, 104]             | [0.0500, 0.3400, 0.1200, 0.0200, 0.2200, 0.0400, 0.1100, 0.1000]                 | 8.4100   | 0.8400  | 0.8030 
20    | 9           | [91, 92, 93, 94, 96, 97, 98, 99, 100]           | [0.0600, 0.1100, 0.0900, 0.0700, 0.0400, 0.2300, 0.1500, 0.1600, 0.0900]         | 8.0116   | 0.9000  | 0.8693 
21    | 9           | [95, 96, 97, 98, 99, 100, 101, 102, 103]        | [0.0300, 0.1800, 0.1000, 0.3400, 0.0900, 0.1000, 0.0700, 0.0800, 0.0100]         | 3.6376   | 0.8200  | 0.8198 
