
[Simulation Info]
simulation_id = sim_0002004
timestamp     = 20250428_081333
seed          = 711833
output_folder = /home/lejeunet/Bureau/simulations/Ref_table/sim_0002004

[Model Parameters]
pop_size           = 173
num_loci           = 20
sample1_generation = 30
sample2_generation = 10
low_repeats        = 1
high_repeats       = 200
mutation_rate      = 0.001
recap_Ne           = 173

[Sampling Design]
sample1_size_Ne  = 50
sample2_size_Ne  = 50
sample1_size_CMR = 50
sample2_size_CMR = 50

[Capture-Marquage-Recapture]
census_N   =  185
MatchCount =  14

[Ne Estimates - One Sample - Decreasing critical values [0.050, 0.020, 0.010, 0+]]

[Linkage Desequilibrium]
LD_Ne_Pop1 = [34.1, 59.9, 86.9, 86.9]
LD_r2_Pop1 = [0.030465, 0.026649, 0.025022, 0.025022]
LD_Ne_Pop2 = [302.4, 1214.3, None, None]
LD_r2_Pop2 = [0.022371, 0.02155, 0.020847, 0.020847]

[Heterozygote excess]
HE_Neb_mean_Pop1        = [12.6, 14.0, 14.9, 14.9]
HE_weighted_D_mean_Pop1 = [0.04127, 0.03686, 0.03459, 0.03459]
HE_Neb_mean_Pop2        = [22.4, 23.0, 24.5, 24.5]
HE_weighted_D_mean_Pop2 = [0.0228, 0.02221, 0.02082, 0.02082]

[Molecular Coancestry]
Coan_Neb_n_Pop1 = 65.6
Coan_f1_Pop1    = 0.00762
Coan_Neb_n_Pop2 = None
Coan_f1_Pop2    = -0.02659

[Ne Estimates - Temporal - Decreasing critical values (0.050, 0.020, 0.010, 0+)]

[Pollak]
P_Ne     = [787.6, 1083.6, 1292.9, 1565.8]
P_Fk     = [0.02635, 0.02461, 0.02387, 0.02319]
P_Fprime = [0.00635, 0.00461, 0.00387, 0.00319]

[Nei/Tajima]
N_Ne     = [1964.2, 3229.5, 5518.3, 9265.3]
N_Fc     = [0.02255, 0.02155, 0.02091, 0.02054]
N_Fprime = [0.00255, 0.00155, 0.00091, 0.00054]

[Jorde/Ryman]
J_Ne     = [-1051.9, -962.7, -956.7, -953.0]
J_Fs     = [0.01535, 0.01491, 0.01488, 0.01486]
J_Fprime = [-0.00475, -0.00519, -0.00523, -0.00525]

[Genetic Diversity - Heterozygosity]
mean_exp_het_pop1 = 0.3482
mean_obs_het_pop1 = 0.3648
mean_exp_het_pop2 = 0.386
mean_obs_het_pop2 = 0.392

[Genetic Diversity - Allele Counts]
mean_alleles_pop1 = 2.62
var_alleles_pop1  = 0.25
sum_alleles_pop1  = 55
mean_alleles_pop2 = 2.86
var_alleles_pop2  = 0.37
sum_alleles_pop2  = 120

[Genetic Diversity - Allelic Size Variance]
var_allele_size_pop1 = 0.2403
var_allele_size_pop2 = 0.2578

[Per-locus summary - Population 1]
Locus | Num_Alleles | Alleles         | Frequencies              | Variance | Obs_Het | Exp_Het
------+-------------+-----------------+--------------------------+----------+---------+--------
1     | 3           | [98, 99, 101]   | [0.3100, 0.4900, 0.2000] | 1.1019   | 0.7400  | 0.6301 
2     | 3           | [99, 100, 101]  | [0.1400, 0.5000, 0.3600] | 0.4516   | 0.6600  | 0.6069 
3     | 3           | [99, 100, 102]  | [0.0200, 0.9600, 0.0200] | 0.0996   | 0.0800  | 0.0784 
4     | 2           | [99, 100]       | [0.3300, 0.6700]         | 0.2211   | 0.5000  | 0.4467 
5     | 3           | [99, 100, 101]  | [0.0200, 0.9700, 0.0100] | 0.0299   | 0.0600  | 0.0592 
6     | 2           | [100, 101]      | [0.5100, 0.4900]         | 0.2499   | 0.4600  | 0.5049 
7     | 3           | [99, 100, 101]  | [0.0200, 0.1000, 0.8800] | 0.1604   | 0.2000  | 0.2174 
8     | 2           | [99, 100]       | [0.4500, 0.5500]         | 0.2475   | 0.5400  | 0.5000 
9     | 2           | [99, 100]       | [0.0700, 0.9300]         | 0.0651   | 0.1400  | 0.1315 
10    | 3           | [100, 101, 102] | [0.9800, 0.0100, 0.0100] | 0.0491   | 0.0400  | 0.0398 
11    | 2           | [100, 101]      | [0.5000, 0.5000]         | 0.2500   | 0.5200  | 0.5050 
12    | 3           | [99, 100, 101]  | [0.0800, 0.4500, 0.4700] | 0.3979   | 0.6800  | 0.5760 
13    | 3           | [99, 100, 101]  | [0.0300, 0.6300, 0.3400] | 0.2739   | 0.5800  | 0.4915 
14    | 3           | [99, 100, 101]  | [0.0200, 0.8600, 0.1200] | 0.1300   | 0.2400  | 0.2481 
15    | 2           | [100, 101]      | [0.8100, 0.1900]         | 0.1539   | 0.3400  | 0.3109 
16    | 3           | [99, 100, 101]  | [0.4800, 0.5000, 0.0200] | 0.2884   | 0.4600  | 0.5244 
17    | 3           | [99, 100, 101]  | [0.2800, 0.6400, 0.0800] | 0.3200   | 0.5000  | 0.5107 
18    | 2           | [100, 101]      | [0.9100, 0.0900]         | 0.0819   | 0.1800  | 0.1655 
19    | 3           | [99, 100, 101]  | [0.0600, 0.4500, 0.4900] | 0.3651   | 0.5200  | 0.5594 
20    | 3           | [99, 100, 101]  | [0.0600, 0.9000, 0.0400] | 0.0996   | 0.2000  | 0.1867 
21    | 2           | [100, 101]      | [0.9900, 0.0100]         | 0.0099   | 0.0200  | 0.0200 

[Per-locus summary - Population 2]
Locus | Num_Alleles | Alleles             | Frequencies                      | Variance | Obs_Het | Exp_Het
------+-------------+---------------------+----------------------------------+----------+---------+--------
1     | 3           | [98, 99, 101]       | [0.2700, 0.5400, 0.1900]         | 1.0179   | 0.4800  | 0.6055 
2     | 3           | [99, 100, 101]      | [0.1800, 0.5000, 0.3200]         | 0.4804   | 0.5400  | 0.6214 
3     | 4           | [99, 100, 101, 102] | [0.0400, 0.9100, 0.0100, 0.0400] | 0.2075   | 0.1800  | 0.1703 
4     | 3           | [98, 99, 100]       | [0.0200, 0.4500, 0.5300]         | 0.2899   | 0.6000  | 0.5214 
5     | 3           | [99, 100, 101]      | [0.0400, 0.9100, 0.0500]         | 0.0899   | 0.1800  | 0.1695 
6     | 3           | [100, 101, 102]     | [0.5200, 0.4700, 0.0100]         | 0.2699   | 0.5400  | 0.5137 
7     | 3           | [99, 100, 101]      | [0.0200, 0.1300, 0.8500]         | 0.1811   | 0.3000  | 0.2628 
8     | 3           | [99, 100, 101]      | [0.4600, 0.4500, 0.0900]         | 0.4131   | 0.6600  | 0.5836 
9     | 4           | [98, 99, 100, 101]  | [0.0100, 0.0900, 0.8900, 0.0100] | 0.1300   | 0.2000  | 0.2016 
10    | 2           | [100, 101]          | [0.9900, 0.0100]                 | 0.0099   | 0.0200  | 0.0200 
11    | 2           | [100, 101]          | [0.5000, 0.5000]                 | 0.2500   | 0.4000  | 0.5050 
12    | 2           | [100, 101]          | [0.5000, 0.5000]                 | 0.2500   | 0.5200  | 0.5050 
13    | 3           | [99, 100, 101]      | [0.0500, 0.5500, 0.4000]         | 0.3275   | 0.5400  | 0.5404 
14    | 2           | [100, 101]          | [0.8800, 0.1200]                 | 0.1056   | 0.2400  | 0.2133 
15    | 2           | [100, 101]          | [0.8200, 0.1800]                 | 0.1476   | 0.3200  | 0.2982 
16    | 3           | [99, 100, 101]      | [0.4500, 0.5300, 0.0200]         | 0.2851   | 0.6600  | 0.5214 
17    | 3           | [99, 100, 101]      | [0.2600, 0.6700, 0.0700]         | 0.2939   | 0.5400  | 0.4834 
18    | 3           | [99, 100, 101]      | [0.0100, 0.9300, 0.0600]         | 0.0675   | 0.1400  | 0.1327 
19    | 3           | [99, 100, 101]      | [0.1200, 0.4100, 0.4700]         | 0.4675   | 0.5400  | 0.6026 
20    | 3           | [99, 100, 101]      | [0.1200, 0.8600, 0.0200]         | 0.1300   | 0.2400  | 0.2481 
21    | 1           | [100]               | [1.0000]                         | 0.0000   | NA      | NA     
