
[Simulation Info]
simulation_id = sim_0011771
timestamp     = 20250429_092136
seed          = 408673
output_folder = /home/lejeunet/Bureau/simulations/Ref_table/sim_0011771

[Model Parameters]
pop_size           = 3244
num_loci           = 20
sample1_generation = 30
sample2_generation = 10
low_repeats        = 1
high_repeats       = 200
mutation_rate      = 0.001
recap_Ne           = 3244

[Sampling Design]
sample1_size_Ne  = 50
sample2_size_Ne  = 50
sample1_size_CMR = 50
sample2_size_CMR = 50

[Capture-Marquage-Recapture]
census_N   =  0
MatchCount =  0
# There were no match between sampling of individuals during CMR.

[Ne Estimates - One Sample - Decreasing critical values [0.050, 0.020, 0.010, 0+]]

[Linkage Desequilibrium]
LD_Ne_Pop1 = [None, None, None, None]
LD_r2_Pop1 = [0.021007, 0.021268, 0.021125, 0.021125]
LD_Ne_Pop2 = [1307.7, 2898.6, 3682.8, 3682.8]
LD_r2_Pop2 = [0.021531, 0.021391, 0.021366, 0.021366]

[Heterozygote excess]
HE_Neb_mean_Pop1        = [119.2, 113.9, 136.5, 136.5]
HE_weighted_D_mean_Pop1 = [0.00421, 0.00441, 0.00368, 0.00368]
HE_Neb_mean_Pop2        = [74.6, 48.0, 51.1, 51.1]
HE_weighted_D_mean_Pop2 = [0.00674, 0.01053, 0.00988, 0.00988]

[Molecular Coancestry]
Coan_Neb_n_Pop1 = 49.7
Coan_f1_Pop1    = 0.01007
Coan_Neb_n_Pop2 = 58.1
Coan_f1_Pop2    = 0.0086

[Ne Estimates - Temporal - Decreasing critical values (0.050, 0.020, 0.010, 0+)]

[Pollak]
P_Ne     = [2490.3, 3644.4, 4279.0, 3696.9]
P_Fk     = [0.02201, 0.02137, 0.02117, 0.02135]
P_Fprime = [0.00201, 0.00137, 0.00117, 0.00135]

[Nei/Tajima]
N_Ne     = [2497.0, 3743.5, 4349.0, 3799.7]
N_Fc     = [0.022, 0.02134, 0.02115, 0.02132]
N_Fprime = [0.002, 0.00134, 0.00115, 0.00132]

[Jorde/Ryman]
J_Ne     = [1158.0, 1323.9, 1350.0, 1341.8]
J_Fs     = [0.02442, 0.02388, 0.02381, 0.02383]
J_Fprime = [0.00432, 0.00378, 0.0037, 0.00373]

[Genetic Diversity - Heterozygosity]
mean_exp_het_pop1 = 0.8395
mean_obs_het_pop1 = 0.8371
mean_exp_het_pop2 = 0.8387
mean_obs_het_pop2 = 0.8448

[Genetic Diversity - Allele Counts]
mean_alleles_pop1 = 9.52
var_alleles_pop1  = 3.16
sum_alleles_pop1  = 200
mean_alleles_pop2 = 9.86
var_alleles_pop2  = 2.13
sum_alleles_pop2  = 414

[Genetic Diversity - Allelic Size Variance]
var_allele_size_pop1 = 8.0271
var_allele_size_pop2 = 8.3017

[Per-locus summary - Population 1]
Locus | Num_Alleles | Alleles                                                       | Frequencies                                                                                              | Variance | Obs_Het | Exp_Het
------+-------------+---------------------------------------------------------------+----------------------------------------------------------------------------------------------------------+----------+---------+--------
1     | 7           | [97, 99, 100, 101, 102, 103, 104]                             | [0.0100, 0.1700, 0.4400, 0.0600, 0.1600, 0.1200, 0.0400]                                                 | 2.1900   | 0.6800  | 0.7396 
2     | 10          | [97, 98, 99, 100, 101, 102, 103, 104, 105, 106]               | [0.0400, 0.1200, 0.0200, 0.0700, 0.1200, 0.1700, 0.2200, 0.1000, 0.0600, 0.0800]                         | 5.9336   | 0.9000  | 0.8758 
3     | 10          | [99, 100, 101, 102, 103, 104, 105, 106, 107, 109]             | [0.0300, 0.0900, 0.2200, 0.1800, 0.1300, 0.1200, 0.0800, 0.0500, 0.0800, 0.0200]                         | 5.2204   | 0.9000  | 0.8719 
4     | 10          | [93, 94, 95, 96, 97, 98, 99, 100, 101, 102]                   | [0.0100, 0.0400, 0.2500, 0.1800, 0.0300, 0.0300, 0.0900, 0.1900, 0.1000, 0.0800]                         | 6.8524   | 0.8600  | 0.8495 
5     | 8           | [95, 96, 97, 98, 99, 100, 101, 102]                           | [0.2800, 0.3200, 0.0900, 0.0400, 0.1600, 0.0900, 0.0100, 0.0100]                                         | 3.3144   | 0.7400  | 0.7834 
6     | 11          | [94, 95, 96, 97, 98, 99, 100, 101, 102, 103, 104]             | [0.0100, 0.0400, 0.0700, 0.1000, 0.1800, 0.2600, 0.0900, 0.1500, 0.0600, 0.0300, 0.0100]                 | 4.0564   | 0.8400  | 0.8568 
7     | 13          | [91, 92, 93, 94, 103, 104, 105, 106, 107, 108, 109, 110, 111] | [0.0100, 0.1100, 0.0600, 0.1000, 0.0300, 0.0900, 0.0600, 0.1700, 0.0900, 0.2100, 0.0500, 0.0100, 0.0100] | 40.2675  | 0.9000  | 0.8867 
8     | 11          | [95, 96, 97, 98, 99, 100, 101, 102, 103, 104, 105]            | [0.0100, 0.0300, 0.0700, 0.0700, 0.1700, 0.1800, 0.1100, 0.1500, 0.1200, 0.0800, 0.0100]                 | 4.9275   | 0.8600  | 0.8812 
9     | 8           | [95, 96, 97, 98, 99, 101, 102, 103]                           | [0.0500, 0.2100, 0.1800, 0.1500, 0.0600, 0.1100, 0.0900, 0.1500]                                         | 7.1475   | 0.9000  | 0.8608 
10    | 9           | [100, 101, 102, 103, 104, 105, 106, 107, 108]                 | [0.0400, 0.0200, 0.0300, 0.2400, 0.0600, 0.2700, 0.1200, 0.2000, 0.0200]                                 | 3.6011   | 0.8200  | 0.8164 
11    | 6           | [97, 98, 99, 101, 102, 103]                                   | [0.0300, 0.1000, 0.0700, 0.0900, 0.3900, 0.3200]                                                         | 3.1091   | 0.6800  | 0.7289 
12    | 11          | [96, 97, 98, 99, 100, 101, 102, 103, 104, 105, 106]           | [0.1600, 0.0800, 0.1100, 0.1200, 0.2600, 0.0800, 0.0500, 0.0500, 0.0700, 0.0100, 0.0100]                 | 6.0500   | 0.7800  | 0.8661 
13    | 10          | [96, 98, 99, 100, 101, 102, 103, 104, 105, 106]               | [0.0100, 0.0100, 0.0100, 0.0400, 0.1300, 0.2200, 0.1700, 0.2100, 0.1600, 0.0400]                         | 3.1979   | 0.9200  | 0.8410 
14    | 8           | [101, 102, 103, 104, 105, 106, 107, 108]                      | [0.0100, 0.0900, 0.1700, 0.1500, 0.1400, 0.1900, 0.1800, 0.0700]                                         | 3.3384   | 0.8800  | 0.8560 
15    | 8           | [96, 97, 98, 99, 100, 101, 102, 104]                          | [0.0900, 0.1000, 0.1800, 0.0700, 0.3500, 0.1300, 0.0600, 0.0200]                                         | 3.2424   | 0.8200  | 0.8093 
16    | 10          | [93, 95, 96, 97, 98, 99, 100, 101, 102, 103]                  | [0.0100, 0.0600, 0.1900, 0.1500, 0.1700, 0.0600, 0.0100, 0.1000, 0.1500, 0.1000]                         | 7.0816   | 0.8400  | 0.8713 
17    | 11          | [93, 94, 95, 96, 97, 98, 100, 102, 103, 104, 105]             | [0.0300, 0.1100, 0.1200, 0.2900, 0.0100, 0.0200, 0.0400, 0.1300, 0.1200, 0.1200, 0.0100]                 | 14.6075  | 0.8600  | 0.8491 
18    | 12          | [95, 96, 97, 98, 102, 103, 104, 105, 106, 107, 108, 109]      | [0.0600, 0.3000, 0.0400, 0.0200, 0.0300, 0.0300, 0.0400, 0.0500, 0.2000, 0.0700, 0.1200, 0.0400]         | 26.9219  | 0.7800  | 0.8461 
19    | 10          | [96, 97, 98, 99, 100, 101, 102, 103, 104, 105]                | [0.0200, 0.2000, 0.0900, 0.0800, 0.0700, 0.1300, 0.1600, 0.0200, 0.1900, 0.0400]                         | 7.2691   | 0.9000  | 0.8683 
20    | 10          | [101, 102, 103, 104, 105, 106, 107, 108, 109, 110]            | [0.1100, 0.0500, 0.0200, 0.0600, 0.1700, 0.0900, 0.1000, 0.2500, 0.0600, 0.0900]                         | 7.2184   | 0.9000  | 0.8689 
21    | 7           | [100, 101, 102, 103, 104, 105, 106]                           | [0.0900, 0.3600, 0.1100, 0.1400, 0.1300, 0.1300, 0.0400]                                                 | 3.0219   | 0.8200  | 0.8032 

[Per-locus summary - Population 2]
Locus | Num_Alleles | Alleles                                                       | Frequencies                                                                                              | Variance | Obs_Het | Exp_Het
------+-------------+---------------------------------------------------------------+----------------------------------------------------------------------------------------------------------+----------+---------+--------
1     | 9           | [97, 98, 99, 100, 101, 102, 103, 104, 106]                    | [0.0300, 0.0100, 0.1900, 0.3200, 0.0200, 0.1300, 0.2300, 0.0400, 0.0300]                                 | 3.8099   | 0.8200  | 0.7958 
2     | 10          | [97, 98, 99, 100, 101, 102, 103, 104, 105, 106]               | [0.0400, 0.1400, 0.0300, 0.0800, 0.1000, 0.1000, 0.3100, 0.0700, 0.0800, 0.0500]                         | 5.9916   | 0.8000  | 0.8501 
3     | 10          | [99, 100, 101, 102, 103, 104, 105, 106, 107, 109]             | [0.0200, 0.0600, 0.2800, 0.1200, 0.1900, 0.1500, 0.0800, 0.0700, 0.0200, 0.0100]                         | 3.8016   | 0.8400  | 0.8412 
4     | 9           | [94, 95, 96, 97, 98, 99, 100, 101, 102]                       | [0.0200, 0.2000, 0.1100, 0.0300, 0.0200, 0.1500, 0.3200, 0.1400, 0.0100]                                 | 5.3376   | 0.8600  | 0.8097 
5     | 9           | [94, 95, 96, 97, 98, 99, 100, 101, 102]                       | [0.0300, 0.1600, 0.3000, 0.0800, 0.0700, 0.1900, 0.1500, 0.0100, 0.0100]                                 | 3.7216   | 0.8400  | 0.8216 
6     | 10          | [95, 96, 97, 98, 99, 100, 101, 102, 103, 104]                 | [0.0900, 0.0700, 0.1800, 0.0900, 0.2700, 0.0800, 0.0900, 0.0700, 0.0300, 0.0300]                         | 5.1016   | 0.9400  | 0.8610 
7     | 12          | [92, 93, 94, 103, 104, 105, 106, 107, 108, 110, 111, 113]     | [0.1200, 0.0600, 0.1200, 0.0200, 0.1100, 0.0300, 0.1800, 0.1300, 0.1000, 0.0100, 0.1100, 0.0100]         | 45.1516  | 0.8600  | 0.8915 
8     | 11          | [95, 96, 97, 98, 99, 100, 101, 102, 103, 104, 105]            | [0.0100, 0.0500, 0.1500, 0.0800, 0.1100, 0.1300, 0.1300, 0.1000, 0.1500, 0.0800, 0.0100]                 | 6.2076   | 0.9400  | 0.8925 
9     | 8           | [95, 96, 97, 98, 99, 101, 102, 103]                           | [0.0300, 0.2600, 0.2400, 0.1200, 0.0200, 0.1200, 0.1000, 0.1100]                                         | 6.7696   | 0.8800  | 0.8309 
10    | 9           | [100, 101, 102, 103, 104, 105, 106, 107, 108]                 | [0.0400, 0.0500, 0.0500, 0.1900, 0.0400, 0.1700, 0.1400, 0.3100, 0.0100]                                 | 4.4876   | 0.8400  | 0.8192 
11    | 9           | [97, 98, 99, 100, 101, 102, 103, 104, 105]                    | [0.0100, 0.0600, 0.0300, 0.0300, 0.2200, 0.3200, 0.3000, 0.0100, 0.0200]                                 | 2.2616   | 0.7400  | 0.7608 
12    | 10          | [96, 97, 98, 99, 100, 101, 102, 103, 104, 105]                | [0.1300, 0.0600, 0.1000, 0.0800, 0.2500, 0.1700, 0.0600, 0.0900, 0.0500, 0.0100]                         | 5.3411   | 0.8200  | 0.8661 
13    | 9           | [96, 98, 100, 101, 102, 103, 104, 105, 106]                   | [0.0200, 0.0100, 0.0500, 0.1200, 0.3100, 0.2500, 0.1100, 0.0700, 0.0600]                                 | 3.1884   | 0.8600  | 0.8115 
14    | 8           | [102, 103, 104, 105, 106, 107, 108, 109]                      | [0.1300, 0.1600, 0.1800, 0.0900, 0.2000, 0.1200, 0.1100, 0.0100]                                         | 3.8136   | 0.8600  | 0.8590 
15    | 8           | [96, 97, 98, 99, 100, 101, 102, 103]                          | [0.0600, 0.0700, 0.1400, 0.0800, 0.2600, 0.2900, 0.0900, 0.0100]                                         | 2.8739   | 0.8400  | 0.8137 
16    | 10          | [94, 95, 96, 97, 98, 99, 100, 101, 102, 103]                  | [0.0100, 0.0900, 0.2500, 0.1400, 0.1300, 0.0200, 0.0300, 0.0700, 0.1900, 0.0700]                         | 7.4675   | 0.7600  | 0.8541 
17    | 9           | [93, 94, 95, 96, 97, 100, 102, 103, 104]                      | [0.0200, 0.1100, 0.1100, 0.2900, 0.0200, 0.0400, 0.1500, 0.1300, 0.1300]                                 | 14.5104  | 0.8200  | 0.8414 
18    | 13          | [94, 95, 96, 97, 102, 103, 104, 105, 106, 107, 108, 109, 110] | [0.0100, 0.0300, 0.2700, 0.0600, 0.0100, 0.0100, 0.1200, 0.0600, 0.1800, 0.0600, 0.1300, 0.0500, 0.0100] | 26.3075  | 0.9400  | 0.8574 
19    | 10          | [96, 97, 98, 99, 100, 101, 102, 103, 104, 105]                | [0.0200, 0.2600, 0.0800, 0.0800, 0.0500, 0.0800, 0.1700, 0.0400, 0.1600, 0.0600]                         | 8.0956   | 0.8400  | 0.8592 
20    | 10          | [101, 102, 103, 104, 105, 106, 107, 108, 109, 110]            | [0.0600, 0.0500, 0.0400, 0.1100, 0.0900, 0.1000, 0.0800, 0.2600, 0.1300, 0.0800]                         | 6.6156   | 0.8200  | 0.8735 
21    | 8           | [98, 100, 101, 102, 103, 104, 105, 106]                       | [0.0100, 0.1000, 0.3100, 0.0200, 0.1400, 0.2000, 0.2000, 0.0200]                                         | 3.4811   | 0.8200  | 0.8014 
