
[Simulation Info]
simulation_id = sim_0008815
timestamp     = 20250428_110204
seed          = 894387
output_folder = /home/lejeunet/Bureau/simulations/Ref_table/sim_0008815

[Model Parameters]
pop_size           = 3861
num_loci           = 20
sample1_generation = 30
sample2_generation = 10
low_repeats        = 1
high_repeats       = 200
mutation_rate      = 0.001
recap_Ne           = 3861

[Sampling Design]
sample1_size_Ne  = 50
sample2_size_Ne  = 50
sample1_size_CMR = 50
sample2_size_CMR = 50

[Capture-Marquage-Recapture]
census_N   =  2601
MatchCount =  1

[Ne Estimates - One Sample - Decreasing critical values [0.050, 0.020, 0.010, 0+]]

[Linkage Desequilibrium]
LD_Ne_Pop1 = [8027.4, 2222.9, 1284.5, 1284.5]
LD_r2_Pop1 = [0.021318, 0.021426, 0.021535, 0.021535]
LD_Ne_Pop2 = [None, None, 1920.4, 1920.4]
LD_r2_Pop2 = [0.021002, 0.02103, 0.021449, 0.021449]

[Heterozygote excess]
HE_Neb_mean_Pop1        = [None, None, None, None]
HE_weighted_D_mean_Pop1 = [-0.01792, -0.00486, -0.00512, -0.00512]
HE_Neb_mean_Pop2        = [34.1, 36.6, 39.5, 39.5]
HE_weighted_D_mean_Pop2 = [0.01489, 0.01386, 0.01282, 0.01282]

[Molecular Coancestry]
Coan_Neb_n_Pop1 = 17.3
Coan_f1_Pop1    = 0.02889
Coan_Neb_n_Pop2 = 45.5
Coan_f1_Pop2    = 0.01099

[Ne Estimates - Temporal - Decreasing critical values (0.050, 0.020, 0.010, 0+)]

[Pollak]
P_Ne     = [6657.7, -39825.0, -7147.3, -7276.6]
P_Fk     = [0.02075, 0.01987, 0.0193, 0.01931]
P_Fprime = [0.00075, -0.00013, -0.0007, -0.00069]

[Nei/Tajima]
N_Ne     = [44662.4, -8508.1, -4628.8, -4705.3]
N_Fc     = [0.02011, 0.01941, 0.01892, 0.01894]
N_Fprime = [0.00011, -0.00059, -0.00108, -0.00106]

[Jorde/Ryman]
J_Ne     = [-2302.2, -2398.1, -2350.4, -2350.2]
J_Fs     = [0.01793, 0.01802, 0.01797, 0.01797]
J_Fprime = [-0.00217, -0.00208, -0.00213, -0.00213]

[Genetic Diversity - Heterozygosity]
mean_exp_het_pop1 = 0.8523
mean_obs_het_pop1 = 0.8438
mean_exp_het_pop2 = 0.857
mean_obs_het_pop2 = 0.8743

[Genetic Diversity - Allele Counts]
mean_alleles_pop1 = 11.1
var_alleles_pop1  = 7.29
sum_alleles_pop1  = 233
mean_alleles_pop2 = 11.31
var_alleles_pop2  = 7.39
sum_alleles_pop2  = 475

[Genetic Diversity - Allelic Size Variance]
var_allele_size_pop1 = 10.9829
var_allele_size_pop2 = 10.3744

[Per-locus summary - Population 1]
Locus | Num_Alleles | Alleles                                                                   | Frequencies                                                                                                                      | Variance | Obs_Het | Exp_Het
------+-------------+---------------------------------------------------------------------------+----------------------------------------------------------------------------------------------------------------------------------+----------+---------+--------
1     | 11          | [89, 90, 91, 92, 93, 94, 97, 98, 99, 100, 101]                            | [0.0400, 0.1900, 0.1300, 0.1400, 0.0900, 0.0200, 0.0500, 0.0600, 0.0600, 0.1800, 0.0400]                                         | 17.1011  | 0.9000  | 0.8824 
2     | 6           | [94, 95, 96, 97, 98, 99]                                                  | [0.1300, 0.0900, 0.3400, 0.1600, 0.2000, 0.0800]                                                                                 | 2.0875   | 0.6200  | 0.7954 
3     | 10          | [100, 101, 102, 103, 104, 105, 106, 107, 108, 109]                        | [0.0100, 0.0300, 0.1400, 0.2900, 0.1800, 0.1500, 0.1000, 0.0500, 0.0400, 0.0100]                                                 | 3.1699   | 0.9200  | 0.8346 
4     | 11          | [90, 91, 92, 93, 94, 95, 96, 106, 107, 108, 109]                          | [0.0500, 0.0900, 0.0700, 0.2800, 0.0500, 0.0700, 0.0300, 0.0600, 0.2200, 0.0500, 0.0300]                                         | 48.9691  | 0.8400  | 0.8509 
5     | 14          | [93, 94, 95, 96, 98, 99, 102, 104, 105, 106, 107, 108, 109, 110]          | [0.0100, 0.0800, 0.0100, 0.0100, 0.0400, 0.1000, 0.0100, 0.0400, 0.0800, 0.1500, 0.1300, 0.1300, 0.1100, 0.1000]                 | 24.5600  | 0.8800  | 0.9042 
6     | 7           | [96, 97, 98, 99, 100, 101, 102]                                           | [0.0400, 0.1700, 0.0900, 0.2300, 0.3200, 0.1000, 0.0500]                                                                         | 2.2856   | 0.8200  | 0.8016 
7     | 11          | [99, 100, 101, 102, 103, 104, 105, 106, 107, 108, 109]                    | [0.1100, 0.0300, 0.1100, 0.2000, 0.0200, 0.0600, 0.0400, 0.0600, 0.1800, 0.1600, 0.0300]                                         | 10.2451  | 0.8600  | 0.8756 
8     | 16          | [89, 92, 93, 94, 95, 96, 99, 100, 101, 102, 103, 104, 105, 106, 107, 108] | [0.0600, 0.0200, 0.0400, 0.0200, 0.0800, 0.0900, 0.0800, 0.1500, 0.1200, 0.0200, 0.0100, 0.0400, 0.0800, 0.1100, 0.0400, 0.0400] | 26.1475  | 0.9000  | 0.9216 
9     | 10          | [92, 93, 94, 95, 96, 97, 100, 101, 102, 103]                              | [0.0700, 0.1100, 0.2000, 0.2900, 0.1800, 0.0600, 0.0300, 0.0300, 0.0200, 0.0100]                                                 | 5.0916   | 0.8800  | 0.8289 
10    | 9           | [95, 96, 98, 99, 100, 101, 102, 103, 105]                                 | [0.0100, 0.0100, 0.1300, 0.2800, 0.2600, 0.1900, 0.0200, 0.0600, 0.0400]                                                         | 3.0196   | 0.9400  | 0.8032 
11    | 8           | [98, 99, 100, 101, 102, 103, 104, 105]                                    | [0.0200, 0.0400, 0.0800, 0.1100, 0.1500, 0.3000, 0.2100, 0.0900]                                                                 | 2.7896   | 0.7600  | 0.8230 
12    | 15          | [91, 92, 93, 94, 95, 96, 97, 98, 99, 100, 101, 102, 103, 104, 105]        | [0.0200, 0.0400, 0.0100, 0.0200, 0.0500, 0.2500, 0.0600, 0.2900, 0.0500, 0.0300, 0.0200, 0.0100, 0.0300, 0.1100, 0.0100]         | 10.1931  | 0.8800  | 0.8362 
13    | 9           | [91, 92, 93, 94, 95, 96, 98, 99, 100]                                     | [0.0700, 0.1400, 0.3400, 0.1900, 0.1300, 0.0100, 0.0800, 0.0100, 0.0300]                                                         | 4.2931   | 0.7800  | 0.8075 
14    | 14          | [96, 97, 99, 100, 101, 102, 103, 104, 105, 106, 107, 108, 110, 111]       | [0.0100, 0.0300, 0.0200, 0.1300, 0.0900, 0.0100, 0.1800, 0.2400, 0.0800, 0.0200, 0.0100, 0.0900, 0.0600, 0.0300]                 | 10.9500  | 0.8400  | 0.8727 
15    | 10          | [97, 98, 99, 100, 101, 102, 103, 104, 105, 106]                           | [0.0100, 0.0400, 0.1600, 0.2500, 0.2100, 0.0800, 0.1000, 0.0200, 0.0900, 0.0400]                                                 | 4.4811   | 0.8400  | 0.8481 
16    | 12          | [93, 94, 95, 96, 97, 98, 99, 100, 101, 102, 103, 104]                     | [0.0800, 0.0400, 0.1400, 0.1100, 0.2400, 0.1600, 0.0100, 0.0300, 0.0300, 0.0600, 0.0200, 0.0800]                                 | 9.1084   | 0.8800  | 0.8735 
17    | 9           | [99, 100, 101, 102, 103, 104, 105, 106, 107]                              | [0.0800, 0.0800, 0.0800, 0.1700, 0.2000, 0.1000, 0.2100, 0.0600, 0.0200]                                                         | 4.2779   | 0.9000  | 0.8624 
18    | 13          | [95, 96, 97, 98, 99, 100, 101, 102, 103, 104, 105, 107, 108]              | [0.0100, 0.0100, 0.0900, 0.1000, 0.1100, 0.0800, 0.0900, 0.1100, 0.0500, 0.0800, 0.1400, 0.1200, 0.0100]                         | 11.0171  | 0.8600  | 0.9091 
19    | 15          | [95, 96, 97, 98, 99, 100, 101, 102, 103, 104, 105, 106, 107, 108, 109]    | [0.0100, 0.1000, 0.0400, 0.0300, 0.0100, 0.0800, 0.0100, 0.0500, 0.1000, 0.0900, 0.1200, 0.1800, 0.1200, 0.0300, 0.0300]         | 14.6144  | 0.9200  | 0.9063 
20    | 12          | [95, 96, 97, 98, 99, 100, 101, 102, 104, 105, 106, 107]                   | [0.0100, 0.0600, 0.0300, 0.0800, 0.1800, 0.0500, 0.3400, 0.0800, 0.0700, 0.0200, 0.0200, 0.0600]                                 | 7.4300   | 0.7800  | 0.8311 
21    | 11          | [94, 96, 98, 99, 100, 101, 102, 103, 104, 105, 106]                       | [0.1000, 0.0100, 0.0400, 0.0900, 0.3500, 0.0400, 0.0700, 0.1400, 0.0800, 0.0600, 0.0200]                                         | 8.8091   | 0.7200  | 0.8295 

[Per-locus summary - Population 2]
Locus | Num_Alleles | Alleles                                                                   | Frequencies                                                                                                                      | Variance | Obs_Het | Exp_Het
------+-------------+---------------------------------------------------------------------------+----------------------------------------------------------------------------------------------------------------------------------+----------+---------+--------
1     | 11          | [89, 90, 91, 92, 93, 97, 98, 99, 100, 101, 102]                           | [0.0800, 0.1900, 0.1200, 0.0800, 0.0900, 0.0800, 0.0700, 0.1000, 0.1600, 0.0200, 0.0100]                                         | 18.0651  | 0.9200  | 0.8901 
2     | 8           | [92, 93, 94, 95, 96, 97, 98, 99]                                          | [0.0200, 0.0100, 0.1000, 0.1500, 0.3200, 0.2000, 0.1600, 0.0400]                                                                 | 2.1276   | 0.9000  | 0.8054 
3     | 8           | [101, 102, 103, 104, 105, 106, 107, 108]                                  | [0.0400, 0.1000, 0.3100, 0.1600, 0.1400, 0.1300, 0.0600, 0.0600]                                                                 | 3.1939   | 0.8400  | 0.8313 
4     | 10          | [90, 91, 92, 93, 94, 95, 106, 107, 108, 109]                              | [0.0700, 0.0500, 0.0600, 0.3200, 0.0500, 0.1100, 0.0400, 0.2100, 0.0800, 0.0100]                                                 | 47.5816  | 0.8600  | 0.8281 
5     | 15          | [93, 94, 95, 96, 97, 98, 99, 102, 104, 105, 106, 107, 108, 109, 110]      | [0.0400, 0.0300, 0.0200, 0.0100, 0.0100, 0.0300, 0.0400, 0.0100, 0.0400, 0.1200, 0.1000, 0.1700, 0.1700, 0.0900, 0.1200]         | 22.5859  | 0.9200  | 0.8970 
6     | 6           | [97, 98, 99, 100, 101, 102]                                               | [0.2000, 0.1800, 0.1800, 0.2400, 0.1400, 0.0600]                                                                                 | 2.3056   | 0.7800  | 0.8226 
7     | 11          | [99, 100, 101, 102, 103, 104, 105, 106, 107, 108, 109]                    | [0.0700, 0.0500, 0.1200, 0.2400, 0.0500, 0.1000, 0.0300, 0.0800, 0.1200, 0.1000, 0.0400]                                         | 8.5859   | 0.8000  | 0.8836 
8     | 16          | [89, 93, 94, 95, 96, 97, 99, 100, 101, 102, 103, 104, 105, 106, 107, 108] | [0.0300, 0.0500, 0.0400, 0.0500, 0.0800, 0.0200, 0.1600, 0.2000, 0.0600, 0.0100, 0.0200, 0.0500, 0.1000, 0.0600, 0.0300, 0.0400] | 20.1596  | 0.9400  | 0.9065 
9     | 9           | [92, 93, 94, 95, 96, 97, 100, 101, 102]                                   | [0.0500, 0.1200, 0.2300, 0.2800, 0.1600, 0.0400, 0.0800, 0.0200, 0.0200]                                                         | 5.1016   | 0.8600  | 0.8257 
10    | 10          | [95, 96, 97, 98, 99, 100, 101, 102, 103, 105]                             | [0.0200, 0.0200, 0.0100, 0.1300, 0.2100, 0.2800, 0.1800, 0.0100, 0.0600, 0.0800]                                                 | 4.3900   | 0.9000  | 0.8255 
11    | 9           | [98, 99, 100, 101, 102, 103, 104, 105, 106]                               | [0.0100, 0.0800, 0.0400, 0.1400, 0.1400, 0.2600, 0.1500, 0.1100, 0.0700]                                                         | 3.7011   | 0.9600  | 0.8541 
12    | 13          | [91, 92, 93, 94, 95, 96, 97, 98, 99, 100, 101, 102, 104]                  | [0.0100, 0.0800, 0.0300, 0.0400, 0.1100, 0.1800, 0.0900, 0.3000, 0.0600, 0.0400, 0.0200, 0.0100, 0.0300]                         | 6.7116   | 0.7600  | 0.8503 
13    | 9           | [91, 92, 93, 94, 95, 97, 98, 99, 100]                                     | [0.0400, 0.2100, 0.3300, 0.2000, 0.0500, 0.0200, 0.0700, 0.0700, 0.0100]                                                         | 4.9851   | 0.8200  | 0.8006 
14    | 14          | [96, 97, 98, 99, 100, 101, 102, 103, 104, 105, 106, 108, 110, 111]        | [0.0100, 0.0200, 0.0100, 0.0300, 0.1100, 0.1500, 0.1200, 0.1100, 0.1900, 0.0600, 0.0100, 0.0400, 0.0800, 0.0600]                 | 12.7091  | 0.9200  | 0.8950 
15    | 9           | [98, 99, 100, 101, 102, 103, 104, 105, 106]                               | [0.0800, 0.2500, 0.1600, 0.2300, 0.1000, 0.1000, 0.0100, 0.0400, 0.0300]                                                         | 3.7924   | 0.8400  | 0.8384 
16    | 13          | [93, 94, 95, 96, 97, 98, 99, 100, 101, 102, 103, 104, 105]                | [0.0400, 0.0800, 0.0500, 0.1000, 0.2000, 0.1100, 0.0300, 0.0100, 0.1000, 0.1200, 0.0500, 0.0800, 0.0300]                         | 11.3300  | 0.9200  | 0.9012 
17    | 8           | [99, 100, 101, 102, 103, 104, 105, 106]                                   | [0.0400, 0.0700, 0.0800, 0.2100, 0.2600, 0.1100, 0.1500, 0.0800]                                                                 | 3.2219   | 0.7800  | 0.8428 
18    | 11          | [96, 97, 98, 99, 100, 101, 102, 103, 104, 105, 107]                       | [0.0100, 0.1000, 0.1000, 0.1000, 0.0400, 0.1600, 0.1100, 0.0300, 0.1600, 0.1100, 0.0800]                                         | 9.1636   | 0.9200  | 0.8945 
19    | 15          | [95, 96, 97, 98, 99, 100, 102, 103, 104, 105, 106, 107, 108, 109, 110]    | [0.0100, 0.1100, 0.0200, 0.0100, 0.0100, 0.0500, 0.0300, 0.1200, 0.1600, 0.1300, 0.1800, 0.0900, 0.0500, 0.0200, 0.0100]         | 13.5696  | 0.9400  | 0.8923 
20    | 12          | [96, 97, 98, 99, 100, 101, 102, 103, 104, 105, 106, 107]                  | [0.0600, 0.0300, 0.0700, 0.2700, 0.0300, 0.2900, 0.0500, 0.0400, 0.0800, 0.0100, 0.0300, 0.0400]                                 | 6.8400   | 0.8800  | 0.8279 
21    | 12          | [94, 96, 97, 98, 99, 100, 101, 102, 103, 104, 105, 106]                   | [0.0500, 0.0100, 0.0100, 0.0600, 0.0700, 0.2400, 0.1100, 0.1300, 0.0900, 0.1100, 0.0700, 0.0500]                                 | 7.7411   | 0.9000  | 0.8834 
