
[Simulation Info]
simulation_id = sim_0006363
timestamp     = 20250428_095424
seed          = 138919
output_folder = /home/lejeunet/Bureau/simulations/Ref_table/sim_0006363

[Model Parameters]
pop_size           = 1233
num_loci           = 20
sample1_generation = 30
sample2_generation = 10
low_repeats        = 1
high_repeats       = 200
mutation_rate      = 0.001
recap_Ne           = 1233

[Sampling Design]
sample1_size_Ne  = 50
sample2_size_Ne  = 50
sample1_size_CMR = 50
sample2_size_CMR = 50

[Capture-Marquage-Recapture]
census_N   =  867
MatchCount =  3

[Ne Estimates - One Sample - Decreasing critical values [0.050, 0.020, 0.010, 0+]]

[Linkage Desequilibrium]
LD_Ne_Pop1 = [None, None, None, None]
LD_r2_Pop1 = [0.020646, 0.020929, 0.021239, 0.021239]
LD_Ne_Pop2 = [None, None, None, None]
LD_r2_Pop2 = [0.021212, 0.020799, 0.021239, 0.021239]

[Heterozygote excess]
HE_Neb_mean_Pop1        = [None, None, None, None]
HE_weighted_D_mean_Pop1 = [-0.00759, -0.00723, -0.00712, -0.00712]
HE_Neb_mean_Pop2        = [None, 142.1, 198.1, 198.1]
HE_weighted_D_mean_Pop2 = [-0.00121, 0.00353, 0.00253, 0.00253]

[Molecular Coancestry]
Coan_Neb_n_Pop1 = None
Coan_f1_Pop1    = -0.00248
Coan_Neb_n_Pop2 = 33.9
Coan_f1_Pop2    = 0.01476

[Ne Estimates - Temporal - Decreasing critical values (0.050, 0.020, 0.010, 0+)]

[Pollak]
P_Ne     = [979.2, 951.2, 1093.8, 1054.4]
P_Fk     = [0.02511, 0.02526, 0.02457, 0.02474]
P_Fprime = [0.00511, 0.00526, 0.00457, 0.00474]

[Nei/Tajima]
N_Ne     = [1224.8, 1166.0, 1325.2, 1270.9]
N_Fc     = [0.02408, 0.02429, 0.02377, 0.02393]
N_Fprime = [0.00408, 0.00429, 0.00377, 0.00393]

[Jorde/Ryman]
J_Ne     = [1667.7, 1849.3, 1832.7, 1813.5]
J_Fs     = [0.0231, 0.02281, 0.02283, 0.02286]
J_Fprime = [0.003, 0.0027, 0.00273, 0.00276]

[Genetic Diversity - Heterozygosity]
mean_exp_het_pop1 = 0.654
mean_obs_het_pop1 = 0.6429
mean_exp_het_pop2 = 0.6524
mean_obs_het_pop2 = 0.6476

[Genetic Diversity - Allele Counts]
mean_alleles_pop1 = 6.05
var_alleles_pop1  = 2.85
sum_alleles_pop1  = 127
mean_alleles_pop2 = 6.26
var_alleles_pop2  = 3.66
sum_alleles_pop2  = 263

[Genetic Diversity - Allelic Size Variance]
var_allele_size_pop1 = 3.9427
var_allele_size_pop2 = 4.0589

[Per-locus summary - Population 1]
Locus | Num_Alleles | Alleles                                     | Frequencies                                                              | Variance | Obs_Het | Exp_Het
------+-------------+---------------------------------------------+--------------------------------------------------------------------------+----------+---------+--------
1     | 7           | [101, 102, 103, 104, 105, 106, 107]         | [0.0100, 0.0100, 0.0300, 0.0600, 0.6600, 0.1900, 0.0400]                 | 0.7736   | 0.5200  | 0.5273 
2     | 3           | [98, 99, 100]                               | [0.1800, 0.7100, 0.1100]                                                 | 0.2851   | 0.4400  | 0.4560 
3     | 7           | [93, 99, 100, 101, 102, 103, 104]           | [0.0900, 0.0100, 0.0200, 0.4100, 0.1300, 0.2800, 0.0600]                 | 7.5979   | 0.6600  | 0.7317 
4     | 8           | [94, 103, 104, 105, 106, 107, 108, 109]     | [0.1100, 0.0100, 0.0700, 0.1000, 0.3900, 0.0100, 0.2500, 0.0600]         | 17.0500  | 0.7400  | 0.7622 
5     | 6           | [99, 100, 101, 106, 107, 108]               | [0.0600, 0.5000, 0.3100, 0.0100, 0.1100, 0.0100]                         | 5.4144   | 0.6600  | 0.6444 
6     | 6           | [97, 98, 99, 100, 101, 105]                 | [0.0100, 0.3100, 0.1900, 0.4100, 0.0700, 0.0100]                         | 1.3216   | 0.7600  | 0.7016 
7     | 5           | [96, 97, 98, 103, 104]                      | [0.1200, 0.5700, 0.1700, 0.0200, 0.1200]                                 | 5.8699   | 0.6800  | 0.6232 
8     | 8           | [95, 96, 98, 104, 105, 106, 107, 108]       | [0.0100, 0.0600, 0.0400, 0.0800, 0.2700, 0.1800, 0.2500, 0.1100]         | 10.0699  | 0.8200  | 0.8166 
9     | 5           | [96, 97, 99, 100, 101]                      | [0.0600, 0.0600, 0.4900, 0.3800, 0.0100]                                 | 1.1900   | 0.6200  | 0.6143 
10    | 6           | [95, 96, 100, 101, 102, 103]                | [0.0400, 0.0700, 0.0200, 0.6200, 0.2400, 0.0100]                         | 3.3675   | 0.5400  | 0.5566 
11    | 4           | [101, 102, 103, 104]                        | [0.1700, 0.1500, 0.6500, 0.0300]                                         | 0.6484   | 0.4800  | 0.5305 
12    | 6           | [98, 99, 100, 101, 102, 103]                | [0.0400, 0.3800, 0.3900, 0.1200, 0.0500, 0.0200]                         | 1.0076   | 0.6800  | 0.6915 
13    | 9           | [97, 98, 102, 103, 104, 105, 106, 107, 108] | [0.0700, 0.0300, 0.0200, 0.0600, 0.0400, 0.4500, 0.1500, 0.0100, 0.1700] | 8.0339   | 0.7000  | 0.7420 
14    | 5           | [93, 94, 95, 96, 97]                        | [0.0100, 0.4100, 0.4700, 0.0800, 0.0300]                                 | 0.5659   | 0.7000  | 0.6097 
15    | 4           | [96, 97, 98, 99]                            | [0.2500, 0.5900, 0.1000, 0.0600]                                         | 0.5891   | 0.4600  | 0.5816 
16    | 8           | [99, 100, 101, 105, 106, 107, 108, 109]     | [0.0300, 0.0100, 0.0700, 0.0400, 0.0500, 0.3000, 0.0800, 0.4200]         | 6.8964   | 0.7400  | 0.7244 
17    | 9           | [95, 96, 97, 98, 99, 100, 101, 102, 108]    | [0.0100, 0.0500, 0.3200, 0.2100, 0.1100, 0.0600, 0.2200, 0.0100, 0.0100] | 3.7636   | 0.8200  | 0.7945 
18    | 6           | [95, 96, 97, 98, 100, 101]                  | [0.0300, 0.0300, 0.3600, 0.5400, 0.0300, 0.0100]                         | 0.7836   | 0.5000  | 0.5818 
19    | 6           | [93, 94, 95, 96, 97, 98]                    | [0.0200, 0.3300, 0.1600, 0.0200, 0.3100, 0.1600]                         | 2.5475   | 0.7000  | 0.7505 
20    | 4           | [100, 102, 103, 104]                        | [0.0500, 0.1100, 0.6300, 0.2100]                                         | 0.7675   | 0.5200  | 0.5499 
21    | 5           | [93, 99, 100, 101, 102]                     | [0.0600, 0.0700, 0.2700, 0.3400, 0.2600]                                 | 4.2531   | 0.7600  | 0.7428 

[Per-locus summary - Population 2]
Locus | Num_Alleles | Alleles                                          | Frequencies                                                                      | Variance | Obs_Het | Exp_Het
------+-------------+--------------------------------------------------+----------------------------------------------------------------------------------+----------+---------+--------
1     | 5           | [101, 103, 105, 106, 107]                        | [0.0300, 0.0500, 0.6200, 0.2300, 0.0700]                                         | 1.1675   | 0.5800  | 0.5600 
2     | 3           | [98, 99, 100]                                    | [0.2600, 0.6100, 0.1300]                                                         | 0.3731   | 0.5200  | 0.5489 
3     | 7           | [93, 99, 100, 101, 102, 103, 104]                | [0.0500, 0.0600, 0.0500, 0.4100, 0.1400, 0.2400, 0.0500]                         | 5.0000   | 0.7200  | 0.7511 
4     | 7           | [94, 104, 105, 106, 107, 108, 109]               | [0.1400, 0.0200, 0.1100, 0.4100, 0.0400, 0.2700, 0.0100]                         | 20.0716  | 0.6800  | 0.7325 
5     | 6           | [99, 100, 101, 106, 107, 108]                    | [0.0700, 0.5300, 0.3200, 0.0100, 0.0600, 0.0100]                                 | 3.6739   | 0.6400  | 0.6141 
6     | 6           | [98, 99, 100, 101, 104, 105]                     | [0.2400, 0.1600, 0.5000, 0.0700, 0.0100, 0.0200]                                 | 1.6651   | 0.7000  | 0.6681 
7     | 4           | [96, 97, 98, 104]                                | [0.1300, 0.6200, 0.1700, 0.0800]                                                 | 3.8600   | 0.5800  | 0.5691 
8     | 8           | [95, 96, 98, 104, 105, 106, 107, 108]            | [0.0300, 0.0700, 0.0500, 0.0400, 0.3200, 0.1300, 0.3000, 0.0600]                 | 12.8619  | 0.8200  | 0.7851 
9     | 6           | [96, 97, 98, 99, 100, 101]                       | [0.0600, 0.1400, 0.0300, 0.4700, 0.2800, 0.0200]                                 | 1.4611   | 0.6200  | 0.6830 
10    | 7           | [94, 95, 96, 100, 101, 102, 103]                 | [0.0100, 0.0500, 0.0200, 0.0100, 0.6500, 0.2400, 0.0200]                         | 3.0800   | 0.5000  | 0.5216 
11    | 4           | [101, 102, 103, 104]                             | [0.0700, 0.3200, 0.6000, 0.0100]                                                 | 0.4075   | 0.6800  | 0.5380 
12    | 6           | [98, 99, 100, 101, 102, 103]                     | [0.0800, 0.3800, 0.4100, 0.0800, 0.0400, 0.0100]                                 | 0.9075   | 0.7600  | 0.6798 
13    | 10          | [97, 98, 102, 103, 104, 105, 106, 107, 108, 109] | [0.1000, 0.0300, 0.0900, 0.0700, 0.0400, 0.3700, 0.1800, 0.0200, 0.0900, 0.0100] | 9.3651   | 0.8600  | 0.8046 
14    | 5           | [93, 94, 95, 96, 97]                             | [0.0100, 0.3400, 0.5800, 0.0100, 0.0600]                                         | 0.5771   | 0.3600  | 0.5497 
15    | 4           | [96, 97, 98, 99]                                 | [0.3900, 0.4700, 0.0900, 0.0500]                                                 | 0.6400   | 0.6200  | 0.6226 
16    | 7           | [100, 101, 106, 107, 108, 109, 110]              | [0.0100, 0.0200, 0.1400, 0.2600, 0.0700, 0.4900, 0.0100]                         | 2.9075   | 0.7000  | 0.6739 
17    | 10          | [96, 97, 98, 99, 100, 101, 102, 107, 108, 109]   | [0.0600, 0.2100, 0.2700, 0.1300, 0.1400, 0.1200, 0.0100, 0.0100, 0.0400, 0.0100] | 7.2336   | 0.8200  | 0.8349 
18    | 6           | [95, 96, 97, 98, 100, 102]                       | [0.0400, 0.0800, 0.3100, 0.5400, 0.0100, 0.0200]                                 | 1.1099   | 0.5200  | 0.6099 
19    | 6           | [93, 94, 95, 96, 97, 98]                         | [0.0400, 0.3600, 0.0500, 0.0400, 0.3300, 0.1800]                                 | 2.8600   | 0.7600  | 0.7307 
20    | 4           | [100, 102, 103, 104]                             | [0.0700, 0.0900, 0.7100, 0.1300]                                                 | 0.8211   | 0.4200  | 0.4707 
21    | 6           | [93, 99, 100, 101, 102, 103]                     | [0.0800, 0.0700, 0.3100, 0.3300, 0.2000, 0.0100]                                 | 5.1931   | 0.7400  | 0.7511 
