
[Simulation Info]
simulation_id = sim_0008491
timestamp     = 20250428_105317
seed          = 767194
output_folder = /home/lejeunet/Bureau/simulations/Ref_table/sim_0008491

[Model Parameters]
pop_size           = 999
num_loci           = 20
sample1_generation = 30
sample2_generation = 10
low_repeats        = 1
high_repeats       = 200
mutation_rate      = 0.001
recap_Ne           = 999

[Sampling Design]
sample1_size_Ne  = 50
sample2_size_Ne  = 50
sample1_size_CMR = 50
sample2_size_CMR = 50

[Capture-Marquage-Recapture]
census_N   =  2601
MatchCount =  1

[Ne Estimates - One Sample - Decreasing critical values [0.050, 0.020, 0.010, 0+]]

[Linkage Desequilibrium]
LD_Ne_Pop1 = [10064.0, 4189.1, 3241.1, 3241.1]
LD_r2_Pop1 = [0.021309, 0.021356, 0.021379, 0.021379]
LD_Ne_Pop2 = [1300.6, None, None, None]
LD_r2_Pop2 = [0.021532, 0.020994, 0.0209, 0.0209]

[Heterozygote excess]
HE_Neb_mean_Pop1        = [63.2, 53.1, 54.1, 54.1]
HE_weighted_D_mean_Pop1 = [0.00797, 0.00951, 0.00933, 0.00933]
HE_Neb_mean_Pop2        = [None, None, None, None]
HE_weighted_D_mean_Pop2 = [-0.02017, -0.01231, -0.01222, -0.01222]

[Molecular Coancestry]
Coan_Neb_n_Pop1 = None
Coan_f1_Pop1    = -0.00947
Coan_Neb_n_Pop2 = 33.4
Coan_f1_Pop2    = 0.01496

[Ne Estimates - Temporal - Decreasing critical values (0.050, 0.020, 0.010, 0+)]

[Pollak]
P_Ne     = [1205.8, 897.5, 989.7, 989.7]
P_Fk     = [0.02415, 0.02557, 0.02505, 0.02505]
P_Fprime = [0.00415, 0.00557, 0.00505, 0.00505]

[Nei/Tajima]
N_Ne     = [1041.3, 846.9, 918.5, 918.5]
N_Fc     = [0.0248, 0.0259, 0.02544, 0.02544]
N_Fprime = [0.0048, 0.0059, 0.00544, 0.00544]

[Jorde/Ryman]
J_Ne     = [675.4, 633.5, 640.6, 640.6]
J_Fs     = [0.02752, 0.02801, 0.02792, 0.02792]
J_Fprime = [0.0074, 0.00789, 0.00781, 0.00781]

[Genetic Diversity - Heterozygosity]
mean_exp_het_pop1 = 0.6746
mean_obs_het_pop1 = 0.6819
mean_exp_het_pop2 = 0.668
mean_obs_het_pop2 = 0.6476

[Genetic Diversity - Allele Counts]
mean_alleles_pop1 = 5.67
var_alleles_pop1  = 2.43
sum_alleles_pop1  = 119
mean_alleles_pop2 = 5.88
var_alleles_pop2  = 1.86
sum_alleles_pop2  = 247

[Genetic Diversity - Allelic Size Variance]
var_allele_size_pop1 = 2.4037
var_allele_size_pop2 = 2.5459

[Per-locus summary - Population 1]
Locus | Num_Alleles | Alleles                                | Frequencies                                                      | Variance | Obs_Het | Exp_Het
------+-------------+----------------------------------------+------------------------------------------------------------------+----------+---------+--------
1     | 6           | [99, 100, 101, 102, 104, 105]          | [0.0500, 0.2200, 0.4500, 0.2200, 0.0500, 0.0100]                 | 1.2419   | 0.7400  | 0.7026 
2     | 3           | [97, 98, 99]                           | [0.1500, 0.5600, 0.2900]                                         | 0.4204   | 0.7000  | 0.5857 
3     | 8           | [97, 98, 100, 101, 102, 103, 104, 105] | [0.1700, 0.1400, 0.0100, 0.0300, 0.1000, 0.0100, 0.4200, 0.1200] | 9.2675   | 0.7400  | 0.7572 
4     | 8           | [94, 95, 96, 97, 98, 99, 100, 101]     | [0.0200, 0.1700, 0.3800, 0.0300, 0.1300, 0.1000, 0.0900, 0.0800] | 3.8404   | 0.8200  | 0.7919 
5     | 3           | [97, 98, 99]                           | [0.0200, 0.4600, 0.5200]                                         | 0.2900   | 0.4800  | 0.5228 
6     | 5           | [97, 98, 99, 100, 101]                 | [0.0600, 0.5100, 0.1500, 0.2100, 0.0700]                         | 1.1616   | 0.7200  | 0.6715 
7     | 5           | [99, 100, 101, 102, 103]               | [0.0200, 0.5500, 0.3000, 0.0900, 0.0400]                         | 0.7036   | 0.6200  | 0.6034 
8     | 4           | [99, 100, 101, 102]                    | [0.3000, 0.5000, 0.1800, 0.0200]                                 | 0.5536   | 0.6600  | 0.6335 
9     | 5           | [100, 101, 102, 103, 104]              | [0.0900, 0.1700, 0.3100, 0.2800, 0.1500]                         | 1.3571   | 0.7800  | 0.7737 
10    | 5           | [99, 100, 101, 102, 103]               | [0.2700, 0.1900, 0.3100, 0.1500, 0.0800]                         | 1.5636   | 0.7800  | 0.7737 
11    | 5           | [98, 99, 100, 101, 102]                | [0.2700, 0.1100, 0.1900, 0.4200, 0.0100]                         | 1.6059   | 0.7600  | 0.7095 
12    | 5           | [96, 97, 99, 100, 101]                 | [0.0600, 0.4100, 0.0400, 0.4400, 0.0500]                         | 2.6084   | 0.6000  | 0.6370 
13    | 6           | [99, 100, 101, 102, 103, 104]          | [0.0300, 0.0900, 0.4900, 0.2000, 0.1100, 0.0800]                 | 1.3099   | 0.6200  | 0.6994 
14    | 6           | [98, 99, 100, 101, 102, 103]           | [0.0600, 0.0500, 0.0200, 0.4600, 0.4000, 0.0100]                 | 1.1856   | 0.6200  | 0.6281 
15    | 4           | [99, 100, 101, 102]                    | [0.0200, 0.2800, 0.6900, 0.0100]                                 | 0.2739   | 0.4800  | 0.4495 
16    | 7           | [96, 97, 98, 99, 100, 101, 102]        | [0.0400, 0.4300, 0.0600, 0.0600, 0.3800, 0.0200, 0.0100]         | 2.3419   | 0.6600  | 0.6681 
17    | 5           | [95, 96, 97, 98, 101]                  | [0.0800, 0.0100, 0.5800, 0.1300, 0.2000]                         | 3.0824   | 0.6600  | 0.6063 
18    | 8           | [96, 97, 98, 99, 101, 102, 103, 104]   | [0.0200, 0.0600, 0.2900, 0.0500, 0.0400, 0.0800, 0.4100, 0.0500] | 6.3724   | 0.6600  | 0.7382 
19    | 7           | [96, 97, 98, 99, 100, 101, 102]        | [0.0200, 0.0200, 0.1500, 0.1700, 0.1200, 0.3700, 0.1500]         | 2.2364   | 0.8400  | 0.7818 
20    | 6           | [98, 99, 100, 101, 102, 103]           | [0.0300, 0.3200, 0.1600, 0.2700, 0.2000, 0.0200]                 | 1.5675   | 0.7400  | 0.7654 
21    | 8           | [97, 98, 99, 100, 103, 104, 105, 106]  | [0.0600, 0.5500, 0.1200, 0.0400, 0.0300, 0.0800, 0.1000, 0.0200] | 7.4931   | 0.6400  | 0.6669 

[Per-locus summary - Population 2]
Locus | Num_Alleles | Alleles                              | Frequencies                                                      | Variance | Obs_Het | Exp_Het
------+-------------+--------------------------------------+------------------------------------------------------------------+----------+---------+--------
1     | 6           | [99, 100, 101, 102, 104, 105]        | [0.0100, 0.2600, 0.3500, 0.2900, 0.0800, 0.0100]                 | 1.3859   | 0.7200  | 0.7265 
2     | 4           | [97, 98, 99, 100]                    | [0.1200, 0.5300, 0.3400, 0.0100]                                 | 0.4424   | 0.4600  | 0.5949 
3     | 7           | [97, 98, 100, 101, 102, 104, 105]    | [0.1900, 0.1400, 0.0100, 0.0200, 0.1200, 0.4000, 0.1200]         | 9.5779   | 0.6800  | 0.7626 
4     | 7           | [94, 95, 96, 98, 99, 100, 101]       | [0.0100, 0.1200, 0.3900, 0.1000, 0.1800, 0.0800, 0.1200]         | 4.1496   | 0.8000  | 0.7780 
5     | 3           | [97, 98, 99]                         | [0.0200, 0.5800, 0.4000]                                         | 0.2756   | 0.3000  | 0.5083 
6     | 5           | [97, 98, 99, 100, 101]               | [0.0700, 0.5500, 0.1100, 0.2400, 0.0300]                         | 1.0379   | 0.5800  | 0.6283 
7     | 5           | [99, 100, 101, 102, 104]             | [0.0400, 0.6500, 0.2200, 0.0800, 0.0100]                         | 0.5956   | 0.5400  | 0.5263 
8     | 5           | [98, 99, 100, 101, 102]              | [0.0200, 0.2800, 0.4500, 0.2300, 0.0200]                         | 0.6675   | 0.6600  | 0.6721 
9     | 5           | [100, 101, 102, 103, 104]            | [0.1900, 0.1600, 0.1800, 0.3600, 0.1100]                         | 1.7184   | 0.8400  | 0.7719 
10    | 6           | [98, 99, 100, 101, 102, 103]         | [0.0300, 0.2200, 0.2300, 0.3400, 0.1500, 0.0300]                 | 1.3475   | 0.8200  | 0.7665 
11    | 5           | [98, 99, 100, 101, 102]              | [0.1500, 0.1000, 0.2200, 0.4900, 0.0400]                         | 1.3211   | 0.7200  | 0.6842 
12    | 6           | [96, 97, 98, 99, 100, 101]           | [0.0500, 0.5600, 0.0200, 0.0100, 0.3000, 0.0600]                 | 2.4931   | 0.5600  | 0.5958 
13    | 6           | [99, 100, 101, 102, 103, 104]        | [0.0500, 0.1500, 0.3500, 0.3200, 0.1100, 0.0200]                 | 1.1675   | 0.8000  | 0.7450 
14    | 5           | [98, 99, 100, 101, 102]              | [0.1000, 0.1200, 0.0100, 0.5500, 0.2200]                         | 1.5011   | 0.6800  | 0.6309 
15    | 4           | [99, 100, 101, 102]                  | [0.0500, 0.3100, 0.6000, 0.0400]                                 | 0.4131   | 0.4200  | 0.5453 
16    | 7           | [96, 97, 98, 99, 100, 101, 102]      | [0.1000, 0.3700, 0.0100, 0.0400, 0.4100, 0.0300, 0.0400]         | 3.0684   | 0.6000  | 0.6877 
17    | 6           | [95, 96, 97, 98, 100, 101]           | [0.0400, 0.0200, 0.7100, 0.0600, 0.0300, 0.1400]                 | 2.3779   | 0.5000  | 0.4746 
18    | 8           | [96, 97, 98, 99, 101, 102, 103, 104] | [0.0400, 0.0200, 0.2500, 0.0200, 0.0600, 0.0500, 0.4600, 0.1000] | 6.4000   | 0.7600  | 0.7146 
19    | 8           | [96, 97, 98, 99, 100, 101, 102, 103] | [0.0100, 0.0300, 0.1200, 0.2000, 0.1800, 0.3500, 0.1000, 0.0100] | 1.9499   | 0.7800  | 0.7875 
20    | 6           | [98, 99, 100, 101, 102, 103]         | [0.0200, 0.3900, 0.1100, 0.3400, 0.1200, 0.0200]                 | 1.4259   | 0.7600  | 0.7121 
21    | 7           | [97, 98, 99, 103, 104, 105, 106]     | [0.0600, 0.4900, 0.1000, 0.0400, 0.1100, 0.1500, 0.0500]         | 10.1475  | 0.6200  | 0.7147 
