
[Simulation Info]
simulation_id = sim_0009643
timestamp     = 20250428_112640
seed          = 981742
output_folder = /home/lejeunet/Bureau/simulations/Ref_table/sim_0009643

[Model Parameters]
pop_size           = 438
num_loci           = 20
sample1_generation = 30
sample2_generation = 10
low_repeats        = 1
high_repeats       = 200
mutation_rate      = 0.001
recap_Ne           = 438

[Sampling Design]
sample1_size_Ne  = 50
sample2_size_Ne  = 50
sample1_size_CMR = 50
sample2_size_CMR = 50

[Capture-Marquage-Recapture]
census_N   =  325
MatchCount =  8

[Ne Estimates - One Sample - Decreasing critical values [0.050, 0.020, 0.010, 0+]]

[Linkage Desequilibrium]
LD_Ne_Pop1 = [1461.9, 776.6, 588.5, 588.5]
LD_r2_Pop1 = [0.021504, 0.021704, 0.02184, 0.02184]
LD_Ne_Pop2 = [None, None, 2483.0, 2483.0]
LD_r2_Pop2 = [0.021201, 0.021264, 0.02141, 0.02141]

[Heterozygote excess]
HE_Neb_mean_Pop1        = [None, None, None, None]
HE_weighted_D_mean_Pop1 = [-0.01263, -0.01246, -0.01225, -0.01225]
HE_Neb_mean_Pop2        = [None, 107.9, 107.9, 107.9]
HE_weighted_D_mean_Pop2 = [-0.00155, 0.00465, 0.00465, 0.00465]

[Molecular Coancestry]
Coan_Neb_n_Pop1 = 2663.3
Coan_f1_Pop1    = 0.00019
Coan_Neb_n_Pop2 = 41.4
Coan_f1_Pop2    = 0.01209

[Ne Estimates - Temporal - Decreasing critical values (0.050, 0.020, 0.010, 0+)]

[Pollak]
P_Ne     = [761.2, 629.4, 647.8, 651.2]
P_Fk     = [0.02657, 0.02794, 0.02772, 0.02768]
P_Fprime = [0.00657, 0.00794, 0.00772, 0.00768]

[Nei/Tajima]
N_Ne     = [752.2, 647.1, 662.5, 664.8]
N_Fc     = [0.02665, 0.02773, 0.02755, 0.02752]
N_Fprime = [0.00665, 0.00773, 0.00755, 0.00752]

[Jorde/Ryman]
J_Ne     = [737.5, 695.2, 703.1, 701.6]
J_Fs     = [0.02689, 0.02731, 0.02722, 0.02724]
J_Fprime = [0.00678, 0.00719, 0.00711, 0.00713]

[Genetic Diversity - Heterozygosity]
mean_exp_het_pop1 = 0.6015
mean_obs_het_pop1 = 0.5838
mean_exp_het_pop2 = 0.589
mean_obs_het_pop2 = 0.5876

[Genetic Diversity - Allele Counts]
mean_alleles_pop1 = 4.62
var_alleles_pop1  = 0.75
sum_alleles_pop1  = 97
mean_alleles_pop2 = 4.48
var_alleles_pop2  = 0.99
sum_alleles_pop2  = 188

[Genetic Diversity - Allelic Size Variance]
var_allele_size_pop1 = 1.5288
var_allele_size_pop2 = 1.4025

[Per-locus summary - Population 1]
Locus | Num_Alleles | Alleles                       | Frequencies                                      | Variance | Obs_Het | Exp_Het
------+-------------+-------------------------------+--------------------------------------------------+----------+---------+--------
1     | 5           | [97, 98, 99, 101, 102]        | [0.1600, 0.2900, 0.1800, 0.1600, 0.2100]         | 3.3444   | 0.8000  | 0.7962 
2     | 5           | [97, 98, 99, 102, 103]        | [0.0300, 0.4700, 0.0700, 0.4200, 0.0100]         | 3.9371   | 0.5000  | 0.6028 
3     | 5           | [98, 99, 100, 101, 102]       | [0.0700, 0.6300, 0.0800, 0.0100, 0.2100]         | 1.6444   | 0.5400  | 0.5531 
4     | 6           | [99, 100, 101, 102, 103, 104] | [0.0500, 0.4000, 0.0500, 0.0200, 0.4400, 0.0400] | 2.4696   | 0.6200  | 0.6459 
5     | 4           | [99, 100, 101, 102]           | [0.0100, 0.1800, 0.2200, 0.5900]                 | 0.6579   | 0.6200  | 0.5768 
6     | 5           | [98, 99, 101, 102, 103]       | [0.0200, 0.3700, 0.0400, 0.4500, 0.1200]         | 2.5779   | 0.6200  | 0.6507 
7     | 4           | [99, 100, 101, 102]           | [0.4200, 0.1200, 0.3900, 0.0700]                 | 1.0779   | 0.7400  | 0.6588 
8     | 3           | [100, 101, 102]               | [0.4600, 0.4100, 0.1300]                         | 0.4811   | 0.5400  | 0.6095 
9     | 5           | [97, 98, 99, 100, 101]        | [0.0100, 0.1000, 0.6000, 0.2300, 0.0600]         | 0.5571   | 0.5600  | 0.5792 
10    | 6           | [99, 100, 101, 102, 103, 104] | [0.0800, 0.4600, 0.0900, 0.0600, 0.2600, 0.0500] | 2.3179   | 0.7200  | 0.7073 
11    | 5           | [98, 99, 100, 101, 102]       | [0.1300, 0.2200, 0.3700, 0.2700, 0.0100]         | 1.0139   | 0.7400  | 0.7321 
12    | 4           | [99, 100, 102, 103]           | [0.6200, 0.0100, 0.0300, 0.3400]                 | 3.5884   | 0.5400  | 0.5040 
13    | 6           | [96, 97, 98, 99, 100, 101]    | [0.0200, 0.4400, 0.0300, 0.0300, 0.3100, 0.1700] | 2.8576   | 0.6800  | 0.6861 
14    | 4           | [98, 99, 100, 101]            | [0.3600, 0.5100, 0.1200, 0.0100]                 | 0.4716   | 0.4600  | 0.6018 
15    | 5           | [98, 99, 100, 101, 102]       | [0.0100, 0.4300, 0.4100, 0.1300, 0.0200]         | 0.6016   | 0.5200  | 0.6360 
16    | 5           | [98, 99, 100, 101, 103]       | [0.0100, 0.0200, 0.8700, 0.0900, 0.0100]         | 0.2336   | 0.2600  | 0.2368 
17    | 4           | [99, 100, 101, 102]           | [0.0300, 0.5900, 0.3000, 0.0800]                 | 0.4651   | 0.6400  | 0.5602 
18    | 4           | [98, 99, 100, 101]            | [0.1100, 0.4400, 0.4100, 0.0400]                 | 0.5356   | 0.6200  | 0.6309 
19    | 5           | [97, 98, 99, 100, 101]        | [0.0700, 0.0900, 0.7200, 0.1100, 0.0100]         | 0.5100   | 0.4200  | 0.4610 
20    | 3           | [99, 100, 101]                | [0.2200, 0.3400, 0.4400]                         | 0.6116   | 0.6400  | 0.6489 
21    | 4           | [99, 100, 101, 102]           | [0.4700, 0.0300, 0.0200, 0.4800]                 | 2.1499   | 0.4800  | 0.5529 

[Per-locus summary - Population 2]
Locus | Num_Alleles | Alleles                       | Frequencies                                      | Variance | Obs_Het | Exp_Het
------+-------------+-------------------------------+--------------------------------------------------+----------+---------+--------
1     | 5           | [97, 98, 99, 101, 102]        | [0.1700, 0.2200, 0.2200, 0.1900, 0.2000]         | 3.2836   | 0.8200  | 0.8063 
2     | 5           | [97, 98, 99, 102, 103]        | [0.1100, 0.5600, 0.0800, 0.2400, 0.0100]         | 3.3196   | 0.6800  | 0.6164 
3     | 5           | [98, 99, 100, 101, 102]       | [0.1000, 0.5800, 0.1000, 0.0100, 0.2100]         | 1.7075   | 0.6400  | 0.6055 
4     | 6           | [99, 100, 101, 102, 103, 104] | [0.0100, 0.3100, 0.0800, 0.0600, 0.5100, 0.0300] | 2.0144   | 0.6800  | 0.6392 
5     | 3           | [100, 101, 102]               | [0.0900, 0.2500, 0.6600]                         | 0.4251   | 0.4600  | 0.4988 
6     | 5           | [98, 99, 101, 102, 103]       | [0.0100, 0.3500, 0.0900, 0.4600, 0.0900]         | 2.3019   | 0.7000  | 0.6562 
7     | 4           | [99, 100, 101, 102]           | [0.4100, 0.1100, 0.4400, 0.0400]                 | 0.9979   | 0.5400  | 0.6309 
8     | 3           | [100, 101, 102]               | [0.3700, 0.5100, 0.1200]                         | 0.4275   | 0.5200  | 0.5946 
9     | 4           | [98, 99, 100, 101]            | [0.1500, 0.5600, 0.2600, 0.0300]                 | 0.5011   | 0.5800  | 0.6014 
10    | 6           | [99, 100, 101, 102, 103, 104] | [0.0400, 0.4700, 0.0300, 0.1300, 0.3000, 0.0300] | 2.1571   | 0.6400  | 0.6756 
11    | 4           | [98, 99, 100, 101]            | [0.0600, 0.3200, 0.2800, 0.3400]                 | 0.8900   | 0.6400  | 0.7071 
12    | 4           | [99, 102, 103, 104]           | [0.5400, 0.0900, 0.3600, 0.0100]                 | 3.7224   | 0.6400  | 0.5764 
13    | 5           | [96, 97, 99, 100, 101]        | [0.0100, 0.4800, 0.0700, 0.3300, 0.1100]         | 2.5864   | 0.6600  | 0.6501 
14    | 4           | [97, 98, 99, 100]             | [0.0200, 0.5000, 0.4600, 0.0200]                 | 0.3296   | 0.6600  | 0.5430 
15    | 4           | [98, 99, 100, 101]            | [0.0800, 0.4700, 0.3100, 0.1400]                 | 0.6899   | 0.6200  | 0.6636 
16    | 2           | [100, 101]                    | [0.9500, 0.0500]                                 | 0.0475   | 0.1000  | 0.0960 
17    | 4           | [99, 100, 101, 102]           | [0.0700, 0.5100, 0.3000, 0.1200]                 | 0.6291   | 0.6200  | 0.6370 
18    | 4           | [98, 99, 100, 101]            | [0.1100, 0.5600, 0.3000, 0.0300]                 | 0.4675   | 0.5600  | 0.5893 
19    | 5           | [96, 97, 98, 99, 100]         | [0.0100, 0.0400, 0.1000, 0.7800, 0.0700]         | 0.4004   | 0.4000  | 0.3788 
20    | 3           | [99, 100, 101]                | [0.3000, 0.3600, 0.3400]                         | 0.6384   | 0.6600  | 0.6715 
21    | 3           | [99, 100, 102]                | [0.6000, 0.0700, 0.3300]                         | 1.9164   | 0.5200  | 0.5315 
