
[Simulation Info]
simulation_id = sim_0007287
timestamp     = 20250428_101851
seed          = 684567
output_folder = /home/lejeunet/Bureau/simulations/Ref_table/sim_0007287

[Model Parameters]
pop_size           = 1971
num_loci           = 20
sample1_generation = 30
sample2_generation = 10
low_repeats        = 1
high_repeats       = 200
mutation_rate      = 0.001
recap_Ne           = 1971

[Sampling Design]
sample1_size_Ne  = 50
sample2_size_Ne  = 50
sample1_size_CMR = 50
sample2_size_CMR = 50

[Capture-Marquage-Recapture]
census_N   =  2601
MatchCount =  1

[Ne Estimates - One Sample - Decreasing critical values [0.050, 0.020, 0.010, 0+]]

[Linkage Desequilibrium]
LD_Ne_Pop1 = [None, 1712.9, 19394.2, 19394.2]
LD_r2_Pop1 = [0.020921, 0.02147, 0.021293, 0.021293]
LD_Ne_Pop2 = [None, None, None, None]
LD_r2_Pop2 = [0.020702, 0.021021, 0.020862, 0.020862]

[Heterozygote excess]
HE_Neb_mean_Pop1        = [65.0, 128.1, 152.3, 152.3]
HE_weighted_D_mean_Pop1 = [0.00775, 0.00392, 0.00329, 0.00329]
HE_Neb_mean_Pop2        = [27.6, 36.9, 39.0, 39.0]
HE_weighted_D_mean_Pop2 = [0.01848, 0.01373, 0.01298, 0.01298]

[Molecular Coancestry]
Coan_Neb_n_Pop1 = 36.1
Coan_f1_Pop1    = 0.01386
Coan_Neb_n_Pop2 = None
Coan_f1_Pop2    = -0.00395

[Ne Estimates - Temporal - Decreasing critical values (0.050, 0.020, 0.010, 0+)]

[Pollak]
P_Ne     = [-5045.2, -7213.8, -5302.9, -15855.8]
P_Fk     = [0.01901, 0.01931, 0.01906, 0.01968]
P_Fprime = [-0.00099, -0.00069, -0.00094, -0.00032]

[Nei/Tajima]
N_Ne     = [-4583.7, -5963.7, -4686.4, -10036.1]
N_Fc     = [0.01891, 0.01916, 0.01893, 0.0195]
N_Fprime = [-0.00109, -0.00084, -0.00107, -0.0005]

[Jorde/Ryman]
J_Ne     = [-52890.3, 1495446.6, -37807.8, -81113.5]
J_Fs     = [0.02001, 0.0201, 0.01997, 0.02004]
J_Fprime = [-9e-05, 0.0, -0.00013, -6e-05]

[Genetic Diversity - Heterozygosity]
mean_exp_het_pop1 = 0.802
mean_obs_het_pop1 = 0.8105
mean_exp_het_pop2 = 0.8087
mean_obs_het_pop2 = 0.8229

[Genetic Diversity - Allele Counts]
mean_alleles_pop1 = 8.95
var_alleles_pop1  = 4.45
sum_alleles_pop1  = 188
mean_alleles_pop2 = 9.48
var_alleles_pop2  = 4.89
sum_alleles_pop2  = 398

[Genetic Diversity - Allelic Size Variance]
var_allele_size_pop1 = 7.8057
var_allele_size_pop2 = 8.366

[Per-locus summary - Population 1]
Locus | Num_Alleles | Alleles                                                   | Frequencies                                                                                              | Variance | Obs_Het | Exp_Het
------+-------------+-----------------------------------------------------------+----------------------------------------------------------------------------------------------------------+----------+---------+--------
1     | 10          | [94, 95, 96, 97, 98, 99, 100, 101, 102, 103]              | [0.0700, 0.1700, 0.0700, 0.1200, 0.0500, 0.0300, 0.1500, 0.2000, 0.1200, 0.0200]                         | 7.6884   | 0.9000  | 0.8750 
2     | 11          | [97, 98, 99, 100, 103, 104, 105, 106, 107, 108, 109]      | [0.0100, 0.1500, 0.3300, 0.0100, 0.0600, 0.0400, 0.0800, 0.1100, 0.0800, 0.1100, 0.0200]                 | 15.1704  | 0.8800  | 0.8341 
3     | 7           | [98, 99, 100, 101, 102, 103, 104]                         | [0.0300, 0.0800, 0.2500, 0.3300, 0.1400, 0.1500, 0.0200]                                                 | 1.7600   | 0.7800  | 0.7867 
4     | 7           | [95, 96, 97, 98, 99, 102, 103]                            | [0.0800, 0.0200, 0.3900, 0.1300, 0.1400, 0.0700, 0.1700]                                                 | 6.3400   | 0.7200  | 0.7786 
5     | 8           | [95, 96, 99, 100, 101, 102, 103, 104]                     | [0.0100, 0.2500, 0.0300, 0.3900, 0.0700, 0.0900, 0.0700, 0.0900]                                         | 6.7124   | 0.8000  | 0.7661 
6     | 9           | [97, 98, 99, 100, 101, 102, 104, 105, 107]                | [0.0500, 0.4000, 0.0100, 0.0100, 0.2200, 0.0400, 0.0200, 0.1400, 0.1100]                                 | 10.8579  | 0.7600  | 0.7628 
7     | 12          | [92, 93, 94, 95, 96, 97, 98, 100, 101, 102, 103, 104]     | [0.0100, 0.0200, 0.0600, 0.0600, 0.4600, 0.1500, 0.0300, 0.0700, 0.0800, 0.0200, 0.0200, 0.0200]         | 5.9491   | 0.8200  | 0.7523 
8     | 12          | [93, 95, 96, 97, 98, 99, 100, 101, 103, 104, 105, 106]    | [0.0100, 0.2400, 0.0300, 0.0100, 0.2400, 0.0900, 0.1500, 0.0400, 0.0300, 0.1100, 0.0400, 0.0100]         | 10.1944  | 0.8800  | 0.8452 
9     | 13          | [91, 92, 94, 95, 96, 97, 98, 99, 100, 101, 102, 103, 104] | [0.0800, 0.1600, 0.0100, 0.0800, 0.1500, 0.0800, 0.1000, 0.0700, 0.0100, 0.1900, 0.0500, 0.0100, 0.0100] | 13.0059  | 0.9200  | 0.8877 
10    | 6           | [99, 100, 101, 102, 107, 108]                             | [0.1500, 0.1100, 0.4000, 0.0600, 0.2500, 0.0300]                                                         | 9.3904   | 0.7600  | 0.7459 
11    | 8           | [93, 96, 97, 98, 99, 100, 101, 102]                       | [0.1000, 0.0200, 0.1000, 0.4600, 0.0500, 0.2000, 0.0600, 0.0100]                                         | 4.2291   | 0.7600  | 0.7291 
12    | 9           | [96, 97, 98, 99, 100, 101, 102, 103, 104]                 | [0.0100, 0.1600, 0.0200, 0.1200, 0.1900, 0.1700, 0.1000, 0.2200, 0.0100]                                 | 4.3579   | 0.8000  | 0.8444 
13    | 7           | [100, 101, 102, 103, 104, 105, 106]                       | [0.2100, 0.0900, 0.1900, 0.0800, 0.0400, 0.3400, 0.0500]                                                 | 4.2731   | 0.8400  | 0.7935 
14    | 6           | [98, 99, 100, 101, 102, 103]                              | [0.1000, 0.0500, 0.3300, 0.3400, 0.0200, 0.1600]                                                         | 1.9379   | 0.7200  | 0.7444 
15    | 8           | [94, 95, 96, 97, 98, 99, 100, 101]                        | [0.1000, 0.1000, 0.0100, 0.0800, 0.0500, 0.3200, 0.3100, 0.0300]                                         | 4.3971   | 0.7600  | 0.7794 
16    | 11          | [92, 93, 94, 95, 96, 97, 104, 105, 106, 107, 108]         | [0.0600, 0.0600, 0.0600, 0.1000, 0.1600, 0.1600, 0.0300, 0.1900, 0.0400, 0.1300, 0.0100]                 | 28.7836  | 0.8200  | 0.8812 
17    | 10          | [99, 100, 101, 102, 103, 104, 105, 106, 107, 108]         | [0.1000, 0.1000, 0.0900, 0.3200, 0.0700, 0.0100, 0.0700, 0.0400, 0.1300, 0.0700]                         | 7.6564   | 0.8200  | 0.8447 
18    | 10          | [95, 96, 97, 98, 99, 100, 101, 102, 103, 104]             | [0.0700, 0.1300, 0.0400, 0.1800, 0.2700, 0.0600, 0.0200, 0.1600, 0.0100, 0.0600]                         | 5.8699   | 0.8800  | 0.8465 
19    | 10          | [94, 95, 96, 97, 98, 99, 101, 102, 103, 104]              | [0.0500, 0.0300, 0.1800, 0.0800, 0.1800, 0.0600, 0.0200, 0.3600, 0.0300, 0.0100]                         | 7.8984   | 0.8600  | 0.7988 
20    | 6           | [96, 97, 98, 99, 100, 101]                                | [0.0300, 0.1600, 0.0100, 0.4200, 0.3300, 0.0500]                                                         | 1.4499   | 0.7600  | 0.6925 
21    | 8           | [97, 98, 99, 101, 102, 103, 104, 105]                     | [0.0900, 0.1300, 0.0700, 0.1400, 0.1100, 0.2400, 0.1900, 0.0300]                                         | 5.9979   | 0.7800  | 0.8523 

[Per-locus summary - Population 2]
Locus | Num_Alleles | Alleles                                                     | Frequencies                                                                                              | Variance | Obs_Het | Exp_Het
------+-------------+-------------------------------------------------------------+----------------------------------------------------------------------------------------------------------+----------+---------+--------
1     | 10          | [94, 95, 96, 97, 98, 99, 100, 101, 102, 103]                | [0.0600, 0.1600, 0.0600, 0.0700, 0.0600, 0.0200, 0.1400, 0.1600, 0.2200, 0.0500]                         | 8.5000   | 0.9400  | 0.8709 
2     | 11          | [97, 98, 99, 100, 103, 104, 105, 106, 107, 108, 109]        | [0.0200, 0.1600, 0.1800, 0.0100, 0.0700, 0.0400, 0.1000, 0.1300, 0.1300, 0.1500, 0.0100]                 | 15.4059  | 0.9000  | 0.8774 
3     | 6           | [98, 99, 100, 101, 102, 103]                                | [0.0800, 0.0700, 0.2200, 0.3900, 0.1000, 0.1400]                                                         | 1.8316   | 0.8400  | 0.7663 
4     | 10          | [94, 95, 96, 97, 98, 99, 100, 102, 103, 104]                | [0.0300, 0.0800, 0.0100, 0.3900, 0.0700, 0.1800, 0.0100, 0.0400, 0.1800, 0.0100]                         | 7.0475   | 0.8600  | 0.7768 
5     | 8           | [96, 97, 99, 100, 101, 102, 103, 104]                       | [0.2000, 0.0100, 0.0700, 0.3300, 0.0500, 0.0800, 0.0700, 0.1900]                                         | 7.3216   | 0.7400  | 0.8042 
6     | 9           | [97, 98, 100, 101, 102, 104, 105, 106, 107]                 | [0.0700, 0.4200, 0.0300, 0.1900, 0.0400, 0.0100, 0.1300, 0.0100, 0.1000]                                 | 10.8811  | 0.7400  | 0.7606 
7     | 10          | [93, 94, 95, 96, 97, 98, 100, 101, 103, 104]                | [0.0600, 0.0600, 0.0900, 0.3800, 0.1200, 0.0400, 0.0400, 0.0500, 0.1200, 0.0400]                         | 9.5756   | 0.7800  | 0.8123 
8     | 12          | [93, 94, 95, 96, 97, 98, 99, 100, 101, 103, 104, 105]       | [0.0200, 0.0100, 0.1400, 0.0200, 0.0300, 0.3100, 0.0300, 0.1800, 0.0300, 0.0100, 0.2000, 0.0200]         | 9.9424   | 0.8400  | 0.8160 
9     | 13          | [91, 92, 93, 94, 95, 96, 97, 98, 99, 101, 102, 103, 104]    | [0.0400, 0.1400, 0.0200, 0.0300, 0.0300, 0.1300, 0.1300, 0.0900, 0.0500, 0.1900, 0.0800, 0.0400, 0.0300] | 13.7700  | 0.8600  | 0.8962 
10    | 7           | [99, 100, 101, 102, 106, 107, 108]                          | [0.2000, 0.1800, 0.3100, 0.0300, 0.0200, 0.2300, 0.0300]                                                 | 9.9604   | 0.8600  | 0.7842 
11    | 9           | [92, 93, 96, 97, 98, 99, 100, 101, 103]                     | [0.0100, 0.0900, 0.0200, 0.1400, 0.3500, 0.0800, 0.2100, 0.0900, 0.0100]                                 | 4.7931   | 0.8800  | 0.7986 
12    | 9           | [97, 98, 99, 100, 101, 102, 103, 104, 105]                  | [0.1100, 0.0400, 0.1100, 0.1900, 0.1800, 0.1300, 0.2000, 0.0300, 0.0100]                                 | 4.0139   | 0.8800  | 0.8564 
13    | 8           | [99, 100, 101, 102, 103, 104, 105, 106]                     | [0.0100, 0.2500, 0.0800, 0.1500, 0.0900, 0.0300, 0.3400, 0.0500]                                         | 4.6624   | 0.7200  | 0.7893 
14    | 6           | [98, 99, 100, 101, 102, 103]                                | [0.0700, 0.0700, 0.2800, 0.3800, 0.0200, 0.1800]                                                         | 1.8675   | 0.7600  | 0.7420 
15    | 8           | [94, 95, 96, 97, 98, 99, 100, 101]                          | [0.1500, 0.1500, 0.0200, 0.0100, 0.1000, 0.1600, 0.3800, 0.0300]                                         | 5.7819   | 0.8400  | 0.7814 
16    | 13          | [92, 93, 94, 95, 96, 97, 103, 104, 105, 106, 107, 109, 111] | [0.0200, 0.1100, 0.0700, 0.0700, 0.1600, 0.1100, 0.0100, 0.0300, 0.1200, 0.0600, 0.1800, 0.0300, 0.0300] | 35.0100  | 0.9000  | 0.8958 
17    | 9           | [99, 100, 101, 102, 103, 105, 106, 107, 108]                | [0.0700, 0.1400, 0.1100, 0.4200, 0.0800, 0.0700, 0.0300, 0.0300, 0.0500]                                 | 4.9724   | 0.8200  | 0.7792 
18    | 8           | [95, 96, 97, 98, 99, 100, 102, 104]                         | [0.0700, 0.0900, 0.0200, 0.1800, 0.3500, 0.0300, 0.2200, 0.0400]                                         | 5.1856   | 0.7600  | 0.7887 
19    | 11          | [94, 95, 96, 97, 98, 99, 100, 101, 102, 103, 105]           | [0.0300, 0.1200, 0.0900, 0.1100, 0.1800, 0.0700, 0.0100, 0.0500, 0.2800, 0.0500, 0.0100]                 | 7.9819   | 0.9200  | 0.8521 
20    | 6           | [96, 97, 98, 99, 100, 101]                                  | [0.0400, 0.1800, 0.0300, 0.3300, 0.4100, 0.0100]                                                         | 1.5536   | 0.6600  | 0.6949 
21    | 9           | [97, 98, 99, 100, 101, 102, 103, 104, 105]                  | [0.0600, 0.1600, 0.0400, 0.0200, 0.1700, 0.0800, 0.2400, 0.2100, 0.0200]                                 | 5.6275   | 0.7800  | 0.8398 
