
[Simulation Info]
simulation_id = sim_0001525
timestamp     = 20250428_080410
seed          = 533254
output_folder = /home/lejeunet/Bureau/simulations/Ref_table/sim_0001525

[Model Parameters]
pop_size           = 56
num_loci           = 20
sample1_generation = 30
sample2_generation = 10
low_repeats        = 1
high_repeats       = 200
mutation_rate      = 0.001
recap_Ne           = 56

[Sampling Design]
sample1_size_Ne  = 50
sample2_size_Ne  = 50
sample1_size_CMR = 50
sample2_size_CMR = 50

[Capture-Marquage-Recapture]
census_N   =  59
MatchCount =  44

[Ne Estimates - One Sample - Decreasing critical values [0.050, 0.020, 0.010, 0+]]

[Linkage Desequilibrium]
LD_Ne_Pop1 = [280.0, 115.3, 82.5, 82.5]
LD_r2_Pop1 = [0.022458, 0.024115, 0.025216, 0.025216]
LD_Ne_Pop2 = [26.4, 28.4, 55.9, 55.9]
LD_r2_Pop2 = [0.032915, 0.032144, 0.027014, 0.027014]

[Heterozygote excess]
HE_Neb_mean_Pop1        = [69.2, 55.7, 58.4, 58.4]
HE_weighted_D_mean_Pop1 = [0.00728, 0.00905, 0.00864, 0.00864]
HE_Neb_mean_Pop2        = [135.6, 124.7, 144.3, 144.3]
HE_weighted_D_mean_Pop2 = [0.0037, 0.00403, 0.00348, 0.00348]

[Molecular Coancestry]
Coan_Neb_n_Pop1 = None
Coan_f1_Pop1    = -0.04613
Coan_Neb_n_Pop2 = 8.4
Coan_f1_Pop2    = 0.05929

[Ne Estimates - Temporal - Decreasing critical values (0.050, 0.020, 0.010, 0+)]

[Pollak]
P_Ne     = [121.4, 121.4, 129.8, 137.9]
P_Fk     = [0.0612, 0.0612, 0.05853, 0.05625]
P_Fprime = [0.0412, 0.0412, 0.03853, 0.03625]

[Nei/Tajima]
N_Ne     = [108.3, 108.3, 117.8, 125.4]
N_Fc     = [0.06615, 0.06615, 0.06244, 0.05989]
N_Fprime = [0.04615, 0.04615, 0.04244, 0.03989]

[Jorde/Ryman]
J_Ne     = [113.8, 113.8, 114.5, 114.7]
J_Fs     = [0.0645, 0.0645, 0.06423, 0.06418]
J_Fprime = [0.04392, 0.04392, 0.04365, 0.0436]

[Genetic Diversity - Heterozygosity]
mean_exp_het_pop1 = 0.3173
mean_obs_het_pop1 = 0.3175
mean_exp_het_pop2 = 0.3114
mean_obs_het_pop2 = 0.3163

[Genetic Diversity - Allele Counts]
mean_alleles_pop1 = 2.29
var_alleles_pop1  = 0.35
sum_alleles_pop1  = 39
mean_alleles_pop2 = 2.38
var_alleles_pop2  = 0.3
sum_alleles_pop2  = 81

[Genetic Diversity - Allelic Size Variance]
var_allele_size_pop1 = 0.2021
var_allele_size_pop2 = 0.1914

[Per-locus summary - Population 1]
Locus | Num_Alleles | Alleles        | Frequencies              | Variance | Obs_Het | Exp_Het
------+-------------+----------------+--------------------------+----------+---------+--------
1     | 3           | [99, 100, 101] | [0.4600, 0.3800, 0.1600] | 0.5300   | 0.6200  | 0.6247 
2     | 2           | [99, 101]      | [0.9100, 0.0900]         | 0.3276   | 0.1800  | 0.1655 
3     | 2           | [99, 100]      | [0.0300, 0.9700]         | 0.0291   | 0.0600  | 0.0588 
4     | 3           | [99, 100, 101] | [0.2700, 0.2200, 0.5100] | 0.7224   | 0.6200  | 0.6249 
5     | 2           | [99, 100]      | [0.2900, 0.7100]         | 0.2059   | 0.3800  | 0.4160 
6     | 2           | [100, 101]     | [0.9100, 0.0900]         | 0.0819   | 0.1800  | 0.1655 
7     | 2           | [99, 100]      | [0.0400, 0.9600]         | 0.0384   | 0.0800  | 0.0776 
8     | 3           | [99, 100, 101] | [0.0200, 0.8900, 0.0900] | 0.1051   | 0.2000  | 0.2014 
9     | 3           | [99, 100, 101] | [0.3200, 0.6600, 0.0200] | 0.2500   | 0.4400  | 0.4663 
10    | 3           | [99, 100, 101] | [0.0100, 0.8000, 0.1900] | 0.1676   | 0.3600  | 0.3271 
11    | 2           | [99, 100]      | [0.6200, 0.3800]         | 0.2356   | 0.5200  | 0.4760 
12    | 1           | [100]          | [1.0000]                 | 0.0000   | NA      | NA     
13    | 3           | [99, 100, 101] | [0.1300, 0.8400, 0.0300] | 0.1500   | 0.2400  | 0.2794 
14    | 2           | [99, 100]      | [0.1200, 0.8800]         | 0.1056   | 0.2400  | 0.2133 
15    | 2           | [99, 100]      | [0.0100, 0.9900]         | 0.0099   | 0.0200  | 0.0200 
16    | 2           | [100, 101]     | [0.5400, 0.4600]         | 0.2484   | 0.4400  | 0.5018 
17    | 2           | [100, 101]     | [0.3500, 0.6500]         | 0.2275   | 0.5000  | 0.4596 

[Per-locus summary - Population 2]
Locus | Num_Alleles | Alleles        | Frequencies              | Variance | Obs_Het | Exp_Het
------+-------------+----------------+--------------------------+----------+---------+--------
1     | 3           | [99, 100, 101] | [0.5300, 0.4100, 0.0600] | 0.3691   | 0.6200  | 0.5529 
2     | 2           | [99, 101]      | [0.9000, 0.1000]         | 0.3600   | 0.1200  | 0.1818 
3     | 1           | [100]          | [1.0000]                 | 0.0000   | NA      | NA     
4     | 3           | [99, 100, 101] | [0.2700, 0.2400, 0.4900] | 0.7116   | 0.6200  | 0.6358 
5     | 2           | [99, 100]      | [0.3000, 0.7000]         | 0.2100   | 0.4400  | 0.4242 
6     | 3           | [99, 100, 101] | [0.0100, 0.7600, 0.2300] | 0.1916   | 0.4000  | 0.3731 
7     | 2           | [99, 100]      | [0.1700, 0.8300]         | 0.1411   | 0.3400  | 0.2851 
8     | 3           | [99, 100, 101] | [0.0200, 0.9400, 0.0400] | 0.0596   | 0.1200  | 0.1156 
9     | 3           | [99, 100, 101] | [0.3600, 0.6300, 0.0100] | 0.2475   | 0.5000  | 0.4782 
10    | 2           | [100, 101]     | [0.9900, 0.0100]         | 0.0099   | 0.0200  | 0.0200 
11    | 2           | [99, 100]      | [0.7700, 0.2300]         | 0.1771   | 0.3000  | 0.3578 
12    | 2           | [99, 100]      | [0.0100, 0.9900]         | 0.0099   | 0.0200  | 0.0200 
13    | 3           | [99, 100, 101] | [0.1700, 0.8200, 0.0100] | 0.1544   | 0.2800  | 0.3016 
14    | 2           | [99, 100]      | [0.2100, 0.7900]         | 0.1659   | 0.3000  | 0.3352 
15    | 2           | [100, 101]     | [0.9900, 0.0100]         | 0.0099   | 0.0200  | 0.0200 
16    | 2           | [100, 101]     | [0.7400, 0.2600]         | 0.1924   | 0.3600  | 0.3887 
17    | 2           | [100, 101]     | [0.4200, 0.5800]         | 0.2436   | 0.6000  | 0.4921 
