
[Simulation Info]
simulation_id = sim_0005951
timestamp     = 20250428_094432
seed          = 668940
output_folder = /home/lejeunet/Bureau/simulations/Ref_table/sim_0005951

[Model Parameters]
pop_size           = 1048
num_loci           = 20
sample1_generation = 30
sample2_generation = 10
low_repeats        = 1
high_repeats       = 200
mutation_rate      = 0.001
recap_Ne           = 1048

[Sampling Design]
sample1_size_Ne  = 50
sample2_size_Ne  = 50
sample1_size_CMR = 50
sample2_size_CMR = 50

[Capture-Marquage-Recapture]
census_N   =  1300
MatchCount =  2

[Ne Estimates - One Sample - Decreasing critical values [0.050, 0.020, 0.010, 0+]]

[Linkage Desequilibrium]
LD_Ne_Pop1 = [424.5, 894.3, 559.1, 559.1]
LD_r2_Pop1 = [0.022057, 0.021648, 0.02187, 0.02187]
LD_Ne_Pop2 = [25807.7, None, None, None]
LD_r2_Pop2 = [0.021289, 0.021226, 0.021015, 0.021015]

[Heterozygote excess]
HE_Neb_mean_Pop1        = [156.5, 238.1, 252.5, 252.5]
HE_weighted_D_mean_Pop1 = [0.0032, 0.0021, 0.00198, 0.00198]
HE_Neb_mean_Pop2        = [None, None, None, None]
HE_weighted_D_mean_Pop2 = [-0.00798, -0.00991, -0.00991, -0.00991]

[Molecular Coancestry]
Coan_Neb_n_Pop1 = None
Coan_f1_Pop1    = -0.00687
Coan_Neb_n_Pop2 = 13.1
Coan_f1_Pop2    = 0.03824

[Ne Estimates - Temporal - Decreasing critical values (0.050, 0.020, 0.010, 0+)]

[Pollak]
P_Ne     = [11315.1, 1173.7, 1087.1, 1045.6]
P_Fk     = [0.02044, 0.02426, 0.0246, 0.02478]
P_Fprime = [0.00044, 0.00426, 0.0046, 0.00478]

[Nei/Tajima]
N_Ne     = [115886.6, 1529.4, 1401.6, 1335.7]
N_Fc     = [0.02004, 0.02327, 0.02357, 0.02374]
N_Fprime = [4e-05, 0.00327, 0.00357, 0.00374]

[Jorde/Ryman]
J_Ne     = [-12734.3, 8287.6, 7462.4, 7175.1]
J_Fs     = [0.01971, 0.0207, 0.02077, 0.0208]
J_Fprime = [-0.00039, 0.0006, 0.00067, 0.0007]

[Genetic Diversity - Heterozygosity]
mean_exp_het_pop1 = 0.7071
mean_obs_het_pop1 = 0.7076
mean_exp_het_pop2 = 0.7046
mean_obs_het_pop2 = 0.7

[Genetic Diversity - Allele Counts]
mean_alleles_pop1 = 5.76
var_alleles_pop1  = 1.19
sum_alleles_pop1  = 121
mean_alleles_pop2 = 5.86
var_alleles_pop2  = 1.25
sum_alleles_pop2  = 246

[Genetic Diversity - Allelic Size Variance]
var_allele_size_pop1 = 2.0525
var_allele_size_pop2 = 1.9714

[Per-locus summary - Population 1]
Locus | Num_Alleles | Alleles                               | Frequencies                                                      | Variance | Obs_Het | Exp_Het
------+-------------+---------------------------------------+------------------------------------------------------------------+----------+---------+--------
1     | 6           | [98, 99, 100, 101, 102, 103]          | [0.0100, 0.1000, 0.3300, 0.3900, 0.1200, 0.0500]                 | 1.0244   | 0.7400  | 0.7192 
2     | 5           | [96, 97, 98, 99, 100]                 | [0.1900, 0.4600, 0.1700, 0.1700, 0.0100]                         | 1.0075   | 0.7000  | 0.7014 
3     | 6           | [96, 97, 98, 99, 100, 101]            | [0.0100, 0.0700, 0.5500, 0.2400, 0.0400, 0.0900]                 | 1.0700   | 0.6200  | 0.6315 
4     | 7           | [96, 97, 98, 99, 100, 101, 102]       | [0.0100, 0.0700, 0.3900, 0.0700, 0.2000, 0.1900, 0.0700]         | 2.2971   | 0.8400  | 0.7647 
5     | 5           | [98, 99, 100, 101, 102]               | [0.2700, 0.0900, 0.4200, 0.1700, 0.0500]                         | 1.4104   | 0.7200  | 0.7184 
6     | 6           | [97, 98, 99, 100, 101, 102]           | [0.0300, 0.0100, 0.3700, 0.5000, 0.0300, 0.0600]                 | 0.8411   | 0.5600  | 0.6137 
7     | 4           | [99, 100, 101, 102]                   | [0.3100, 0.3600, 0.3200, 0.0100]                                 | 0.6691   | 0.6400  | 0.6786 
8     | 6           | [97, 98, 99, 100, 101, 102]           | [0.0300, 0.1400, 0.2900, 0.0900, 0.3200, 0.1300]                 | 1.9536   | 0.8400  | 0.7758 
9     | 6           | [96, 97, 98, 99, 101, 103]            | [0.0100, 0.2800, 0.2300, 0.3600, 0.0300, 0.0900]                 | 2.8400   | 0.7000  | 0.7374 
10    | 6           | [97, 98, 99, 100, 101, 102]           | [0.0100, 0.3500, 0.0700, 0.3300, 0.1400, 0.1000]                 | 1.8884   | 0.7400  | 0.7414 
11    | 7           | [94, 95, 96, 97, 98, 99, 100]         | [0.0800, 0.5300, 0.0800, 0.1800, 0.0300, 0.0100, 0.0900]         | 2.6764   | 0.7000  | 0.6715 
12    | 5           | [97, 98, 99, 100, 101]                | [0.0200, 0.1300, 0.1400, 0.5300, 0.1800]                         | 0.9416   | 0.5800  | 0.6564 
13    | 5           | [97, 98, 99, 100, 101]                | [0.0500, 0.4000, 0.2000, 0.2500, 0.1000]                         | 1.2475   | 0.7200  | 0.7323 
14    | 7           | [98, 99, 100, 101, 102, 103, 104]     | [0.1500, 0.1600, 0.3600, 0.0100, 0.0300, 0.2500, 0.0400]         | 3.5096   | 0.7400  | 0.7649 
15    | 5           | [97, 98, 99, 100, 101]                | [0.1800, 0.5200, 0.2200, 0.0200, 0.0600]                         | 0.9524   | 0.6200  | 0.6513 
16    | 6           | [97, 98, 99, 100, 101, 102]           | [0.0600, 0.0300, 0.4800, 0.2300, 0.1700, 0.0300]                 | 1.1899   | 0.7800  | 0.6893 
17    | 6           | [97, 98, 99, 100, 101, 102]           | [0.1300, 0.4400, 0.0600, 0.2500, 0.1100, 0.0100]                 | 1.7000   | 0.6800  | 0.7184 
18    | 4           | [97, 98, 99, 100]                     | [0.0700, 0.2000, 0.3900, 0.3400]                                 | 0.8200   | 0.7200  | 0.6943 
19    | 8           | [97, 98, 99, 100, 103, 104, 105, 106] | [0.1000, 0.3000, 0.0900, 0.2900, 0.0400, 0.0900, 0.0800, 0.0100] | 6.3475   | 0.8800  | 0.7996 
20    | 4           | [99, 100, 101, 102]                   | [0.2500, 0.4500, 0.2500, 0.0500]                                 | 0.6900   | 0.6400  | 0.6768 
21    | 7           | [94, 95, 96, 97, 101, 102, 103]       | [0.0100, 0.4600, 0.2100, 0.0600, 0.0800, 0.1700, 0.0100]         | 8.0251   | 0.7000  | 0.7123 

[Per-locus summary - Population 2]
Locus | Num_Alleles | Alleles                          | Frequencies                                              | Variance | Obs_Het | Exp_Het
------+-------------+----------------------------------+----------------------------------------------------------+----------+---------+--------
1     | 6           | [98, 99, 100, 101, 102, 103]     | [0.0200, 0.1100, 0.3200, 0.4000, 0.1400, 0.0100]         | 0.9264   | 0.8000  | 0.7125 
2     | 4           | [96, 97, 98, 99]                 | [0.1000, 0.4100, 0.3200, 0.1700]                         | 0.7864   | 0.7200  | 0.6976 
3     | 6           | [96, 97, 98, 99, 100, 101]       | [0.0200, 0.1100, 0.5100, 0.1700, 0.0500, 0.1400]         | 1.5284   | 0.7800  | 0.6832 
4     | 7           | [96, 97, 98, 99, 100, 101, 102]  | [0.0700, 0.1100, 0.3700, 0.0700, 0.1900, 0.1700, 0.0200] | 2.4459   | 0.7200  | 0.7836 
5     | 5           | [98, 99, 100, 101, 102]          | [0.2500, 0.1300, 0.4300, 0.1400, 0.0500]                 | 1.3179   | 0.7400  | 0.7208 
6     | 6           | [96, 98, 99, 100, 101, 102]      | [0.0100, 0.0200, 0.4400, 0.4100, 0.1000, 0.0200]         | 0.7156   | 0.6200  | 0.6337 
7     | 5           | [98, 99, 100, 101, 102]          | [0.0100, 0.3200, 0.3400, 0.2900, 0.0400]                 | 0.8091   | 0.6800  | 0.7032 
8     | 7           | [97, 98, 99, 100, 101, 102, 103] | [0.0300, 0.1400, 0.2700, 0.0700, 0.3100, 0.1600, 0.0200] | 2.2275   | 0.7400  | 0.7875 
9     | 6           | [97, 98, 99, 101, 102, 103]      | [0.1800, 0.2300, 0.3800, 0.0900, 0.0100, 0.1100]         | 3.1564   | 0.7400  | 0.7576 
10    | 5           | [98, 99, 100, 101, 102]          | [0.2600, 0.0900, 0.3900, 0.1300, 0.1300]                 | 1.7316   | 0.6800  | 0.7459 
11    | 7           | [94, 95, 96, 97, 98, 99, 100]    | [0.1000, 0.4200, 0.0300, 0.1900, 0.0100, 0.0800, 0.1700] | 4.2299   | 0.7400  | 0.7487 
12    | 6           | [97, 98, 99, 100, 101, 102]      | [0.0200, 0.1700, 0.1500, 0.4700, 0.1800, 0.0100]         | 1.1075   | 0.7400  | 0.7018 
13    | 6           | [97, 98, 99, 100, 101, 102]      | [0.0100, 0.4500, 0.2000, 0.1600, 0.1100, 0.0700]         | 1.7056   | 0.6800  | 0.7220 
14    | 6           | [98, 99, 100, 101, 103, 104]     | [0.1100, 0.1100, 0.5400, 0.0300, 0.2000, 0.0100]         | 2.4244   | 0.6200  | 0.6497 
15    | 5           | [97, 98, 99, 100, 101]           | [0.1400, 0.5300, 0.2500, 0.0500, 0.0300]                 | 0.7700   | 0.6000  | 0.6400 
16    | 6           | [97, 98, 99, 100, 101, 102]      | [0.0200, 0.0400, 0.5400, 0.2000, 0.1900, 0.0100]         | 0.8891   | 0.6400  | 0.6366 
17    | 5           | [97, 98, 99, 100, 101]           | [0.2000, 0.3500, 0.0300, 0.3600, 0.0600]                 | 1.6771   | 0.7200  | 0.7105 
18    | 3           | [98, 99, 100]                    | [0.2900, 0.4300, 0.2800]                                 | 0.5699   | 0.6600  | 0.6592 
19    | 7           | [97, 98, 99, 100, 103, 104, 105] | [0.0800, 0.4100, 0.1000, 0.2400, 0.0500, 0.0300, 0.0900] | 5.4464   | 0.7400  | 0.7539 
20    | 4           | [99, 100, 101, 102]              | [0.1800, 0.5300, 0.1900, 0.1000]                         | 0.7259   | 0.6200  | 0.6471 
21    | 6           | [95, 96, 97, 100, 101, 102]      | [0.4500, 0.2800, 0.0600, 0.0100, 0.1000, 0.1000]         | 6.2075   | 0.7200  | 0.7024 
