
[Simulation Info]
simulation_id = sim_0001552
timestamp     = 20250428_080444
seed          = 543302
output_folder = /home/lejeunet/Bureau/simulations/Ref_table/sim_0001552

[Model Parameters]
pop_size           = 2045
num_loci           = 20
sample1_generation = 30
sample2_generation = 10
low_repeats        = 1
high_repeats       = 200
mutation_rate      = 0.001
recap_Ne           = 2045

[Sampling Design]
sample1_size_Ne  = 50
sample2_size_Ne  = 50
sample1_size_CMR = 50
sample2_size_CMR = 50

[Capture-Marquage-Recapture]
census_N   =  2601
MatchCount =  1

[Ne Estimates - One Sample - Decreasing critical values [0.050, 0.020, 0.010, 0+]]

[Linkage Desequilibrium]
LD_Ne_Pop1 = [1747.7, 1205.4, 4860.2, 4860.2]
LD_r2_Pop1 = [0.021466, 0.021552, 0.021345, 0.021345]
LD_Ne_Pop2 = [None, None, None, None]
LD_r2_Pop2 = [0.020968, 0.020857, 0.020785, 0.020785]

[Heterozygote excess]
HE_Neb_mean_Pop1        = [163.3, None, None, None]
HE_weighted_D_mean_Pop1 = [0.00307, -0.00076, -0.0011, -0.0011]
HE_Neb_mean_Pop2        = [22.2, 23.9, 23.9, 23.9]
HE_weighted_D_mean_Pop2 = [0.02306, 0.02138, 0.02138, 0.02138]

[Molecular Coancestry]
Coan_Neb_n_Pop1 = None
Coan_f1_Pop1    = -0.01195
Coan_Neb_n_Pop2 = None
Coan_f1_Pop2    = -0.00963

[Ne Estimates - Temporal - Decreasing critical values (0.050, 0.020, 0.010, 0+)]

[Pollak]
P_Ne     = [1542.7, 1722.9, 1401.0, 1363.3]
P_Fk     = [0.02324, 0.0229, 0.02357, 0.02367]
P_Fprime = [0.00324, 0.0029, 0.00357, 0.00367]

[Nei/Tajima]
N_Ne     = [1739.2, 1980.9, 1602.7, 1553.4]
N_Fc     = [0.02287, 0.02252, 0.02312, 0.02322]
N_Fprime = [0.00287, 0.00252, 0.00312, 0.00322]

[Jorde/Ryman]
J_Ne     = [1594.2, 1908.0, 1874.5, 1857.5]
J_Fs     = [0.02324, 0.02272, 0.02277, 0.02279]
J_Fprime = [0.00314, 0.00262, 0.00267, 0.00269]

[Genetic Diversity - Heterozygosity]
mean_exp_het_pop1 = 0.7767
mean_obs_het_pop1 = 0.7752
mean_exp_het_pop2 = 0.7668
mean_obs_het_pop2 = 0.7876

[Genetic Diversity - Allele Counts]
mean_alleles_pop1 = 7.62
var_alleles_pop1  = 2.45
sum_alleles_pop1  = 160
mean_alleles_pop2 = 8.19
var_alleles_pop2  = 3.52
sum_alleles_pop2  = 344

[Genetic Diversity - Allelic Size Variance]
var_allele_size_pop1 = 4.8669
var_allele_size_pop2 = 4.8004

[Per-locus summary - Population 1]
Locus | Num_Alleles | Alleles                                        | Frequencies                                                                      | Variance | Obs_Het | Exp_Het
------+-------------+------------------------------------------------+----------------------------------------------------------------------------------+----------+---------+--------
1     | 8           | [96, 97, 98, 99, 100, 101, 102, 103]           | [0.2000, 0.1700, 0.0800, 0.1500, 0.1200, 0.0300, 0.2400, 0.0100]                 | 5.1136   | 0.8200  | 0.8376 
2     | 10          | [93, 94, 95, 96, 100, 101, 102, 103, 104, 105] | [0.0500, 0.1400, 0.0800, 0.0300, 0.0700, 0.1900, 0.3100, 0.0500, 0.0300, 0.0500] | 13.4356  | 0.9000  | 0.8360 
3     | 9           | [93, 94, 95, 96, 97, 99, 100, 101, 102]        | [0.0200, 0.1700, 0.2700, 0.1200, 0.0400, 0.0700, 0.1500, 0.1200, 0.0400]         | 7.5996   | 0.7800  | 0.8469 
4     | 7           | [98, 99, 100, 101, 102, 103, 104]              | [0.0300, 0.2800, 0.1900, 0.2300, 0.2200, 0.0400, 0.0100]                         | 1.7899   | 0.7600  | 0.7895 
5     | 8           | [95, 96, 97, 98, 99, 100, 101, 102]            | [0.1600, 0.4900, 0.0100, 0.0100, 0.1100, 0.0500, 0.1400, 0.0300]                 | 4.9416   | 0.6800  | 0.7061 
6     | 7           | [98, 100, 101, 102, 103, 104, 105]             | [0.0600, 0.0200, 0.3700, 0.2400, 0.2000, 0.0900, 0.0200]                         | 2.1059   | 0.8200  | 0.7606 
7     | 4           | [99, 100, 101, 102]                            | [0.2200, 0.5500, 0.1600, 0.0700]                                                 | 0.6536   | 0.6000  | 0.6249 
8     | 9           | [94, 95, 96, 98, 99, 100, 101, 102, 103]       | [0.0300, 0.1000, 0.0600, 0.0200, 0.1100, 0.0500, 0.0400, 0.4200, 0.1700]         | 7.8776   | 0.7800  | 0.7713 
9     | 9           | [100, 101, 102, 103, 104, 105, 106, 107, 108]  | [0.0600, 0.2300, 0.0100, 0.1600, 0.0200, 0.1400, 0.1500, 0.1900, 0.0400]         | 6.3164   | 0.9200  | 0.8461 
10    | 7           | [96, 99, 100, 101, 102, 103, 104]              | [0.1200, 0.0800, 0.1000, 0.1800, 0.2100, 0.2900, 0.0200]                         | 4.9699   | 0.7200  | 0.8164 
11    | 9           | [96, 97, 98, 99, 100, 101, 102, 103, 104]      | [0.0600, 0.1000, 0.1000, 0.2200, 0.1600, 0.1000, 0.0300, 0.0100, 0.2200]         | 6.2979   | 0.9000  | 0.8515 
12    | 8           | [91, 92, 93, 94, 97, 98, 99, 100]              | [0.0300, 0.1100, 0.1400, 0.0100, 0.0300, 0.5100, 0.1600, 0.0100]                 | 7.1884   | 0.6600  | 0.6875 
13    | 7           | [97, 99, 100, 103, 104, 105, 106]              | [0.0500, 0.0500, 0.1900, 0.0900, 0.1800, 0.3500, 0.0900]                         | 6.6936   | 0.8400  | 0.7958 
14    | 9           | [96, 97, 98, 99, 100, 101, 102, 103, 104]      | [0.0500, 0.2100, 0.1200, 0.0500, 0.1000, 0.3400, 0.0700, 0.0100, 0.0500]         | 4.5619   | 0.8000  | 0.8115 
15    | 6           | [94, 95, 96, 97, 98, 99]                       | [0.0400, 0.2100, 0.1800, 0.3400, 0.2000, 0.0300]                                 | 1.4884   | 0.7400  | 0.7731 
16    | 5           | [95, 96, 97, 98, 99]                           | [0.0200, 0.1500, 0.5800, 0.1100, 0.1400]                                         | 0.8600   | 0.6600  | 0.6151 
17    | 7           | [97, 98, 99, 100, 101, 102, 103]               | [0.1500, 0.1300, 0.0900, 0.3900, 0.1100, 0.1000, 0.0300]                         | 2.5800   | 0.8600  | 0.7853 
18    | 8           | [97, 98, 99, 102, 103, 104, 105, 106]          | [0.0200, 0.0200, 0.2600, 0.0600, 0.2000, 0.4200, 0.0100, 0.0100]                 | 5.2675   | 0.6400  | 0.7186 
19    | 6           | [99, 100, 101, 102, 103, 104]                  | [0.2800, 0.2500, 0.1700, 0.2100, 0.0800, 0.0100]                                 | 1.8219   | 0.8000  | 0.7875 
20    | 7           | [94, 95, 96, 97, 98, 99, 100]                  | [0.0300, 0.3500, 0.2200, 0.1300, 0.1100, 0.1100, 0.0500]                         | 2.6091   | 0.7800  | 0.7925 
21    | 10          | [93, 94, 95, 96, 97, 98, 99, 100, 101, 103]    | [0.1900, 0.0800, 0.1900, 0.0500, 0.0100, 0.0600, 0.1900, 0.1700, 0.0500, 0.0100] | 8.0316   | 0.8200  | 0.8562 

[Per-locus summary - Population 2]
Locus | Num_Alleles | Alleles                                        | Frequencies                                                                      | Variance | Obs_Het | Exp_Het
------+-------------+------------------------------------------------+----------------------------------------------------------------------------------+----------+---------+--------
1     | 8           | [96, 97, 98, 99, 100, 101, 102, 103]           | [0.1300, 0.0900, 0.1100, 0.1700, 0.0900, 0.0900, 0.3100, 0.0100]                 | 4.7264   | 0.8000  | 0.8299 
2     | 9           | [92, 93, 94, 95, 96, 100, 101, 102, 103]       | [0.0300, 0.0400, 0.1400, 0.0200, 0.0300, 0.0700, 0.3500, 0.2300, 0.0900]         | 11.7300  | 0.7400  | 0.7962 
3     | 10          | [93, 94, 95, 96, 97, 99, 100, 101, 102, 103]   | [0.0100, 0.1300, 0.3000, 0.1800, 0.0500, 0.0600, 0.1300, 0.0700, 0.0500, 0.0200] | 7.2075   | 0.8200  | 0.8382 
4     | 7           | [98, 99, 100, 101, 102, 103, 104]              | [0.0300, 0.2700, 0.2000, 0.2900, 0.1600, 0.0400, 0.0100]                         | 1.6464   | 0.8400  | 0.7826 
5     | 9           | [93, 94, 95, 96, 97, 99, 100, 101, 102]        | [0.0100, 0.0500, 0.0500, 0.4700, 0.0800, 0.1000, 0.0700, 0.1400, 0.0300]         | 5.1704   | 0.7800  | 0.7396 
6     | 9           | [97, 98, 99, 100, 101, 102, 103, 104, 105]     | [0.0100, 0.0200, 0.0200, 0.0200, 0.4900, 0.1900, 0.1600, 0.0600, 0.0300]         | 1.8675   | 0.7200  | 0.6994 
7     | 4           | [99, 100, 101, 102]                            | [0.2200, 0.4900, 0.2300, 0.0600]                                                 | 0.6731   | 0.7400  | 0.6616 
8     | 9           | [94, 95, 96, 99, 100, 101, 102, 103, 104]      | [0.0400, 0.0900, 0.0400, 0.1000, 0.0400, 0.0300, 0.4800, 0.1700, 0.0100]         | 7.7219   | 0.6400  | 0.7240 
9     | 9           | [100, 101, 102, 103, 104, 105, 106, 107, 108]  | [0.0500, 0.2000, 0.0100, 0.1100, 0.0200, 0.1800, 0.1800, 0.1800, 0.0700]         | 6.2051   | 0.8800  | 0.8513 
10    | 9           | [95, 96, 98, 99, 100, 101, 102, 103, 104]      | [0.0100, 0.1100, 0.0200, 0.0900, 0.0800, 0.2100, 0.1200, 0.3400, 0.0200]         | 5.3851   | 0.8600  | 0.8065 
11    | 10          | [96, 97, 98, 99, 100, 101, 102, 103, 104, 105] | [0.0300, 0.2000, 0.0400, 0.2500, 0.1000, 0.0600, 0.0200, 0.0600, 0.2300, 0.0100] | 7.2600   | 0.8000  | 0.8327 
12    | 6           | [91, 92, 93, 97, 98, 99]                       | [0.0200, 0.0500, 0.1700, 0.0900, 0.4100, 0.2600]                                 | 6.1256   | 0.8000  | 0.7317 
13    | 9           | [97, 98, 99, 100, 102, 103, 104, 105, 106]     | [0.1300, 0.0200, 0.0500, 0.1100, 0.0100, 0.1400, 0.1500, 0.2900, 0.1000]         | 9.0379   | 0.8400  | 0.8402 
14    | 10          | [95, 96, 97, 98, 99, 100, 101, 102, 104, 105]  | [0.0300, 0.0200, 0.1500, 0.0800, 0.0400, 0.1700, 0.4100, 0.0200, 0.0500, 0.0300] | 4.8136   | 0.6600  | 0.7752 
15    | 6           | [94, 95, 96, 97, 98, 99]                       | [0.0300, 0.2400, 0.2000, 0.3300, 0.1600, 0.0400]                                 | 1.4691   | 0.8400  | 0.7731 
16    | 5           | [95, 96, 97, 98, 99]                           | [0.0100, 0.1500, 0.6400, 0.1400, 0.0600]                                         | 0.5619   | 0.6200  | 0.5501 
17    | 8           | [96, 97, 98, 99, 100, 101, 102, 103]           | [0.0400, 0.1700, 0.0500, 0.1100, 0.4600, 0.0800, 0.0600, 0.0300]                 | 2.7219   | 0.7400  | 0.7398 
18    | 8           | [97, 98, 99, 101, 102, 103, 104, 105]          | [0.0500, 0.0300, 0.2400, 0.0100, 0.0500, 0.2700, 0.2800, 0.0700]                 | 5.9164   | 0.8000  | 0.7881 
19    | 5           | [99, 100, 101, 102, 103]                       | [0.2200, 0.2100, 0.3300, 0.1700, 0.0700]                                         | 1.4244   | 0.9000  | 0.7725 
20    | 7           | [94, 95, 96, 97, 98, 99, 101]                  | [0.0200, 0.3700, 0.2600, 0.2000, 0.1000, 0.0400, 0.0100]                         | 1.6344   | 0.8000  | 0.7509 
21    | 9           | [93, 94, 95, 96, 98, 99, 100, 101, 102]        | [0.2000, 0.0600, 0.2800, 0.0200, 0.0500, 0.2100, 0.1400, 0.0300, 0.0100]         | 7.5100   | 0.9200  | 0.8186 
