
[Simulation Info]
simulation_id = sim_0010800
timestamp     = 20250429_085221
seed          = 895070
output_folder = /home/lejeunet/Bureau/simulations/Ref_table/sim_0010800

[Model Parameters]
pop_size           = 8600
num_loci           = 20
sample1_generation = 30
sample2_generation = 10
low_repeats        = 1
high_repeats       = 200
mutation_rate      = 0.001
recap_Ne           = 8600

[Sampling Design]
sample1_size_Ne  = 50
sample2_size_Ne  = 50
sample1_size_CMR = 50
sample2_size_CMR = 50

[Capture-Marquage-Recapture]
census_N   =  0
MatchCount =  0
# There were no match between sampling of individuals during CMR.

[Ne Estimates - One Sample - Decreasing critical values [0.050, 0.020, 0.010, 0+]]

[Linkage Desequilibrium]
LD_Ne_Pop1 = [None, None, None, None]
LD_r2_Pop1 = [0.021029, 0.021229, 0.021101, 0.021101]
LD_Ne_Pop2 = [3903.7, 2322.3, None, None]
LD_r2_Pop2 = [0.021361, 0.021419, 0.021241, 0.021241]

[Heterozygote excess]
HE_Neb_mean_Pop1        = [369.0, None, None, None]
HE_weighted_D_mean_Pop1 = [0.00136, -0.00327, -0.0038, -0.0038]
HE_Neb_mean_Pop2        = [None, None, 967.2, 967.2]
HE_weighted_D_mean_Pop2 = [-0.00528, -0.00189, 0.00052, 0.00052]

[Molecular Coancestry]
Coan_Neb_n_Pop1 = 668.7
Coan_f1_Pop1    = 0.00075
Coan_Neb_n_Pop2 = None
Coan_f1_Pop2    = -0.00337

[Ne Estimates - Temporal - Decreasing critical values (0.050, 0.020, 0.010, 0+)]

[Pollak]
P_Ne     = [-1822.2, -3042.1, -5900.5, -7669.7]
P_Fk     = [0.01726, 0.01836, 0.01915, 0.01935]
P_Fprime = [-0.00274, -0.00164, -0.00085, -0.00065]

[Nei/Tajima]
N_Ne     = [-1646.3, -2585.8, -4279.5, -5121.1]
N_Fc     = [0.01696, 0.01807, 0.01883, 0.01902]
N_Fprime = [-0.00304, -0.00193, -0.00117, -0.00098]

[Jorde/Ryman]
J_Ne     = [-1620.2, -2128.3, -2232.5, -2252.9]
J_Fs     = [0.01702, 0.01775, 0.01786, 0.01788]
J_Fprime = [-0.00309, -0.00235, -0.00224, -0.00222]

[Genetic Diversity - Heterozygosity]
mean_exp_het_pop1 = 0.9086
mean_obs_het_pop1 = 0.9029
mean_exp_het_pop2 = 0.9048
mean_obs_het_pop2 = 0.9076

[Genetic Diversity - Allele Counts]
mean_alleles_pop1 = 16.05
var_alleles_pop1  = 7.45
sum_alleles_pop1  = 337
mean_alleles_pop2 = 16.43
var_alleles_pop2  = 11.18
sum_alleles_pop2  = 690

[Genetic Diversity - Allelic Size Variance]
var_allele_size_pop1 = 35.8085
var_allele_size_pop2 = 35.9793

[Per-locus summary - Population 1]
Locus | Num_Alleles | Alleles                                                                                       | Frequencies                                                                                                                                                              | Variance | Obs_Het | Exp_Het
------+-------------+-----------------------------------------------------------------------------------------------+--------------------------------------------------------------------------------------------------------------------------------------------------------------------------+----------+---------+--------
1     | 12          | [91, 92, 93, 94, 95, 96, 97, 98, 99, 100, 101, 102]                                           | [0.0500, 0.1000, 0.0100, 0.0600, 0.0700, 0.0600, 0.0500, 0.1200, 0.1600, 0.1600, 0.1000, 0.0600]                                                                         | 10.4800  | 0.8800  | 0.9026 
2     | 18          | [84, 85, 86, 87, 88, 89, 90, 92, 97, 98, 99, 100, 101, 102, 103, 104, 105, 107]               | [0.0100, 0.1500, 0.1600, 0.0200, 0.0300, 0.0700, 0.0100, 0.0200, 0.0100, 0.0300, 0.0800, 0.0900, 0.1300, 0.0900, 0.0200, 0.0100, 0.0500, 0.0200]                         | 57.3211  | 0.9400  | 0.9103 
3     | 19          | [78, 79, 80, 81, 82, 83, 84, 85, 89, 90, 91, 92, 93, 94, 101, 103, 104, 105, 106]             | [0.0200, 0.0500, 0.2000, 0.0500, 0.0300, 0.0500, 0.0200, 0.0100, 0.0700, 0.0600, 0.1500, 0.0700, 0.0600, 0.0200, 0.0100, 0.0100, 0.0400, 0.0200, 0.0600]                 | 68.1484  | 0.9600  | 0.9141 
4     | 18          | [94, 95, 96, 97, 98, 99, 102, 103, 104, 105, 106, 107, 109, 110, 113, 114, 115, 116]          | [0.0200, 0.0200, 0.0200, 0.0500, 0.1300, 0.0800, 0.0200, 0.0400, 0.1400, 0.1100, 0.1200, 0.1000, 0.0500, 0.0200, 0.0100, 0.0300, 0.0300, 0.0100]                         | 26.4059  | 0.8800  | 0.9192 
5     | 16          | [98, 99, 100, 101, 102, 103, 104, 105, 106, 109, 110, 111, 112, 113, 114, 115]                | [0.0500, 0.0200, 0.0800, 0.1300, 0.1000, 0.0500, 0.0600, 0.0100, 0.0500, 0.0100, 0.0200, 0.2100, 0.0600, 0.0600, 0.0700, 0.0200]                                         | 29.3611  | 0.9000  | 0.9071 
6     | 21          | [80, 81, 82, 83, 84, 85, 86, 87, 88, 89, 91, 92, 93, 94, 95, 96, 97, 98, 99, 100, 101]        | [0.0300, 0.0800, 0.1700, 0.0900, 0.0400, 0.0200, 0.0200, 0.0100, 0.0600, 0.0200, 0.0300, 0.1100, 0.0700, 0.0200, 0.0200, 0.0200, 0.0200, 0.0800, 0.0600, 0.0200, 0.0100] | 42.7259  | 0.9400  | 0.9285 
7     | 13          | [91, 93, 94, 95, 96, 97, 99, 100, 101, 102, 103, 104, 105]                                    | [0.0100, 0.0500, 0.1700, 0.1600, 0.1700, 0.0800, 0.1300, 0.0700, 0.0900, 0.0300, 0.0100, 0.0200, 0.0100]                                                                 | 8.8200   | 0.8800  | 0.8851 
8     | 17          | [85, 86, 87, 88, 89, 90, 91, 92, 93, 94, 95, 96, 97, 98, 99, 101, 102]                        | [0.0200, 0.0300, 0.0400, 0.0300, 0.0200, 0.1500, 0.0600, 0.1600, 0.0400, 0.0100, 0.0300, 0.0600, 0.1600, 0.0400, 0.0600, 0.0700, 0.0200]                                 | 19.1156  | 0.7800  | 0.9109 
9     | 19          | [87, 88, 89, 90, 91, 92, 93, 99, 101, 102, 103, 105, 106, 107, 108, 109, 114, 115, 116]       | [0.0400, 0.1100, 0.1500, 0.0600, 0.0300, 0.0400, 0.0500, 0.0100, 0.0300, 0.0700, 0.0400, 0.0700, 0.1400, 0.0200, 0.0200, 0.0200, 0.0500, 0.0100, 0.0400]                 | 85.3019  | 0.9200  | 0.9271 
10    | 11          | [92, 93, 94, 95, 96, 97, 98, 99, 100, 101, 102]                                               | [0.0200, 0.0400, 0.1600, 0.1800, 0.0900, 0.0400, 0.1800, 0.1100, 0.1300, 0.0400, 0.0100]                                                                                 | 6.0339   | 0.8400  | 0.8760 
11    | 15          | [96, 98, 99, 100, 101, 102, 103, 104, 105, 107, 108, 109, 110, 111, 112]                      | [0.0100, 0.1000, 0.0800, 0.1200, 0.0700, 0.0400, 0.0100, 0.0700, 0.0900, 0.0100, 0.1000, 0.1400, 0.0700, 0.0500, 0.0400]                                                 | 21.5675  | 0.9200  | 0.9200 
12    | 15          | [88, 89, 90, 91, 92, 93, 94, 95, 96, 99, 100, 101, 102, 103, 104]                             | [0.0400, 0.1000, 0.1100, 0.0600, 0.0600, 0.0500, 0.1000, 0.0600, 0.1400, 0.0100, 0.0100, 0.0200, 0.1800, 0.0400, 0.0200]                                                 | 24.3764  | 0.9600  | 0.9075 
13    | 19          | [98, 99, 100, 101, 102, 103, 104, 106, 108, 109, 110, 111, 112, 113, 114, 116, 117, 118, 119] | [0.0200, 0.0700, 0.0400, 0.1000, 0.0400, 0.1400, 0.0300, 0.0300, 0.0300, 0.0300, 0.0300, 0.0800, 0.0100, 0.1900, 0.0800, 0.0100, 0.0300, 0.0200, 0.0200]                 | 36.6600  | 0.9200  | 0.9158 
14    | 17          | [88, 89, 90, 91, 92, 93, 94, 104, 106, 107, 108, 110, 111, 112, 113, 115, 116]                | [0.0100, 0.0400, 0.1500, 0.1500, 0.0700, 0.0300, 0.0100, 0.0100, 0.1500, 0.1000, 0.1600, 0.0100, 0.0100, 0.0400, 0.0200, 0.0300, 0.0100]                                 | 81.0424  | 0.9200  | 0.8950 
15    | 12          | [101, 102, 103, 104, 105, 106, 107, 108, 109, 110, 111, 112]                                  | [0.0200, 0.0100, 0.1500, 0.0900, 0.1000, 0.1600, 0.0700, 0.0700, 0.1600, 0.0100, 0.0600, 0.1000]                                                                         | 8.9424   | 0.8800  | 0.8931 
16    | 16          | [79, 80, 81, 82, 83, 85, 86, 87, 88, 89, 90, 91, 92, 93, 94, 95]                              | [0.0200, 0.0800, 0.0500, 0.0800, 0.0700, 0.0800, 0.1800, 0.1400, 0.1000, 0.0200, 0.0700, 0.0400, 0.0200, 0.0200, 0.0200, 0.0100]                                         | 13.7219  | 0.9200  | 0.9119 
17    | 15          | [82, 83, 84, 85, 87, 88, 95, 96, 97, 98, 99, 100, 101, 102, 103]                              | [0.0100, 0.1300, 0.1200, 0.1100, 0.0100, 0.0200, 0.0200, 0.0600, 0.0500, 0.1700, 0.0900, 0.0600, 0.0100, 0.0500, 0.0900]                                                 | 57.3531  | 0.8600  | 0.9073 
18    | 19          | [79, 80, 81, 82, 89, 90, 91, 92, 93, 94, 95, 100, 101, 102, 103, 104, 105, 106, 107]          | [0.0200, 0.0200, 0.0800, 0.0100, 0.0100, 0.0700, 0.1300, 0.1100, 0.0200, 0.0200, 0.0100, 0.0200, 0.1300, 0.0200, 0.0600, 0.1000, 0.0400, 0.0100, 0.1200]                 | 71.5144  | 0.9600  | 0.9196 
19    | 16          | [98, 99, 100, 101, 102, 103, 104, 105, 106, 111, 113, 114, 115, 116, 117, 118]                | [0.0200, 0.0500, 0.1600, 0.1800, 0.0400, 0.0300, 0.0100, 0.0100, 0.0100, 0.0200, 0.0600, 0.0800, 0.1100, 0.0800, 0.1100, 0.0300]                                         | 54.5531  | 0.9200  | 0.9034 
20    | 13          | [90, 91, 92, 93, 94, 95, 96, 97, 98, 99, 100, 101, 102]                                       | [0.0300, 0.0500, 0.0600, 0.0200, 0.0500, 0.1700, 0.1600, 0.0400, 0.1000, 0.0900, 0.1000, 0.0700, 0.0600]                                                                 | 10.2156  | 0.8800  | 0.9065 
21    | 16          | [85, 86, 87, 88, 89, 90, 91, 92, 93, 94, 95, 96, 97, 99, 100, 101]                            | [0.0100, 0.0500, 0.0800, 0.1000, 0.0500, 0.0500, 0.0400, 0.0200, 0.1600, 0.1100, 0.0900, 0.0900, 0.0100, 0.0200, 0.0900, 0.0300]                                         | 18.3171  | 0.9000  | 0.9198 

[Per-locus summary - Population 2]
Locus | Num_Alleles | Alleles                                                                                           | Frequencies                                                                                                                                                                      | Variance | Obs_Het | Exp_Het
------+-------------+---------------------------------------------------------------------------------------------------+----------------------------------------------------------------------------------------------------------------------------------------------------------------------------------+----------+---------+--------
1     | 11          | [91, 92, 94, 95, 96, 97, 98, 99, 100, 101, 102]                                                   | [0.0400, 0.1600, 0.0200, 0.0600, 0.0500, 0.0500, 0.1400, 0.1600, 0.1800, 0.0500, 0.0900]                                                                                         | 11.2156  | 0.8600  | 0.8844 
2     | 17          | [84, 85, 86, 87, 88, 89, 90, 92, 98, 99, 100, 101, 102, 103, 104, 105, 107]                       | [0.0100, 0.1300, 0.1700, 0.0400, 0.0600, 0.0600, 0.0100, 0.0100, 0.0700, 0.1100, 0.0200, 0.1400, 0.0400, 0.0400, 0.0400, 0.0400, 0.0100]                                         | 56.0075  | 0.8200  | 0.9107 
3     | 20          | [79, 80, 81, 82, 83, 84, 89, 90, 91, 92, 93, 94, 95, 96, 97, 101, 103, 105, 106, 107]             | [0.0200, 0.1600, 0.1000, 0.0600, 0.0500, 0.0300, 0.0600, 0.0400, 0.1800, 0.0700, 0.0900, 0.0200, 0.0100, 0.0100, 0.0100, 0.0200, 0.0200, 0.0300, 0.0100, 0.0100]                 | 51.8176  | 0.9600  | 0.9129 
4     | 16          | [95, 97, 98, 99, 101, 102, 103, 104, 105, 106, 107, 109, 110, 112, 113, 115]                      | [0.0400, 0.0300, 0.2000, 0.0600, 0.0200, 0.0200, 0.0300, 0.0900, 0.1300, 0.1300, 0.0700, 0.0600, 0.0100, 0.0200, 0.0500, 0.0400]                                                 | 26.9739  | 0.9200  | 0.9063 
5     | 15          | [98, 99, 100, 101, 102, 103, 104, 105, 109, 110, 111, 112, 113, 114, 115]                         | [0.0600, 0.0300, 0.0400, 0.1000, 0.1100, 0.0400, 0.1200, 0.0100, 0.0400, 0.0100, 0.1600, 0.0700, 0.1100, 0.0800, 0.0200]                                                         | 30.4971  | 0.9400  | 0.9137 
6     | 17          | [80, 81, 82, 83, 84, 86, 88, 89, 91, 92, 93, 96, 97, 98, 99, 100, 101]                            | [0.0200, 0.0600, 0.2200, 0.1100, 0.0300, 0.0200, 0.0600, 0.0300, 0.0200, 0.0900, 0.0600, 0.0500, 0.0400, 0.0600, 0.0500, 0.0600, 0.0200]                                         | 48.0491  | 0.8400  | 0.9125 
7     | 12          | [93, 94, 95, 96, 97, 99, 100, 101, 102, 103, 104, 105]                                            | [0.0900, 0.2400, 0.0700, 0.1900, 0.1500, 0.0900, 0.0400, 0.0400, 0.0100, 0.0200, 0.0500, 0.0100]                                                                                 | 9.3675   | 0.9000  | 0.8650 
8     | 17          | [86, 87, 88, 89, 90, 91, 92, 93, 94, 95, 96, 97, 98, 99, 100, 101, 102]                           | [0.0500, 0.0400, 0.0200, 0.0100, 0.1800, 0.0800, 0.1200, 0.0500, 0.0200, 0.0500, 0.0500, 0.1300, 0.0500, 0.0500, 0.0200, 0.0700, 0.0100]                                         | 18.3436  | 0.9200  | 0.9162 
9     | 18          | [87, 88, 89, 90, 91, 92, 93, 94, 101, 102, 103, 104, 105, 106, 107, 108, 114, 116]                | [0.0500, 0.1200, 0.1400, 0.0300, 0.0200, 0.0600, 0.0200, 0.0100, 0.0400, 0.0600, 0.0100, 0.0500, 0.0400, 0.1600, 0.0600, 0.0300, 0.0700, 0.0300]                                 | 85.4056  | 0.9800  | 0.9220 
10    | 10          | [92, 93, 94, 95, 96, 97, 98, 99, 100, 101]                                                        | [0.0100, 0.0300, 0.1600, 0.2100, 0.1500, 0.0300, 0.1100, 0.2100, 0.0700, 0.0200]                                                                                                 | 4.9000   | 0.8800  | 0.8529 
11    | 17          | [95, 97, 98, 99, 100, 101, 102, 103, 104, 105, 106, 107, 108, 109, 110, 111, 112]                 | [0.0100, 0.0300, 0.1000, 0.0500, 0.1100, 0.0400, 0.0700, 0.0500, 0.0400, 0.0300, 0.0300, 0.0100, 0.1200, 0.1400, 0.0300, 0.1000, 0.0400]                                         | 23.4200  | 0.9400  | 0.9246 
12    | 15          | [88, 89, 90, 91, 92, 93, 94, 95, 96, 97, 99, 100, 101, 102, 103]                                  | [0.0100, 0.1800, 0.1200, 0.0700, 0.0700, 0.0800, 0.0800, 0.0600, 0.1200, 0.0100, 0.0400, 0.0200, 0.0400, 0.0700, 0.0300]                                                         | 18.9779  | 0.9600  | 0.9121 
13    | 18          | [98, 99, 101, 102, 103, 104, 105, 106, 109, 110, 111, 112, 113, 114, 117, 118, 119, 120]          | [0.0400, 0.1400, 0.1000, 0.1100, 0.1700, 0.0100, 0.0200, 0.0100, 0.0200, 0.0500, 0.0500, 0.0200, 0.0400, 0.1000, 0.0600, 0.0100, 0.0400, 0.0100]                                 | 43.8704  | 0.8800  | 0.9135 
14    | 17          | [89, 90, 91, 92, 93, 94, 104, 106, 107, 108, 109, 110, 111, 112, 113, 114, 116]                   | [0.0300, 0.1800, 0.0600, 0.0600, 0.0400, 0.0200, 0.0100, 0.1400, 0.1000, 0.1800, 0.0100, 0.0200, 0.0300, 0.0400, 0.0400, 0.0200, 0.0200]                                         | 79.7739  | 0.8600  | 0.8990 
15    | 11          | [102, 103, 104, 105, 106, 107, 108, 109, 110, 111, 112]                                           | [0.0200, 0.1400, 0.1100, 0.0900, 0.1400, 0.0900, 0.0600, 0.2400, 0.0200, 0.0400, 0.0500]                                                                                         | 7.2300   | 0.9400  | 0.8751 
16    | 15          | [80, 81, 82, 83, 84, 85, 86, 87, 88, 89, 90, 91, 93, 94, 95]                                      | [0.0800, 0.0500, 0.0900, 0.0300, 0.0300, 0.0600, 0.1400, 0.1000, 0.1400, 0.0500, 0.1200, 0.0100, 0.0100, 0.0300, 0.0600]                                                         | 16.1979  | 0.8800  | 0.9160 
17    | 14          | [82, 83, 84, 85, 86, 96, 97, 98, 99, 100, 101, 102, 103, 104]                                     | [0.0600, 0.1100, 0.1200, 0.0700, 0.0300, 0.0600, 0.0500, 0.1700, 0.0800, 0.0700, 0.0300, 0.0500, 0.0900, 0.0100]                                                                 | 61.9259  | 0.7800  | 0.9153 
18    | 22          | [79, 80, 81, 82, 86, 89, 90, 91, 92, 93, 94, 95, 96, 100, 101, 102, 103, 104, 105, 106, 107, 108] | [0.0200, 0.0400, 0.0700, 0.0100, 0.0100, 0.0400, 0.0200, 0.1200, 0.0700, 0.0400, 0.0200, 0.0200, 0.0100, 0.0800, 0.0500, 0.0300, 0.0900, 0.0500, 0.0100, 0.0300, 0.1300, 0.0400] | 78.3875  | 0.9800  | 0.9386 
19    | 18          | [94, 98, 99, 100, 101, 102, 103, 104, 105, 106, 111, 112, 113, 114, 115, 116, 117, 118]           | [0.0200, 0.0300, 0.0500, 0.2200, 0.2000, 0.0400, 0.0200, 0.0100, 0.0100, 0.0200, 0.0100, 0.0200, 0.0500, 0.0600, 0.0600, 0.1000, 0.0500, 0.0300]                                 | 53.5275  | 0.9400  | 0.8905 
20    | 13          | [90, 91, 92, 93, 94, 95, 96, 97, 98, 99, 100, 101, 102]                                           | [0.0600, 0.0300, 0.0200, 0.0500, 0.1000, 0.1700, 0.1600, 0.0700, 0.0700, 0.0600, 0.0500, 0.0900, 0.0700]                                                                         | 10.5875  | 0.9600  | 0.9083 
21    | 15          | [85, 86, 87, 88, 89, 90, 91, 92, 93, 94, 95, 96, 97, 99, 100]                                     | [0.0200, 0.0800, 0.1600, 0.0700, 0.0300, 0.0300, 0.0700, 0.0100, 0.0600, 0.1400, 0.1200, 0.1000, 0.0100, 0.0200, 0.0800]                                                         | 19.0899  | 0.9200  | 0.9105 
